chrom,pos,major,minor,beta,p_value,gwas_p_value
22,44324855,G,A,0.0986279812267036,0,7.15853828520099e-245
10,101924418,T,C,-0.0592502977455166,0,8.67493381119653e-132
08,145730221,G,A,-0.226757523748603,2.14046669941632e-101,1.33501476407583e-85
08,145733794,C,CG,-0.0322987165225007,1.00475290799032e-115,1.45297419394926e-27
09,117146043,C,G,-0.0455823883276437,3.16320191468715e-223,1.06532346421897e-77
19,19379549,C,T,0.0853171132925669,9.33013001991998e-89,6.09180704484515e-74
19,19396616,C,T,0.108612309756717,2.80018328590218e-23,5.52033912605997e-20
08,126482077,G,A,0.0380798971849536,4.30332733733205e-160,2.40999757290894e-55
19,45411941,T,C,-0.0517724360493743,1.23891100713339e-73,3.06829156393671e-54
11,93864393,C,G,-0.0501235555730372,6.60238324230922e-48,2.60712218944809e-53
04,146821410,C,A,0.0509106689781335,2.17245362251248e-72,5.65848516956237e-53
14,94844947,C,T,0.132064068276723,5.76472462119978e-55,7.36244838721931e-53
04,88183820,T,C,-0.0398442204371852,1.42490400307695e-98,1.53630435082216e-50
01,16505320,G,A,-0.034771014153772,2.35825199236953e-108,2.07129662640377e-45
03,172294500,G,A,-0.0995284249345459,4.71937648999236e-45,4.28059595575568e-42
22,36545137,T,A,-0.0413591618443349,5.2899267538288e-52,1.81195181664494e-37
18,56084054,C,T,0.0384747137534974,1.39688761188751e-54,8.03397659568876e-37
01,155106697,G,A,-0.0304090550019893,2.44076677883328e-81,7.24500284045531e-35
01,220970028,G,A,-0.0316656521795355,2.76483843958713e-59,7.70977598899462e-33
02,233520254,T,A,-0.0283537625711552,5.701416978878e-68,7.26449650989562e-30
10,70983629,G,A,-0.0296656785359027,1.85696161597697e-53,2.47584474885879e-29
08,9185146,C,T,0.0390869841111957,1.5874302916162e-26,3.11602379178512e-28
08,8919441,C,T,-0.0177468084255337,1.56621609147067e-19,1.50732321537025e-17
12,122599305,T,TTG,-0.0268468032994158,3.74024648509494e-68,8.95885721509335e-28
07,87127099,T,C,-0.0332086629529259,1.61354299014148e-36,1.47719875602712e-27
07,87111658,T,C,0.0862104251779811,1.95332073086981e-12,6.44096592246866e-14
10,79665173,T,C,0.0301587109019027,6.67620942484845e-44,4.6927071449421e-27
10,113949664,C,T,0.0286998219356118,3.75031353593639e-37,6.02841813428694e-26
10,114024877,C,CA,-0.0193627464370126,3.41306978848864e-14,4.21269545993588e-11
03,12389313,A,G,-0.0396902321497196,1.01736493831807e-27,7.84757783947299e-25
03,12266855,G,A,-0.0149490999586869,3.8651484441582e-11,1.87514125400845e-17
03,12494794,A,C,-0.013478429742673,1.25822763650523e-10,2.54813168470953e-06
01,27021913,G,C,0.0821858123594843,1.43861847754329e-25,2.21783852551825e-24
17,64210580,A,C,0.0734949169915028,3.08446129521116e-26,2.38625016856422e-24
17,64208285,C,G,0.0286405206210274,1.35313818358034e-08,1.96434969480626e-07
16,83980529,C,G,-0.0246493647280834,7.69758640957613e-61,9.04252275921889e-24
05,31021358,A,G,-0.0269972286296265,1.19111019010311e-40,1.84841928247209e-23
18,55319030,AT,A,-0.0360799689436196,1.19782719741118e-26,7.05317978697722e-23
18,55464523,A,G,0.0148875547910532,1.78956112290404e-09,3.35556904245337e-07
06,31347204,A,T,0.0226091670219777,4.23503488253942e-54,7.74654869303951e-23
06,30994483,G,A,0.0510754630169339,1.29273378206721e-06,3.28234470932189e-09
02,227111435,T,TTA,-0.0248318525606052,1.03437622629309e-45,1.24093841477556e-22
19,18221964,A,C,0.026280657043569,3.45108073536643e-29,1.33057756985174e-22
19,17842221,G,C,0.0117015202964805,2.69907302938895e-12,3.38566274886369e-06
06,32584153,A,G,-0.0212451007437407,1.7762966768362e-34,1.87365572235163e-22
06,33048466,G,T,0.0152089738049847,5.36954106126268e-09,4.40550653614456e-12
06,32559284,A,G,0.0221664499178389,1.20825740128993e-06,1.78541901658163e-08
17,79481772,T,C,0.0238282040238366,9.37088981376236e-52,5.60545371000529e-22
03,135925191,A,T,-0.0228052333798911,4.58117109639135e-21,8.34716459478384e-22
03,136105895,A,ACTT,0.0151351956731114,8.56341310380568e-19,7.80551550985174e-17
02,165624349,A,T,0.020233308492802,5.66456075531328e-32,5.98405206403044e-21
02,165558215,G,C,-0.0211544190559118,7.78222372540198e-10,5.94367381106368e-14
01,161542235,A,G,0.0399706885941253,8.74004368045966e-25,1.14361004867974e-20
01,161608317,A,C,0.0152272549623534,8.60906263042082e-19,1.75736320868628e-06
01,161800987,C,T,-0.0427184677699547,1.11350577270607e-08,3.77671199069259e-09
10,101912064,T,C,-0.0542430558952048,6.31367583295692e-287,1.46181439330884e-131
10,101606485,A,AACTC,-0.0515018956728935,6.57235731842806e-22,1.59814469334468e-40
10,101590486,G,A,0.0492437526673119,5.56690503376952e-08,2.329772234102e-15
16,80497341,C,G,0.0252432978664581,2.35800953052226e-34,2.56653586497909e-20
03,149122431,T,A,0.0226318891901338,2.26492353047874e-22,7.408240088646e-20
03,149182087,T,TG,-0.031128684226904,2.44569159875406e-12,1.31489653427338e-17
03,149210443,C,T,0.0145766412458715,1.40721017342643e-14,2.81294331731575e-14
07,73042585,T,C,0.0271265107527589,1.41877264089196e-26,2.4193708788652e-19
07,73242403,G,GCGGGGGC,-0.0195669313906201,1.82129526373162e-10,1.58097761940205e-08
20,33672527,ATATGTG,A,0.0320568025821681,4.00705886112898e-26,3.18227087876967e-19
08,10572531,A,C,0.0219375133096135,9.08778899241877e-41,1.29250001492305e-18
03,160066896,A,AT,0.0241054455839988,1.87745303727925e-30,2.29070330541049e-18
15,40331547,T,TCA,0.0213062749838852,5.49622517758093e-21,2.30315164189614e-18
15,40379877,G,A,-0.0149281743485546,1.8475456305253e-13,2.90936969610789e-11
14,50655307,C,T,-0.0629411834729252,4.45553206344024e-20,3.06691324292806e-18
19,33883197,C,G,0.021073917697987,1.7280882553235e-50,5.91993839276627e-18
12,21040254,A,C,0.0292554587907004,5.24671735578603e-21,1.36163403127937e-17
12,20586395,C,T,-0.0212242581825631,7.93259002893649e-16,1.65904042038718e-13
12,21343886,A,G,0.0181055442164219,6.38182335805498e-08,2.91129767857205e-06
05,55861464,C,T,0.0253460294678561,2.63735263194374e-16,1.81794493362076e-17
05,55808342,T,C,-0.0270652847338933,3.50115634695188e-21,4.98016955972302e-10
05,55853436,A,G,0.0171863717148889,3.6031936719099e-14,1.49451470569273e-08
02,169871543,G,A,0.0467072037882829,4.90624568270379e-14,7.36035887833083e-17
02,169933741,A,G,-0.0160382950512357,4.82739012163038e-27,7.45789661370305e-15
17,7185779,C,A,0.0634926650478174,1.96763055650698e-17,1.27243410051653e-16
22,29105415,C,G,-0.0213817192873751,2.80965885088957e-31,1.31601695029169e-16
20,12958687,G,A,0.0201279262797615,1.03814790632844e-34,5.62291088268271e-16
09,136146431,C,T,0.0208060725790751,2.53322650518239e-22,8.52756020848197e-16
09,136007988,C,T,0.0146848484791646,6.02424616667861e-10,2.79777755761199e-08
15,90344266,C,G,-0.0322816007575707,2.59163440706173e-19,9.54539490286932e-16
02,88423510,A,G,-0.0209510273753738,2.98472909557928e-28,1.29963210507475e-15
01,150958836,A,G,-0.0203412225263453,2.05423500505869e-09,1.72645049044148e-15
07,92408370,C,T,0.0330909811264856,2.6292833545357e-18,2.11235575319521e-15
02,44074431,T,C,-0.01768337596384,2.36051584547515e-21,3.2285317724722e-15
02,44063098,G,C,0.0331626535297644,1.0767015127749e-12,9.30939985089418e-15
22,38613768,C,G,-0.0192977591811208,5.99549852998344e-39,3.32087650578306e-15
11,5701074,C,A,0.0392182578900497,9.1143781146286e-19,3.97735871023475e-15
11,5674911,G,A,0.0259525975355989,2.19354039589468e-09,7.66454930168212e-07
17,70074148,C,T,-0.0203886953956649,2.7138418042643e-28,4.63532831250059e-15
16,72078907,G,A,0.0209412824377892,7.38972100826844e-15,7.08798826053269e-15
16,72105965,T,C,-0.0168756326486166,4.3534981444348e-11,3.22824093392757e-12
01,110232983,G,A,-0.021149573250814,1.49660402666785e-24,8.34988834400184e-15
01,150185892,A,G,-0.0622844030989623,1.64995379914613e-08,1.62297250979676e-11
11,72499035,T,C,0.0183896903388199,1.94691474194516e-22,1.35344669118909e-14
11,72945341,T,C,0.031881495688406,5.51946052276915e-12,2.55748689091085e-13
03,124927668,A,C,0.0205034897009466,6.04798830819851e-30,1.38386275362295e-14
15,58730498,T,C,-0.0225325680375546,3.74638018615282e-21,3.24679538735798e-14
03,142649110,C,G,-0.0194500874485267,3.02993140017902e-27,3.3014783298206e-14
13,28440007,G,A,0.0184700736880922,8.63517771338933e-34,6.91623105087903e-14
12,111884608,C,T,0.0181498390347703,1.11128528633514e-36,1.40520880449407e-13
06,43757082,T,A,0.0178983443816493,2.26184208292968e-37,2.08349370242295e-13
09,95892726,T,C,-0.0205695782081636,1.40372752888029e-21,2.1742877365239e-13
17,36073320,C,A,-0.0264884381653734,8.09814137539814e-17,2.58061022071321e-13
10,98456557,C,T,0.0197900833352278,1.72224209502292e-22,2.68408039327337e-13
19,10334663,G,T,0.0184701989852146,3.04173747119928e-29,3.12993151355283e-13
12,123801250,CT,C,-0.0200362181755406,2.04806734199483e-25,3.70598029911766e-13
06,21917558,TTTG,T,-0.0198709194505871,3.96661459275107e-23,3.74777512828779e-13
05,156742323,G,GA,-0.0393561532842144,1.49504777511824e-14,4.01747290077283e-13
08,103663048,CATTT,C,-0.0182225760311345,5.68735125403963e-24,4.32073448009666e-13
08,103834928,A,C,-0.0194076709186348,1.04003297837642e-07,4.58754300947567e-07
14,50735947,T,C,-0.0731202151342936,5.42891650430279e-18,8.0480984533296e-17
02,113869233,C,T,-0.0147316118900808,8.85362222614257e-19,1.05655936266073e-12
02,113956941,T,A,0.0145712038097802,3.09011836643495e-08,3.45564491990921e-09
02,114360013,C,A,-0.0227957295127776,1.42978931279655e-06,5.82581472810837e-09
15,60887884,G,GA,-0.0179154219841302,6.51389569072047e-27,1.14365318505849e-12
17,65880539,T,C,0.0217772671519685,5.89375436221272e-18,1.44695585168095e-12
14,35164495,C,G,0.0172909416243502,7.58627073043497e-31,1.47462190631528e-12
11,93831127,CTT,C,-0.0507280220666068,7.04109635410651e-45,3.13121634470885e-53
11,93848246,T,C,0.0208771015198341,9.46604652626298e-30,1.52326240676241e-39
20,32188142,C,T,0.0224902542998659,2.74248856322104e-13,1.68957379534049e-12
20,32679575,ATT,A,-0.0134124075411213,8.75310139213649e-15,5.16471517022963e-09
11,22201007,G,T,-0.0172164978387922,4.10538382859748e-28,2.91634373740595e-12
12,10583611,T,C,0.0242248038299974,7.8196796684651e-17,4.03111658259544e-12
02,114662948,A,G,-0.0293140336810274,2.99981449644738e-14,4.27921231608885e-12
06,20404420,C,T,-0.0222093263860999,2.75513449520895e-16,6.55428797559953e-12
15,73985223,T,C,0.0166359396250581,3.3037484136588e-33,7.56627154479608e-12
03,37099025,CT,C,-0.0167735823762703,5.74234972671121e-32,1.44871413665179e-11
01,156434703,T,G,-0.0171313732349109,1.31609925517619e-19,1.50722575991238e-11
01,156683303,A,G,0.0186604059047317,1.6658819382342e-06,6.82427764637175e-06
07,75095477,T,TA,-0.0168372555785462,3.0455245996154e-27,1.56807703290491e-11
11,62200176,C,T,-0.0212654854351011,8.48981163846103e-16,2.18684028753781e-11
16,53811788,A,G,0.0166224070102696,3.29830136939746e-24,2.37469125206984e-11
15,79130558,CA,C,-0.0164373222467027,2.10048633845201e-31,2.47833359498103e-11
01,219647314,A,C,0.041862005630998,4.89678584136907e-11,2.53525633894043e-11
01,219730586,G,C,-0.0121751978016921,1.22685517566422e-10,4.0389587828332e-07
22,30755172,A,C,0.0179618498374065,5.06411416915564e-19,2.59650068996448e-11
06,116325142,C,T,0.0164247981900053,3.7372976694439e-24,3.29677734630223e-11
06,127454893,G,A,0.0369124712067873,2.21258830945053e-11,4.32912282202969e-11
06,127157703,GAA,G,-0.0115408739166111,1.62420759099058e-13,1.68871109216023e-06
16,58102531,A,AG,-0.0186964830315817,1.54415971842066e-13,4.71447393635834e-11
03,156798775,T,C,0.0163133490002679,1.36479814470906e-23,5.17829049596662e-11
09,112077530,T,C,-0.0178117520365809,4.38096084204537e-19,6.88659766402404e-11
06,30586031,G,A,0.0299258577491303,1.84872401951979e-13,8.30424800710648e-11
06,31054381,A,G,0.0129442293437065,1.14970275351577e-14,3.82538707800724e-06
12,11791029,C,T,0.0161265216031134,6.30467377534948e-24,9.11011674137055e-11
06,130387773,C,T,-0.0167888253250399,1.03208285505156e-19,9.52148088096201e-11
11,65173754,T,C,-0.0177547639173714,1.2307445354651e-17,9.83165537413906e-11
01,66168566,C,T,0.0195944173212801,2.57414526220324e-15,1.0854442068865e-10
06,29778274,C,T,0.0422858537498252,6.37430809022953e-13,1.25586795907747e-10
06,30102184,C,T,0.0209472829479788,1.80520919856069e-09,1.04712877013502e-06
07,134941295,A,G,-0.016833793730444,3.48075132081315e-19,1.30874259876153e-10
08,96084835,C,A,0.0161769055486042,1.64916883867948e-21,1.35600059962036e-10
12,121605189,C,T,0.0158945430186043,2.27937248181816e-23,1.50925320958719e-10
01,247602968,G,A,0.0160484316291116,4.5388334273369e-21,1.76816278738497e-10
04,3443931,G,A,0.0160674903340991,9.68102605953512e-22,1.83962776255048e-10
20,43036452,G,A,-0.0155363495704857,6.32708682516777e-26,2.00082901417025e-10
08,55454564,C,G,0.0199307395435752,1.78514142172042e-14,2.07817981505594e-10
18,60845884,T,C,-0.0151266760537814,8.68497366861798e-18,2.52840561849259e-10
18,60788745,A,G,0.0204572310722857,1.15561508423343e-07,4.93847541629032e-08
18,60960310,C,T,-0.0317548823921535,1.69684735985459e-06,9.73850536946097e-06
06,42944988,C,A,0.0155055398563108,1.3337488858271e-26,2.81812440372228e-10
02,202060820,C,T,-0.0164901442488635,1.34089837888688e-18,2.86531607750793e-10
14,24871926,C,T,0.0154554705896484,5.85355437234115e-25,2.88839589536521e-10
07,6434904,G,A,0.0172251267908661,1.50402203245801e-16,3.41593563114378e-10
08,21920052,T,C,0.0196840312167657,4.2825483758344e-14,3.71663437754457e-10
02,101624889,A,G,-0.0217636679346357,3.81878795737936e-13,3.73837920441855e-10
21,46286595,A,AAC,-0.0173916519926362,4.19116808779522e-18,3.82084041014363e-10
09,34116083,T,C,0.022557787506136,1.9999903944271e-12,5.99271234641998e-10
21,30608885,G,A,-0.0234421282844289,3.21977902477798e-12,6.54271056560899e-10
19,19717056,A,G,0.0769446653946336,5.40953235556453e-66,6.5932978133075e-56
19,19848909,T,C,0.0363087058123537,1.70588791390502e-08,4.03757561487819e-06
04,77416627,G,A,0.0156531505099389,4.51071412000314e-19,8.53101635820906e-10
18,45692575,CAAA,C,-0.0154268478967281,1.10127941675556e-19,8.97930221139961e-10
08,22873533,A,G,0.0152347963561374,1.84710883297504e-21,9.41140444233964e-10
19,45734751,A,G,0.0159629412904088,2.77707979433686e-18,3.60147577745007e-11
19,46165008,G,GTTAT,0.0220618945107703,2.89790221948315e-12,1.02640514891974e-09
19,45847412,A,AGT,-0.0162594661954838,2.42757054425242e-07,1.52180646625756e-08
04,69357050,C,A,0.0157947855983369,1.31421954362514e-18,1.13413028487098e-09
19,7962429,C,A,0.0164671014602303,1.11547493112641e-16,1.24127950376795e-09
02,102773548,C,T,0.0148544352619264,1.26388092019074e-23,1.36923069784342e-09
16,69969299,C,G,0.032997047751143,1.78926413085772e-10,1.49611312989579e-09
19,807442,C,G,-0.0150332574170529,2.76333141183474e-20,1.63580304900496e-09
15,40308859,G,T,0.016547842318404,2.9998395468558e-10,8.77480547737352e-07
12,57050053,A,G,-0.0163607380379029,5.11800677733755e-17,1.84639233843129e-09
19,15986388,G,A,-0.0151264836083281,3.47107349008798e-18,2.32758616261841e-09
16,3114472,G,C,-0.0142838551343728,3.14022574771419e-13,2.59074340729514e-09
16,3613150,G,A,-0.0124992739798255,2.44288354253731e-11,1.23688579515395e-07
11,93891890,A,G,-0.0524480245279463,1.96449303647663e-52,1.32373782198827e-52
11,93926457,T,G,-0.0380332028293143,2.23736531200361e-11,6.71049539987196e-12
02,174031354,TTTAAA,T,-0.0178057836147913,2.40412482629386e-13,2.99116936514589e-09
04,87906432,G,C,-0.0218452724864685,9.70474297234469e-18,1.6300026443984e-12
21,40555561,T,C,-0.0205591644137036,1.05425769111338e-11,3.82505735852152e-09
05,52193125,A,G,0.0270456463930967,2.8566347711477e-10,4.91512302222778e-09
X,153379544,T,C,-0.0138983499258214,3.79225691733833e-12,4.98379216514249e-09
11,93282129,C,T,-0.0310750060847856,9.06319634121822e-12,8.85119484473098e-11
11,92809061,C,T,0.0679724642955435,8.31600186028899e-09,5.1428008319178e-09
07,36084529,T,C,-0.014637031766535,3.57559079635686e-18,5.32660328212632e-09
05,132397123,A,ATTTA,-0.0165848662422838,3.04634982324993e-14,5.38676273275465e-09
07,28255530,A,AAAAC,0.0176164594100594,1.08016780906572e-12,7.24334586141447e-09
05,72989399,C,T,0.0150087127070491,3.43781044280355e-16,8.04837951858193e-09
16,3730578,G,A,-0.0140516969875745,1.74819170573955e-22,8.39166393616076e-09
19,41353107,C,T,-0.014307365775049,1.04791586447169e-16,8.48227749633184e-09
19,41826020,A,C,0.0162201627446908,6.77738006312254e-08,7.39983253691292e-07
03,141890089,A,T,0.0210937965788318,1.90503734870469e-10,8.67533468556486e-09
03,141455090,T,C,-0.025069253173908,1.69237007881917e-06,2.84813180816786e-06
02,59295752,AG,A,0.0153017460478625,4.5345574118372e-15,9.52362668090056e-09
01,50839740,A,G,-0.0138982690754095,6.05699187630532e-22,1.05301741387671e-08
08,6587270,T,A,-0.0147201953191368,1.57986404507666e-16,1.09490766844472e-08
07,116417848,G,C,0.0147204210007399,7.38589939988293e-16,1.16778606066936e-08
05,72007706,T,C,-0.0143816443861233,1.79415699947395e-17,1.169052164324e-08
01,89146852,G,A,-0.0138683715906418,1.15116152384709e-19,1.3018897257329e-08
09,132566666,G,A,-0.0236659755611801,4.01292312187551e-10,1.33152822233161e-08
22,18460302,T,TA,-0.0156909996039594,8.22938744498204e-14,1.36079670254919e-08
13,50565104,ACT,A,-0.0504746796057459,6.69964192994371e-09,1.40125099445794e-08
02,63849011,C,CT,0.0156545435010656,4.09056694786835e-14,1.71344612052912e-08
10,49660001,T,C,-0.0139569394283965,2.43442095961856e-19,1.7296281994348e-08
05,53283630,A,T,-0.0140761055132743,3.42028232622678e-17,1.82369683510366e-08
07,5346508,TA,T,-0.0142856556212808,1.27865244132554e-23,1.83745799110988e-08
20,17844492,T,G,-0.0143682355123602,1.27565125649544e-15,2.01715381580127e-08
19,36038390,G,A,0.0141243687570021,1.72366263714996e-16,2.06391011648613e-08
05,106878792,G,C,-0.020307594426088,1.50312769672139e-11,2.11639618387899e-08
05,106619629,G,A,-0.0196561964406056,1.40848768598009e-07,1.7709922264401e-06
05,107357547,T,C,-0.0144803763759722,5.08954062015822e-07,8.11344741492214e-06
19,47583919,A,AT,0.0151857471130248,4.23736607284238e-14,2.13117875529232e-08
08,144502151,G,A,-0.0244277458504951,1.25121329171097e-09,2.29101215121044e-08
08,144961728,G,A,-0.0612376115485755,1.56706524133787e-07,2.64257050195944e-07
08,144201241,T,C,0.0397643892254672,9.23131244521525e-07,8.11886029520801e-07
20,62350413,G,A,-0.0228247951814086,1.90381923334038e-07,2.47892985501225e-08
20,62606067,C,CGA,-0.0116798838831778,2.8286167952159e-14,1.48117425962686e-07
13,111301543,C,G,-0.0306576375221755,1.18339377174852e-08,2.62279251989477e-08
13,110919205,A,C,0.0149972581923113,5.30822980162013e-08,6.82478479867276e-07
13,111033821,C,A,-0.0115776927207601,6.31268211612614e-10,2.8952836680525e-06
20,14672631,T,C,0.0145004388559764,9.63227367302774e-15,2.80798361803135e-08
01,101620370,T,G,0.0160375311168241,2.48832493944714e-12,3.13197445120037e-08
02,112778441,G,A,0.013808480939967,9.23304740321489e-17,3.18545992482901e-08
19,11191201,A,AG,0.0208759801425419,4.80486083146739e-10,3.49439304371684e-08
04,145659064,T,C,0.0227034894785775,1.22440618972621e-09,3.52412910219599e-08
11,57644334,A,G,-0.0143190595849138,1.21911660603751e-14,3.55174622518075e-08
01,2214587,G,C,0.0266325603251104,3.28515064409158e-09,3.86368161305068e-08
03,185796785,G,A,-0.0229159427524145,1.57703917942998e-09,3.92000230330147e-08
11,69283303,G,T,-0.0132414899975208,6.5702229777817e-12,3.9278559639459e-08
11,68898009,A,G,0.0116741424643277,8.5804962785341e-10,3.24622099832332e-07
11,69706362,G,T,-0.0370097410655377,2.12616375232971e-06,4.28965464756449e-06
20,25399979,G,GA,-0.0139270989336987,3.86336667460784e-21,4.28294158612991e-08
06,139835418,T,G,0.0135997794418875,2.72887510911631e-17,4.28987075309872e-08
06,7253731,T,G,0.0134137338159625,1.10361506715686e-19,4.36479546970745e-08
14,20938251,A,C,0.0153953982826508,1.61129678924872e-12,4.52478708337814e-08
07,77318769,A,ACAAAGCCTAAAATATTTACAAATATTTTAGGTCTG,-0.0136427653336687,3.01916327144406e-20,4.56789644279282e-08
05,70723245,G,GT,0.0283080886904961,3.27998339234867e-09,5.6306315669396e-08
11,125443002,A,G,0.0290794390844977,9.81265921246321e-09,5.75288067579283e-08
10,102691412,G,T,-0.0133159125164399,1.15280346642485e-18,6.37775463586124e-08
03,39359552,TTC,T,0.0255985455536353,4.51597021254677e-09,6.49603047009125e-08
01,93858289,G,A,0.0168248179411963,8.57498535949642e-11,7.43318726196055e-08
11,78626405,C,T,0.0149693682266037,2.44431408351681e-12,7.55280832409169e-08
13,41646085,CAG,C,-0.0247639403074436,7.97951259580222e-09,8.76759390414793e-08
05,148842526,T,C,0.0138540590256475,4.03220553555982e-14,9.8283666602079e-08
X,129114784,G,A,0.019459663672977,6.14192785157233e-09,1.02442870990133e-07
22,24296294,C,T,0.013215405958958,3.73861819678205e-17,1.05050782174579e-07
11,50073263,G,A,0.0220640239875312,2.63728056160815e-09,1.10609624798838e-07
11,60067165,G,A,-0.017777441863019,5.82549958423182e-10,1.15352443528346e-07
06,143146424,TACAC,T,0.013956126008082,4.43012812886235e-14,1.17802213402581e-07
06,159232907,CAAAAA,C,0.0133987501905966,1.62712348434838e-15,1.18387699517548e-07
08,145692918,G,A,-0.22529001432278,1.2099194672684e-97,1.47060498636383e-83
08,145710048,G,T,-0.028070537492528,8.15991106734346e-76,2.76255143557779e-22
08,145641417,G,A,-0.0549854644354855,6.19666036031205e-15,5.21373256655868e-15
05,131305146,G,GT,0.0290340148437801,1.67175455973433e-08,1.22967644996966e-07
05,131797547,A,G,-0.0128122156243137,1.2277075269456e-13,1.19857065942664e-06
11,32543850,TTA,T,0.0152296138432628,9.61407405478798e-12,1.2329879305253e-07
08,72454049,C,T,0.0236486203255081,1.06978357187172e-08,1.30066931334064e-07
15,39917785,C,G,0.0509901062529992,-99,1.49517185284454e-10
14,50966745,G,A,-0.0426915613093054,-99,1.04916273234009e-06
16,58554141,T,G,0.0276654576792415,-99,1.50276950410523e-08
11,93862685,A,G,0.138798012424983,-99,6.09783999001832e-26
11,93897153,A,G,0.0438430514006939,-99,1.03964533633489e-36
01,150483355,C,T,-0.0317346918462868,-99,8.02352173398578e-15
