chrom,pos,major,minor,beta,p_value,gwas_p_value
22,44324855,G,A,0.0986279812267036,0,7.15853828520099e-245
10,101924418,T,C,-0.0592502977455166,0,8.67493381119653e-132
8,145730221,G,A,-0.226757523748603,2.14046669941632e-101,1.33501476407583e-85
8,145733794,C,CG,-0.0322987165225007,1.00475290799032e-115,1.45297419394926e-27
9,117146043,C,G,-0.0455823883276437,3.16320191468715e-223,1.06532346421897e-77
19,19379549,C,T,0.0853171132925669,9.33013001991998e-89,6.09180704484515e-74
19,19396616,C,T,0.108612309756717,2.80018328590218e-23,5.52033912605997e-20
8,126482077,G,A,0.0380798971849536,4.30332733733205e-160,2.40999757290894e-55
19,45411941,T,C,-0.0517724360493743,1.23891100713339e-73,3.06829156393671e-54
11,93864393,C,G,-0.0501235555730372,6.60238324230922e-48,2.60712218944809e-53
11,93897153,A,G,0.0212720017020256,1.41047490567547e-31,1.03964533633489e-36
11,93862685,A,G,0.0690310792686504,3.48020057003476e-15,6.09783999001832e-26
4,146821410,C,A,0.0509106689781335,2.17245362251248e-72,5.65848516956237e-53
14,94844947,C,T,0.132064068276723,5.76472462119978e-55,7.36244838721931e-53
4,88183820,T,C,-0.0398442204371852,1.42490400307695e-98,1.53630435082216e-50
1,16505320,G,A,-0.034771014153772,2.35825199236953e-108,2.07129662640377e-45
3,172294500,G,A,-0.0995284249345459,4.71937648999236e-45,4.28059595575568e-42
22,36545137,T,A,-0.0413591618443349,5.2899267538288e-52,1.81195181664494e-37
18,56084054,C,T,0.0384747137534974,1.39688761188751e-54,8.03397659568876e-37
1,155106697,G,A,-0.0304090550019893,2.44076677883328e-81,7.24500284045531e-35
1,220970028,G,A,-0.0316656521795355,2.76483843958713e-59,7.70977598899462e-33
2,233520254,T,A,-0.0283537625711552,5.701416978878e-68,7.26449650989562e-30
10,70983629,G,A,-0.0296656785359027,1.85696161597697e-53,2.47584474885879e-29
8,9185146,C,T,0.0390869841111957,1.5874302916162e-26,3.11602379178512e-28
8,8919441,C,T,-0.0177468084255337,1.56621609147067e-19,1.50732321537025e-17
12,122599305,T,TTG,-0.0268468032994158,3.74024648509494e-68,8.95885721509335e-28
7,87127099,T,C,-0.0332086629529259,1.61354299014148e-36,1.47719875602712e-27
7,87111658,T,C,0.0862104251779811,1.95332073086981e-12,6.44096592246866e-14
10,79665173,T,C,0.0301587109019027,6.67620942484845e-44,4.6927071449421e-27
10,113949664,C,T,0.0286998219356118,3.75031353593639e-37,6.02841813428694e-26
10,114024877,C,CA,-0.0193627464370126,3.41306978848864e-14,4.21269545993588e-11
3,12389313,A,G,-0.0350565590970067,4.5971679150869e-22,7.84757783947299e-25
3,12266855,G,A,-0.0181752663029189,2.92861994235692e-28,1.87514125400845e-17
1,27021913,G,C,0.0821858123594843,1.43861847754329e-25,2.21783852551825e-24
17,64210580,A,C,0.0728212107128476,7.0458816011741e-26,2.38625016856422e-24
16,83980529,C,G,-0.0246493647280834,7.69758640957613e-61,9.04252275921889e-24
5,31021358,A,G,-0.0269972286296265,1.19111019010311e-40,1.84841928247209e-23
18,55319030,AT,A,-0.0362695393943936,5.48885423493777e-29,7.05317978697722e-23
6,31347204,A,T,0.0239590623396612,6.08722598977038e-63,7.74654869303951e-23
2,227111435,T,TTA,-0.0248318525606052,1.03437622629309e-45,1.24093841477556e-22
19,18221964,A,C,0.0260692671471967,5.64846820131903e-40,1.33057756985174e-22
6,32584153,A,G,-0.0239723185680678,4.35550350944322e-52,1.87365572235163e-22
17,79481772,T,C,0.0238282040238366,9.37088981376236e-52,5.60545371000529e-22
3,135925191,A,T,-0.0278269922041276,1.12555601412645e-33,8.34716459478384e-22
2,165624349,A,T,0.0236195095045031,1.17161684023201e-44,5.98405206403044e-21
1,161542235,A,G,0.0387609452982904,1.05207676363961e-25,1.14361004867974e-20
10,101912064,T,C,-0.0555289150714068,6.15797697869151e-303,1.46181439330884e-131
10,101606485,A,AACTC,-0.0519422452250718,2.95842276809772e-22,1.59814469334468e-40
16,80497341,C,G,0.0252432978664581,2.35800953052226e-34,2.56653586497909e-20
3,149122431,T,A,0.0228038674298524,3.09142952723631e-30,7.408240088646e-20
3,149182087,T,TG,-0.0372930779327015,4.35259960244822e-17,1.31489653427338e-17
7,73042585,T,C,0.0269591110867952,6.83648355599871e-29,2.4193708788652e-19
20,33672527,ATATGTG,A,0.0320568025821681,4.00705886112898e-26,3.18227087876967e-19
8,10572531,A,C,0.0219375133096135,9.08778899241877e-41,1.29250001492305e-18
3,160066896,A,AT,0.0241054455839988,1.87745303727925e-30,2.29070330541049e-18
15,40331547,T,TCA,0.0229772137492772,1.7295472598145e-27,2.30315164189614e-18
15,39917785,C,G,0.0242203706934333,1.30092092331032e-10,1.49517185284454e-10
14,50655307,C,T,-0.0614392501767877,2.78890100607996e-19,3.06691324292806e-18
19,33883197,C,G,0.021073917697987,1.7280882553235e-50,5.91993839276627e-18
12,21040254,A,C,0.0284128248054053,2.7286495376784e-20,1.36163403127937e-17
12,20586395,C,T,-0.0215484201804121,4.7301020448772e-17,1.65904042038718e-13
5,55861464,C,T,0.0294967353788253,2.95538059371228e-25,1.81794493362076e-17
5,55808342,T,C,-0.0212133554677544,1.33275824105541e-18,4.98016955972302e-10
2,169871543,G,A,0.0467072037882829,4.90624568270379e-14,7.36035887833083e-17
2,169933741,A,G,-0.0160382950512357,4.82739012163038e-27,7.45789661370305e-15
17,7185779,C,A,0.0634926650478174,1.96763055650698e-17,1.27243410051653e-16
22,29105415,C,G,-0.0213817192873751,2.80965885088957e-31,1.31601695029169e-16
20,12958687,G,A,0.0201279262797615,1.03814790632844e-34,5.62291088268271e-16
9,136146431,C,T,0.0212138463903875,4.44965566926675e-29,8.52756020848197e-16
15,90344266,C,G,-0.0322816007575707,2.59163440706173e-19,9.54539490286932e-16
2,88423510,A,G,-0.0209510273753738,2.98472909557928e-28,1.29963210507475e-15
1,150958836,A,G,-0.0262174408698299,7.46255755631835e-21,1.72645049044148e-15
