chrom,pos,major,minor,beta,p_value,gwas_p_value
15,58671721,A,G,0.120229420384093,0,0
15,58722590,G,GC,0.141079660940717,0,0
15,58574966,T,C,-0.0590804238913522,1.10850361502229e-95,1.66982579249033e-88
16,56985139,G,A,-0.0765885075448791,0,0
16,56985514,G,A,0.139684680525086,0,0
16,57007353,C,T,0.185467799626008,3.97432686783917e-250,1.35752557165979e-81
08,19824667,C,T,0.0861473757209788,0,1.90968389887263e-247
08,19813529,A,G,-0.209046977104167,1.19299325558296e-125,1.08556693977623e-138
18,47109955,A,G,0.330372779543103,6.65103426890165e-228,8.03727170149377e-229
18,47167214,C,T,-0.0946395433246334,5.30848534571072e-291,5.7590092052357e-209
09,107661742,A,C,-0.0819483828634377,6.70763375923953e-295,1.47538421047769e-213
09,107589744,C,T,0.0714823490175498,1.29259932434074e-123,1.95104238811506e-103
09,107647019,C,T,0.0733346357559786,1.39190328859777e-90,1.40536279710474e-77
19,45411941,T,C,-0.0949354354245556,1.75119892340765e-206,6.21326819886378e-206
19,45413233,G,T,0.105476828293315,8.3636918572583e-137,1.94565859453077e-168
19,45448465,T,G,0.0401920124369433,1.43518016391123e-91,2.44479372319995e-45
11,116710968,G,A,0.108969063002213,0,2.82512382571357e-198
11,116648917,C,G,-0.0862193318093687,3.15660997731537e-109,3.41407695007026e-11
01,230297778,T,A,-0.0557625084170843,6.23823002274323e-254,1.99984947234522e-113
20,43042364,C,T,-0.153199480378066,6.96325345017777e-118,9.89102108605657e-111
02,21231524,G,A,0.0650818909413831,1.38243155459168e-159,3.46559403617276e-106
17,41926126,C,T,-0.144623402270988,1.71342124772266e-106,6.11719747062415e-100
08,9183358,G,A,-0.0866253440604374,3.93769408906947e-116,7.11453329799165e-97
19,11350488,C,T,-0.112442818635953,1.88689523042572e-67,1.15892112749064e-65
19,11258592,AAAAAAAAAAAAAAAG,A,0.0247482026523393,2.18238466687119e-41,2.94630289041871e-21
09,15304782,A,C,-0.0566903796837855,3.20539070693634e-80,8.68298813602394e-61
16,67972194,A,AT,0.0587869669552525,9.29408040097089e-67,1.94576868255538e-58
16,67976320,A,T,-0.0714043985929904,1.2543760973161e-29,6.60956037832261e-33
01,63010871,C,T,-0.039647889406297,4.68051380660344e-116,3.48053744071199e-56
01,109817590,G,T,0.041037864672126,4.48514435446038e-63,4.69789153377002e-53
02,27730940,C,T,0.0366531596652313,1.7624836893855e-113,1.75517686391272e-50
10,113936855,T,C,0.0397076950955438,2.43124872494012e-69,5.39987380085799e-49
10,114026046,GTGTGTGTGTGTA,G,-0.027490316492906,2.02789392636803e-30,2.94263205371142e-21
19,8429323,G,A,0.115744399598116,6.8604905040167e-40,5.48663265993827e-49
19,8458618,TG,T,0.0188123734356397,3.60303076719145e-29,4.17757710345912e-23
11,47316568,G,GT,0.0410762046650696,6.08121316830567e-92,1.56108237028575e-48
11,61551356,T,C,-0.036698849574941,6.5113297922754e-99,3.58903435742122e-48
11,75455021,C,A,-0.0475707878238124,8.99374309449721e-64,5.94369614613335e-47
12,125265201,A,G,0.0360526388302924,1.82451113043568e-71,3.76240151434656e-46
12,125325010,C,G,-0.044510501123228,6.99900036758579e-40,6.55499720583445e-44
12,125380232,A,G,0.0335005516855944,5.05823691248032e-23,6.39486623929709e-25
04,103188709,C,T,-0.06198626780881,1.01859832585517e-48,4.64227685194618e-42
19,54808174,A,G,0.0346812734492678,8.87448095714216e-46,8.9287637703286e-41
19,54759361,T,C,-0.0210938175544551,1.3319174794846e-33,2.51171829147319e-25
08,116597117,A,G,-0.0362251944313068,6.07404750056197e-94,1.2527428937049e-40
08,116960729,G,A,-0.0205945512514334,2.57195395688414e-28,4.56508215741604e-08
08,144306379,A,G,0.0412095081766032,1.14186992823106e-58,1.85884453059066e-40
01,220970028,G,A,-0.0343590654164456,4.46064542131189e-71,2.33602974039485e-39
01,150868102,C,A,0.0380964346556385,1.84094767930904e-60,2.76796494168664e-39
01,40018509,C,T,-0.037134028409583,1.21697017139021e-60,1.1210563625311e-38
14,105258892,T,C,0.0320554540031757,2.72307850647192e-84,1.42745331248394e-38
12,123885484,G,A,0.0515517867923828,9.60500584178928e-41,1.25820121272091e-36
12,124380047,A,G,0.0311716403189613,5.50530727793559e-15,4.46536238564423e-13
12,124289284,G,T,0.0397293349842932,5.77158386718518e-11,5.18466795939288e-09
06,32419074,C,CT,-0.0287842331539318,9.25466383884533e-41,2.50978279341032e-33
06,32589982,C,T,-0.0166420675961386,6.10670699581479e-18,6.40655853177279e-15
10,45988597,G,A,0.0335524917853851,1.51289094833263e-52,6.76923591740404e-33
17,76406184,AAAAAC,A,0.0295705986945045,3.74074607766386e-90,6.91983279618423e-33
12,124409502,G,A,0.023733672286802,8.73379690873925e-22,2.6139749860439e-32
12,124515218,A,G,0.0198239067836706,3.11404812773718e-21,7.88368638821031e-27
12,123919180,G,A,0.0388486858273849,1.96208966534714e-10,4.13690197639744e-13
02,227099180,T,C,0.0289654789725677,8.48564611014418e-63,6.64658868938087e-31
22,21922456,C,G,-0.0342109946832667,1.11351980346877e-41,6.56464619955586e-29
06,42915021,A,G,-0.0267601361846922,1.13852481815243e-75,1.05914469341365e-28
02,20371301,T,G,-0.0258330304703415,1.04115295997968e-71,7.18613121977332e-27
07,17920253,G,C,-0.0262708844944881,7.6847747771535e-60,8.78483625823378e-27
04,100270960,TTCTG,T,-0.0235768815388277,2.79441713869701e-51,9.74700973599955e-26
07,6461310,C,T,0.0285538741196849,1.13346000934281e-42,1.35795438843212e-25
12,57839173,G,T,0.0291850792697477,6.27467184178202e-41,1.93505054668278e-25
07,130442603,CT,C,-0.0254580662277357,4.55660579480769e-67,2.07926570220621e-25
11,116965145,AC,A,0.0720587293701972,5.92936930037325e-124,2.38568574649487e-191
11,117003528,C,G,0.0443049451365268,1.26262798262945e-46,1.75358144796815e-79
11,117042408,C,T,0.1553581142313,1.31478699566827e-39,2.54298802726215e-71
16,56876845,T,G,-0.0855210492645298,6.05145915597661e-116,9.23153882435023e-109
16,56905432,C,T,-0.0556427531993421,3.64792829869164e-90,3.1385070128151e-41
16,56911640,A,G,0.0378097678821452,1.73059094904894e-94,1.0982904279634e-70
12,110016947,A,T,-0.024476448597542,1.17847106861858e-66,2.6816831866907e-24
16,66971780,C,T,-0.0556544050420688,2.00359488023204e-22,1.85053877163764e-23
16,67229019,A,G,0.0386046672265258,3.90280455706596e-17,3.35232457656787e-16
16,67368296,C,T,0.0504604441806656,1.3777527896652e-10,4.041378630495e-10
02,211540507,C,A,-0.0255204635101475,6.8557278539688e-43,4.01680893319322e-23
06,43757896,C,A,-0.0233615623334675,2.94436627633918e-45,3.11275333647372e-22
06,44160834,G,A,-0.0141128868720347,3.39031262998083e-08,7.9733555003769e-07
06,31019806,G,A,-0.0275820680539036,2.94311409278527e-25,9.41974439713521e-27
06,31324506,C,T,0.0182561672149268,3.84573491660909e-21,8.86727176041169e-20
17,37830447,A,T,-0.0246289765653688,5.46537181424923e-40,1.55872571189966e-21
17,66879927,C,T,-0.0397768034011489,5.80529136826139e-14,1.97877744283089e-21
17,67249711,C,T,-0.0597677510168272,3.63899334064076e-16,1.38232714377918e-14
17,66854852,A,AAG,-0.0126221452578508,7.7002210175636e-11,3.26407202815292e-13
15,43726625,A,C,-0.0734677359865611,1.84123322110412e-22,2.09462209582652e-21
X,14893175,G,A,0.0385172146146869,8.51313618876396e-23,4.71985302357954e-21
03,135880410,A,T,0.0285438320812384,6.36626570841458e-30,9.06932241863119e-21
16,81534790,C,T,-0.020279230426804,1.70074630285389e-25,1.69692755077647e-20
16,81527741,T,G,0.0212147052932596,1.32591734061445e-11,1.83069537527301e-15
10,101912064,T,C,0.0222767268179296,1.76225772844528e-58,1.78353083283565e-20
01,27138393,C,T,-0.0406667128162855,8.17699902851154e-24,2.0327167739594e-20
20,46340974,A,G,-0.0315543176834942,3.68441559832944e-31,2.79772096461548e-20
20,46417544,T,C,0.0686183588166684,3.05283714820166e-25,2.82193024871946e-20
20,46176983,TA,T,0.0161793359080014,2.41472686868241e-17,7.85656583274863e-10
06,34595543,T,C,-0.0142985598612578,6.43767889496917e-11,3.3071598325962e-20
06,34184374,G,T,-0.0495432083276342,1.35390156360723e-18,8.35214457806135e-19
06,34577257,A,G,-0.0268371538096055,5.51169955724297e-09,8.9897239044684e-18
04,110569620,C,T,-0.0614380843722983,4.8080820088139e-12,6.58693937168899e-20
04,110766064,A,G,-0.0468064253745977,1.58430089561407e-07,1.83461064546238e-15
09,136151579,TGGTGCAGGCGCAGGAAAAAATTGTGGCAATTCCTCA,T,0.0282507032637185,4.54696828430449e-28,1.15171989957557e-19
19,46384830,C,T,-0.0334156733971174,1.93267150122976e-24,1.7807569368981e-19
21,46271452,T,C,0.0214482706938312,8.58440836401715e-50,4.64556492043446e-19
01,93837780,A,AAAAC,0.0220851682287327,2.36581698060666e-39,5.28020908210518e-19
01,234853406,G,A,-0.0219050823316455,6.9735259347625e-42,5.61715826809179e-19
01,235107864,C,T,-0.0208712449518091,3.44022854803967e-09,6.55347715943292e-09
01,235032220,G,A,-0.0170407111282516,2.49098902225873e-07,9.75848338570212e-07
19,33896432,C,A,-0.0235544337859763,4.53171912264191e-30,6.81095165554306e-19
19,33786208,C,T,-0.0341994405492189,9.49833563049468e-28,4.54640695978429e-13
19,33784657,T,C,-0.0251630534389349,3.74480985735236e-07,2.03490499994895e-12
07,1029585,T,C,-0.0192625433494941,9.23866724328281e-32,2.60725019779926e-18
07,1081341,G,A,0.0286364993047627,3.2313517219122e-08,1.97577180123337e-11
11,122509237,A,G,0.0215885859669694,1.48218999186324e-38,2.92472881921182e-18
20,17596155,C,A,-0.0280637588616725,3.5940211388702e-23,2.16531017717026e-17
04,69533221,A,T,0.0208297841971357,3.07435369750394e-25,3.97614911106615e-17
04,69343287,A,G,0.0176410061459504,2.14195336971093e-12,2.6031268846687e-16
04,69361445,C,T,-0.0134012857767881,1.29003817385761e-09,2.25957122133894e-12
06,161005388,G,A,-0.0279770984457271,4.87935652272435e-14,4.55652754590751e-17
06,160847869,T,C,-0.0307311045616857,2.78676939429912e-06,3.94723635382871e-11
12,123432289,TGATGGCATCACAGCGGGCCCGC,T,0.0424448087948943,1.0862828622451e-22,1.67296071160096e-23
12,123209295,T,A,0.0230008887691062,3.81834967503187e-20,7.39771389835564e-17
12,123612161,T,C,0.0586847336186499,1.39783377104377e-12,1.24124864153089e-09
14,74250126,T,C,0.0227022641782765,4.31916252902269e-29,7.55240217278934e-17
17,26644308,C,T,0.0194523746974901,9.10714029135146e-35,1.62464966983864e-15
03,48632756,A,C,-0.0794628322960759,5.04382203329042e-16,1.71693567810436e-15
04,109650804,A,T,-0.103524323595412,1.87048531723857e-15,4.06177675901818e-15
04,106071064,A,G,-0.0195330583473027,1.61749129259527e-30,4.7308831319204e-15
08,121870497,A,T,0.0214964634792227,1.11565590546558e-30,4.79467776089306e-15
08,121857366,C,T,0.0534565787767845,1.66266878484598e-08,1.21694873589635e-06
09,107571208,A,G,-0.0424796536904195,1.18143787876634e-30,2.63612979593792e-39
09,107568705,C,T,0.0527720900783615,2.204991644331e-38,1.37806310602727e-31
09,107551538,C,T,0.0190899205283903,2.01557251576578e-23,9.17578280097045e-13
19,52341757,T,A,-0.0195909492293214,1.0364697804581e-28,8.18297607208863e-15
05,180477253,AC,A,-0.0775383392420641,6.61042372785362e-13,1.44796563303887e-14
05,180226232,C,T,-0.0140938168182274,8.71007133951304e-08,1.32072458893181e-07
12,121419926,T,C,0.0199386269597296,2.64861781324951e-26,1.57835673396353e-14
08,11623236,A,G,0.0202496638188505,2.0052960212378e-25,1.78763753569295e-14
11,2941324,GGT,G,-0.0317881274085444,2.36870143866165e-17,1.92105802939161e-14
06,35386872,C,T,-0.0270179612824937,1.38073907873335e-14,2.12244691680783e-14
06,35381099,A,C,0.0225629827193652,1.57593264416327e-10,4.30443107207597e-11
02,165504841,G,A,0.0283315464327003,6.284536861585e-18,2.18841314575113e-14
19,50042867,T,TG,0.0212810771741913,7.11702478023304e-23,2.73407590911473e-14
10,5246210,AAAAC,A,-0.0266761908676707,9.14941044035043e-19,3.02801370112049e-14
02,136616754,T,C,0.0218263641507488,6.31995107868143e-23,3.17327220188571e-14
11,10383037,CA,C,-0.019294305222917,5.61840554280994e-18,4.09371106638912e-14
11,10365044,A,T,0.0114450596010633,2.37297098019575e-10,4.11982787334202e-07
11,68681769,A,AG,-0.0198964982308626,7.54901697881781e-25,5.39213417111457e-14
X,122845051,G,T,-0.01690246626263,9.78044966526016e-21,6.45960295187835e-14
03,108868961,TA,T,0.0183939104794832,4.95232310682106e-35,6.96411583783734e-14
03,156798732,A,G,0.0183477783503237,4.81027835762304e-30,8.05787701122362e-14
12,20470199,A,G,0.0224872226890332,6.35053746259432e-19,1.05450989682666e-13
12,20592624,G,A,-0.0265917093869724,1.75055664672055e-09,9.16951455743733e-09
10,94814710,T,TAAAG,0.0182498516013039,8.19096685706468e-29,1.1676806172071e-13
14,81639159,T,A,0.0178044996660383,2.26856645446263e-34,1.50285076074925e-13
15,63349096,A,G,-0.0179324784358642,1.38657547592566e-31,1.51823394663883e-13
02,3639921,G,C,0.0233247270279509,3.25970750940376e-19,1.52960565645938e-13
05,134443606,G,A,-0.0179520912142951,5.38609167491995e-30,1.68536943836749e-13
09,117146043,C,G,0.0175081856753042,2.50331633918025e-35,4.15284626077371e-13
01,66073952,C,T,0.0182871971989617,2.09881396571545e-25,4.96199510462437e-13
05,55804552,C,A,0.022548949797446,1.28963824812114e-19,5.29624286960598e-13
05,55861894,G,A,-0.0222671053430095,8.35331926412914e-17,1.48245839129663e-11
06,34192036,C,A,-0.05700602225155,8.41837270430169e-25,5.22908289513611e-19
06,34567694,T,C,-0.0183102346826585,5.50804003977521e-17,4.5045140172158e-15
06,34503644,T,G,-0.0209926711503004,1.0061377200694e-06,2.84070061295043e-12
18,57808978,C,A,-0.0204026833479945,1.28839918499875e-19,8.44021618839939e-13
22,38599857,C,G,0.017363406915672,6.04736536803487e-29,9.74514565595514e-13
03,119529113,T,G,0.034863615033331,2.48798787866906e-14,1.01572286298785e-12
05,153358226,G,A,0.0193004710982364,5.67361493645708e-21,1.07332733931963e-12
17,28632119,CT,C,-0.0179947504849666,8.01262189327889e-29,1.2758506602963e-12
02,27854524,G,A,0.0360012244120442,3.61047764238014e-62,2.89182812364312e-31
02,27847642,C,G,0.0298783429390267,3.80062523360056e-15,2.36577311369337e-06
07,150210213,GGCT,G,-0.0188832945595429,1.39820009891943e-13,2.1656564713012e-12
07,150540196,C,T,-0.0132688926022334,1.56576563579979e-10,1.38215927636062e-08
22,44324730,C,T,-0.0202704810738413,3.86589022486957e-18,3.12296166738796e-12
04,3452345,G,A,0.0145513023351219,6.17486066730484e-13,3.41225197866261e-12
04,3446754,G,A,0.0237504636249154,1.30999816802885e-07,1.27429768087101e-11
05,127350549,C,T,0.0193940956126718,2.72648210853293e-19,3.67743211690362e-12
03,185822353,T,G,-0.0257083896969768,8.56520825062923e-16,3.78359584297478e-12
03,185880200,C,T,-0.0142944107215207,4.37686269589272e-15,2.89326737666511e-07
11,110012143,T,G,0.0191746385979698,9.00542803650983e-19,6.48028872690649e-12
08,9860588,C,T,-0.0131190202383717,5.83205154050817e-11,9.00298482213598e-12
08,9392011,C,G,0.0294884862929819,9.66076509327432e-09,1.50144359048283e-09
08,9534194,G,C,-0.0201668999498303,5.50883544875415e-08,9.71228673947235e-12
15,41864194,T,TA,0.0179631734609268,7.7886293387956e-22,9.03915929120849e-12
10,115786611,G,T,0.0199617150733589,3.16217954742661e-10,1.36989990672185e-11
10,115798895,G,A,-0.0136652680898354,8.08785167239879e-11,2.72451103038673e-10
01,178630827,T,TAA,0.017006342475109,1.13963468965293e-23,1.52590694519249e-11
01,151009984,C,G,0.0401896129133452,4.48426879295364e-22,9.47006491437566e-20
01,151304752,G,GA,-0.0135888353020064,1.0716058696282e-08,6.72924457320024e-06
01,161614490,G,T,-0.0167573531400217,1.87317556587805e-28,1.88064370271562e-11
17,41571268,G,C,-0.0805277613094588,4.27430922768318e-15,1.08948227648855e-14
17,40812065,G,A,-0.0130393118253428,1.41417262835244e-11,1.00037699578454e-06
20,33722891,A,AT,0.0162795769675146,3.01790080566048e-27,1.95301416003178e-11
07,106801395,C,G,0.0199845529497802,1.38694240165175e-16,1.96644168533214e-11
X,153585018,TA,T,0.0210066480199163,3.69624533503886e-13,1.96754016060641e-11
20,44585420,A,G,0.0205824656568307,5.92635550443445e-16,2.17857889316803e-11
06,116316896,A,G,0.0162687548357221,2.88974851276425e-24,3.25464608739356e-11
01,23747996,G,GA,-0.0180386201316533,1.01643930924462e-18,3.56899077587469e-11
03,160153989,C,T,-0.015792225243699,1.05121784586091e-28,5.50016601139608e-11
17,67081278,A,G,-0.0616051653886298,3.1407752558735e-15,1.31014094572267e-14
21,46899279,A,G,-0.018153952201446,2.40988929872829e-17,9.80420342379959e-11
06,139844268,C,T,-0.0163134579780788,5.33824841958288e-14,9.95625089021212e-11
06,139347894,C,T,0.012182638004839,3.81958233006659e-11,6.02254960777463e-07
06,140293328,G,A,-0.0354725208869546,6.37694141405876e-06,3.68345132215779e-06
17,7571752,T,G,-0.0706872808663445,1.19027195051188e-10,1.10922653969849e-10
17,8061708,A,G,0.0202021961181316,8.19502292527457e-07,6.07270735499013e-06
17,7382542,G,A,0.0330933541504074,5.17944536499582e-06,6.84742246549366e-06
01,154555733,A,T,0.0167436233629153,4.03911161510853e-14,1.17095172563965e-10
01,154819359,A,C,-0.0120430765475091,8.84905023889064e-10,9.4103894404528e-07
10,33636099,A,AT,-0.017843068722998,2.63315208420825e-15,1.53564394352291e-10
10,33970319,T,C,-0.0152178365213144,5.37313305779944e-07,6.9158735860097e-06
04,26062913,G,GT,-0.0214666088543689,8.81958138276882e-15,1.55253622419214e-10
04,26295434,C,T,-0.0294712870813795,1.77918498763297e-07,1.86132703891948e-06
14,69273090,A,G,0.0176343951163655,6.35826119369337e-15,1.65672591037573e-10
14,69149372,A,G,0.0213466303224175,2.31525443123873e-06,2.87669357440981e-06
12,109103673,G,T,0.0152418507135341,1.43563077810433e-27,2.1234976240802e-10
11,118957388,A,T,-0.01541494839099,1.11662938296804e-21,2.24972279778044e-10
11,118462554,A,G,0.0220361008589785,1.11812929674706e-07,6.32910764202064e-08
11,64004598,G,GACA,-0.0292670098099114,2.694415932559e-08,3.16603441345864e-10
11,64046641,C,T,0.0112835876496968,3.64710584422556e-15,6.25115612643512e-09
06,41992153,A,T,-0.0176121521816166,6.67337265420597e-16,3.40672689872212e-10
12,71106648,C,T,-0.0154152494961752,2.13073652192732e-17,3.55708809783937e-10
12,71473887,GA,G,0.0117232065639412,4.05497540488741e-09,2.62323708291259e-06
03,12376427,A,G,-0.0459653287671766,8.08522550519101e-10,4.97937811163684e-10
03,12589896,A,G,0.0125301921072853,9.92891445160768e-19,8.50007128845023e-08
18,2960969,T,TTATTAA,0.015297422990661,5.1240921158811e-21,5.41502138583215e-10
11,118420241,CTT,C,0.0196849481924289,6.9862500685208e-10,5.85636583163296e-10
11,118913993,C,T,-0.0123247556872287,5.1512006873543e-15,1.01027775872624e-08
02,242237902,C,T,0.0154117265178528,2.38791874088066e-19,7.12053257037777e-10
08,126645018,C,T,-0.020063468296208,5.07925801877463e-11,7.50747463982395e-10
08,126480367,T,C,-0.0149701618035629,4.15355713198865e-15,1.62165028957215e-09
13,49519535,A,ATATT,0.0151270602513838,5.26937199297557e-21,8.06080055345218e-10
19,47557472,G,A,0.0172620960945399,2.27374042543451e-15,8.83357179850809e-10
14,100794159,C,G,-0.0147739787315258,3.26362601362132e-26,9.70822405032848e-10
12,9098995,G,GAAC,-0.0242259118845964,1.16361571682218e-11,1.00194529668651e-09
14,75261641,A,G,0.0146677780820388,9.56621906071526e-19,1.10441969917402e-09
14,74855795,C,G,-0.0133975688878302,9.01999921223043e-07,7.88076224545197e-06
11,46447246,C,T,0.0356375346372372,2.19644358896744e-19,4.61325669878412e-15
11,46385672,G,A,0.0516827381547383,4.38637823922156e-15,1.11812268744762e-12
12,117175856,G,A,0.0234687380676723,2.45805862564419e-11,1.42624114512268e-09
12,117160976,T,C,0.0268407473064145,7.71046041540178e-09,1.16914368258512e-07
12,117163293,C,T,-0.0183136933279091,4.27089233821403e-07,7.30389497564918e-09
10,122872635,G,T,-0.0227016189660573,1.06094166007019e-11,1.46610015998552e-09
05,157999141,A,AAT,-0.0178539851814206,4.04504570703133e-14,1.49903665339297e-09
22,30921249,G,T,-0.0170117349380266,1.89248054733628e-14,1.684101446293e-09
03,52849262,CT,C,0.0214172941722967,1.43940725729254e-12,1.6925912854437e-09
11,45183379,C,T,-0.0222717580593698,1.24371630709304e-11,2.12662068965732e-09
03,154088411,G,T,0.0197426122262657,2.01423928220838e-12,2.24087625404685e-09
12,122334755,AG,A,-0.0131630008710466,1.60118278247829e-18,2.34082872773612e-09
12,122827919,A,G,-0.0292556264479417,5.81381052427548e-07,2.44016739886756e-08
07,25827967,T,C,-0.0346079387076385,6.46559549747196e-09,2.38212807651931e-09
07,26153510,A,C,0.0133041174005812,3.46727349945815e-08,7.97346429303339e-07
01,205677148,G,A,-0.0145468493133575,3.59390741943392e-20,2.58279049039955e-09
07,26397239,A,C,-0.0134585712952327,1.50459508237231e-16,3.10199074792653e-09
07,26135404,C,T,0.0130020247465781,4.68581410782558e-07,1.00135339492014e-06
12,133124753,G,A,0.0202888588378345,1.03253250292402e-11,3.86255979793625e-09
02,163297191,T,C,-0.0202812387800455,1.93108644930889e-07,3.89991552370161e-09
02,163124051,T,C,0.0117093192451251,1.35617969173374e-12,4.20298020676759e-09
04,177970855,T,C,-0.0186810738475365,9.3587105993684e-13,3.90428865240859e-09
04,104358654,A,ATATAT,-0.0156762327207369,4.27490768872178e-19,3.9397024367774e-09
11,5701074,C,A,-0.0302285798858054,5.02232796136313e-12,4.11794231458631e-09
11,5691101,C,A,-0.0188822162613883,3.99091153180339e-10,2.01874652903887e-06
10,65052205,T,C,0.014319537324282,4.98087430962111e-20,4.15534862075347e-09
11,65118587,C,T,0.0288348310855085,1.54310833990551e-08,4.27173032530875e-09
11,65611908,T,TA,-0.0123228931206052,5.85990656731273e-11,1.56879719301659e-07
17,28855373,CT,C,0.0160547542382675,1.87311507276553e-15,3.41476128570221e-12
17,29203720,CTTTTTTTTTTTTTTTTTT,C,0.0117210127182327,1.63268449456476e-08,3.87620851376519e-08
11,14603548,T,C,-0.012642838940393,2.38945898544872e-16,4.40524388240352e-09
11,14561945,G,C,0.0339100599362396,1.15377956121896e-06,4.6163147886525e-08
07,35744795,C,CT,-0.0144323987260555,3.56551889799678e-12,4.82554008505794e-09
07,36178753,A,G,-0.0126772544964251,4.75206720993169e-12,8.35776638173635e-08
15,64171782,CT,C,-0.0157445791606298,4.86266065862392e-15,5.07200536874162e-09
03,133478557,G,T,0.0140738537310104,3.42570654331984e-22,5.49718835787861e-09
05,43815578,T,C,-0.0263930461981008,3.11079807261389e-10,5.81125815615749e-09
01,20915701,A,C,-0.0146533502861385,7.9354573831793e-17,6.26571911192312e-09
04,100084899,TGGC,T,-0.0154346804242965,7.91549760104378e-25,9.10277231388589e-08
04,87985166,C,T,-0.0141968970800819,8.33854015608863e-19,7.14177586043451e-09
16,56995236,C,A,0.150113735968791,0,0
16,57010486,C,T,-0.171385234975004,3.56826953856719e-240,0
16,57007652,A,G,0.152866456756572,1.44869443688195e-105,4.03641879343457e-35
07,50271064,A,G,0.0148384325025215,4.54639234786896e-16,7.92080284034847e-09
01,55505647,G,T,0.0522508377193973,4.026039714915e-09,8.22113687887888e-09
02,219419690,A,G,-0.0622516658748172,4.94459034572245e-09,8.55248725269255e-09
05,53409920,TAAAC,T,-0.0290733555514634,9.00970620997717e-10,8.98519442168248e-09
19,41352257,GT,G,0.0247838581878276,3.29737966700407e-09,9.31228599414125e-09
19,41770231,A,T,0.0114190452878599,7.21484643637122e-11,3.08626605844823e-06
19,45392254,C,T,-0.0737407369630719,1.04610036840892e-165,1.53244697780035e-152
19,45382675,G,A,0.109384209361565,3.56504684252831e-94,3.85885860127351e-102
19,45389596,G,A,0.0978586179877183,3.02319755574242e-48,3.04150792537569e-52
01,110470764,G,A,-0.0213437281251033,2.10846265063149e-12,9.79657319561781e-09
01,110209637,C,T,0.0563597194226088,7.78332851964452e-06,4.00551425201803e-07
11,56513498,G,A,0.0317893559451047,3.80341525968625e-17,1.62069108176871e-14
12,111884608,C,T,-0.01375784474765,2.95013672821687e-22,9.93313857803736e-09
11,66064821,TC,T,0.0143054186875929,8.46924956155905e-23,1.01721521825231e-08
18,19642159,C,CA,-0.0179537095016983,5.65828481892713e-11,1.02052421718593e-08
18,20081470,C,A,-0.015443640125479,4.07823365502569e-13,2.11598973919841e-08
13,30976444,A,C,-0.0297965715173312,8.40703717644515e-10,1.03601452110141e-08
10,88511326,G,T,-0.0154115615732972,4.05093882719318e-14,1.17200783246133e-08
20,62355715,T,TAA,-0.0142490129207379,7.85090895017418e-21,1.21316302652108e-08
X,15066729,A,G,0.0315316358318514,8.0901316690409e-16,1.14143522062257e-15
X,15475611,C,T,0.0109815830947799,2.83137097440149e-15,1.24900320715873e-08
11,67403285,A,G,0.0147914148386415,4.35556421802258e-15,1.25452222241727e-08
10,53203365,C,T,0.0152037240014861,3.29436341539471e-14,1.28231047205954e-08
02,169828995,C,T,-0.0136833702581449,5.70427883849248e-22,1.41534466980294e-08
02,64881997,G,A,0.0137708674005956,3.66171989221134e-20,1.54539487239864e-08
04,100239319,C,T,0.140523184264643,-99,1.67093712624047e-18
01,110232983,G,A,-0.072333732067824,-99,7.52616896175163e-45
