chrom,pos,major,minor,beta,p_value,gwas_p_value
19,11186412,C,T,-0.216645515086476,0,0
19,11192226,T,C,0.244367229152019,0,2.13090687706787e-29
19,11231203,G,A,-0.336511878881411,6.74237645247945e-189,1.44100842777453e-160
19,45134682,A,C,-0.398566682536026,0,0
19,45156201,T,TA,-0.379811743346673,0,0
01,55505647,G,T,-0.435693352141398,0,0
01,55521109,A,G,-0.0502319271211097,7.17160014687839e-157,1.48951031059388e-80
01,109817590,G,T,-0.192273263073749,0,0
02,21216815,C,A,0.0550772235690798,2.18929780442872e-197,0
02,21288226,A,G,-0.151882097614861,0,0
02,21233972,T,C,-0.232317244814258,1.49432177925105e-295,4.7931143396497e-262
08,126500031,C,G,-0.0940343207784642,0,7.76545182249667e-279
11,116648917,C,G,0.110973702745439,9.59811809300796e-245,4.30025735256622e-188
05,74656539,T,C,0.0687806477896687,0,1.25172832279754e-151
06,160985526,G,A,0.128642613767187,2.45114782587288e-185,4.52728471977983e-142
06,161013013,T,C,0.192244531888438,1.14939747007146e-76,1.25559871561142e-64
06,160560880,CATG,C,0.0529555559131471,1.85300790709281e-81,2.68632939186649e-43
19,19379549,C,T,-0.121554200452949,5.11039319012756e-159,7.13039978933455e-137
02,27730940,C,T,0.0627254850202939,7.56175091938341e-286,9.55544744077089e-126
02,44069772,G,A,-0.10386118849028,4.10631231680182e-98,7.55737970370203e-116
02,44074431,T,C,0.0521264285167143,7.13688636843091e-154,1.72594452039717e-108
16,56993886,A,G,-0.0573676733272086,3.70699634197372e-189,4.17753301599893e-97
11,61588305,A,G,-0.0529182930047092,1.27575398924989e-175,1.35466104707151e-85
16,72101525,C,G,0.0409466201564629,2.66972466727386e-48,1.0214139201866e-79
16,72144174,T,C,-0.0439460065443244,1.69850207311314e-54,1.3113912088308e-35
20,39179822,G,C,0.124217839905933,7.30732980609446e-62,1.33516587868557e-73
20,39672618,T,A,0.035235575629824,2.34748600389893e-76,1.40955285803648e-47
20,39144286,T,A,-0.0255095161436536,7.22045996643613e-28,4.01943925044935e-31
09,136138765,GCGCCCACCACTA,G,0.0581373250504326,6.29715404737812e-97,3.34900021307032e-67
01,62906034,TTA,T,-0.0458769198666938,1.12835777665523e-135,8.75649070755162e-65
17,67081278,A,G,0.138443631947512,2.99370657430325e-61,8.55060903704401e-64
17,67082962,C,G,-0.0400686856321808,4.54833316125416e-38,8.07231896336021e-34
05,156390297,C,T,-0.0439540482106977,7.4839295087737e-129,5.57606941469285e-61
X,109933937,G,C,-0.0357894593174906,2.65105880977251e-114,5.88712334708058e-61
01,234850422,C,A,-0.0422150354928016,3.35613265999674e-169,3.38137240887292e-60
19,49206462,T,C,-0.0422122155807254,1.08510618565056e-172,2.70437649854272e-59
08,19824667,C,T,-0.0446714165103851,3.92966652943605e-97,3.90669713405119e-58
08,19813529,A,G,0.0808688110293688,1.18151357689016e-17,3.47484312406745e-20
19,45880690,C,T,-0.280432037869989,5.22948604400602e-160,7.8307220760739e-147
19,45813629,T,C,-0.0893197177660198,3.52054541962417e-55,1.35446706140411e-40
19,45820144,C,T,-0.109034971059451,1.49260214399749e-38,3.28302327552437e-30
11,126225876,C,G,0.0754570810031362,8.12215251217487e-60,4.98860039860212e-52
17,45664861,G,A,0.0387329044752335,6.82020044985183e-145,1.2745197250915e-50
19,10915324,A,T,-0.0809148452390163,1.81408220885055e-193,2.32548869822769e-123
19,10865095,A,AT,-0.170060389756595,1.29807027261088e-82,7.72675638031574e-74
19,11097709,C,T,-0.158445724782682,1.83023825219394e-38,1.31373146518705e-29
20,44551855,T,C,0.0474220669427225,2.62149925840674e-72,7.41731150813215e-49
20,39755154,G,A,0.0371423202486364,4.25297597972084e-82,1.51405798834125e-48
20,39267671,G,A,0.0962740886982703,1.41718040178609e-19,6.87523159825023e-17
20,39257872,G,A,0.0219366996557923,1.74457110928161e-22,4.29392509116591e-14
20,17844492,T,G,0.0390758626898689,1.37215926279543e-93,6.30876911636847e-47
01,27021913,G,C,0.11903298065468,2.93017706099016e-46,3.59427847787739e-44
07,21604916,C,G,0.0367780184223457,5.61302991069646e-45,4.00282426054553e-43
07,21499857,G,A,-0.0254561850836823,1.38172992180454e-33,1.40177994701514e-31
06,32535637,G,A,0.0505686984402012,2.02454510365142e-52,1.27308310814671e-40
17,7080316,C,T,-0.0432238856982226,1.78271853665023e-57,1.10565838009638e-38
17,7217099,T,G,-0.0459776932104127,6.73914634361907e-12,5.38504120667958e-10
13,32976656,GC,G,-0.0336954730353681,1.20319892664058e-106,9.92267723517054e-38
06,26072992,C,T,-0.0667455615095946,1.14739217384215e-49,2.39376325827388e-37
06,26104632,G,T,-0.0288586721140191,1.14421452296825e-20,2.16338673249568e-10
07,44581986,T,C,0.0423159356282735,5.73948500007877e-53,3.27112990657614e-37
08,59392324,A,G,0.0313759945821021,6.26370440453124e-59,7.41308657090736e-35
08,59256985,A,T,-0.0357625985461157,2.49985792175109e-10,3.79084419409192e-14
04,3452345,G,A,0.033868272460966,1.43312756736609e-67,2.95578781017507e-34
06,160543148,C,T,0.101304173612381,6.94245256895957e-86,8.54991034062277e-57
06,160575985,C,T,-0.0471703910011455,6.993740941498e-127,2.13069182072387e-47
06,160941641,G,A,0.13763228642926,1.73909257277973e-48,6.60021882621133e-53
10,94839642,G,A,-0.0313549603908974,2.90961996249265e-86,6.41005391047362e-34
01,25828322,CCT,C,-0.0312223299210562,6.55385476786803e-83,2.83812994664057e-33
12,121416650,A,C,0.03351959619693,3.05025920676461e-62,2.92136377279509e-33
15,58678512,C,T,0.0323391587983681,2.98573488843145e-46,7.92414488594398e-30
15,58731153,C,G,0.0334865903976459,4.97564744569012e-35,3.28377800963902e-26
11,5701074,C,A,0.056720204637328,1.79055438328486e-33,4.37032004542584e-29
11,5686266,G,A,0.0335749325691709,2.50580152801026e-12,8.30410380571257e-10
11,5688683,C,T,-0.0320716481861471,8.36309984524505e-10,2.73997026698526e-12
06,16126934,G,A,-0.0313059993037174,2.43867103961616e-52,7.90510027749324e-29
17,64210580,A,C,0.0815574033472738,1.07673513216265e-28,4.42949236000394e-27
02,121306440,G,A,-0.0280942624529873,5.5891663757835e-62,7.43845719586092e-27
08,9173209,G,A,0.0235495158590307,1.9592968556845e-50,1.34880678834401e-26
08,9184691,C,T,-0.0280138933662084,9.42327537332717e-13,1.43612152847533e-18
08,116658583,G,T,-0.0300970762257577,5.10152677410637e-45,9.09245855293248e-26
02,203556224,T,TA,-0.0227075205652672,1.58249557154536e-44,4.97726945950195e-25
05,52095024,C,T,-0.0669351507334885,4.79995221489696e-27,5.12326911786028e-25
13,114551993,T,C,0.028235045756231,3.13183396355579e-47,9.61267270503111e-25
14,70874146,C,CA,-0.0271181914704638,7.03168793359343e-69,1.29253167055204e-24
06,31106459,C,A,0.0508263439786897,8.31480739382213e-31,6.72836845383516e-24
06,31104922,TAAAA,T,0.0365411287850581,9.22711582125832e-14,1.92498545580293e-09
16,72078989,TG,T,0.0514480855290581,4.28254581567609e-74,1.30666772655862e-78
16,72062702,C,T,-0.0972091621958004,1.93130595497277e-23,1.59228744175562e-23
14,24871926,C,T,0.0255635559939719,2.41911604361836e-58,7.55512096994741e-23
01,230305312,A,G,0.0258654044690685,6.41210609069693e-49,1.31142095498519e-22
02,21239884,A,T,0.0777640123499458,0,0
02,21288321,G,A,-0.147325899216667,0,0
02,21295065,C,T,-0.0835286370488896,4.95873153081974e-121,1.69333049912672e-34
02,62988169,G,T,-0.0270613042150122,1.81960024522185e-41,1.90221441250284e-22
07,73020301,C,T,0.0561420092404624,2.00952758536413e-20,1.90984899448156e-22
07,73010442,C,T,-0.0270532256679813,1.18592327103328e-24,1.1511390712316e-20
02,118681153,C,G,-0.0415479749781799,2.63465021347807e-22,1.52287253063417e-21
02,118860561,G,A,0.0375752513399127,6.30481787570258e-16,2.23100521682193e-16
05,122858196,CA,C,-0.0247434343795687,3.41763088794405e-57,2.34961549144825e-21
08,18272881,A,G,0.0291294707247276,5.54402611485407e-32,5.26716742508726e-21
12,57645789,T,A,-0.0301734676000984,5.2413324983262e-31,6.65152366420286e-21
08,145030900,TC,T,0.0252056940590235,8.63694857668781e-43,8.6621802590101e-21
16,72256903,T,C,0.043839889715349,1.20091883103742e-39,4.86747529535472e-37
16,72252600,C,T,-0.0877699382561539,1.10808010398132e-23,1.4280848250747e-20
16,72252752,A,G,0.0226297458947819,3.46067410509326e-25,5.59175986894824e-09
05,55857548,A,AT,0.0303120747588097,5.22257873154692e-29,4.16934666492858e-20
19,58662235,C,T,-0.0333280475370654,3.58720284097913e-26,7.75330615417959e-20
06,42921306,CT,C,0.0230156739055916,1.85307803378005e-49,9.69149101834095e-19
04,69491456,T,C,0.0273052503563954,3.92539570504447e-32,1.05322427930999e-18
02,27928797,T,C,0.0510771890423558,1.27592563179004e-84,1.22159958293832e-42
02,27960776,C,T,0.0464151106261939,2.86551046637889e-41,5.5036374337175e-19
07,130437124,A,G,-0.0225142660900908,2.17971470888934e-51,2.12234954335768e-18
02,169828968,T,TAA,0.0231525054151324,6.46318084106922e-41,2.42815648627958e-18
04,87976359,A,T,0.0230387418107207,7.9147291109868e-41,2.51700323203621e-18
03,32541328,TC,T,-0.0395942211199416,1.59513064489593e-21,2.7529263746029e-18
02,165508389,C,T,-0.0228427463057912,2.8682782011119e-41,3.0133620341378e-18
03,122285218,CT,C,0.0242965402295771,3.20205410027619e-33,3.8394923054806e-18
03,12239931,G,T,-0.0216870341575854,2.03843937247029e-16,4.25869433175645e-18
03,12515602,T,C,-0.0173738517689411,3.22600932849427e-12,2.70872160494881e-14
07,25991826,T,C,0.0303605725463668,3.0398274841966e-24,5.26010501038857e-18
08,55422440,C,T,0.0272918302842937,1.27789181315618e-26,5.72742538233145e-18
06,43757082,T,A,0.0222781956881914,7.01368845778737e-51,5.94760167636106e-18
12,124440110,C,A,-0.0230860668500979,2.13241993253343e-25,6.73110088876342e-18
12,124851129,G,T,0.0161293608702659,1.22668772537032e-13,8.41771416436194e-10
06,32341843,CTTGT,C,0.036043318910802,4.05525222994719e-28,2.17835328443642e-30
06,31523676,TC,T,0.0230028418183589,1.86531169481709e-16,1.57439243222122e-18
17,46521144,G,A,-0.0234577478980125,9.92492130839639e-31,4.3084983740812e-17
06,29944458,C,T,-0.0215822317923258,1.72591348289606e-46,4.7800863148454e-17
17,26694861,G,A,0.0213333446621349,5.44176238792078e-44,1.44379748393691e-16
11,18657216,CAAAAA,C,-0.0237283710226263,8.91980737071599e-29,1.51811622588238e-16
02,203527979,C,T,-0.0221471236038923,1.44747364377146e-43,2.55378537685024e-24
20,5580789,C,T,0.0650861194752456,3.17503990029631e-17,2.27788196433935e-16
03,132217703,G,A,-0.0513211955320855,4.3258429903743e-21,2.51243822449434e-16
03,132197995,T,G,-0.0292692158555917,1.94055028001683e-18,7.33015617007659e-12
06,127456122,A,G,0.0209929261616733,1.74550690777559e-41,4.25063240855121e-16
12,125312425,G,C,0.0301560812446612,2.1852253849592e-18,4.63587755292694e-16
12,124856660,A,T,0.0163665353962668,2.9485011382343e-18,6.72378904226655e-10
21,40628725,G,T,-0.0210491491857503,3.08797073841904e-38,5.13695361489614e-16
05,74816944,C,G,0.0635718450883937,2.9435602223085e-283,1.22658426773505e-127
03,142648844,G,T,-0.0228711385314201,2.89972343676804e-28,6.4610703976389e-16
X,2868554,A,G,0.0178732246281104,3.24921033089622e-35,6.48553322300552e-16
03,58398215,C,T,-0.0375848354884966,3.20510312522927e-18,1.12739673778927e-15
16,83983775,T,C,-0.0207448876294358,1.56633701532726e-40,1.48056489817569e-15
06,34622561,AG,A,-0.0317611427146345,8.63234287797886e-19,3.80470838250848e-15
14,74250126,T,C,-0.0228919076928786,6.3038275348619e-26,4.48621325213143e-15
17,29618023,GAAAT,G,-0.022316431356886,3.82918998178132e-26,5.12696012220117e-15
06,161108144,C,A,0.0678956826227519,5.18188634046481e-41,3.18917612616949e-107
06,161111700,C,T,0.191139889235564,1.96744684948082e-74,5.71915727035892e-62
06,161089307,C,T,0.0453245728289625,6.05480171778577e-33,2.07418726857628e-93
12,4384844,T,G,-0.0749661512008154,4.79329129171181e-15,2.29481223213158e-14
11,116701535,C,T,0.042267035825205,4.04488297651177e-64,2.79739892388334e-53
11,116714293,A,G,0.152286102491213,1.03157251805451e-29,1.13263368325238e-24
11,116778293,C,T,0.0610340410876079,9.72794945926358e-14,3.21847064068637e-29
08,21927460,G,C,-0.0251856690927269,7.13532982434393e-20,3.40720593347801e-14
06,139843583,C,T,0.0194913910282734,3.07645996020386e-37,3.86088256224051e-14
20,34116282,T,C,-0.0273714266737888,1.37166220595134e-18,3.97758490376944e-14
19,45196964,G,A,-0.860089467258337,-99,0
19,45241248,C,CA,-1.00244234061176,-99,0
16,72079657,C,T,-0.0906283461448111,-99,1.9404952344108e-52
02,203412513,A,C,0.0599135409484614,-99,2.82906549465283e-20
