chrom,pos,major,minor,beta,p_value,gwas_p_value
15,58671721,A,G,0.120229420384092,0,0
15,58722590,G,GC,0.141079660940714,0,0
15,58574966,T,C,-0.0590804238913496,1.10850361504374e-95,1.66982579249033e-88
16,56985139,G,A,-0.0765885075448994,0,0
16,56985514,G,A,0.139684680525086,0,0
16,57007353,C,T,0.185467799625967,3.97432686885713e-250,1.35752557165979e-81
08,19824667,C,T,0.0861473757209743,0,1.90968389887263e-247
08,19813529,A,G,-0.209046977104151,1.19299325563391e-125,1.08556693977623e-138
18,47109955,A,G,0.330372779543259,6.65103426563049e-228,8.03727170149377e-229
18,47167214,C,T,-0.0946395433246191,5.30848534677187e-291,5.7590092052357e-209
09,107661742,A,C,-0.0819483828634396,6.70763375905562e-295,1.47538421047769e-213
09,107589744,C,T,0.0714823490175461,1.29259932437982e-123,1.95104238811506e-103
09,107647019,C,T,0.0733346357559668,1.39190328869128e-90,1.40536279710474e-77
19,45411941,T,C,-0.0949354354245934,1.75119892275216e-206,6.21326819886378e-206
19,45413233,G,T,0.10547682829334,8.36369185604355e-137,1.94565859453077e-168
19,45448465,T,G,0.0401920124369385,1.43518016398311e-91,2.44479372319995e-45
11,116710968,G,A,0.108969063002172,0,2.82512382571357e-198
11,116648917,C,G,-0.0862193318093463,3.1566099777199e-109,3.41407695007026e-11
01,230297778,T,A,-0.0557625084170487,6.23823002734567e-254,1.99984947234522e-113
20,43042364,C,T,-0.153199480378051,6.96325345054934e-118,9.89102108605657e-111
02,21231524,G,A,0.0650818909413949,1.38243155441046e-159,3.46559403617276e-106
17,41926126,C,T,-0.144623402271081,1.71342124719197e-106,6.11719747062415e-100
08,9183358,G,A,-0.0866253440604186,3.93769408952068e-116,7.11453329799165e-97
19,11350488,C,T,-0.112442818635876,1.88689523081742e-67,1.15892112749064e-65
19,11258592,AAAAAAAAAAAAAAAG,A,0.0247482026523376,2.18238466689794e-41,2.94630289041871e-21
09,15304782,A,C,-0.0566903796837882,3.20539070688234e-80,8.68298813602394e-61
16,67972194,A,AT,0.0587869669552869,9.29408039934782e-67,1.94576868255538e-58
16,67976320,A,T,-0.0714043985929655,1.25437609737258e-29,6.60956037832261e-33
01,63010871,C,T,-0.0396478894062825,4.68051380749749e-116,3.48053744071199e-56
01,109817590,G,T,0.0410378646721361,4.4851443541494e-63,4.69789153377002e-53
01,110232983,G,A,-0.0344073764704416,1.09809097883577e-56,7.52616896175163e-45
02,27730940,C,T,0.0366531596652417,1.76248368912812e-113,1.75517686391272e-50
10,113936855,T,C,0.0397076950955577,2.43124872467587e-69,5.39987380085799e-49
10,114026046,GTGTGTGTGTGTA,G,-0.0274903164929043,2.02789392638533e-30,2.94263205371142e-21
19,8429323,G,A,0.115744399598066,6.86049050453399e-40,5.48663265993827e-49
19,8458618,TG,T,0.0188123734356309,3.60303076740635e-29,4.17757710345912e-23
11,47316568,G,GT,0.0410762046650728,6.08121316811665e-92,1.56108237028575e-48
11,61551356,T,C,-0.0366988495749405,6.51132979230971e-99,3.58903435742122e-48
11,75455021,C,A,-0.0475707878238053,8.99374309488249e-64,5.94369614613335e-47
12,125265201,A,G,0.0360526388302897,1.82451113047739e-71,3.76240151434656e-46
12,125325010,C,G,-0.0445105011232266,6.9990003676255e-40,6.55499720583445e-44
12,125380232,A,G,0.0335005516855942,5.05823691248388e-23,6.39486623929709e-25
04,103188709,C,T,-0.0619862678087961,1.01859832590441e-48,4.64227685194618e-42
19,54808174,A,G,0.0346812734492677,8.87448095715002e-46,8.9287637703286e-41
19,54759361,T,C,-0.0210938175544561,1.33191747947589e-33,2.51171829147319e-25
08,116597117,A,G,-0.0322918311280823,3.25345588431222e-101,1.2527428937049e-40
08,144306379,A,G,0.0412095081766072,1.14186992820174e-58,1.85884453059066e-40
01,220970028,G,A,-0.0343590654164537,4.46064542097806e-71,2.33602974039485e-39
01,150868102,C,A,0.038096434655631,1.84094767940745e-60,2.76796494168664e-39
01,40018509,C,T,-0.0371340284095755,1.21697017145687e-60,1.1210563625311e-38
14,105258892,T,C,0.0320554540031881,2.72307850607531e-84,1.42745331248394e-38
12,123885484,G,A,0.0515517867923677,9.60500584229519e-41,1.25820121272091e-36
12,124380047,A,G,0.0311716403189641,5.50530727790418e-15,4.46536238564423e-13
12,124289284,G,T,0.0397293349842856,5.77158386723348e-11,5.18466795939288e-09
06,32419074,C,CT,-0.0287842331539302,9.25466383893843e-41,2.50978279341032e-33
06,32589982,C,T,-0.0166420675961369,6.10670699586415e-18,6.40655853177279e-15
10,45988597,G,A,0.0335524917853821,1.51289094836406e-52,6.76923591740404e-33
17,76406184,AAAAAC,A,0.0295705986945039,3.74074607769488e-90,6.91983279618423e-33
12,124409502,G,A,0.0237336722868057,8.73379690861187e-22,2.6139749860439e-32
12,124515218,A,G,0.0198239067836709,3.11404812773302e-21,7.88368638821031e-27
12,123919180,G,A,0.0388486858273841,1.96208966534881e-10,4.13690197639744e-13
02,227099180,T,C,0.0289654789725596,8.48564611081171e-63,6.64658868938087e-31
22,21922456,C,G,-0.0342109946832675,1.11351980346382e-41,6.56464619955586e-29
06,42915021,A,G,-0.0267601361846974,1.13852481807749e-75,1.05914469341365e-28
02,20371301,T,G,-0.0258330304703223,1.04115296022837e-71,7.18613121977332e-27
07,17920253,G,C,-0.0262708844944878,7.68477477718463e-60,8.78483625823378e-27
04,100270960,TTCTG,T,-0.0235768815388299,2.79441713863818e-51,9.74700973599955e-26
04,100239319,C,T,0.0632767313067314,2.07943763460941e-15,1.67093712624047e-18
07,6461310,C,T,0.0285538741196778,1.13346000939571e-42,1.35795438843212e-25
12,57839173,G,T,0.0291850792697486,6.27467184174696e-41,1.93505054668278e-25
07,130442603,CT,C,-0.0254580662277356,4.55660579481523e-67,2.07926570220621e-25
11,116965145,AC,A,0.0720587293701658,5.92936930182681e-124,2.38568574649487e-191
11,117003528,C,G,0.0443049451365183,1.26262798267954e-46,1.75358144796815e-79
11,117042408,C,T,0.155358114231292,1.31478699567921e-39,2.54298802726215e-71
16,56876845,T,G,-0.0855210492645376,6.05145915568642e-116,9.23153882435023e-109
16,56905432,C,T,-0.055642753199344,3.64792829864071e-90,3.1385070128151e-41
16,56911640,A,G,0.0378097678821456,1.73059094903947e-94,1.0982904279634e-70
12,110016947,A,T,-0.0244764485975381,1.1784710686745e-66,2.6816831866907e-24
16,66971780,C,T,-0.0556544050420655,2.00359488024376e-22,1.85053877163764e-23
16,67229019,A,G,0.0386046672265212,3.90280455709927e-17,3.35232457656787e-16
16,67368296,C,T,0.0504604441806746,1.37775278965477e-10,4.041378630495e-10
02,211540507,C,A,-0.0255204635101312,6.85572785479901e-43,4.01680893319322e-23
06,43757896,C,A,-0.0233395272498021,9.3155598072729e-61,3.11275333647372e-22
06,31019806,G,A,-0.027582068053902,2.9431140928039e-25,9.41974439713521e-27
06,31324506,C,T,0.0182561672149262,3.84573491662224e-21,8.86727176041169e-20
17,37830447,A,T,-0.0246289765653653,5.46537181438576e-40,1.55872571189966e-21
17,66879927,C,T,-0.0480204118067598,2.43859718024769e-24,1.97877744283089e-21
17,67249711,C,T,-0.0582833562743487,1.17533348075045e-15,1.38232714377918e-14
15,43726625,A,C,-0.0734677359866104,1.84123322098545e-22,2.09462209582652e-21
X,14893175,G,A,0.0385172146146695,8.51313618913822e-23,4.71985302357954e-21
03,135880410,A,T,0.0285438320812485,6.36626570812214e-30,9.06932241863119e-21
16,81534790,C,T,-0.0242447110734326,9.3743669685465e-37,1.69692755077647e-20
10,101912064,T,C,0.0222767268179289,1.76225772845936e-58,1.78353083283565e-20
01,27138393,C,T,-0.0406667128162892,8.17699902843504e-24,2.0327167739594e-20
20,46340974,A,G,-0.0315543176834919,3.68441559836647e-31,2.79772096461548e-20
20,46417544,T,C,0.0686183588166846,3.05283714812343e-25,2.82193024871946e-20
20,46176983,TA,T,0.0161793359080002,2.4147268686957e-17,7.85656583274863e-10
06,34595543,T,C,-0.0215245300943057,2.34532554553676e-33,3.3071598325962e-20
06,34184374,G,T,-0.0465629596260805,1.00646985135662e-16,8.35214457806135e-19
04,110569620,C,T,-0.077100062967926,1.12231248962936e-20,6.58693937168899e-20
09,136151579,TGGTGCAGGCGCAGGAAAAAATTGTGGCAATTCCTCA,T,0.0282507032637144,4.54696828438468e-28,1.15171989957557e-19
19,46384830,C,T,-0.03341567339714,1.93267150109272e-24,1.7807569368981e-19
21,46271452,T,C,0.021448270693835,8.58440836367967e-50,4.64556492043446e-19
01,93837780,A,AAAAC,0.0220851682287256,2.36581698073782e-39,5.28020908210518e-19
01,234853406,G,A,-0.0215600353450909,5.67430324284352e-45,5.61715826809179e-19
01,235107864,C,T,-0.0216914665583704,5.42985999798807e-10,6.55347715943292e-09
19,33896432,C,A,-0.0275402700506902,9.91799610548796e-51,6.81095165554306e-19
19,33786208,C,T,-0.0332209914815311,2.8068822600792e-26,4.54640695978429e-13
07,1029585,T,C,-0.0216494920343718,3.12457698257554e-40,2.60725019779926e-18
11,122509237,A,G,0.0215885859669671,1.48218999188926e-38,2.92472881921182e-18
20,17596155,C,A,-0.0280637588616672,3.59402113893785e-23,2.16531017717026e-17
04,69533221,A,T,0.0202255040937821,9.16401323478316e-34,3.97614911106615e-17
04,69343287,A,G,0.022620790782256,1.89555846044595e-19,2.6031268846687e-16
06,161005388,G,A,-0.0326858397492192,8.6709905905196e-21,4.55652754590751e-17
12,123432289,TGATGGCATCACAGCGGGCCCGC,T,0.0424448087948923,1.08628286225014e-22,1.67296071160096e-23
12,123209295,T,A,0.0230008887691054,3.81834967504329e-20,7.39771389835564e-17
12,123612161,T,C,0.0586847336186536,1.39783377103914e-12,1.24124864153089e-09
14,74250126,T,C,0.0227022641782769,4.31916252901486e-29,7.55240217278934e-17
17,26644308,C,T,0.019452374697493,9.10714029115007e-35,1.62464966983864e-15
03,48632756,A,C,-0.0794628322960625,5.04382203334734e-16,1.71693567810436e-15
04,109650804,A,T,-0.103524323595364,1.87048531729475e-15,4.06177675901818e-15
04,106071064,A,G,-0.0195330583472972,1.61749129265608e-30,4.7308831319204e-15
08,121870497,A,T,0.020263327052287,1.5352679994138e-27,4.79467776089306e-15
09,107571208,A,G,-0.0424796536904446,1.18143787867318e-30,2.63612979593792e-39
09,107568705,C,T,0.0527720900783594,2.20499164434512e-38,1.37806310602727e-31
09,107551538,C,T,0.019089920528391,2.01557251575855e-23,9.17578280097045e-13
19,52341757,T,A,-0.0195909492293226,1.03646978045051e-28,8.18297607208863e-15
05,180477253,AC,A,-0.0827741438709415,6.51437612126703e-15,1.44796563303887e-14
12,121419926,T,C,0.0199386269597346,2.6486178131732e-26,1.57835673396353e-14
08,11623236,A,G,0.0202496638188485,2.00529602125872e-25,1.78763753569295e-14
11,2941324,GGT,G,-0.0317881274085481,2.36870143864179e-17,1.92105802939161e-14
06,35386872,C,T,-0.0297228241742165,1.7886899909276e-17,2.12244691680783e-14
02,165504841,G,A,0.0283315464327061,6.28453686148688e-18,2.18841314575113e-14
19,50042867,T,TG,0.021281077174199,7.11702477998152e-23,2.73407590911473e-14
10,5246210,AAAAC,A,-0.0266761908676608,9.14941044061858e-19,3.02801370112049e-14
02,136616754,T,C,0.0218263641507474,6.31995107872189e-23,3.17327220188571e-14
11,10383037,CA,C,-0.0199274309717851,1.23875339939125e-24,4.09371106638912e-14
11,68681769,A,AG,-0.0198964982308614,7.54901697886561e-25,5.39213417111457e-14
X,122845051,G,T,-0.01690246626263,9.7804496652603e-21,6.45960295187835e-14
03,108868961,TA,T,0.0183939104794807,4.95232310692511e-35,6.96411583783734e-14
03,156798732,A,G,0.0183477783503164,4.81027835787231e-30,8.05787701122362e-14
12,20470199,A,G,0.0225267855050327,8.82050546688003e-20,1.05450989682666e-13
10,94814710,T,TAAAG,0.0182498516013082,8.19096685682229e-29,1.1676806172071e-13
14,81639159,T,A,0.017804499666042,2.26856645439267e-34,1.50285076074925e-13
15,63349096,A,G,-0.0179324784358598,1.38657547597152e-31,1.51823394663883e-13
02,3639921,G,C,0.0233247270279494,3.25970750942099e-19,1.52960565645938e-13
05,134443606,G,A,-0.0179520912142993,5.38609167475645e-30,1.68536943836749e-13
09,117146043,C,G,0.0175081856753041,2.50331633918333e-35,4.15284626077371e-13
01,66073952,C,T,0.0182871971989634,2.09881396569395e-25,4.96199510462437e-13
05,55804552,C,A,0.0225489497974462,1.28963824812012e-19,5.29624286960598e-13
05,55861894,G,A,-0.0222671053430104,8.35331926410519e-17,1.48245839129663e-11
06,34192036,C,A,-0.0562877187644998,3.21302899023624e-24,5.22908289513611e-19
06,34567694,T,C,-0.0227859332254686,1.18248322198273e-33,4.5045140172158e-15
18,57808978,C,A,-0.0204026833480002,1.28839918496867e-19,8.44021618839939e-13
22,38599857,C,G,0.0173634069156676,6.04736536823019e-29,9.74514565595514e-13
03,119529113,T,G,0.0348636150333096,2.48798787875911e-14,1.01572286298785e-12
05,153358226,G,A,0.0193004710982312,5.67361493659114e-21,1.07332733931963e-12
17,28632119,CT,C,-0.0179947504849702,8.01262189307781e-29,1.2758506602963e-12
02,27854524,G,A,0.0326065062054431,6.49224863670709e-44,2.89182812364312e-31
02,28161678,CCTT,C,0.0172362682141596,4.40533306635001e-15,6.35828446105044e-10
07,150210213,GGCT,G,-0.0200651202121536,2.93931085327308e-19,2.1656564713012e-12
22,44324730,C,T,-0.0202704810738426,3.86589022485065e-18,3.12296166738796e-12
04,3452345,G,A,0.0179703969304995,4.66461674301649e-23,3.41225197866261e-12
05,127350549,C,T,0.0193940956126764,2.72648210848017e-19,3.67743211690362e-12
03,185822353,T,G,-0.0242385165057916,1.37864413650625e-15,3.78359584297478e-12
11,110012143,T,G,0.0191746385979727,9.00542803640384e-19,6.48028872690649e-12
08,9860588,C,T,-0.0169602739874816,5.96179978393387e-24,9.00298482213598e-12
15,41864194,T,TA,0.0179631734609234,7.78862933893241e-22,9.03915929120849e-12
10,115786611,G,T,0.0241429960314572,1.37057749436324e-14,1.36989990672185e-11
01,178630827,T,TAA,0.0170063424751068,1.13963468966785e-23,1.52590694519249e-11
01,151009984,C,G,0.0397976155648474,4.92395660193439e-23,9.47006491437566e-20
01,161614490,G,T,-0.0167573531400226,1.87317556586648e-28,1.88064370271562e-11
17,41571268,G,C,-0.0800189239142021,4.45302227786126e-15,1.08948227648855e-14
20,33722891,A,AT,0.0162795769675155,3.01790080564048e-27,1.95301416003178e-11
07,106801395,C,G,0.0199845529497795,1.38694240165528e-16,1.96644168533214e-11
X,153585018,TA,T,0.0210066480199242,3.69624533496479e-13,1.96754016060641e-11
20,44585420,A,G,0.020582465656833,5.92635550439099e-16,2.17857889316803e-11
06,116316896,A,G,0.0162687548357155,2.88974851288819e-24,3.25464608739356e-11
01,23747996,G,GA,-0.0180386201316541,1.0164393092411e-18,3.56899077587469e-11
03,160153989,C,T,-0.0157922252437094,1.0512178457751e-28,5.50016601139608e-11
17,67081278,A,G,-0.06160516538863,3.14077525587287e-15,1.31014094572267e-14
21,46899279,A,G,-0.0181539522014467,2.40988929872127e-17,9.80420342379959e-11
06,139844268,C,T,-0.0164813255939428,4.97783990505651e-20,9.95625089021212e-11
17,7571752,T,G,-0.0715841259423997,6.36309088215138e-11,1.10922653969849e-10
01,154555733,A,T,0.0169770927758951,1.97435050048821e-18,1.17095172563965e-10
10,33636099,A,AT,-0.017748426145933,9.82563773803983e-17,1.53564394352291e-10
04,26062913,G,GT,-0.0208566132793026,2.8859350174736e-14,1.55253622419214e-10
14,69273090,A,G,0.0179458464415619,2.54634459461353e-16,1.65672591037573e-10
12,109103673,G,T,0.0152418507135365,1.43563077807788e-27,2.1234976240802e-10
11,118957388,A,T,-0.0161042784302749,2.12542042367856e-25,2.24972279778044e-10
11,64004598,G,GACA,-0.0346544800285078,2.95033732033487e-11,3.16603441345864e-10
06,41992153,A,T,-0.0176121521816095,6.67337265438499e-16,3.40672689872212e-10
12,71106648,C,T,-0.0151714776606893,1.06941440821496e-27,3.55708809783937e-10
03,12376427,A,G,-0.0471605578675983,1.62936351861813e-10,4.97937811163684e-10
18,2960969,T,TTATTAA,0.0152974229906612,5.1240921158751e-21,5.41502138583215e-10
11,118420241,CTT,C,0.021717754038509,3.17983420354833e-13,5.85636583163296e-10
02,242237902,C,T,0.0154117265178585,2.38791874080757e-19,7.12053257037777e-10
08,126645018,C,T,-0.0200634682962022,5.07925801883974e-11,7.50747463982395e-10
08,126480367,T,C,-0.0149701618035608,4.15355713202542e-15,1.62165028957215e-09
13,49519535,A,ATATT,0.0151270602513885,5.26937199282759e-21,8.06080055345218e-10
19,47557472,G,A,0.0172620960945449,2.27374042539304e-15,8.83357179850809e-10
14,100794159,C,G,-0.0147739787315194,3.26362601378114e-26,9.70822405032848e-10
12,9098995,G,GAAC,-0.0242259118845939,1.16361571682776e-11,1.00194529668651e-09
14,75261641,A,G,0.0146896698593785,1.72752843435991e-23,1.10441969917402e-09
11,46447246,C,T,0.0356375346372381,2.19644358896264e-19,4.61325669878412e-15
11,46385672,G,A,0.0516827381547337,4.38637823924584e-15,1.11812268744762e-12
12,117175856,G,A,0.0236413187490124,1.27784593797724e-11,1.42624114512268e-09
10,122872635,G,T,-0.0227016189660656,1.06094166005206e-11,1.46610015998552e-09
05,157999141,A,AAT,-0.0178539851814169,4.04504570707941e-14,1.49903665339297e-09
22,30921249,G,T,-0.0170117349380283,1.89248054732508e-14,1.684101446293e-09
03,52849262,CT,C,0.0214172941722903,1.4394072573145e-12,1.6925912854437e-09
11,45183379,C,T,-0.0222717580593722,1.24371630708677e-11,2.12662068965732e-09
