chrom,pos,major,minor,beta,p_value,gwas_p_value
18,57850927,GTCT,G,0.0408190057741375,5.17087884012539e-167,2.40365510414856e-104
20,34025756,A,G,0.0327545006708324,2.92794814127065e-208,3.74933722800312e-90
16,53809123,C,T,0.0305907330838892,5.53134633312408e-182,1.12343910591376e-78
03,141105570,A,G,0.0267763532445857,3.76195178496545e-160,3.1879155050871e-62
06,34620153,T,A,0.0316249966622922,3.97350299429974e-48,4.3716469322543e-53
12,4384844,T,G,0.0930225863812002,8.69127849587726e-55,5.05910318449591e-52
06,130374461,A,T,0.0273765014290044,1.35049294185607e-87,9.11703650782032e-52
13,51099616,C,T,-0.0274787936128549,1.13773689461621e-70,5.60531898761488e-50
13,50655989,G,T,0.0698953029611823,6.01276951869531e-33,7.57583445403591e-36
06,126704795,C,T,0.0238065894331348,2.42797573724306e-123,2.70226443825064e-49
07,92250140,T,G,0.0262127212278859,2.05798370984165e-82,4.35728168907346e-48
12,66351826,C,T,0.0225629336438957,3.50246863108965e-129,9.21152274135073e-45
02,417167,T,C,-0.0520835346018624,7.24453860796153e-48,2.46570990587626e-42
02,632536,G,A,-0.0283118875279926,6.70728354230937e-56,2.29773860598415e-38
18,20735461,G,T,-0.0264552951899305,1.40251106820786e-63,7.4844235513781e-42
02,27730940,C,T,-0.0217769553644921,1.08936317258032e-90,3.6081631734084e-40
08,57122215,T,C,-0.0299982807708021,3.05265494067158e-44,2.07778400117311e-39
08,57198009,A,T,0.0169515626116582,3.02023636939759e-27,6.33360024795087e-22
17,29206421,G,T,-0.0257823912389096,2.79127209776059e-64,2.49373610729127e-39
01,78444764,C,CGGCCG,0.0317015286324788,1.5327230815926e-49,5.27740079426487e-38
01,177889480,A,G,0.0254248440199354,3.21276042605899e-57,5.76801578858152e-38
14,61072875,C,T,0.0208662641359048,1.1183146503945e-81,4.44993261044434e-37
12,93989683,A,AT,0.0260405331063701,5.75913644984048e-52,7.31217564066149e-37
12,94136009,C,G,0.0137596244818139,1.90741454844773e-39,3.53643701809165e-13
X,78655777,G,C,-0.017360466658513,3.19192491740332e-64,1.54987356369017e-36
13,51064533,CCT,C,-0.0235744744168194,1.45568851800466e-61,1.12317440832456e-41
13,50565104,ACT,A,0.0686905136261135,6.32179681971805e-33,4.82422647264007e-36
04,17937983,G,GAA,-0.0232213523584162,2.17507258441473e-33,8.37683042158159e-36
04,17875735,TCTC,T,0.0150946511731699,1.46314363780527e-26,1.59344086272659e-27
06,31840021,A,T,0.0161711117589367,2.26699871362781e-26,2.6211889963283e-35
06,32199144,C,A,0.0155908837237766,7.71552778216981e-15,1.28411846291229e-30
09,119124535,T,TAA,-0.0245848211185689,7.06268306033155e-52,7.15864215174614e-35
17,62017421,G,A,-0.0250645507041719,3.41703950328942e-102,2.87419212234613e-32
17,61996273,T,C,-0.0331983597007105,5.12141043861945e-44,5.45575988476289e-18
16,29994922,C,T,0.0187132205736266,1.00903475284573e-87,3.80666681252566e-31
04,145566477,C,T,-0.0193168693768931,4.45421539331494e-25,4.77571846152849e-31
06,19839415,C,T,0.0417739817347106,3.24587418142729e-34,5.22976949914912e-31
05,75003678,T,C,-0.0189383112186786,8.14312484079167e-69,6.09924251507775e-31
06,109003321,C,T,-0.0204933118570595,3.7013146514533e-54,1.69837834718448e-30
07,150668070,T,C,-0.017827014083833,1.5179527983629e-47,2.44883901883257e-30
07,150554553,C,T,-0.017943664988576,6.59732050859534e-10,5.44753179190481e-14
01,154989823,T,TGGGGGCAGTAGAGGGGGCAGTAGA,0.0190297806397696,1.1459956600458e-35,3.1634440516729e-30
01,155186742,G,A,-0.0109968580103215,6.21447545015323e-21,6.48080476306567e-17
16,2160503,T,G,-0.024384673086103,1.71681166238892e-36,4.45724682933629e-30
16,2266173,T,C,0.0169054551402215,4.92235031684754e-33,1.02668349572932e-21
06,26180634,G,C,-0.0205477756394325,2.1835012004789e-48,3.38789372842276e-29
01,41544279,T,G,0.0186444997620705,3.92920039307428e-55,4.54169180455088e-28
08,135656665,G,A,-0.0146425159314598,1.79322045119245e-17,9.80390508586743e-28
08,135843916,C,G,-0.0121122997930095,1.20982612142769e-16,7.6104797615688e-10
08,135649848,G,A,-0.0129264616427417,4.49901858962982e-12,1.32706308306908e-22
20,33430974,C,CA,0.0167436735864733,2.20244999003324e-58,8.05280426132266e-34
20,32505658,G,C,-0.019666398385703,1.546814730438e-15,8.23729060837206e-23
05,122699198,C,CTA,-0.0172639726945412,1.52582144802396e-70,4.85641010771533e-27
06,41909521,C,CCG,0.0340992798508324,1.02214344212455e-28,3.45064753372148e-26
06,41903798,C,A,-0.0630283441636287,1.40428104798717e-19,1.76645929060628e-20
06,7702659,G,C,0.0170430083705645,3.25102760194638e-63,2.00407635393998e-25
06,7231843,G,A,-0.0169461925497801,8.83511592085701e-12,3.09542296209936e-10
11,67024534,C,T,-0.0301468027111059,9.48075172820107e-30,2.00733207829304e-25
02,218279432,AC,A,-0.0176996691510337,1.07733414734091e-36,2.18498943632011e-25
02,218146818,T,G,-0.014714733775185,3.09007098643763e-20,1.78253128813593e-16
06,152168974,T,G,0.016647327496304,9.89403191359013e-65,7.65804513858572e-25
20,32274380,G,A,-0.016936989323535,4.56544208819153e-27,1.73415371405128e-24
20,32595626,C,CAA,0.0126642900960808,4.36636213139454e-31,2.01619180740906e-18
17,7571752,T,G,0.0770196833693657,2.73680943696519e-26,4.55954821037724e-24
17,7366619,T,C,0.0198367128766725,6.45818189916954e-22,2.02030627813679e-15
11,27694241,G,C,-0.0167214264419845,3.27797172734867e-22,9.30351060715571e-24
11,27722278,G,T,0.012722846870958,2.0911549510501e-19,3.09684195347454e-20
07,2859847,G,A,-0.0174867066157118,7.00516271962658e-43,9.47427668895128e-24
06,142716286,G,T,-0.0173929075150528,3.87198195815024e-28,2.45657948413124e-23
06,143187255,CA,C,-0.00982960426135327,1.5336735189691e-18,1.91650773609281e-10
08,78105153,C,A,0.017264519389,6.77655506556778e-38,2.57072735648026e-23
08,77761919,C,T,-0.0211342601081704,1.42567743769962e-09,6.84226570736932e-10
05,42687629,T,C,0.0231578184158319,4.64533192311118e-22,2.99498618779486e-23
05,42290110,TA,T,-0.0104494013926651,2.15815309337369e-17,3.09681192799826e-14
02,172414553,A,G,-0.0183050338480576,1.07391911911829e-37,3.87335248461478e-23
12,111884608,C,T,-0.0157888018328535,1.04333763604863e-62,4.8371559289381e-23
22,42070374,A,C,-0.0269401600032312,7.96835248809559e-28,5.14756168911419e-23
03,185548663,G,A,0.0223951870545098,6.92138122347194e-25,3.97152949146785e-22
03,185828465,T,C,-0.0128886299031027,1.79067692453589e-13,6.94572563063276e-12
20,50951298,A,G,-0.01950654081185,3.38878345396615e-31,9.98248958810085e-22
12,50263148,G,A,0.0156791565465562,2.09460140804006e-46,1.71583766966939e-21
04,106215108,TC,T,-0.0155467167260393,8.08379825396076e-49,2.50658225635858e-21
10,102686838,GT,G,0.0154693230678868,8.89563945422516e-41,3.92589359867498e-21
10,102317555,C,CA,-0.0118307117263595,5.96395312780395e-11,6.5221889522115e-09
19,47569003,A,G,-0.0158585087908845,1.48126196462981e-38,1.79758840677181e-20
02,211540507,C,A,0.0158844563586279,1.19101439195399e-37,2.20870056329433e-20
05,168256240,G,A,-0.0182143901501276,3.8174036656263e-30,2.43753077370772e-20
04,145762728,G,A,-0.0184774743910737,4.89696230702656e-18,1.22941488210216e-26
12,124820705,G,A,0.0200198908998216,1.41363673167678e-27,2.86341914127754e-20
16,4015729,T,C,-0.0151120662641803,2.8071713366163e-43,4.46331620382425e-20
01,176787749,C,CT,-0.0147122240068656,2.60386382173809e-50,6.89180607874479e-20
07,73037956,A,G,0.0214560177445092,9.15617785487326e-26,8.790015404114e-20
12,46752872,C,CA,-0.0148973541515423,8.1080414692633e-47,1.44756938530858e-19
15,99186488,G,C,-0.0171750041423343,2.71992906608213e-15,2.16085869275075e-19
15,99214192,TTGGAA,T,-0.024765295726377,3.8492137744731e-20,4.50948118767299e-10
15,99226148,G,C,-0.0144288551354345,7.11088667388598e-25,9.2195250597184e-16
06,29355148,A,C,-0.0158770272453465,7.33206916003356e-35,3.52103350594502e-19
17,79093822,A,G,-0.0151660968024141,2.33083742892582e-33,3.99176399612091e-19
17,78757626,A,G,-0.011018843877269,1.48180502835056e-14,9.29025130070428e-10
15,89394600,T,C,-0.0403419742777647,3.30207797573529e-18,4.1691738706542e-19
15,89367562,C,A,0.0103894937879749,3.06263445026479e-25,1.13109327942854e-10
03,50022069,G,A,0.015514330271507,2.07445765405653e-51,4.60017572727757e-19
06,109781301,T,TCA,-0.0145128508847917,1.94376501376752e-43,5.40334007851088e-19
11,68388220,G,A,-0.0190594536066158,4.60317059804099e-26,5.82288626498899e-19
17,59494574,T,C,0.0149270301974471,1.29215836585303e-35,1.22000696563482e-18
06,50787576,CGAGGTGGGA,C,0.0220003513738688,2.47772547834151e-25,1.32081038740356e-18
05,170864021,G,T,-0.0174806336409799,6.85865515542239e-22,2.1452504698765e-18
05,171281875,G,C,-0.0116331924018832,1.68250086734089e-23,1.72992218855941e-12
09,98256235,T,G,-0.0196331679410298,3.11153544261943e-14,3.26071127206288e-18
09,98217348,A,G,0.0210951247108611,1.00825886040448e-18,7.11881317589621e-18
09,98318926,C,T,0.0128053670071857,7.84416855320724e-13,2.291633706952e-11
14,25931404,G,GTC,-0.0149312515513855,5.79447613756045e-34,3.70298581955173e-18
11,2165576,G,A,-0.0182050743520889,6.19521567326711e-26,3.94110811510364e-18
05,176509193,T,C,-0.0160833435316611,9.21732722473424e-36,4.58990525707002e-18
07,23513093,C,T,-0.0159585679509836,1.29305887340745e-28,7.52179985882463e-18
06,160767905,T,G,0.0137697924521502,4.06814201237137e-47,8.09423961820443e-18
02,23912401,T,C,-0.0157512738880427,7.48872275463883e-29,8.96574356003927e-18
05,87695669,G,GT,-0.0169181270627657,1.61780883920788e-26,1.02722024772889e-17
01,214638396,C,G,-0.0142707400711664,3.2737653301863e-40,1.25553706953962e-17
12,116196316,CAA,C,-0.0172295192209231,7.84531769890303e-26,2.17240038734184e-17
06,34589632,C,T,0.0314468561125852,1.11080594852568e-47,1.14537862396036e-52
06,140623538,C,T,-0.0157362095163996,2.40430900731674e-27,2.96927486615208e-17
03,171969077,G,C,-0.0133119379290895,4.79708470920029e-29,3.15640527907262e-17
03,172121443,A,G,0.0131117963878659,2.66403804051733e-23,4.40883292770981e-16
01,33774752,C,A,-0.0145848218431569,8.47465670289918e-32,3.78925126118376e-17
02,56106928,C,T,-0.0158607045694563,2.03459199989847e-25,1.54227658425408e-16
12,11880608,TAC,T,0.0137645049371048,9.39470962882641e-33,2.43902565975247e-16
05,67596088,G,A,-0.0131193557936475,2.26573438125671e-41,2.66689387049608e-16
15,67007813,A,G,0.0146908309911681,1.67112157194813e-27,4.3853542340658e-16
X,129251524,A,C,0.010924236108596,8.35600268771725e-30,5.48939658586929e-16
01,11281051,G,GT,0.0144438147416931,1.24062019213122e-27,6.80080430025306e-16
05,130378027,C,T,-0.0154853984658734,3.29795597177903e-24,1.06644123172208e-15
X,45634295,G,A,-0.0117929789230628,6.79989499255708e-24,1.13387624120331e-15
01,172113327,TA,T,0.0137947049661394,1.72072159511489e-30,1.6351382253288e-15
19,2186757,C,T,-0.0128995494617808,1.87980652733427e-36,1.64075211868827e-15
10,96026184,CA,C,0.0128627874028915,9.9766855931748e-37,1.67118627389901e-15
01,218609702,A,G,0.0140614188358581,1.52671945408819e-26,2.18954835297712e-15
05,139051015,G,A,0.0131287657910076,1.55628448411321e-31,2.8071012989762e-15
12,991306,G,A,0.0154403774805136,1.26813120992483e-22,2.96981245909057e-15
17,43223316,C,CAT,-0.0135846683655279,3.94826717009028e-28,3.08985055945657e-15
12,122940191,A,G,-0.0133526041001584,4.27315055956893e-16,3.13132055695238e-15
12,122463902,G,A,0.0144130694489264,8.02411170506961e-10,4.7302752735253e-09
05,95728898,C,G,0.0141582029283159,4.73331809816526e-25,3.86867235181702e-15
19,10748073,G,C,0.0133513008606121,3.82625125437473e-29,4.01266763228779e-15
05,172779211,T,C,0.0127047052997056,4.08670869172189e-18,6.41649866069072e-15
05,172753555,T,G,0.0158979236163711,4.03001787004752e-10,9.23413105631227e-12
19,30286450,G,GA,0.01349163665214,8.87718585895663e-24,6.47828387162581e-15
19,30709841,C,A,-0.0118387524502277,1.81048502757761e-11,2.93579692821059e-09
16,4948936,T,C,0.0139695688898978,2.81711317717242e-25,6.76831643437712e-15
X,137050402,C,CT,-0.0152861717358573,1.08696609822722e-18,7.27088351777953e-15
11,43878459,G,A,0.0138020264820882,4.50835435662165e-26,7.98143533458638e-15
02,183247431,G,GA,0.0125525950231276,1.26877086416947e-34,1.07569321487177e-14
08,116631278,T,C,-0.0151523724211078,1.3863005521523e-21,1.36191522087787e-14
04,45182527,A,G,0.0124077503734068,1.38046605664383e-34,1.7570924450087e-14
20,21223663,T,C,0.0131696240000234,2.69717089393902e-27,1.91433964219316e-14
20,34769811,A,G,0.0152473303438181,1.06897992078583e-20,2.87957554565375e-22
20,35604110,A,AT,-0.0151362452957696,7.73785681306057e-19,7.40644109054342e-14
20,34767240,C,G,0.0218763116174458,3.21361268354297e-11,6.69009933206007e-15
03,183976103,C,T,-0.0160860274389819,6.98087619278041e-20,2.10654230673921e-14
11,30443688,T,C,0.013245998137602,1.60531086620941e-25,2.67250202796001e-14
01,201850057,T,C,0.0129617564878615,7.77382748436415e-28,3.01923187465806e-14
12,56364321,A,G,-0.0128009988134397,3.40285554567674e-27,3.33617354504994e-14
03,128992047,A,G,-0.0146371742692092,1.67911398460095e-21,3.34391040209306e-14
07,76568137,TAA,T,0.0161982558599296,3.65470280304187e-20,3.41164383782704e-14
05,137603293,G,A,0.0147610980922635,5.31837490490001e-21,3.84663384846442e-14
08,130721749,TAGAC,T,-0.0151785391316923,9.90565968215948e-21,4.19192312147895e-14
09,90873653,A,G,0.0122834614296098,2.54748337559685e-32,4.79646890933665e-14
02,198950240,G,A,0.0120619395163332,7.65651420731682e-37,4.98502925814714e-14
03,85668052,G,A,0.0126775390468477,7.49455304737581e-28,5.1562176392857e-14
01,205685352,T,C,0.0122546476257546,4.38657838539217e-30,6.25352264306755e-14
01,155174106,C,T,-0.0122499361988904,1.16539389674559e-32,3.95575159242175e-17
01,155661719,C,T,0.0354567051257995,2.16698512747198e-11,6.47547746043745e-14
15,62274940,G,C,-0.0120188697193598,1.66342230068064e-34,6.75302382220862e-14
X,77576633,C,CGT,0.00841069672087257,1.75011770517725e-12,7.6253346026029e-14
X,77920146,G,A,-0.0195845108447859,3.48240182686384e-14,1.41939384468158e-13
X,78024291,G,C,-0.0120412238228541,5.2356947802746e-14,1.1460102498927e-10
06,19078274,A,G,0.0149451783648121,6.2756339504142e-20,8.35935303829339e-14
06,26207175,C,A,-0.0197686701067642,6.31497065879303e-46,1.58500249715701e-27
01,50970475,A,G,0.0214873412397019,1.74728298062767e-16,1.12210300002447e-13
01,50572096,C,A,0.0115513964365,4.87142324419919e-14,9.24731290366946e-09
19,8670147,C,T,-0.0329784854519017,1.06928402487737e-14,1.1702992038842e-13
X,78792528,G,A,-0.0157557616515888,1.3716228878082e-57,2.43780679259806e-31
04,88557753,G,A,0.011931534425936,4.07529254737074e-36,1.26796407318169e-13
08,120456193,A,T,-0.0134904929534845,1.29689437129237e-21,1.28484724140462e-13
08,120596023,G,A,-0.0208699057550227,7.09722489678064e-10,2.33011608776621e-09
17,63561592,G,T,-0.0164256679920188,3.70764719514692e-18,1.29298576125538e-13
06,126097374,G,GC,-0.011938318323058,1.10799938397442e-35,1.29470870344429e-13
13,30177474,TC,T,0.0134319054127211,1.12297683388085e-22,1.31065396401364e-13
07,50661670,CCTTT,C,0.0151211460355563,5.15094836297165e-20,1.46189850294162e-13
07,28174957,G,A,0.0130963875592105,2.24853148931926e-23,1.51606261762629e-13
17,47063204,A,C,0.0209250207312457,5.71476407135526e-16,1.68540442550592e-13
12,123759417,GAA,G,0.0166162369874848,3.61771085019548e-19,1.77359662606557e-13
08,126498265,C,A,-0.013993708400955,2.70173871269566e-21,2.15694071213432e-13
06,80959985,TC,T,-0.0130185150169162,4.95917394537587e-30,2.16652947240039e-13
06,81446732,G,T,-0.0112968356642641,2.75967688836679e-18,2.04880614936936e-09
02,71533300,C,T,0.0118801408116964,3.25225912253447e-31,2.43432134186976e-13
04,82184234,A,G,0.0126501238706325,4.28909883679275e-24,2.77825665938198e-13
05,36803614,T,TA,-0.0118023428667515,2.67530694310582e-32,2.96746933530522e-13
08,145001031,T,C,-0.0117430527441505,1.14572813569762e-30,3.41576401814899e-13
22,40611012,G,A,-0.0125149956092398,1.41652801328734e-24,3.58397160165191e-13
10,77209145,C,T,0.0116841939521464,7.07302255660363e-32,4.69820929571715e-13
X,99882543,C,G,0.00993805683058804,4.05780332732128e-22,5.24427516497923e-13
07,127015083,G,A,0.0420606154115565,1.65974523952462e-13,5.33252381888365e-13
12,120907309,T,A,-0.029301518435993,6.65369008111269e-14,6.09270496421745e-13
04,123832776,G,A,0.0145797513959022,2.85148135246125e-18,6.90048942676816e-13
03,9975386,C,G,-0.0148202203092695,2.6886547695237e-19,7.04433101070856e-13
11,2813322,C,T,-0.042959099197787,3.11077858480359e-13,7.56904188142796e-13
11,3128272,T,TGCCA,0.0171189127256703,7.07635965130342e-11,2.07256913214395e-09
04,122736053,T,C,-0.011733942512805,6.88107719331982e-28,7.65551950542489e-13
19,46181392,G,C,-0.0145194616547681,2.34031788444631e-18,7.76574762251469e-13
12,103064247,A,G,-0.0115502190911566,3.40654399547839e-34,8.19054606603498e-13
06,35767429,A,G,0.0363160839035202,7.74769454326188e-14,2.37889079021224e-13
06,35534117,T,C,0.0313592342348446,4.12330669154057e-10,6.91094102185123e-10
06,35633456,A,G,-0.0226047527000706,2.29991828870756e-10,9.87142709594177e-11
12,3352245,G,A,0.0204011660796438,3.94725085522264e-15,9.64891490168977e-13
10,120434096,T,G,0.0114333561337884,2.95624883209021e-32,9.68081118106286e-13
03,85526120,ATCTCC,A,0.0122375886210482,3.57863502219182e-26,2.76543853517444e-13
X,53628625,AT,A,-0.00988950137468416,5.08249868771461e-28,1.05658665987383e-12
09,99106848,TA,T,0.0142746772219435,2.91114517037425e-18,1.20267886183467e-12
04,1012300,T,C,-0.0266592822410152,8.74770498036636e-14,1.25311238622775e-12
06,40369081,C,T,0.0120699343712488,4.16220946634615e-24,1.28285259274291e-12
01,72754314,C,T,-0.0143321736278584,6.29674112891903e-18,1.3602228251562e-12
14,24804088,A,T,0.01291100698394,2.434839982816e-20,1.46497776420789e-12
14,23779877,C,A,0.0155890678731763,1.01404990853715e-14,1.50578924404919e-12
14,23299135,T,G,0.00970688348475805,4.78415700235324e-20,3.8270418636381e-09
15,41970964,C,CA,0.0178229506262065,3.99218046202978e-16,1.53282770419514e-12
10,25178864,G,A,0.0154435810033619,3.16402438711755e-17,1.68094159020625e-12
20,20069826,G,T,-0.0132161700921152,2.94239705160539e-18,1.7980493811423e-12
20,20341180,C,T,-0.0101307947405361,4.80755217871562e-16,9.73281188950869e-09
10,124131176,A,G,-0.0114180264829611,4.85637217825251e-28,1.85575529066198e-12
12,57146069,T,G,-0.0185428467129229,4.09531120872539e-15,1.93786299512919e-12
10,104829102,G,A,0.0116618809232828,1.17902116461097e-25,1.95116857130892e-12
12,28657057,C,CA,-0.0123499726623948,8.21841042049047e-22,1.96689794176997e-12
13,54107352,G,A,0.0168368322706424,1.33461884787579e-15,2.48249120773185e-12
16,88804924,T,TC,-0.0121944458853413,1.47098058948435e-22,2.56619457947844e-12
16,88321027,C,T,-0.029163578809262,4.02541100333181e-13,3.12808470435872e-12
13,78474468,C,A,-0.0132197383061296,6.5688464874652e-19,2.742209938906e-12
06,32447644,T,C,0.0183384067308125,8.49640040455188e-52,4.59803511603738e-32
06,32630996,C,T,0.012767398020673,3.66581600742648e-15,2.06005787025016e-14
01,118855812,A,T,-0.0120588934982158,5.24801164959901e-22,3.31032544653159e-12
12,102407746,T,C,-0.0293845630245779,3.64809933347021e-14,3.37139953424914e-12
12,102372809,T,C,-0.0101858086238736,1.04657468397046e-22,5.55171462667864e-09
18,46602964,T,C,0.0117570487602712,1.38298855586257e-23,3.50232202739945e-12
18,46516424,C,G,0.0108241649015917,1.33531867992009e-14,1.95744005781456e-09
01,26439226,C,T,0.0145626515941059,9.43749443752935e-17,3.62362225145672e-12
16,783865,T,C,0.0134757142445423,1.1741408648252e-14,3.72867065320045e-12
16,1005251,T,TAC,0.0108681617462833,1.73354384824003e-13,8.32466630450008e-10
16,1113847,G,T,0.00950031108151711,8.88388903878946e-13,9.64472088708609e-09
17,29210595,G,A,-0.0217972501140721,1.79611414919889e-57,8.72011486946502e-34
02,233131825,A,G,-0.0163040471510341,1.43682748949399e-13,4.43043166026517e-12
02,233585299,G,T,-0.0109100025857373,1.83571925900748e-18,9.91587154161733e-11
06,83330333,T,TG,0.0112846711341512,1.03264324937779e-33,4.45649902837163e-12
02,169721381,A,G,-0.0118119981156853,4.92781970300694e-22,4.89159947505096e-12
02,44999709,T,C,0.0146881081864332,1.74152585893143e-16,5.01257857156008e-12
11,118680072,C,G,0.0112105194575215,6.76585275629777e-27,5.04297253185149e-12
03,38496193,C,G,-0.011133204636716,1.02023952978548e-30,5.28156867437064e-12
15,86276000,C,T,0.0110496364721615,3.9756750195729e-30,5.33908284918905e-12
12,97792368,TG,T,0.0111010036572397,5.00081582557014e-31,5.43924045447491e-12
02,9770589,G,GCGGGGC,0.0133184351896741,2.95993347546836e-20,5.45437644698112e-12
02,223960207,C,T,-0.0123449039101501,2.94938181126698e-20,5.53102009688078e-12
06,81829439,GTTGT,G,-0.0119643714724094,4.39854091595502e-24,6.14678113974217e-12
09,97617103,C,G,0.0111793569795546,4.15355294319165e-29,6.18443506832413e-12
09,103061366,A,G,0.011768534662173,1.54695517090054e-21,6.8324911123622e-12
X,109832336,A,ACG,0.00969696411516573,1.61085328381832e-20,7.20984812574013e-12
17,68148034,A,G,-0.0167450956083598,1.00005851064661e-14,7.88772909771513e-12
12,122828069,T,A,-0.0128416730049271,3.18492510988323e-15,5.832064416264e-15
12,122357049,AT,A,0.0135962124446686,1.89527718575724e-11,7.8892257000588e-12
01,21584941,C,T,-0.0111487497332507,1.78971670224376e-25,8.07721882040862e-12
14,65520246,T,C,-0.0110569570436022,4.51796275852303e-30,8.37001401099564e-12
10,70248688,T,C,0.0111194595272874,2.05342955371622e-27,8.89959676206353e-12
07,71585126,C,G,-0.0116205402085866,8.63554192112095e-23,8.98223273309526e-12
11,10126097,TG,T,-0.0108964227487128,1.0729955599862e-31,9.23212559606082e-12
16,20002523,A,C,0.0126392422877511,1.30789119187771e-18,1.01517751898501e-11
06,45090977,C,T,0.0111921048382605,3.25846962046582e-24,1.0421608869065e-11
10,5042294,T,C,-0.0170626628793443,1.61123722914931e-14,1.05370088974666e-11
05,77401374,TA,T,-0.0125907824311749,2.99272178192605e-18,1.13610687094393e-11
04,12842023,G,A,-0.0122868738838778,4.13595577544514e-19,1.16411483749842e-11
07,46642308,T,C,0.0102353854092403,2.27345782032101e-23,1.17186686871075e-11
07,46557704,G,A,-0.0132076673667899,9.95839923963733e-11,1.57233082763963e-10
02,227264435,C,T,0.0118322104129834,1.70347972540793e-20,1.17823324024564e-11
01,201016296,G,A,-0.0167941099691464,1.78366172848091e-14,1.34056942640673e-11
06,76164589,C,A,0.0178942359582461,6.72869250470988e-14,1.415852549193e-11
19,7115650,GT,G,-0.0145176495314537,8.51751862084832e-15,1.46720381753733e-11
19,7183797,C,T,0.0110683315874654,1.92613286749397e-13,1.99684453317531e-09
07,93258982,CT,C,0.0108613022777256,1.50991670682229e-27,1.47729686171102e-11
01,11220180,A,G,0.0149684910321862,3.5755104052643e-19,7.16526756023968e-16
01,10724236,G,A,-0.0109542244995335,1.27046123532504e-23,1.53174365819921e-11
10,18549889,C,T,0.0169901878983211,3.39194969811438e-14,1.63239428149222e-11
07,139749346,G,A,0.0138732627779196,5.18690384425693e-16,1.77474954889676e-11
02,25458100,C,A,-0.0112276950719765,2.46368517933582e-17,1.79246295967236e-11
02,25935577,G,A,0.011029548741431,2.41997162676989e-11,3.3539944041601e-09
05,87795525,G,A,-0.015454854839709,5.0236119546085e-19,1.48846081525368e-16
05,88425656,C,CT,0.00984965399039039,4.32123356698152e-20,1.36491358415129e-10
07,121964618,T,C,0.0111557080624937,6.87168632705182e-23,1.8854179989966e-11
10,27901359,G,T,0.010762281519849,5.37055419148265e-32,1.91263744808634e-11
09,94186973,C,A,-0.0120234769930174,5.23895755422661e-19,2.01347200187923e-11
07,6399723,GATTATTATT,G,0.0161700598183665,2.83836854586828e-14,2.27202509492455e-11
11,65960291,C,CA,-0.0179476771941545,5.62544406976549e-14,5.8729414271226e-13
11,65245829,T,A,0.0121491178991482,8.80590412657636e-14,9.73987378262046e-11
01,150738596,G,A,0.0207990184419225,4.49478723211888e-13,2.77530572905308e-11
10,81136129,A,C,0.0106814739291933,1.05238010401033e-30,3.04214597882587e-11
X,118649074,A,G,-0.00963142914050511,4.78474879347897e-17,3.59733288521642e-11
16,28632021,G,T,0.0108273219852982,1.7997954763843e-24,3.67900023397852e-11
01,8015560,A,G,-0.0111929239417322,2.33602364646202e-21,3.89101987066662e-11
17,46288649,A,T,0.015663726476486,3.7452009207066e-14,4.0395908253061e-11
03,152414536,T,C,0.0150737551467861,2.54880178723771e-14,4.38166163395277e-11
17,76766437,G,GA,0.010595178842005,3.14314720806713e-28,4.39133039985357e-11
06,30030491,CTTTTTTTTTTTTTTTT,C,-0.0108818614415074,3.47916408518422e-29,4.79144371952998e-11
02,33348679,A,G,-0.0200726973065824,7.02702319409751e-12,4.97853413241578e-11
02,33489022,AAAG,A,-0.0204541723456773,6.07785480893668e-10,1.44377726479377e-09
17,36925750,A,G,-0.0106782018288191,2.92081819408368e-26,5.22714985312498e-11
02,176964904,G,A,0.0111330658825179,2.33844628595452e-21,5.31770533740219e-11
01,184007119,C,T,0.0113272439427133,5.82939900014647e-20,5.32824402918023e-11
11,29231552,C,T,0.0108129799319377,1.37991641717769e-22,5.70951553752715e-11
01,56602992,A,G,0.0124800317606808,1.36251168172046e-16,5.84725501587646e-11
17,78449948,C,T,0.0140930313737336,3.77632356591234e-15,5.8874187664775e-11
17,71124903,G,A,-0.0107285372779468,1.59188144141887e-22,6.10996489800144e-11
03,88196211,C,A,-0.0116119533848131,1.51402167490841e-18,6.31325702995346e-11
15,38502321,G,GCA,-0.0107395102830484,7.38012236547444e-25,6.43565743435628e-11
08,49407362,C,T,0.0140519159713383,1.35969603929348e-14,7.12376100366438e-11
16,15147788,A,C,-0.0112839788114146,2.90024924418971e-19,7.38557966072887e-11
03,56686329,T,C,-0.0108525167102037,3.1184438614759e-21,7.66368916453137e-11
08,73449940,A,G,0.0115924118176597,9.03447154191425e-19,7.70361681543491e-11
02,38055320,C,G,-0.0152726849417842,9.42200568328601e-14,9.0627684092892e-11
07,148648841,CTT,C,0.0117563434190856,1.05157535462846e-17,1.10397545779951e-10
05,112162298,A,AC,0.0112652384322641,7.11383391043807e-24,1.23694649727613e-10
10,79543740,C,T,-0.0392985252841343,5.5934241520798e-11,1.31524554296731e-10
05,80830788,A,G,-0.0119243032752542,1.64769427676067e-16,1.3550440398088e-10
20,6569368,C,T,-0.0104089287310956,6.28330943805599e-17,1.59871098977345e-10
20,6709838,A,G,-0.0108149382496054,7.66718589063558e-14,2.68132469522823e-10
09,16461905,T,C,0.0107887405041327,1.1881991902169e-20,1.69029064888386e-10
05,134586980,G,A,-0.0101035601235789,1.07898998096972e-18,1.94009022107404e-10
05,134361020,G,A,-0.0113996157884375,5.21742343435916e-12,3.66470038841482e-10
08,23390046,C,G,0.0127288567602549,4.25262313214337e-15,1.98555638029403e-10
06,34163292,G,A,0.111625857898841,-99,5.29496791087759e-12
06,34181995,T,C,0.0531384891558781,-99,2.40199227971032e-46
12,122630285,G,A,0.0207964686312853,-99,3.84614001915331e-14
04,145839264,G,A,0.0275074456213697,-99,2.13455305693855e-29
