chrom,pos,major,minor,beta,p_value,gwas_p_value
18,57848651,A,G,0.039075602697453,2.43226928224738e-158,3.52731528030666e-99
20,34025756,A,G,0.0324748706388142,1.60640519208701e-212,5.64725534025055e-92
16,53809123,C,T,0.0296721931480345,8.14068143658951e-178,6.67882706305972e-77
03,141105570,A,G,0.0258158386372881,1.22528282010007e-154,4.38122248041392e-60
12,4384844,T,G,0.0937060606217826,1.2419078261009e-57,9.54143108439695e-55
13,51116901,G,T,-0.028377277890371,2.2315598553698e-76,3.84283491890999e-54
13,50655989,G,T,0.0660449983199237,1.13697042349188e-30,1.37214969805253e-33
06,130374461,A,T,0.0268335334889379,2.17506941339008e-87,1.20630838201917e-51
06,34620153,T,A,0.030414879846382,2.74857542768448e-46,3.54684445149376e-51
06,126704795,C,T,0.0232254283843939,6.51639066363318e-122,9.84538748050254e-49
12,66351826,C,T,0.0226218907350259,3.38253536609113e-94,1.13347085373428e-45
12,65964357,A,T,-0.0127335451602767,1.86393514772384e-16,2.39945405235319e-12
07,92251321,GT,G,0.0247945967740578,2.20542460740081e-79,5.01755304932611e-44
17,29206421,G,T,-0.0267789068609645,8.80385824210601e-72,7.58866142540851e-44
18,20737641,T,TTAA,-0.0263895742736947,1.08880632876237e-67,1.25556471223383e-43
08,57122215,T,C,-0.0305731270581122,6.4418946604972e-47,7.81756959538766e-41
08,57184728,A,G,0.0172658508502999,9.16964793990355e-30,4.06420663177177e-22
02,27730940,C,T,-0.0214724948717459,1.56548412889064e-91,1.67197311049503e-40
04,17922866,A,G,-0.0239543797766006,1.66913821992119e-37,2.81877735514315e-40
04,17956213,T,TG,0.0153663623110714,1.68325804944967e-28,3.17674276262425e-30
02,417167,T,C,-0.0491648425519553,2.06522091945662e-44,3.09934020564051e-39
02,632536,G,A,-0.0274911858967989,9.18648634098828e-55,1.26245603617591e-37
09,119124535,T,TAA,-0.0250297572197888,1.07618895542488e-55,2.11783720942713e-37
01,78450517,C,A,0.0306999183071016,1.33476654169754e-47,5.66960266809107e-37
X,78655777,G,C,-0.0169768657635961,8.82142519736064e-64,2.73152790379425e-36
17,62017421,G,A,-0.0258231801493882,1.96984370344776e-112,1.52465396569028e-35
17,61996273,T,C,-0.0339086945070278,1.54019882565256e-47,3.12419731136725e-19
12,93989683,A,AT,0.0250208945357891,6.88806444890597e-50,4.72981837742143e-35
12,94136009,C,G,0.0143263102188135,3.52420544388605e-44,5.38577770704842e-15
06,31840021,A,T,0.0203250732636037,1.23789424673308e-47,1.24700221430133e-34
06,31720525,C,CATT,0.0105917173203362,1.82626978032608e-18,7.25755247786855e-12
13,51064533,CCT,C,-0.0206907263724421,1.34107595995385e-45,6.12844950668554e-44
13,50565104,ACT,A,0.0588196471470818,6.91993894700787e-24,2.32541332619189e-34
13,50753785,G,A,0.0116453676646453,5.62603777325848e-19,3.8228966582287e-32
04,145566477,C,T,-0.0198845335021078,1.99261250891426e-27,6.48193438206481e-33
04,145839264,G,A,0.0130307726772462,1.95576305516545e-38,1.1739185473589e-28
14,61108825,A,C,0.0190121204518106,9.61623861556928e-73,2.30852415951764e-32
01,154989823,T,TGGGGGCAGTAGAGGGGGCAGTAGA,0.0190650426797229,9.07269239662319e-37,3.70202158732688e-32
01,155155608,A,G,-0.0101100784811723,4.39973089252572e-21,4.34660758559131e-17
01,177875959,GCTA,G,0.02254487265863,4.00409170810247e-48,9.92889677361704e-32
07,150668070,T,C,-0.0174441475337613,2.79087842866782e-47,1.58467267939257e-30
07,150554553,C,T,-0.0189933613664107,2.72574749015535e-11,1.26583931088901e-15
08,135578636,CAAAAAAAAAAAAA,C,0.0145758867961219,1.52107640863826e-32,4.43703495063034e-30
08,135649848,G,A,-0.0132800810759557,1.89500220902884e-17,6.66410913566471e-22
08,135720455,G,C,0.0118652068600518,4.02972321299108e-12,1.04083599668991e-21
16,30042677,G,T,0.0180926850653503,1.76739560835952e-67,1.77220750373229e-29
05,75003678,T,C,-0.0180694692520662,3.7752904033107e-65,2.47207837716539e-29
16,2160503,T,G,-0.0234462872273572,4.26130475775132e-35,6.16025920432836e-29
16,2266173,T,C,0.0162001157106406,1.41809108553309e-31,9.18092486876045e-21
06,26180634,G,C,-0.0182655308427444,4.58383592033998e-33,1.49176183658748e-28
06,26076446,G,GA,0.00942528338339087,9.78708469937188e-18,6.59669975367794e-14
01,41544279,T,G,0.0183015604640001,3.7051606540328e-55,4.472809952488e-28
06,7702659,G,C,0.017623960366573,5.54497128016185e-70,4.7238983704022e-28
06,7231843,G,A,-0.0174394770658011,8.2684885211508e-13,4.14264648050946e-11
06,19839415,C,T,0.0387597448249357,9.18465869683667e-31,6.79848299675474e-28
20,33409350,G,A,0.0160065480741917,1.96311597408742e-56,1.1754423223842e-33
20,32505658,G,C,-0.0211344554545129,2.54770575323511e-18,1.02258226862872e-25
20,32077916,C,A,-0.0175224297287214,1.25899277100624e-32,7.30941133712863e-27
20,32542814,A,G,0.0117356447942821,1.31148146791159e-20,6.83262994369077e-17
11,67024534,C,T,-0.0304602898920109,1.95686566487784e-31,7.49891510524314e-27
05,122699198,C,CTA,-0.016841926196386,9.89697354855679e-70,9.68705421023356e-27
06,109003321,C,T,-0.0186586060070505,7.33716922805185e-47,1.82236394096999e-26
06,41909521,C,CCG,0.0329058750850413,8.0779320503664e-28,2.48682459599861e-25
06,41903798,C,A,-0.0594356521347512,3.37317499119904e-18,4.62761991724739e-19
07,2859847,G,A,-0.0175500447216574,9.13617234423832e-45,8.84780024668102e-25
17,7571752,T,G,0.0759665872744376,1.53337333682563e-26,2.25183163669826e-24
17,7366619,T,C,0.0186252749883615,3.39307834802145e-20,3.73811466075515e-14
07,73012042,G,A,0.0236531951758468,1.23587408860299e-30,8.14035369334173e-24
02,172416533,C,CTTT,-0.0181721870125526,2.64326919537058e-38,1.389590356697e-23
02,218279432,AC,A,-0.0166567327740969,7.00526061307202e-34,1.69532707851663e-23
02,218146818,T,G,-0.0144657448454511,2.67418987320866e-20,1.94287863211176e-16
06,152168974,T,G,0.015762558903506,2.20394530208959e-60,3.41912847018414e-23
22,42070374,A,C,-0.0262313231231102,2.03522670032891e-27,1.03447569090242e-22
08,78105153,C,A,0.0168194293143297,1.21900049914664e-38,3.51371264700948e-22
01,176787749,C,CT,-0.0160482608299559,1.94799109867079e-54,3.95567879953677e-22
01,176500060,T,A,0.0200869198956936,2.58540837807723e-12,7.45461135948498e-10
03,185548663,G,A,0.0219394134693873,8.34428176825702e-25,5.93501718097513e-22
03,185828465,T,C,-0.0118695935055582,4.84915331544499e-12,9.63414830294781e-11
05,42687629,T,C,0.0217382623928461,2.57418979517491e-20,7.19150455190586e-22
05,42290110,TA,T,-0.0108849452930058,2.13215934277928e-19,3.05215633259777e-15
09,98256235,T,G,-0.0232748113193142,2.9344969178465e-20,1.16877088965745e-21
09,98217348,A,G,0.0210613368293162,4.63501335458817e-20,4.23707045164093e-19
09,98270362,T,G,0.046417136415973,3.28645254129586e-10,7.8298202981057e-10
06,142716286,G,T,-0.0164005051403672,4.20260257401099e-26,1.23064682939835e-21
06,143187255,CA,C,-0.00955822780484059,3.13441669406668e-18,2.91654852479714e-10
05,168256240,G,A,-0.018460663264735,4.8729719883478e-32,1.28860647757256e-21
15,99194896,C,G,-0.0213189841450268,4.58107072615549e-19,1.3347659103101e-21
15,99214192,TTGGAA,T,-0.0211485821704193,1.79901063876132e-15,3.77537961065755e-10
15,99234596,GT,G,-0.0119480873561001,2.40667503826731e-16,9.79560933761193e-10
12,111865049,G,C,-0.0150093351997164,1.22910348959151e-58,1.95365089148021e-21
06,50787576,CGAGGTGGGA,C,0.0231596233744515,6.69489900133091e-29,3.34308555597791e-21
20,50929323,T,TA,-0.0189249792310999,2.03942417721658e-30,3.37362096332487e-21
11,27694241,G,C,-0.0189649968664569,4.29994422915332e-30,6.98648955576229e-21
14,25948867,T,C,-0.0158309919303314,4.33332110004983e-41,1.72126545210196e-20
04,106215108,TC,T,-0.0148723467883176,1.78007419999865e-46,2.31530288223184e-20
19,47557098,G,C,-0.017002515314712,1.2585706029446e-32,3.35705334441815e-20
02,23896049,G,A,-0.0161503283969657,4.22737455039708e-34,4.11350311912667e-20
12,46752872,C,CA,-0.0148305843351246,4.00328947219849e-48,4.13487022743645e-20
12,124826676,C,T,0.0195458388126461,5.27526211931671e-27,5.83347427688322e-20
02,211540507,C,A,0.0152761161480434,3.18617806601542e-36,1.23311356629804e-19
12,50263148,G,A,0.0146239707846398,4.38770980216959e-42,1.42183788687991e-19
15,89394600,T,C,-0.0400769421176335,1.41645392332071e-18,1.47796482592684e-19
15,89367562,C,A,0.0105703870754689,3.22609144964008e-23,6.50438834600894e-11
15,89257734,G,C,-0.0142432607225101,7.53193199152186e-10,7.1571200923368e-09
16,4014282,G,C,-0.0145824381727265,7.3027154592379e-42,1.76594547331085e-19
06,109772355,CT,C,-0.0145239631301246,6.57684254945579e-48,2.13228243790504e-19
03,50022069,G,A,0.0153958185705622,1.5906915812137e-52,2.16217400769819e-19
11,2165576,G,A,-0.0185162410960728,2.5115127640738e-26,2.19511784017014e-19
11,2665357,A,G,-0.0175406063779696,3.37953938430821e-12,6.80660895105906e-11
06,140623538,C,T,-0.0164328775603353,9.66803667329583e-31,2.66010758898856e-19
04,145868325,G,A,-0.0125516303332324,3.16070272868699e-23,1.75620233729564e-29
04,145762728,G,A,-0.0179648504876327,5.50229604882336e-12,1.08998348420882e-28
03,172175074,G,C,0.0150416610432264,2.59852461167884e-23,4.91362721926153e-19
03,171969077,G,C,-0.0125548297518909,1.84626188672669e-31,1.02339929182849e-16
11,68388220,G,A,-0.0186146045621999,7.92573812655034e-26,8.82318696242787e-19
05,87755411,A,G,-0.0172023852724186,5.50791124276626e-29,9.45506793706059e-19
05,87999371,C,T,0.0190603987114249,5.77349438105685e-11,4.61624325113624e-09
06,29355148,A,C,-0.0153308578450281,8.39328686767597e-34,1.23798945317957e-18
17,59494574,T,C,0.0145293404514942,4.61231420091237e-35,2.31759826963191e-18
07,23513093,C,T,-0.0158429409324457,3.0394751636423e-29,3.13207403490716e-18
05,176509193,T,C,-0.015842659337829,5.15534061701216e-36,3.2213155067383e-18
X,129251524,A,C,0.0115112708462341,4.19592274004954e-34,3.39173340253073e-18
10,102686838,GT,G,0.0138956383750359,1.92538493305662e-34,6.66699125629697e-18
10,102317555,C,CA,-0.0117974065430083,2.93598558979576e-11,3.369014421306e-09
17,79093822,A,G,-0.0143248024949154,5.04102843234392e-31,7.72482181773323e-18
17,78757626,A,G,-0.0101934859717241,4.23175373523216e-13,8.19550570162812e-09
12,116196316,CAA,C,-0.0171456588174247,1.63067364325137e-26,7.76731315368656e-18
05,170864021,G,T,-0.0168382405195876,3.79627380293481e-21,8.93195786046899e-18
05,171281875,G,C,-0.0119022392659054,2.1132759959895e-25,1.93074897421445e-13
01,33774752,C,A,-0.0145996132990973,5.13294440365571e-33,9.03790081204033e-18
19,30289630,G,A,0.0142910737478393,2.33089498183131e-33,1.34419949490664e-17
20,34769811,A,G,0.0169967088947204,6.67541284425277e-29,1.09799605341537e-24
20,35002849,G,A,-0.0238942132624938,5.1488354296849e-19,3.51680617900206e-19
20,35743138,C,T,-0.0172384902500688,1.80095238356978e-16,4.74812760271903e-11
12,11880608,TAC,T,0.0139476045672816,8.31689957577623e-35,2.56283571383531e-17
10,96038686,G,A,0.013349770033485,5.91093002946706e-41,3.23157416528432e-17
19,2176403,G,A,0.0133580879909551,3.83394219448115e-38,5.58749646127161e-17
01,214638396,C,G,-0.0135965403372307,5.3277667579192e-38,1.03182041809719e-16
06,160769811,C,T,0.0130240614869961,3.48069681737085e-43,1.14507612637079e-16
17,43223292,G,A,-0.0138280395150048,4.06278089290114e-30,2.74275321296094e-16
02,198950240,G,A,0.0128170628020553,6.77364126695031e-43,3.46449954250606e-16
01,11220180,A,G,0.0148222544435263,1.00927248965919e-19,4.15455329906967e-16
01,10732269,C,T,-0.010769988947413,8.04052694538144e-22,2.89421365456315e-11
10,77210191,T,C,0.0127499756985215,1.48339794963267e-40,6.8751977637144e-16
17,29230520,GGT,G,-0.0201435307939521,1.48466713545261e-41,9.62100095797717e-36
17,29707521,A,G,0.00986061041582858,1.97111087149854e-19,8.31168571719548e-16
02,56106928,C,T,-0.0151812141139453,2.94299207174413e-24,8.63486556546407e-16
06,34589632,C,T,0.0303178840594175,4.47590948840354e-46,5.51484377117439e-51
19,10748073,G,C,0.0133339484978496,4.04080664946692e-30,1.3121695212135e-15
03,38496193,C,G,-0.0126588036119318,1.19117455041622e-40,1.35947872796554e-15
07,28174957,G,A,0.0138340220106288,8.0045440025835e-27,1.77906767999859e-15
15,67007813,A,G,0.0141135058393503,2.00642962067563e-26,1.82155396150792e-15
05,172779211,T,C,0.0140013166987592,3.06383169411031e-26,2.13910300387337e-15
01,172113327,TA,T,0.0134082915887773,6.11019429459405e-30,3.0231243210553e-15
12,122820960,T,TAA,-0.0137082658967843,2.7342747456532e-15,4.1141790510317e-15
12,122630285,G,A,0.0104388927795449,5.18617593895755e-22,5.43520316396042e-15
12,122353230,C,CA,0.0182252508222381,2.04036336937043e-10,3.96683436142107e-10
01,218597297,C,G,0.0136506156259725,4.63124913738106e-26,4.39317663618242e-15
05,36803614,T,TA,-0.0124399154979001,5.37653733131947e-37,4.64672821914018e-15
04,88557753,G,A,0.0123360314122403,6.763624512492e-40,5.90102496591333e-15
05,137603293,G,A,0.0148749449298639,4.67285873101523e-22,7.89892493870572e-15
03,183976103,C,T,-0.0160423240567328,1.7585680442492e-20,7.97797145267934e-15
01,155174106,C,T,-0.0113942520268585,1.64504641369287e-29,8.21141113055584e-16
01,155661719,C,T,0.0362869347044806,2.94501080892958e-12,1.01482615032293e-14
07,50661670,CCTTT,C,0.0154740174492666,1.26577904579985e-21,1.23219674550915e-14
12,3338920,GCACAGCTGGGGCTGA,G,0.0140005654605533,3.7924294727982e-18,1.37639337363894e-14
12,3393100,C,T,0.020726523296582,1.15604872253678e-10,8.48191444624811e-12
15,62274940,G,C,-0.0120959528281938,3.35812517765969e-36,1.5833178790309e-14
08,145001031,T,C,-0.012160987688124,5.87888380907685e-34,1.63008043496649e-14
05,77394128,TA,T,-0.0139851084431034,6.57153649273651e-23,1.6819623478853e-14
03,85539217,CATTAT,C,0.0126514154209116,6.75067751776509e-29,1.77779305390155e-14
17,47027359,G,A,0.015983880338743,2.16525169200496e-19,1.91433048022596e-14
17,46725779,C,A,-0.0241373716998405,1.59492911413337e-09,5.23905505954937e-09
06,126097374,G,GC,-0.0120832914777708,7.61078866952872e-38,2.15303323168319e-14
X,45631143,C,T,-0.0124394115202546,8.98294405035421e-19,2.27092099955336e-14
X,137050402,C,CT,-0.0147191849621438,4.74742598551278e-18,2.38329900357283e-14
03,128992047,A,G,-0.0144402225618204,1.03387199324741e-21,2.45395303029127e-14
08,130721793,AATAG,A,-0.0150434076319592,4.91255223907129e-21,2.74756665277302e-14
X,78792528,G,A,-0.0151665865078533,1.78319966491052e-55,3.24608529536575e-30
01,205679887,G,T,-0.011957212502881,7.86821420241013e-35,3.55627217624803e-14
10,104829102,G,A,0.0122939169072552,2.3820488432075e-29,3.77519162730431e-14
05,139051015,G,A,0.0122835142829691,8.14837897400407e-29,5.04012741272164e-14
05,95728898,C,G,0.0133138234697421,3.91782187091038e-23,5.05035241765158e-14
06,80959985,TC,T,-0.0129701568575363,6.71474576851878e-31,7.81182920809906e-14
06,81446732,G,T,-0.0108503432388255,1.3996289849876e-17,5.52239344402937e-09
05,67596088,G,A,-0.0117074161743092,1.65634693695738e-34,9.69470121940339e-14
05,130378027,C,T,-0.0140961178584433,4.71716376178669e-21,1.00973364953847e-13
09,99106848,TA,T,0.0146659320903091,7.26900895523497e-20,1.01968048750321e-13
07,76637391,A,G,0.0157273274273625,7.96060827954275e-19,1.14696624109416e-13
12,56364321,A,G,-0.012294442236315,4.07716388855066e-26,1.1476851254986e-13
04,123832776,G,A,0.0147751093783607,2.2188183412287e-19,1.20839580804107e-13
07,127015083,G,A,0.0424070492087087,3.54543831530239e-14,1.21483392272711e-13
12,991306,G,A,0.014226659836169,3.95015253516351e-20,1.23908975403924e-13
18,46602964,T,C,0.0122548776921951,2.11610667097344e-26,1.31746121477706e-13
18,46516424,C,G,0.0106999808624458,8.58864073187121e-15,1.71811167929992e-09
X,53720644,A,AT,-0.0101679220483009,5.19816046110266e-26,1.46452323152112e-13
02,223960207,C,T,-0.0129558705300715,6.1627510248773e-23,1.55285578382607e-13
11,43878459,G,A,0.0128904230787908,9.11315035068492e-24,1.57108315168918e-13
17,63561592,G,T,-0.0160576439337357,4.99010340808383e-18,1.60558279110909e-13
08,126508568,G,GA,-0.014169561460859,5.02381934481577e-22,1.75842169973063e-13
13,30177474,TC,T,0.0131023036332595,2.00930429296157e-22,1.77068141693206e-13
02,183238919,T,C,-0.0121809447091843,3.37703920806765e-26,1.78529322898863e-13
16,4948936,T,C,0.0129538274977101,9.68938154183856e-23,1.90445947814374e-13
04,82172449,T,C,0.0125584144527996,5.22978689373699e-24,1.90472606573419e-13
14,65520246,T,C,-0.0116576244308671,1.89969418335838e-34,2.10294042445375e-13
06,19078274,A,G,0.0143630316899186,3.55015645143995e-19,2.70457046443509e-13
10,25178864,G,A,0.0156799352843848,2.49845582144036e-18,2.71846602143426e-13
X,109832336,A,ACG,0.0101487563920675,4.06101689838592e-23,2.83108405935118e-13
09,97617103,C,G,0.0115971744636382,2.49322365832685e-32,3.66135047543343e-13
02,71533300,C,T,0.0115455645632471,1.21193658807228e-30,3.94456322400408e-13
01,50970475,A,G,0.0205922311010255,8.65115509452193e-16,4.32823903944767e-13
01,50572096,C,A,0.0113318466670256,4.9772786192264e-14,8.91089347882611e-09
10,70343285,T,A,0.0115542777236027,5.02047005372394e-28,5.45543070546201e-13
04,1012300,T,C,-0.0265685216514853,3.6058883794967e-14,5.60668432890349e-13
12,97792368,TG,T,0.0113947861090514,8.74129577823229e-34,5.63755168976637e-13
19,8670147,C,T,-0.0314538537242176,5.77731096358907e-14,5.7459146690077e-13
13,78474468,C,A,-0.0133691974231499,5.56153985596266e-20,5.87162389238959e-13
10,5042294,T,C,-0.0165858377845597,7.41147818788428e-14,6.50487587153792e-13
10,5257647,G,A,0.0129078004194808,6.28607836812991e-12,9.01282501736098e-11
20,20069826,G,T,-0.0132770885361471,4.65873517139143e-19,6.91456128114019e-13
20,20341180,C,T,-0.0113283783549459,2.28610285462279e-20,4.43094910413303e-11
08,120456193,A,T,-0.0127919617793433,2.77695076038054e-20,8.18384696330786e-13
08,120596023,G,A,-0.0204889214878007,7.0062763654286e-10,2.30155849015982e-09
20,21223663,T,C,0.0120613904486155,5.54652766183548e-24,8.80013588866659e-13
03,9975386,C,G,-0.0144760138583795,3.94313320067839e-19,8.83522851833079e-13
10,124131176,A,G,-0.0113683457584425,8.20544352039994e-29,8.85322988895075e-13
08,116631278,T,C,-0.0137975864825366,8.3978756655759e-19,9.34917764946352e-13
14,24835773,G,GA,0.012273695797589,3.07270807359635e-22,1.01598340305328e-12
02,233048622,G,T,-0.0189618267417786,3.78255329029918e-15,1.0182498427722e-12
12,123759417,GAA,G,0.0157709526519973,4.98139143815216e-18,1.05884246942513e-12
15,38502321,G,GCA,-0.011484995593934,3.29328455958814e-29,1.08359407497918e-12
15,86276000,C,T,0.0111936362211636,5.4455223685057e-32,1.08866556403574e-12
06,26207175,C,A,-0.0191719552492665,6.82725397692157e-45,6.33445444977416e-27
02,9770589,G,GCGGGGC,0.0134714794870225,2.03829108928597e-21,1.21606495240726e-12
11,30443688,T,C,0.0121324339685604,1.94271255707698e-22,1.2359903262665e-12
07,46642734,A,G,0.0104955573754056,6.83055731053218e-20,1.3274926485882e-12
07,46734307,G,A,0.0117933224503363,2.95506244975164e-15,3.1073828070148e-09
07,46538362,G,A,-0.014029955855203,3.37454017033489e-11,4.97283539041352e-11
X,99882543,C,G,0.00957387604995857,2.25729022888009e-21,1.40133764328022e-12
16,88321027,C,T,-0.0289968459159925,1.98048046409585e-13,1.54014752424378e-12
16,88804924,T,TC,-0.0115809777320626,3.1593447760067e-21,1.28757897562848e-11
19,46181392,G,C,-0.0140273330659139,7.72419409426573e-18,1.7081717191011e-12
16,781292,C,T,0.0139788987287754,1.98043428188989e-14,1.78775937771469e-12
16,1113847,G,T,0.0108417140182253,1.08592058684908e-16,1.94818745109864e-11
16,968717,T,C,0.0105397833698384,7.11914999517399e-15,5.83426000460272e-11
01,72812324,A,G,-0.0112632820370515,4.56913653563906e-27,1.83871992792366e-12
17,68153968,T,A,-0.01696297011471,1.64204454243448e-15,1.92481539687704e-12
06,81829439,GTTGT,G,-0.0120180117551676,3.73760579038813e-25,2.05773693968994e-12
09,90873653,A,G,0.0112234263376643,3.07022089416823e-28,2.22584604157767e-12
06,45090977,C,T,0.0113298428053691,1.16570387000918e-25,2.30137639750149e-12
01,118855812,A,T,-0.0119144893892089,2.77096427038725e-22,2.36613336303051e-12
04,45182527,A,G,0.011141637821957,3.12030909762124e-29,2.52063229338691e-12
09,103061366,A,G,0.0117787812169183,2.44821526078973e-22,2.60688491524436e-12
06,34163292,G,A,0.110966447491276,-99,2.26352608106787e-12
06,34181995,T,C,0.051887872651355,-99,1.13054315207963e-45
