chrom,pos,major,minor,beta,p_value,gwas_p_value
16,53806453,A,G,0.0574245411059008,6.45989747896269e-279,8.47979761174845e-120
18,57829135,T,C,0.0496837740635043,2.83759867779388e-107,1.51235328379647e-73
18,58033834,T,A,-0.10310926528788,7.2894258951639e-34,7.45400086870079e-39
02,417167,T,C,-0.0922037162062105,1.12733762143408e-64,2.21712185723456e-57
01,177889480,A,G,0.0448929874385525,4.98611165895264e-77,3.8313149210258e-51
11,27722298,G,T,0.0286150170534355,8.38312293848171e-46,6.16168071486002e-33
11,27650524,G,A,-0.022455375685134,1.19378765874201e-22,9.16304419470347e-21
06,34708609,CTTT,C,0.030044105286694,1.49195951236413e-30,1.33799121814871e-29
12,50256063,C,T,0.0286642473297451,3.53535716319547e-63,1.45673969077599e-29
05,75003678,T,C,-0.0276541528681904,5.01961997924932e-64,7.57645053507752e-29
16,28818037,C,T,0.0283663565004666,5.28063523961019e-63,2.16525630818818e-28
06,50787576,CGAGGTGGGA,C,0.0414532192196895,3.00946400085181e-38,6.56684771717006e-28
02,25158008,T,C,0.023612454652812,1.3106398319773e-34,2.00016899014421e-26
02,25385485,T,C,0.0133283761365033,1.0108777715973e-09,2.97780472306923e-12
04,45182527,A,G,0.0254173848457271,9.62539443103667e-62,2.52196588647899e-25
16,4015729,T,C,-0.0246835767094136,3.19566729715544e-40,1.32171729450914e-23
16,3624964,AAAT,A,0.0166852096066565,4.16447183358674e-11,1.85245090740118e-09
01,78450517,C,A,0.0370859687757974,8.492774754871e-30,1.99922676357657e-23
12,123024476,G,T,-0.0358581872057557,4.75471728097453e-18,3.48971992151848e-20
12,123160886,A,G,0.0230419728897406,1.14389755517703e-11,4.96103375051149e-12
12,123492112,C,T,0.0124985145008478,1.08046293719254e-12,4.98668634068674e-07
16,29972465,C,CA,0.0235007920080046,1.35943657250601e-48,8.20880605592993e-20
19,47556375,TG,T,-0.0253099302338913,1.91479354648608e-31,4.68523238091151e-19
11,47529947,C,A,0.0218668486711541,7.00651806842e-43,5.90083079412194e-19
03,141178670,G,C,0.0219607538590993,1.10479272314503e-40,1.21111193562534e-18
08,116659731,C,T,-0.0263946736973499,2.1634372010161e-27,1.83039831296407e-18
01,110154688,T,C,0.0671262028456483,2.8357207195937e-19,2.87962628399909e-18
19,46182304,T,A,-0.0266592109075089,3.31079918829151e-26,2.96820387429215e-18
14,79890677,C,T,0.025414410453787,9.91824642122051e-27,1.03156743060616e-17
11,43669653,C,CA,0.0223472166965741,1.90659351870221e-22,1.44873919097441e-17
11,43551416,C,T,-0.010878013576362,2.36614548172434e-10,7.26158437541957e-06
09,28414625,C,T,0.0217997325055134,2.50931612638906e-32,2.9154298659342e-17
06,26168903,A,G,-0.0173306676122352,1.01140572960085e-08,3.80797231727989e-17
12,4384844,T,G,0.0778322391728593,7.58810179134037e-18,4.96382116105607e-17
X,31854782,G,C,0.0177996099730239,2.69614504545972e-28,5.20578985743625e-17
01,201806106,T,C,0.021439039651316,4.15239864860372e-33,5.6046085418854e-17
13,54107352,G,A,0.0291445757637624,7.47527006731778e-18,6.10689392112688e-17
13,54396602,T,C,0.0141930317537195,5.46870852061234e-08,1.14547524585437e-07
14,25931404,G,GTC,-0.0216812690725782,2.5407723254208e-31,7.43540239358203e-17
15,68085555,G,A,-0.0240857934971636,1.6665308131559e-25,9.38738427312387e-17
12,991306,G,A,0.0245530677981057,9.55840481193636e-25,1.23482260592492e-16
06,40363828,T,TAAG,0.0201217631722461,6.26720237181615e-41,1.51392132858052e-16
04,100239319,C,T,-0.0675706524287427,3.68324164399821e-17,1.77200958485714e-16
09,15647348,G,T,-0.0200178884689876,1.12785313849405e-39,2.8139775426334e-16
01,72812324,A,G,-0.0202193208422766,5.440597470113e-36,3.48694202236874e-16
03,49907111,A,C,-0.019536170862692,6.15769981192466e-43,6.9518347981791e-16
05,87682877,C,G,-0.0213746116410658,3.76185742048888e-18,1.46695741899136e-15
05,87969937,T,C,0.0203333579852443,7.33355941373827e-10,4.67281103022615e-14
05,88097336,G,A,0.0574812957201891,2.53271092679672e-06,1.55451711623253e-10
16,69551467,T,A,0.019444676515881,6.44181034987647e-35,1.5170230525485e-15
16,69202908,A,G,-0.0342863205612649,3.96359179691714e-07,1.58224897384108e-07
18,58157767,G,A,-0.0660228183863264,3.70065192702976e-18,5.53430633834057e-17
18,58166192,T,C,-0.034140948102195,1.00475236946076e-09,1.29284349628765e-08
18,58172148,G,A,0.0330527096275648,1.44305849379657e-06,3.00982427455603e-07
X,109888230,G,GCCT,0.0163778151430468,1.99176435241172e-27,2.92769853307375e-15
01,149995265,G,A,0.0186159058839673,2.32503808308211e-27,3.27527359234674e-15
01,150055211,AC,A,0.0344883730029646,2.42308469203702e-06,1.60499464119082e-08
02,58935282,G,T,0.018735720001124,3.05993646808981e-23,6.15407249961123e-15
02,59297346,G,A,0.018195330736604,5.55080348125879e-19,6.54931095331213e-14
19,30286037,G,GCCTGTAATC,0.0200857038702561,2.8148746887853e-19,6.81930694985306e-15
19,30609964,G,A,0.0116618326833558,3.22314491521153e-11,1.35665035888711e-06
12,120907309,T,A,-0.0476633724654628,8.65483004573243e-16,1.19769326312488e-14
17,65854602,C,T,0.0245118422405262,8.95893651933598e-19,1.28772250400538e-14
17,65394209,CAA,C,-0.01561891005412,2.17685471787668e-10,1.73088705796472e-07
07,76626619,G,T,0.0241623958500442,1.73274887841733e-15,2.75666676961767e-14
16,4940994,G,A,0.0185661857913938,5.114726844593e-34,2.96818614001219e-14
13,79580919,A,G,-0.0190804932060374,1.94649359434815e-32,3.19984734245336e-14
11,130817579,T,A,0.0184267122842154,5.82827396049076e-39,3.70132836468408e-14
02,165528876,C,T,0.0184371814891384,4.605792405802e-19,6.10185686506676e-14
02,165413448,A,AT,0.0123437867750649,2.20825172725107e-11,1.87209655614297e-07
17,1837168,T,TA,-0.0252469652751761,1.66417180953481e-18,7.19913432098025e-14
08,73443198,T,G,0.0200635676940811,5.55127615925948e-24,9.64016788956293e-14
19,45392254,C,T,-0.0221672881714004,3.29585373391775e-16,1.18773848093104e-13
19,45425178,G,A,0.028710721169383,5.87518305259671e-08,5.87056429512824e-09
08,126482077,G,A,-0.0179287265068757,4.23600326081413e-37,1.51001981904988e-13
20,50951298,A,G,-0.0227547036617286,3.81544509356862e-19,2.08123463420701e-13
06,108888593,G,C,-0.0183611705139856,2.36894325044337e-27,2.40596285277972e-13
17,78757626,A,G,-0.0181758988931997,2.66156151012218e-16,2.81295990413126e-13
17,79075435,GCACA,G,-0.0150173953873783,3.52541591639677e-13,3.24516850001085e-09
17,78448640,C,G,0.0130021148811063,6.62738418217621e-09,3.58151539979494e-09
19,18207397,A,C,0.0191782516639187,1.32001001729413e-18,3.77267832310551e-13
07,75050086,C,T,-0.0185950129530154,2.26597514895536e-32,4.04848348320936e-13
01,62570321,G,A,-0.0177515033666709,1.24197300097073e-30,4.6830840271823e-13
19,1850165,T,C,-0.0172318502713279,4.74883303217332e-19,5.81654592932812e-13
19,2186757,C,T,-0.0111605456134885,2.97507238061624e-08,7.56885999382837e-06
19,1947776,C,T,-0.0145266476878351,2.39356491728461e-06,6.53795240345885e-06
07,2912928,T,C,-0.0189706684163657,3.05768663935493e-20,6.09417024002294e-13
07,3125220,C,T,0.0197884867883144,1.21335991333039e-09,1.15827414282015e-08
08,10665444,A,C,0.017797252877862,4.11471459414692e-29,6.33104695765609e-13
22,38575498,CT,C,0.0175184572147064,1.10446610182213e-30,7.12330582687454e-13
06,34569253,TA,T,0.0304275840762237,7.281581617145e-30,2.48413884935651e-29
12,124508758,T,A,0.0157810363147539,1.81979721681202e-13,9.0265794652698e-13
12,124820705,G,A,0.0207653825035333,7.75619565845643e-12,2.69814436347308e-08
12,124419062,A,C,0.0145289653911801,3.94205995538355e-10,3.46071338946313e-10
12,89776845,C,CT,0.0157905165886167,2.72169572713584e-21,9.80942350296441e-13
03,94034688,G,GAAA,0.0173885701757391,3.94615554086222e-30,9.947389814976e-13
03,185828465,T,C,-0.0204238827042588,2.94027278016586e-12,1.23847987080911e-12
03,185347230,C,G,-0.0120244427492948,6.07953648590436e-09,4.97902256556198e-08
17,46270606,T,C,0.0340063031482127,5.41367895207101e-14,1.364441349685e-12
05,122699198,C,CTA,-0.0172204192733134,1.46364158152044e-31,1.36591720772708e-12
01,96940119,G,A,-0.0174979828360243,2.47303406238673e-27,1.42758356116635e-12
05,139070398,G,C,0.0241843105740477,2.67428211391907e-16,1.9510442175529e-12
01,74977277,A,G,0.0174631622441253,1.30195234283839e-27,2.07340675190294e-12
03,41308348,T,C,0.0171538980656766,3.43590374042674e-32,2.10533075636729e-12
06,26239404,A,G,-0.0183355454739075,6.61465172839504e-13,3.4488137812192e-13
11,13349559,T,C,-0.0175820963158151,1.37102966756892e-24,3.91244477885626e-12
17,42285460,ATTTTTTTTTT,A,0.0189440712089027,4.3900727638537e-21,4.04489224747227e-12
03,61251635,G,A,-0.0236201231793983,6.7953409480802e-16,4.1184390909461e-12
05,80889270,C,G,-0.0177383085962944,1.16823666670411e-23,4.20369090828686e-12
16,19975418,C,T,-0.0209272963351502,3.18218972608229e-11,6.13244736642481e-12
16,20263764,T,C,-0.0219243271310036,2.05963547944076e-11,3.17242204183147e-08
16,20002523,A,C,0.01708871455532,5.79609869462039e-13,2.37570477302463e-11
06,160766681,TA,T,0.016787501638643,8.70971349986123e-32,6.38103748379441e-12
03,85870501,T,C,-0.0168619146108537,1.51949985640497e-15,6.59111414997879e-12
03,85379001,A,C,0.0126491597268801,7.57523672617187e-13,4.78153986336083e-08
10,102447647,C,A,-0.0263374802251714,4.42410301232239e-12,7.78782682324455e-12
10,102686838,GT,G,0.012629079718107,7.90828772407499e-15,4.69464126232222e-08
06,51799902,T,G,0.0174961030570644,3.00817378181138e-15,8.63661329995661e-12
06,51480853,C,T,-0.0153101061429296,4.17364674651371e-14,3.5010637655547e-10
06,31610479,C,T,0.0175440760438992,8.09833489142666e-12,1.03066153992827e-11
06,31915532,C,T,-0.0386397758224582,2.06431283389814e-06,2.5090779955044e-07
10,99772885,G,A,-0.0166031265342041,5.96647100266234e-28,1.04436375617472e-11
07,150668514,C,T,-0.0172265454001316,3.66556621984239e-23,1.31408654565514e-11
01,156049877,C,T,0.0240119037508168,3.09016525437001e-13,1.80008823586143e-11
01,156382470,T,G,-0.0121735322629396,2.11986778228297e-08,5.9406553978084e-06
03,85044736,A,G,-0.0192346201390594,1.64836371187604e-17,2.07676893091402e-11
03,49796509,T,TA,0.0167490719674965,4.44576728640908e-26,2.98713297560084e-13
03,49333171,C,A,0.0221593228940662,8.72967875414302e-11,2.10575138764145e-11
01,219762581,C,A,0.0179476567208688,1.9015092254618e-19,2.11621819440131e-11
08,77224420,C,T,-0.016373973629473,4.93433494309307e-27,2.44720076505751e-11
18,40788387,G,A,-0.0169453415530634,1.5252665055222e-21,3.18367218137797e-11
13,28011963,A,G,-0.0170135526025484,2.93802430732105e-21,3.22213266722334e-11
11,30408061,T,A,0.016548730817327,2.0180479170283e-23,3.22513456132549e-11
04,137083193,C,A,0.0162404988632925,1.46265711197444e-26,3.42074490292652e-11
04,102708997,C,A,0.0138028246893602,2.76743725093683e-16,3.82694521877642e-11
04,103188709,C,T,0.0240606311127779,2.55071753601665e-07,2.98186910789365e-10
04,18351898,C,T,0.0161300156493557,1.45566754410454e-26,3.99482099738709e-11
05,95728898,C,G,0.0163852563699851,5.11673090676703e-13,4.27439870130742e-11
05,95918919,C,CT,-0.0169126942262766,2.93504062489e-07,4.25153853257682e-08
05,96080883,A,G,-0.01308097548249,5.76639136449215e-07,7.63830194636374e-07
12,66343400,C,G,0.0160121941419586,1.43879842934612e-29,5.18659237957404e-11
03,170734443,T,TA,0.0180161628057988,2.18999578642197e-18,5.25048822983102e-11
12,123189794,T,C,-0.0186727449118371,2.75971352770332e-16,2.0236708589353e-16
12,123070616,T,G,-0.0186381699686461,7.30995832905838e-14,1.69276801581202e-15
05,153518766,A,G,0.0172449404483714,2.51210252769273e-24,5.63551640065904e-11
05,153089361,A,T,-0.0181718047594072,1.60739117698373e-08,2.50254473915708e-06
20,39179822,G,C,-0.0464776737274849,1.36963880096183e-11,5.91174054881985e-11
03,84113491,A,G,-0.0337153198473926,5.53395273328507e-12,8.22632631262419e-11
02,227117778,G,C,0.0165200687532772,3.49511512256866e-21,8.28879207754266e-11
21,46494995,C,T,0.0140919573650824,6.22466131144148e-16,1.11126367409997e-10
21,46488959,G,A,-0.026321884564664,2.7878458404055e-07,4.72106588378401e-09
08,77158792,C,CTATATA,0.0165186098762196,2.21450723633727e-18,1.11801549752054e-10
08,76564503,TTAC,T,0.014265213573567,3.35984833768836e-14,4.19449900815589e-08
06,41734037,GGAAA,G,0.0156600616110991,6.26936904542565e-17,1.29045339292283e-10
06,41903798,C,A,-0.0615382070054813,5.73943183852341e-09,5.232212813606e-10
07,77827064,G,GA,-0.01552762073703,5.45402450083586e-13,1.31473707874668e-10
07,78141093,TA,T,0.0141655583039961,1.59401816018982e-08,3.67865622875206e-07
02,27730940,C,T,-0.0158804981412669,2.52207042981709e-22,1.43379968677916e-10
18,39696251,A,G,0.0266774971982176,1.62546558033147e-12,1.44119687287934e-10
14,33292743,C,A,0.0156397195885076,1.93495410918166e-25,1.46204621748344e-10
X,117902604,G,C,0.0172334068365209,4.99319082692011e-13,1.5433710340455e-10
17,39261560,A,T,0.0168419957797134,1.11280700046709e-18,1.57878860764009e-10
16,72996162,G,A,-0.016989850530018,4.01868622420551e-25,1.71259772515417e-10
16,73249677,A,C,-0.0405180572013529,3.15186774059759e-08,7.97149618911367e-07
04,145718861,GGTTA,G,0.0158935117941998,3.2127175608757e-23,1.751183272448e-10
07,71586049,T,C,-0.0163325656217323,1.14952552236486e-19,2.08008774405572e-10
18,56883319,T,G,-0.0199853090174456,8.19433471004712e-12,2.13389747178626e-10
18,56458986,C,G,0.0123540350611604,1.19999964629512e-12,3.32879796191901e-07
06,31592636,C,T,0.0185220498957217,5.13123134480663e-13,1.08113046635864e-11
16,2200622,AGTCTGGGGAGCTGTTCTCTACCCC,A,-0.0189984623176676,2.11353495218642e-16,2.42016180448673e-10
X,137166980,G,C,-0.0194091379849081,4.15315566760537e-12,2.43600897937403e-10
18,21109466,G,T,-0.0153638939281038,1.04506026970942e-25,2.81362288654079e-10
07,6387863,A,AG,0.0227703692464377,4.58777880490781e-13,2.84313912880922e-10
10,21829162,T,C,0.0162877645614773,5.35511152490772e-19,3.10112952559724e-10
03,25077932,G,A,-0.0220938865469564,3.45414349660759e-13,3.38940981784887e-10
20,34025756,A,G,0.013292283569383,1.64781084997845e-14,3.48022419408771e-10
20,33772728,G,A,0.0261003332057636,3.31079890198366e-06,7.90500011235264e-09
15,84663514,AT,A,0.0158966152600949,4.4998777301052e-21,3.58041663967526e-10
14,77547212,C,T,0.0167027747948915,2.16067055078848e-17,4.34958182859479e-10
07,70045443,G,C,0.0153085244291796,1.91647815739804e-22,4.50743243603657e-10
19,18334805,C,T,0.0181269385583572,1.31578284937096e-14,2.21412654961389e-10
19,18888150,C,T,0.0284217940464023,1.09360613444629e-10,2.31327208783655e-09
02,181517642,C,T,-0.0156382951623792,4.75367973645265e-22,4.91566055554371e-10
06,105402083,A,C,0.0235389282543383,2.77544248296455e-12,5.43772820172697e-10
08,23392733,C,T,-0.0219975668189858,1.11290214308838e-12,5.98898882352772e-10
07,113028634,T,A,-0.0152605327641179,2.18532033516736e-22,6.12830518896875e-10
01,66505549,A,AGTT,-0.0151074199053014,7.83175201064654e-25,6.35998488358371e-10
17,7096707,TC,T,0.0152657694526022,3.06023227166979e-18,7.21767857250116e-10
17,7559037,C,T,-0.0164844626915739,4.71029373255716e-09,7.44778845099493e-08
06,152168974,T,G,0.0149977448853256,5.50810675479282e-24,8.28276356822228e-10
01,150539706,C,G,0.0259819370852873,2.10452770693866e-10,8.68833984207841e-10
01,150346106,A,G,-0.0241639160535845,5.60516451624329e-07,4.2644073577493e-07
06,130345835,G,A,-0.0169778531471435,4.91630851300103e-16,9.03727040797581e-10
02,205375909,A,C,0.0279610475514672,3.96497377692686e-11,9.57070014145595e-10
01,96291369,A,G,-0.0157098891530825,1.6329543607303e-16,9.57558300819294e-10
01,95837584,A,G,-0.0220649235371303,1.11695897993207e-06,1.74752695308079e-06
09,120874945,A,C,-0.0201979004074438,5.10728355582125e-12,9.68088145086603e-10
09,120722080,G,A,-0.0139593891899733,4.7143148253997e-17,4.06841294649543e-08
15,47754312,A,T,-0.0164178899648614,2.34339494497056e-16,9.73798506976585e-10
10,125220036,G,A,0.0169736538319167,1.86579745262833e-15,1.04745922236892e-09
13,96982541,T,G,0.0149873759913015,4.32334225086833e-21,1.14290876793224e-09
06,29910478,C,G,0.01522131451088,1.24386749170433e-23,1.21077786574073e-09
02,213414265,A,G,-0.0167033290364353,6.8919747939765e-16,1.26554548102668e-09
17,28855373,CT,C,-0.0153858384438501,4.98964613162778e-26,1.31845914772092e-09
11,134611807,C,T,0.0152102349877532,2.31311574117555e-10,1.33867799156612e-09
11,134568740,A,T,-0.0162216048604087,9.56431571134924e-09,3.16959529668077e-09
01,49879122,G,A,0.0158407634484366,5.78482950686617e-17,1.40801218048851e-09
16,31015998,TA,T,-0.0156859717928704,9.47095531363059e-23,1.51252654654556e-09
11,8694073,G,C,-0.0154246367197648,4.27658806872221e-18,1.64119953784078e-09
07,50571996,C,T,-0.0148423453002869,1.10772573593041e-21,1.74803725976276e-09
09,37111936,A,G,0.0146656823939199,1.20795716460225e-23,1.80901918848284e-09
06,100602753,G,A,0.0170542887603719,1.35798192884551e-14,1.8144713968528e-09
03,131750352,C,T,0.015582242840405,7.03999309146269e-17,2.02149874828264e-09
22,42070374,A,C,-0.0246317747081676,4.21478906027762e-11,2.09121253315104e-09
05,170459675,A,G,-0.0163008299002452,2.54193596395225e-15,2.1199192780489e-09
15,80991447,T,C,-0.0158206557101206,4.38406986249572e-16,2.19092057957083e-09
07,103427228,T,G,0.0147139071354407,2.9308474639513e-21,2.21016393727676e-09
14,94028197,T,C,-0.0152016414451859,4.07033061715742e-18,2.23727812309138e-09
01,54728864,C,G,-0.0151569865212018,1.54744973626136e-15,2.24602332013817e-09
01,54941934,T,C,-0.0121289452157157,7.47949218736728e-08,9.74217583951075e-06
15,41970964,C,CA,0.0227648813180596,6.90125965618398e-12,2.44866224577195e-09
05,43190861,TA,T,-0.015208905000167,2.1889187364188e-21,2.45743615278117e-09
05,63967322,A,G,0.0153699883362324,2.79810256864159e-18,2.47338038200942e-09
01,190278319,T,TA,0.0146143241612902,1.1292656868813e-21,2.58493880975923e-09
17,47112109,C,A,-0.0149108416467118,1.57769795352737e-17,2.9400582334142e-09
X,53652838,G,A,0.0123055839798891,3.76435690117326e-20,2.98806533408721e-09
03,62687746,T,A,0.0151931680816733,6.00956735715642e-13,3.33569227458765e-09
03,62471282,T,C,-0.0143256199194477,3.08166918399268e-12,2.4894108753839e-08
20,25195509,G,A,-0.0378386430181339,1.11676788501574e-08,3.39534870886632e-09
20,25401417,CA,C,0.0190716139385477,1.86206363907399e-08,1.712919222794e-07
03,12441088,T,TA,-0.0186011746534178,1.43384627117599e-08,3.39866121246792e-09
03,12395645,G,A,0.0182637743161698,1.14947341866248e-07,6.96599938600763e-09
06,29355148,A,C,-0.0158153470665485,5.67005520741693e-16,3.49183177150621e-09
14,29681138,G,C,-0.016814750482829,1.67662320832595e-11,3.50354415736582e-09
01,1564194,C,T,-0.0149999927856,7.13069609364758e-19,3.70304925849439e-09
05,102167151,A,T,0.0149683704286842,3.62865707797132e-18,3.77226536696998e-09
20,54491755,G,T,-0.0143875178888722,2.73993860654665e-22,3.84099399097471e-09
17,71132066,TAA,T,0.0142486875182516,5.20497627559977e-23,4.59672015686392e-09
02,100765728,C,CA,0.0206953126602611,6.59950971257877e-12,4.61128922211957e-09
18,13182325,A,T,0.0184431538456802,1.58446143462076e-12,4.79104106242774e-09
11,64049021,C,T,-0.019335370648139,3.54688857514885e-12,4.82032769191163e-09
13,40759773,T,C,0.0191265310265789,8.57715861598327e-11,5.24623023307199e-09
13,41256473,T,G,-0.0125511530245379,3.9000916525114e-09,3.25245415170538e-06
14,42939471,T,A,0.0143215902931871,3.368733410055e-20,5.44917906514049e-09
09,103061366,A,G,0.0153016923273319,2.88500418180305e-16,6.07575484973705e-09
03,196934710,G,C,0.0200096006130208,1.15822496950166e-11,6.08138334126964e-09
03,194870655,T,C,-0.0147070850773309,2.86989666980807e-18,6.12207064535195e-09
02,67838685,C,G,-0.0144555523065401,1.55910397475005e-18,6.4591249825613e-09
06,154304628,G,C,-0.015337620461784,1.83329729334427e-15,6.53101080542425e-09
01,195029618,C,CT,-0.0159138681105717,2.87458610205892e-16,6.56656214216631e-09
14,23754580,G,A,-0.0148816976920434,3.0707864464463e-17,6.66210416780026e-09
12,91237920,T,A,-0.0145916782895635,1.39527769186487e-17,7.03186701894704e-09
15,99227787,G,A,-0.0166820009693093,7.07743558013382e-11,7.03657083780421e-09
15,99517619,A,T,-0.0143962383428528,1.11602200414587e-12,3.2948112628311e-08
20,45519805,T,C,-0.014162207645406,2.09399486814029e-20,7.26857146195114e-09
20,32542814,A,G,0.0147882023662963,1.21592594291228e-16,7.32814830460892e-09
01,16706255,GT,G,-0.0149146765335063,1.67258610761129e-20,7.34763253240516e-09
01,107977075,A,C,-0.0167022000422346,1.35701195426116e-12,7.35296764698827e-09
01,107885018,C,G,0.0155414409972203,2.08738123560179e-08,2.28657758358552e-06
01,107539252,A,G,0.0125926041978603,4.41443998957073e-09,1.54010246869992e-06
02,161105876,A,G,-0.0150468612133993,6.55727699640586e-16,7.70756657123574e-09
01,42414686,G,A,0.0141849269751379,1.07046190938999e-21,8.04756219007232e-09
03,138122122,C,T,-0.0191628895836965,1.44403064458211e-11,8.10992586488153e-09
08,67205241,A,C,-0.0159859556456135,5.43020204106842e-14,8.23922029618455e-09
11,113232676,T,TA,-0.014607384132496,1.06624658679781e-20,8.25647025245508e-09
09,16715657,T,C,0.0146161833718341,4.88799641977473e-17,8.47795246788919e-09
15,73687743,A,C,-0.0275499634943277,6.03030791901474e-10,8.93095415609066e-09
09,129460914,G,A,0.014148450617444,2.84143111638353e-22,9.01461378060169e-09
01,203491150,G,A,0.0187323793124284,8.00360300959908e-12,9.2490906865736e-09
12,56364321,A,G,-0.0148044479423719,1.68110147734525e-16,9.27224057065909e-09
01,47690438,G,T,0.0141043728415923,3.2133947060467e-19,9.8571861458147e-09
12,118404498,CCT,C,-0.0150511044123636,8.67769485284547e-16,1.02684228856525e-08
06,119524516,C,G,-0.0140348134818558,7.268177812882e-21,1.03444277276983e-08
03,153657951,C,G,-0.0137145296019867,1.74985828620642e-12,1.05096827913176e-08
03,153210071,A,C,0.0114197353234652,5.31522910330753e-09,1.31894191179757e-06
18,52525247,T,G,0.0171730357056325,1.15285903807247e-12,1.05460061228243e-08
13,33294182,G,C,-0.0139828265463758,6.86860089090634e-20,1.11927836860668e-08
02,230847856,C,A,-0.014000742579982,2.250026171317e-19,1.12965968817594e-08
19,34019403,GAC,G,-0.0143156895559538,2.01111689771067e-12,1.22498046070299e-08
19,34316705,C,T,-0.0117378615118872,4.17364047923565e-08,2.61868720395406e-06
11,65639374,T,C,0.0121801969432161,5.84563388433361e-08,1.2788030612434e-08
11,65852571,A,G,0.0114535765416386,1.82736351172391e-08,2.92817344008329e-08
08,64720735,T,C,-0.0140883206032357,1.1681626959263e-21,1.2859465453581e-08
03,20432033,G,A,-0.0154332546164288,3.15196979489611e-14,1.3202267259892e-08
12,103634961,TA,T,-0.0150927762224437,9.90668829721812e-16,1.35676216673309e-08
16,71899586,G,A,-0.0166439998178584,7.14677405886499e-13,1.37476390226673e-08
07,121952981,T,C,0.0169927407447514,1.65634322168861e-12,1.40164746564118e-08
01,208706936,G,A,-0.0152281922235793,1.57836400366341e-14,1.43644192268654e-08
12,99538339,A,T,0.0143698616160295,8.27627658311168e-17,1.45348030607294e-08
15,73093991,T,C,-0.0146784564776691,7.67463653431013e-16,1.56005331166821e-08
05,107478679,T,TATAATA,-0.0166190800501743,2.22304502753103e-13,1.59341064858513e-08
09,94187634,G,C,-0.0144877547650107,9.30359924613584e-16,1.62026193161056e-08
06,33516762,GGTA,G,0.0168714704332533,3.35984557608642e-13,1.62599561904505e-08
20,15809756,G,GA,0.0208693003828395,1.0525199997422e-10,1.68509137191824e-08
01,8662449,C,CA,-0.0145260039017005,5.07688310972584e-16,1.87236102513642e-08
X,66222744,CAA,C,-0.0155899306800338,2.16575250193648e-10,2.0471069284263e-08
07,76814053,A,C,0.0303433661423692,7.42485082857131e-10,8.65138528751485e-11
02,69704970,G,T,0.0175026135564369,1.54873640451524e-11,2.17570103119801e-08
10,126474200,T,C,-0.0145775908587691,1.19417689878912e-14,2.22728486870614e-08
10,126629608,A,G,-0.0123134609744821,1.16169238494204e-10,6.80956090666959e-06
07,92253972,G,A,0.0145335664755073,3.86090658268618e-15,2.33132550191755e-08
07,130450661,C,G,-0.0137886294406497,3.10159046529753e-18,2.40071724338019e-08
09,83324554,G,GC,0.0168169657361644,7.9831142097189e-12,2.52286238016427e-08
16,89535888,C,T,-0.0202540673446731,1.39038243985308e-10,2.55333815617139e-08
14,47303114,G,T,0.0126065055013083,1.57662252787971e-18,2.75832855430554e-08
14,47799707,C,G,-0.0308128885784218,2.80575982668925e-06,5.67808378329524e-07
09,92189513,C,A,-0.0136020367401741,4.21231036850694e-20,2.81729188644767e-08
02,175238924,T,C,-0.0172778417388458,2.11705276002062e-11,2.99717456849027e-08
17,4850748,T,C,0.0178870617558552,2.41209459198105e-11,3.06055532365885e-08
03,10496318,G,T,0.028482434297917,4.8711807742863e-08,3.10386382353377e-08
03,10036668,CTAT,C,-0.0131742251646269,8.21479813829354e-13,9.26112677830108e-08
17,7630365,C,T,0.0157664235978329,4.97618298116757e-10,3.17800513348126e-08
17,7544045,GCGTGCTGGC,G,-0.0253714745243998,6.53827607766219e-08,4.53586503629465e-08
06,43757896,C,A,-0.0131801854141096,1.90324244376862e-19,3.20337446234091e-08
06,43588227,T,A,-0.0359491794150118,1.36661305403314e-06,9.40781045317798e-07
10,16774121,CAGG,C,-0.0148625366659389,5.87751585888819e-15,3.22993072758322e-08
12,97604246,C,G,0.0166428001696287,2.46516302680727e-15,3.26039409785996e-08
12,97951882,G,T,0.0171152341814972,4.31172818031552e-08,1.28719371828618e-06
03,128966302,C,T,0.0249666708932079,1.50121782658293e-09,3.3441223820342e-08
02,236819547,ATGG,A,0.0162921444040232,1.12238966896134e-14,3.36018898708751e-08
08,118882739,C,CTGA,0.0227372541805809,5.86299854839671e-10,3.72389703890566e-08
08,118789592,T,TGCCA,0.0139559276470933,3.91147945287511e-09,5.45923951662288e-06
13,59288619,G,A,-0.0174578937548367,3.23481607870298e-11,3.81014929989308e-08
15,53101700,A,G,0.0152414041741393,4.54965947354485e-12,3.93085396464097e-08
15,53525202,G,A,-0.0227014951410294,3.88043057066869e-06,6.77335250592649e-06
03,185798025,C,T,-0.021845421456769,1.2442552541241e-10,1.4851136285841e-11
03,185298868,A,G,-0.0121175177138435,6.82432206807029e-10,4.03043708510424e-08
18,60845884,T,C,0.0125304642453933,6.86795017945841e-09,4.05079908848936e-08
18,60737480,A,G,0.0115644767352798,1.05760231449279e-09,1.97016651179184e-07
12,53831064,C,T,-0.0214820715600322,7.32958554856979e-10,4.21900572001685e-08
11,120184575,T,G,-0.0186010786766761,1.75192410179956e-10,4.2440689208048e-08
11,15030244,C,CT,-0.0158508731004861,3.29759001491899e-13,4.28362724745885e-08
13,20616557,A,C,0.0201807398169537,2.19548979739439e-10,4.29060663786697e-08
05,77389973,G,A,-0.0153508994736297,1.96745541983609e-12,4.42105320991387e-08
06,126090277,C,T,-0.0132596688303033,6.63268437130187e-20,4.52638845934352e-08
11,66872320,C,T,-0.0267510538671256,4.19147137531407e-09,4.82623755277694e-08
17,44262496,T,C,-0.0142948581010251,8.66928306614792e-15,4.82937087863085e-08
03,119997444,G,T,-0.0178201922051893,1.15857633450683e-10,4.87570674681573e-08
13,112239671,G,A,0.0134729791967283,1.668694162243e-17,4.95223920076782e-08
03,82703900,G,A,-0.0163029001597097,1.93331895704797e-11,5.13054327737395e-08
02,212256192,C,T,0.0151742473188553,1.73207310752283e-12,5.36603411876412e-08
14,99700080,C,T,-0.0133352527761275,7.95719660092165e-18,5.7286265237003e-08
19,19793545,T,C,-0.0239477733419491,2.60206747054025e-09,5.78968795519234e-08
09,27824434,G,A,-0.014302604306331,1.12537912869723e-13,5.96752698604728e-08
02,50742419,G,C,0.013612194869441,8.27830171207789e-16,5.97898058953534e-08
16,76770485,AT,A,0.0155612699205265,1.39335565401336e-13,6.31674303463971e-08
04,31015214,T,TACAC,0.0148237751142518,2.28965978308443e-13,6.40380323832185e-08
13,50565104,ACT,A,0.0495953497726241,1.15846959622031e-08,6.41387619452067e-08
04,152945174,A,T,-0.0131914287084355,1.12752732233957e-19,6.46743232335451e-08
14,35864990,T,C,0.013948521297879,5.48787459861769e-11,6.59209830187574e-08
14,35662186,A,G,-0.0165097183460806,7.95924234373304e-07,1.31489350193127e-06
06,66919338,C,A,0.016744119917842,6.67299040578887e-11,6.70744213962202e-08
07,114591303,C,CT,-0.025237720102912,4.68397580289463e-09,6.84571629176532e-08
09,87172665,A,AT,0.0245793336016134,3.69268751823459e-07,6.93545058812285e-08
09,87246283,A,G,-0.0121868511200037,2.06946893881085e-09,2.75552463084505e-07
07,93200058,A,G,0.0131980686846072,2.93311312301991e-18,6.98789671756094e-08
11,69506234,CAA,C,-0.0137211064525145,2.80620164783017e-17,7.08686628163989e-08
14,103246470,G,A,0.0137778188247376,3.50417718512725e-14,8.0958621814018e-08
08,21088909,A,G,0.0191722470765191,8.53548599379721e-10,8.10228041558414e-08
15,62112657,C,T,-0.0473997424358648,4.59452829034765e-08,8.18852373218681e-08
04,130724902,T,C,0.013587660505935,6.08080088324664e-15,8.25551581323146e-08
03,42329113,G,T,-0.0208419141070788,1.02063149584623e-08,8.49491061321375e-08
03,42439589,A,G,-0.0138279287728803,5.37844106604593e-13,1.35434759436727e-07
03,108119528,C,T,-0.0130760132944497,1.88600729139972e-20,8.81782046147841e-08
08,57112046,G,A,-0.019847654389991,1.05721431617631e-09,8.87929055772109e-08
16,69940355,A,G,-0.0176390191513377,5.81841685648939e-37,5.7823734850246e-13
01,82433103,G,A,0.0140208946530653,2.23817202318577e-13,9.31039291265138e-08
02,62857466,A,G,-0.0129978485596436,2.06831625051783e-19,9.61971071115376e-08
11,500096,G,A,-0.0253230940995504,8.80214120068582e-09,9.63341160325643e-08
01,98315893,A,G,0.0156223923015616,1.30030926925815e-11,9.65944120819523e-08
02,36777825,G,A,0.014183590909377,4.32878981786314e-13,9.72877355073221e-08
10,88127995,G,C,0.0129273500480827,1.44205318527564e-20,9.80486587241673e-08
11,133065775,C,G,-0.0253299321831404,2.59801087343469e-08,1.00124972478442e-07
11,132673205,T,C,0.0124823889835759,1.50259178222344e-11,9.75554994967076e-07
13,67419495,A,G,-0.013356181173351,1.88312856080048e-15,1.01957384870408e-07
10,2669310,C,T,0.0129108307852459,1.53143219673688e-19,1.07214034239359e-07
06,50769962,T,TC,0.0398110637925447,2.51160976115656e-17,3.75532991026741e-13
06,50702485,G,A,0.0319755446354454,1.42709616090397e-18,4.55124322631079e-13
04,20092297,C,CAG,0.0167756068073025,1.39339809762508e-10,1.14826631089329e-07
03,183356627,T,C,-0.0147912191472071,4.83004691768352e-12,1.16979007886467e-07
10,114754784,T,C,-0.0141604998965917,7.57234144532496e-13,1.19460231441206e-07
16,406427,G,C,-0.0134414770958133,1.45579383762399e-14,1.19496557212177e-07
03,88237473,C,CAT,-0.0196682345817255,2.0525470346122e-09,1.23609358036921e-07
19,8670147,C,T,-0.0355383886774214,3.86399797046066e-08,1.23711261023566e-07
08,124150990,G,A,-0.0134771716110265,4.10565618412764e-14,1.23963936351366e-07
08,85527010,C,CT,-0.0162251249965253,1.22424244309048e-11,1.27033569044697e-07
06,104763028,T,C,-0.0157179680018512,2.74661676421183e-10,1.27909709255597e-07
06,105221899,C,G,0.0249105297979858,3.5181149224188e-07,9.84399687469191e-07
01,23336201,C,CT,0.0172684295569899,4.93175181345822e-10,1.33505393102512e-07
X,102923691,AT,A,-0.0108126062217919,2.07412928596218e-13,1.36533818934173e-07
19,51640330,C,G,-0.0222704741597073,1.94138559177621e-09,1.39049468809514e-07
04,840553,CTTT,C,-0.0133125971592427,7.85692585504653e-16,1.3957380228387e-07
01,173999106,AG,A,0.0213191517546477,2.91346883495465e-08,1.43937477847268e-07
01,173863375,G,A,-0.03124669648703,4.07847624702123e-06,2.07455157730777e-06
04,25355782,AAAG,A,-0.0155774431329082,2.52059959345454e-11,1.51416574650379e-07
17,45269868,A,G,-0.0135675181866351,1.36134426501133e-13,1.53586999763257e-07
06,153367356,A,AT,0.0143236911986605,1.29069497729609e-12,1.55162113299091e-07
11,122765478,G,A,0.0149376804131039,9.78270801518275e-12,1.62755596000711e-07
02,50241865,A,T,0.0169772210559955,4.8869002289436e-10,1.66145903553388e-07
20,43514203,C,T,0.0142877924242942,5.9227340026371e-12,1.66812632215447e-07
05,131169118,A,G,-0.0129466155268398,2.53444509775691e-16,1.69316549137982e-07
22,40611012,G,A,-0.0135757206738675,2.39620373332016e-13,1.72168084762076e-07
05,157994762,A,G,-0.0135262455996569,3.88689563460439e-14,1.86626243833689e-07
05,284768,A,AC,0.023242492051869,6.86409119425068e-09,1.92028625338422e-07
08,135637692,G,T,-0.0128625353664237,3.21385740492591e-15,1.97244111424058e-07
14,30491807,G,A,0.0357121773101102,6.26356971148471e-09,1.99883433044923e-07
09,34074476,T,C,0.013022608233098,2.39308993335954e-14,2.11330445460678e-07
15,43703277,AT,A,-0.0581804828540772,1.13145494012918e-07,2.1195056305758e-07
05,50935903,T,A,-0.0313242354534028,5.15433412954827e-08,2.25529521979954e-07
08,25650946,G,A,0.0135896659246489,1.18000017388496e-12,2.26229982157974e-07
06,25365840,A,T,-0.0151168156408497,1.23158871535949e-06,2.36894504183503e-07
02,26953354,G,T,0.0125435999958095,5.82305206881053e-18,2.37142945487289e-07
06,143187255,CA,C,-0.0125233209359549,8.74447965404446e-19,2.3883683737192e-07
01,196912946,C,G,-0.0272389959856393,3.57947291438059e-08,2.39252891711576e-07
06,83433135,G,GC,0.0126211675545283,2.71301804031625e-18,2.52802163258888e-07
07,27202289,G,A,0.0153363219523498,1.46710654551754e-10,2.63498911880285e-07
12,133487774,G,A,0.0135039754440344,9.501656219496e-13,2.65897858088085e-07
10,118778079,C,A,0.0149520929236669,4.36819657213785e-11,2.67572055550294e-07
14,91397458,C,T,-0.0124712881063674,3.7220928013547e-18,2.7291006340959e-07
17,52937056,A,G,0.0171670839600096,1.50786376012879e-09,2.86291365950158e-07
12,17243518,GT,G,0.0160533144633661,3.97210933293262e-10,2.89216365247286e-07
12,41887940,C,T,0.0124329429601942,1.92849631361487e-18,2.89437216352226e-07
05,112478549,G,GGATGCTCGTCTCTAA,0.0130343094746232,1.97733363283854e-15,2.92876548823058e-07
10,120508735,G,GA,0.021808387717469,1.68852998775115e-08,2.95448589182389e-07
18,45923482,G,T,0.0142312186832489,1.57843512963975e-11,2.99117412036419e-07
16,24209728,G,A,0.0202504269330157,3.52768219565238e-08,3.00084350639529e-07
16,24704329,A,C,-0.0142623472607908,3.82397943385227e-10,4.52024821436819e-07
12,114562870,C,A,-0.0124742657956914,6.73273456637618e-17,3.07051751620933e-07
08,95685147,A,C,0.012810644560339,4.32840592563606e-14,3.16967678085024e-07
15,46585722,C,T,0.0124941368109041,4.57990198859636e-16,3.2657896565241e-07
05,37258143,C,T,-0.0149842142268716,1.833858824406e-10,3.28180922472461e-07
X,85574990,T,A,-0.010391289944586,5.56501191664279e-13,3.32336307386901e-07
08,6329470,T,G,0.0169992315161595,1.70091434864949e-09,3.34343888022694e-07
01,112318484,A,G,-0.0127982500651365,1.95714321122829e-14,3.38055350821942e-07
06,164105984,T,C,0.0136799288591341,1.4161392064118e-12,3.45643048726054e-07
06,164373647,C,T,0.0439461328268118,3.46670045780086e-06,8.48484819691092e-06
11,118954265,G,A,0.0135005314184084,1.63702814333436e-15,3.5001475417119e-07
11,119012657,A,AAT,-0.0227545749112311,5.23932095133079e-07,6.39226717129216e-06
06,90325025,G,C,0.0283147109181204,2.56386524842209e-07,3.55953696266688e-07
06,90055625,T,TA,-0.0114870682176084,2.8588861884176e-14,2.79266364227039e-06
12,116196322,A,G,-0.0156954401137627,3.18058129015347e-10,3.58498597692441e-07
11,28074024,AC,A,-0.0146085090600763,1.04535196880712e-11,1.59319744760381e-07
05,3513485,G,A,0.0123509154883036,8.66594000284575e-17,3.88677795109255e-07
01,31488277,C,T,-0.0678407315078856,2.77122213444947e-07,3.89536822105636e-07
05,141844088,T,G,-0.0206501704120993,2.29204139608767e-08,4.01751122326358e-07
11,92712544,T,C,-0.0260521824876686,4.91824807942785e-08,4.18697398452814e-07
04,89711849,T,C,-0.0123049604570356,7.08275783036007e-17,4.20098172794755e-07
17,56109863,T,C,0.022786388163096,3.84319583737905e-08,4.27426438506531e-07
01,225561346,C,T,0.0128977649274122,1.69831961939997e-13,4.29485283983565e-07
12,122152255,C,T,-0.0329015505292641,3.98720212023892e-09,5.35879134380235e-09
12,121497619,CT,C,-0.0127770735121689,2.53413459761017e-13,9.5516075080094e-07
04,115131889,GA,G,-0.0124252668605263,2.18173612364174e-16,4.32798271772355e-07
18,1839911,G,T,0.0174343362025801,4.81576133657073e-09,4.42480043417805e-07
16,15131654,C,CA,-0.0135345131610127,7.27800629799509e-12,4.52499676283011e-07
18,63282992,T,C,0.0133261172800482,1.59465189178515e-12,4.53091319814559e-07
04,38636772,T,C,0.0123324638077773,8.91403454331864e-17,4.63420893986131e-07
06,127760958,G,A,0.0281239918205501,4.99908700777553e-07,4.79055980370008e-07
06,127439897,G,C,-0.0226310539206448,2.63155451062789e-07,5.11677912486546e-07
03,71270297,T,C,-0.0139010806978057,3.27967138093973e-11,4.79240822688629e-07
01,11325330,A,T,0.0133869307222703,1.80162646663402e-12,4.81127133188647e-07
01,209524574,TGA,T,0.0123173998980267,1.12569148773539e-08,4.81283682578088e-07
01,209265152,T,C,0.0151270744708109,1.26645071227515e-06,6.48581668739605e-07
15,57120989,A,G,0.0154349021086088,8.73993063058259e-10,4.82250035746818e-07
13,31012904,T,C,-0.0139150200669732,5.68476376137537e-11,4.83671255987516e-07
02,59871269,C,T,0.0152361203340398,6.46630225471477e-10,5.02069276044446e-07
03,35599288,G,A,0.0131200843296026,2.95316074113373e-12,5.16565095584208e-07
01,210098466,G,A,0.0164671320709904,3.37835837724161e-09,5.20499212936101e-07
16,64716851,T,C,0.0124592961293026,7.69167198431705e-19,5.22372742958954e-07
13,50655989,G,T,0.0494151958291482,2.30071246951281e-08,1.27122986545462e-07
13,66204127,CT,C,0.0123539975476714,2.01879678443063e-15,5.23813344865101e-07
03,12450917,G,GA,-0.0198230016066601,3.68206016504173e-10,1.25243809925213e-08
01,57850045,G,A,0.0148741468243599,4.94634439699563e-10,5.25523658073906e-07
06,20725240,T,C,-0.0149456792460139,2.24301374076771e-08,5.48418000576935e-07
06,20458179,C,T,-0.0359043687287967,6.25977282298747e-06,1.86174759413872e-06
16,2787062,A,C,0.0589822478939133,3.39452814957739e-07,5.49088126010205e-07
02,5978658,A,T,-0.0198947589643919,7.00455593951628e-08,5.51205044301382e-07
02,6231733,C,G,-0.0128184005551284,9.28260974587823e-11,1.21128617650961e-06
10,76091050,A,AT,0.018627948942968,1.48123047111418e-08,5.60407701215399e-07
12,108164385,G,A,0.0125519832372398,1.01316791276022e-11,5.60510377639763e-07
12,108558344,A,G,-0.0251788348400454,2.52471961116842e-06,2.38316852872659e-06
10,77657971,A,C,-0.0121689813838135,1.50665770552071e-17,5.60876975720759e-07
02,466003,G,A,-0.0881441880945356,2.2922292558728e-61,9.3530578448924e-52
02,554643,G,A,-0.0245312188335834,3.67167033345364e-07,6.94244371511017e-11
03,176320312,C,T,-0.0124455060547244,6.01810429914394e-16,5.74773924693682e-07
19,3432284,A,G,0.0126729159223567,2.96006790945684e-13,5.78623002312594e-07
06,131934981,CAAT,C,0.0172632279299874,4.31554051371089e-09,5.82998490568245e-07
04,147354089,C,T,-0.0154645408367107,1.22071322613328e-09,5.83045612652493e-07
11,46141511,G,A,0.0588364715846717,3.94808014035213e-07,5.87953927916696e-07
02,632536,G,A,-0.0888292285256337,-99,2.28631176540177e-43
03,12916946,G,T,0.0290503596125391,-99,7.28635357281408e-08
19,18490284,G,A,-0.0254485391931258,-99,6.74533483203956e-07
06,25829054,A,G,-0.0304535258554377,-99,1.29006400305597e-11
06,26604140,C,T,-0.0257778140280781,-99,2.97266521823249e-10
14,30137407,C,T,0.0239532400564011,-99,5.75427677263123e-06
06,31113214,C,A,-0.0342681649912253,-99,1.55466937825342e-10
06,34012048,T,C,0.0429613187246846,-99,5.2477977924085e-07
06,34421820,T,TCTAA,0.0396403967652732,-99,3.72674130601988e-17
17,46628613,T,C,-0.0906676420237141,-99,4.80305930750738e-06
13,50971056,C,T,0.0472110077103325,-99,7.31549908107207e-07
07,77045957,G,A,0.0267822680708042,-99,4.1678211316773e-08
07,77420388,A,G,0.0300464263023047,-99,2.40816784231097e-09
12,90136912,G,A,-0.0336704221213243,-99,1.71819536564599e-10
