chrom,pos,major,minor,beta,p_value,gwas_p_value
18,57850927,GTCT,G,0.0408190057741375,5.17087884012539e-167,2.40365510414856e-104
20,34025756,A,G,0.0327545006708324,2.92794814127065e-208,3.74933722800312e-90
16,53809123,C,T,0.0305907330838892,5.53134633312408e-182,1.12343910591376e-78
03,141105570,A,G,0.0267763532445857,3.76195178496545e-160,3.1879155050871e-62
06,34620153,T,A,0.0316249966622922,3.97350299429974e-48,4.3716469322543e-53
12,4384844,T,G,0.0930225863812002,8.69127849587726e-55,5.05910318449591e-52
06,130374461,A,T,0.0273765014290044,1.35049294185607e-87,9.11703650782032e-52
13,51099616,C,T,-0.0274787936128549,1.13773689461621e-70,5.60531898761488e-50
13,50655989,G,T,0.0698953029611823,6.01276951869531e-33,7.57583445403591e-36
06,126704795,C,T,0.0238065894331348,2.42797573724306e-123,2.70226443825064e-49
07,92250140,T,G,0.0262127212278859,2.05798370984165e-82,4.35728168907346e-48
12,66351826,C,T,0.0225629336438957,3.50246863108965e-129,9.21152274135073e-45
02,417167,T,C,-0.0520835346018624,7.24453860796153e-48,2.46570990587626e-42
02,632536,G,A,-0.0283118875279926,6.70728354230937e-56,2.29773860598415e-38
18,20735461,G,T,-0.0264552951899305,1.40251106820786e-63,7.4844235513781e-42
02,27730940,C,T,-0.0217769553644921,1.08936317258032e-90,3.6081631734084e-40
08,57122215,T,C,-0.0299982807708021,3.05265494067158e-44,2.07778400117311e-39
08,57198009,A,T,0.0169515626116582,3.02023636939759e-27,6.33360024795087e-22
17,29206421,G,T,-0.0257823912389096,2.79127209776059e-64,2.49373610729127e-39
01,78444764,C,CGGCCG,0.0317015286324788,1.5327230815926e-49,5.27740079426487e-38
01,177889480,A,G,0.0254248440199354,3.21276042605899e-57,5.76801578858152e-38
14,61072875,C,T,0.0208662641359048,1.1183146503945e-81,4.44993261044434e-37
12,93989683,A,AT,0.0260405331063701,5.75913644984048e-52,7.31217564066149e-37
12,94136009,C,G,0.0137596244818139,1.90741454844773e-39,3.53643701809165e-13
X,78655777,G,C,-0.017360466658513,3.19192491740332e-64,1.54987356369017e-36
13,51064533,CCT,C,-0.0235744744168194,1.45568851800466e-61,1.12317440832456e-41
13,50565104,ACT,A,0.0686905136261135,6.32179681971805e-33,4.82422647264007e-36
04,17937983,G,GAA,-0.0232213523584162,2.17507258441473e-33,8.37683042158159e-36
04,17875735,TCTC,T,0.0150946511731699,1.46314363780527e-26,1.59344086272659e-27
06,31840021,A,T,0.0161711117589367,2.26699871362781e-26,2.6211889963283e-35
06,32199144,C,A,0.0155908837237766,7.71552778216981e-15,1.28411846291229e-30
09,119124535,T,TAA,-0.0245848211185689,7.06268306033155e-52,7.15864215174614e-35
17,62017421,G,A,-0.0250645507041719,3.41703950328942e-102,2.87419212234613e-32
17,61996273,T,C,-0.0331983597007105,5.12141043861945e-44,5.45575988476289e-18
16,29994922,C,T,0.0187132205736266,1.00903475284573e-87,3.80666681252566e-31
04,145566477,C,T,-0.0193168693768931,4.45421539331494e-25,4.77571846152849e-31
06,19839415,C,T,0.0417739817347106,3.24587418142729e-34,5.22976949914912e-31
05,75003678,T,C,-0.0189383112186786,8.14312484079167e-69,6.09924251507775e-31
06,109003321,C,T,-0.0204933118570595,3.7013146514533e-54,1.69837834718448e-30
07,150668070,T,C,-0.017827014083833,1.5179527983629e-47,2.44883901883257e-30
07,150554553,C,T,-0.017943664988576,6.59732050859534e-10,5.44753179190481e-14
01,154989823,T,TGGGGGCAGTAGAGGGGGCAGTAGA,0.0190297806397696,1.1459956600458e-35,3.1634440516729e-30
01,155186742,G,A,-0.0109968580103215,6.21447545015323e-21,6.48080476306567e-17
16,2160503,T,G,-0.024384673086103,1.71681166238892e-36,4.45724682933629e-30
16,2266173,T,C,0.0169054551402215,4.92235031684754e-33,1.02668349572932e-21
06,26180634,G,C,-0.0189630602958949,2.94499678644125e-34,3.38789372842276e-29
06,26076446,G,GA,0.0089830401139429,1.04179184553596e-15,9.08238773357502e-13
01,41544279,T,G,0.0186444997620705,3.92920039307428e-55,4.54169180455088e-28
08,135656665,G,A,-0.0167489216411452,5.38405028419685e-23,9.80390508586743e-28
08,135757098,A,G,-0.0127498593871034,2.08155368420465e-24,5.83910118323954e-07
08,135649848,G,A,-0.0129095572838937,7.6969550543139e-12,1.32706308306908e-22
20,33430974,C,CA,0.0140145406493794,1.02871866403305e-34,8.05280426132266e-34
20,32505658,G,C,-0.0195233025069787,2.46550818467961e-15,8.23729060837206e-23
20,33442047,G,A,0.0212541275750085,4.29006343740009e-09,1.2317782699654e-19
05,122699198,C,CTA,-0.0172639726945412,1.52582144802396e-70,4.85641010771533e-27
06,41909521,C,CCG,0.0340992798508324,1.02214344212455e-28,3.45064753372148e-26
06,41903798,C,A,-0.0630283441636287,1.40428104798717e-19,1.76645929060628e-20
06,7702659,G,C,0.0170430083705645,3.25102760194638e-63,2.00407635393998e-25
06,7231843,G,A,-0.0169461925497801,8.83511592085701e-12,3.09542296209936e-10
11,67024534,C,T,-0.0301468027111059,9.48075172820107e-30,2.00733207829304e-25
02,218279432,AC,A,-0.0173878215057444,1.53189214812479e-34,2.18498943632011e-25
02,218146818,T,G,-0.0145642668750213,1.85726545254409e-19,1.78253128813593e-16
02,218604987,C,T,0.0157125021239543,1.70706087375166e-07,3.63029163721184e-08
06,152168974,T,G,0.0166090748490438,1.76453345863411e-44,7.65804513858572e-25
06,151727545,C,T,0.00860655048276465,3.06700318039484e-09,3.18256420284484e-07
20,32274380,G,A,-0.016936989323535,4.56544208819153e-27,1.73415371405128e-24
20,32595626,C,CAA,0.0126642900960808,4.36636213139454e-31,2.01619180740906e-18
17,7571752,T,G,0.0753791449816827,1.01172497421832e-24,4.55954821037724e-24
17,7366619,T,C,0.0199121297522809,6.49801188648925e-19,2.02030627813679e-15
17,7200613,CAA,C,0.00953632400152966,1.16262159140609e-19,1.67496922281332e-09
11,27694241,G,C,-0.02279894659221,2.13661446156114e-30,9.30351060715571e-24
11,27457894,GAGAA,G,0.0110959568296987,2.06374751364183e-22,2.51497056823876e-07
07,2859847,G,A,-0.0174867066157118,7.00516271962658e-43,9.47427668895128e-24
06,142716286,G,T,-0.0173662552138687,4.32713202457327e-27,2.45657948413124e-23
06,143187255,CA,C,-0.00978335229502296,4.16974035771277e-16,1.91650773609281e-10
06,142436352,C,T,-0.00973448316861896,1.76324949249057e-08,1.52381096756116e-07
08,78105153,C,A,0.017264519389,6.77655506556778e-38,2.57072735648026e-23
08,77761919,C,T,-0.0211342601081704,1.42567743769962e-09,6.84226570736932e-10
05,42687629,T,C,0.0181428580674925,4.708708275324e-14,2.99498618779486e-23
05,42290110,TA,T,-0.0113204199703214,1.50653542535347e-14,3.09681192799826e-14
05,42814817,C,G,-0.00959131511382623,1.0109135824759e-15,2.99926094833333e-15
02,172414553,A,G,-0.0172300729518403,2.99180813893026e-24,3.87335248461478e-23
02,172885096,G,A,0.010489242139171,3.92276665992978e-08,1.50671238429241e-07
02,171923670,GT,G,-0.00833268171792484,3.01508473056396e-10,6.56581454815157e-08
12,111884608,C,T,-0.0157888018328535,1.04333763604863e-62,4.8371559289381e-23
22,42070374,A,C,-0.0269401600032312,7.96835248809559e-28,5.14756168911419e-23
03,185548663,G,A,0.0226918388880373,4.81112791097734e-24,3.97152949146785e-22
03,185828465,T,C,-0.0135574502497583,4.49271224705261e-14,6.94572563063276e-12
03,185468884,C,T,-0.0107221801184016,2.77541626787889e-09,5.02876191376811e-06
20,50951298,A,G,-0.01950654081185,3.38878345396615e-31,9.98248958810085e-22
12,50263148,G,A,0.0156791565465562,2.09460140804006e-46,1.71583766966939e-21
04,106215108,TC,T,-0.0155467167260393,8.08379825396076e-49,2.50658225635858e-21
10,102686838,GT,G,0.0164936375906675,7.67504774634392e-34,3.92589359867498e-21
10,102317555,C,CA,-0.0137443153730613,3.83125196648842e-14,6.5221889522115e-09
10,102414556,C,A,-0.0115581548895531,3.73714267810507e-15,1.05049156329457e-06
19,47569003,A,G,-0.0158585087908845,1.48126196462981e-38,1.79758840677181e-20
02,211540507,C,A,0.0158844563586279,1.19101439195399e-37,2.20870056329433e-20
05,168256240,G,A,-0.0169346587068128,1.91834143770876e-22,2.43753077370772e-20
05,168312829,T,A,0.00743048763649275,3.59030117950268e-12,5.99587598983591e-09
04,145762728,G,A,-0.0184774743910737,4.89696230702656e-18,1.22941488210216e-26
12,124820705,G,A,0.0195935829328029,1.99194801553852e-25,2.86341914127754e-20
12,124456440,AC,A,-0.0117670591717165,3.83878631026361e-07,5.25785761302946e-07
16,4015729,T,C,-0.0153823015102802,1.93084099924323e-35,4.46331620382425e-20
16,3583173,C,T,0.00966657589102725,3.49543731306683e-08,3.02511790601242e-06
01,176787749,C,CT,-0.0157847911584354,1.36768865811493e-45,6.89180607874479e-20
01,176566012,A,T,0.0195494767715079,1.04488766951252e-10,4.74870304089466e-07
01,176521655,G,A,-0.0217013212116333,5.89936738373686e-06,4.34395082999335e-09
07,73037956,A,G,0.0183643147609521,1.31942735662531e-16,8.790015404114e-20
07,72706794,C,T,0.00904615464092864,4.28189742876008e-10,1.58147087329491e-08
07,73121347,G,A,-0.00805126013176033,2.01259819997233e-10,2.71283937342967e-12
12,46752872,C,CA,-0.0138473096681552,4.9648273250086e-39,1.44756938530858e-19
12,46794986,CAT,C,0.0172272644026347,1.60675043993412e-08,1.64467752949251e-10
15,99186488,G,C,-0.0171750041423343,2.71992906608213e-15,2.16085869275075e-19
15,99214192,TTGGAA,T,-0.024765295726377,3.8492137744731e-20,4.50948118767299e-10
15,99226148,G,C,-0.0144288551354345,7.11088667388598e-25,9.2195250597184e-16
06,29355148,A,C,-0.0113362832752812,7.78730686070639e-12,3.52103350594502e-19
06,28912076,C,T,-0.0129053300602571,1.35939081164778e-07,6.64112604978434e-18
17,79093822,A,G,-0.0149966936254233,9.80204835488459e-27,3.99176399612091e-19
17,78757626,A,G,-0.0111156261928631,2.48995950591346e-13,9.29025130070428e-10
17,79421254,G,T,-0.00913867264447673,1.97439164591584e-11,1.09904234938152e-08
15,89394600,T,C,-0.0428326673835218,2.52572709874812e-20,4.1691738706542e-19
15,89386652,G,A,-0.0131545278937315,9.34438016897958e-12,5.35346432108349e-08
15,89367562,C,A,0.0107625344216064,3.60942718066395e-21,1.13109327942854e-10
03,50022069,G,A,0.015514330271507,2.07445765405653e-51,4.60017572727757e-19
06,109781301,T,TCA,-0.0145128508847917,1.94376501376752e-43,5.40334007851088e-19
11,68388220,G,A,-0.0183905421693511,1.83384030567702e-19,5.82288626498899e-19
11,68077048,C,CT,-0.00777288150081914,1.68492206748912e-12,1.15636380100932e-07
17,59494574,T,C,0.0149270301974471,1.29215836585303e-35,1.22000696563482e-18
06,50787576,CGAGGTGGGA,C,0.0220003513738688,2.47772547834151e-25,1.32081038740356e-18
05,170864021,G,T,-0.0174671592225276,1.71885370621655e-20,2.1452504698765e-18
05,171224403,A,G,-0.00852640163038699,5.83455064231321e-11,1.30098882851416e-07
09,98256235,T,G,-0.0196331679410298,3.11153544261943e-14,3.26071127206288e-18
09,98217348,A,G,0.0210951247108611,1.00825886040448e-18,7.11881317589621e-18
09,98318926,C,T,0.0128053670071857,7.84416855320724e-13,2.291633706952e-11
14,25931404,G,GTC,-0.0149312515513855,5.79447613756045e-34,3.70298581955173e-18
11,2165576,G,A,-0.017802579925514,2.23119309905356e-23,3.94110811510364e-18
11,2665357,A,G,-0.0152473942851257,3.22184306756879e-09,1.98494046430157e-08
11,2053669,C,A,0.0251502964419619,2.77863215663512e-08,9.76344622017473e-09
05,176509193,T,C,-0.0160541289941207,2.36984233889433e-26,4.58990525707002e-18
05,176980904,G,A,0.009564004972521,5.2486051367298e-10,5.2440104780264e-06
05,176337556,TCA,T,0.0333966844937191,1.81589973286489e-06,3.92016172273297e-07
07,23513093,C,T,-0.0159585679509836,1.29305887340745e-28,7.52179985882463e-18
06,160767905,T,G,0.0137697924521502,4.06814201237137e-47,8.09423961820443e-18
02,23912401,T,C,-0.0108483214060067,1.64716920228445e-13,8.96574356003927e-18
02,24142058,A,AAG,0.00976796261214846,1.1430185785049e-19,1.01087316321618e-17
05,87695669,G,GT,-0.0161575801089698,1.08228886555675e-23,1.02722024772889e-17
05,88045029,C,A,0.0146938723222475,1.33711872721675e-07,2.35332617096399e-08
01,214638396,C,G,-0.0142485099389346,2.64642077725793e-38,1.25553706953962e-17
01,214736227,A,G,-0.0186401821310636,3.22239634496539e-06,4.30161264459031e-06
12,116196316,CAA,C,-0.0164465999712935,6.29071043078896e-21,2.17240038734184e-17
12,116632928,C,T,-0.0110058585795084,1.69540274259089e-07,4.79206165727551e-08
06,34589632,C,T,0.0314468561125852,1.11080594852568e-47,1.14537862396036e-52
06,140623538,C,T,-0.0157362095163996,2.40430900731674e-27,2.96927486615208e-17
03,171969077,G,C,-0.0133119379290895,4.79708470920029e-29,3.15640527907262e-17
03,172121443,A,G,0.0131117963878659,2.66403804051733e-23,4.40883292770981e-16
01,33774752,C,A,-0.0140549908713481,7.74687700799733e-25,3.78925126118376e-17
01,33295956,AT,A,-0.0106453644716876,4.46590596486901e-08,3.15396234682035e-08
02,56106928,C,T,-0.013536852790177,1.64815103034399e-18,1.54227658425408e-16
02,56076480,C,G,0.0118037762470508,7.00655448214935e-10,3.79959235416781e-12
12,11880608,TAC,T,0.0137645049371048,9.39470962882641e-33,2.43902565975247e-16
05,67596088,G,A,-0.012742406187538,6.61072355561087e-32,2.66689387049608e-16
05,68034736,G,A,0.0109937808309946,2.27280773788887e-09,8.24355294608346e-09
15,67007813,A,G,0.0144652001104371,2.79836413995966e-22,4.3853542340658e-16
15,66514155,C,T,-0.00959717434708979,2.51108930543732e-10,1.09863744190396e-08
15,67457698,A,G,0.0173181579678316,1.76393452617282e-07,1.04542472303657e-06
X,129251524,A,C,0.010924236108596,8.35600268771725e-30,5.48939658586929e-16
01,11281051,G,GT,0.0144438147416931,1.24062019213122e-27,6.80080430025306e-16
05,130378027,C,T,-0.0154853984658734,3.29795597177903e-24,1.06644123172208e-15
X,45634295,G,A,-0.0116247727185886,7.62760065459378e-19,1.13387624120331e-15
X,45226975,T,C,-0.00677445125540986,7.52196290084455e-11,1.95546387339788e-07
01,172113327,TA,T,0.0141469120164148,8.37510450637361e-30,1.6351382253288e-15
01,172135564,A,C,-0.0177511706733173,7.24062035122302e-08,7.67791515048588e-07
19,2186757,C,T,-0.0128995494617808,1.87980652733427e-36,1.64075211868827e-15
10,96026184,CA,C,0.011533156392192,1.45226103523191e-22,1.67118627389901e-15
10,96085377,T,A,0.013342048935821,6.16524771368062e-09,2.89552259880929e-11
01,218609702,A,G,0.0140614188358581,1.52671945408819e-26,2.18954835297712e-15
05,139051015,G,A,0.0131287657910076,1.55628448411321e-31,2.8071012989762e-15
12,991306,G,A,0.0152806198402297,2.66978076797853e-18,2.96981245909057e-15
12,580772,C,T,0.0083893470180779,7.88468248234606e-11,2.99720167096296e-07
17,43223316,C,CAT,-0.0127342340970495,2.85615678391198e-22,3.08985055945657e-15
17,43008905,C,A,0.0108962630960738,1.29678426169215e-09,1.84076465549029e-09
12,122940191,A,G,-0.0133526041001584,4.27315055956893e-16,3.13132055695238e-15
12,122463902,G,A,0.0144130694489264,8.02411170506961e-10,4.7302752735253e-09
05,95728898,C,G,0.0136357566795963,1.8539470429325e-17,3.86867235181702e-15
05,95850250,A,C,0.00768116295654249,9.32966222627864e-10,2.26120792025896e-07
19,10748073,G,C,0.0127000589704833,1.4397371092531e-23,4.01266763228779e-15
19,10331011,C,T,-0.0110995408090125,7.35456405022608e-09,1.10154449388499e-08
05,172779211,T,C,0.0126094546908066,5.0168145897108e-16,6.41649866069072e-15
05,172753555,T,G,0.0159343270104147,6.34677155674733e-10,9.23413105631227e-12
05,173269929,GA,G,-0.00931054914534135,1.09924319113462e-08,6.16671319510579e-07
19,30286450,G,GA,0.01349163665214,8.87718585895663e-24,6.47828387162581e-15
19,30709841,C,A,-0.0118387524502277,1.81048502757761e-11,2.93579692821059e-09
16,4948936,T,C,0.0125573345730772,9.32848679207275e-19,6.76831643437712e-15
16,4631802,A,G,0.0188607371295953,1.85064219164121e-06,2.74876193772895e-09
X,137050402,C,CT,-0.0152861717358573,1.08696609822722e-18,7.27088351777953e-15
11,43878459,G,A,0.0138020264820882,4.50835435662165e-26,7.98143533458638e-15
02,183247431,G,GA,0.0125525950231276,1.26877086416947e-34,1.07569321487177e-14
08,116631278,T,C,-0.0151523724211078,1.3863005521523e-21,1.36191522087787e-14
04,45182527,A,G,0.0124077503734068,1.38046605664383e-34,1.7570924450087e-14
20,21223663,T,C,0.0131696240000234,2.69717089393902e-27,1.91433964219316e-14
20,34769811,A,G,0.0152473303438181,1.06897992078583e-20,2.87957554565375e-22
20,35604110,A,AT,-0.0151362452957696,7.73785681306057e-19,7.40644109054342e-14
20,34767240,C,G,0.0218763116174458,3.21361268354297e-11,6.69009933206007e-15
03,183976103,C,T,-0.0141146648977337,5.10126138873932e-15,2.10654230673921e-14
03,184029232,A,C,0.0089373940555665,2.07728273752357e-09,1.06876413940804e-09
11,30443688,T,C,0.013245998137602,1.60531086620941e-25,2.67250202796001e-14
01,201850057,T,C,0.0133298509762942,8.9534029643764e-20,3.01923187465806e-14
01,201992736,T,A,-0.00933813459495202,3.27943634378647e-15,3.68232693276385e-08
12,56364321,A,G,-0.0119025882344015,1.12505112906704e-21,3.33617354504994e-14
03,128992047,A,G,-0.0130080841478612,4.40816534057162e-17,3.34391040209306e-14
03,128966302,C,T,0.0153136199728518,2.44514157278194e-08,4.14983822286005e-10
07,76568137,TAA,T,0.0144035855545461,5.16241047682874e-16,3.41164383782704e-14
07,76588358,T,C,-0.0141101323003765,6.96498266262607e-08,1.8954108157618e-09
05,137603293,G,A,0.0147610980922635,5.31837490490001e-21,3.84663384846442e-14
08,130721749,TAGAC,T,-0.0151785391316923,9.90565968215948e-21,4.19192312147895e-14
09,90873653,A,G,0.0119257810659218,8.55271880287001e-23,4.79646890933665e-14
09,90600849,C,T,-0.00838099084015702,2.17698416990357e-08,3.72327023314617e-08
09,91008047,C,CTTT,0.0123394713698186,8.2753897777411e-07,8.15896170834029e-06
02,198950240,G,A,0.0120619395163332,7.65651420731682e-37,4.98502925814714e-14
03,85668052,G,A,0.0104180414057874,2.9309722535584e-16,5.1562176392857e-14
03,85168143,C,T,-0.00928983621401134,1.20327975392738e-13,1.57295638126674e-12
01,205685352,T,C,0.0122546476257546,4.38657838539217e-30,6.25352264306755e-14
01,155174106,C,T,-0.0110450944521783,1.28269017283712e-26,3.95575159242175e-17
01,155661719,C,T,0.0367386455550847,4.0431312048607e-12,6.47547746043745e-14
01,155306195,T,C,0.025284004679297,1.71327026377938e-07,5.06413820250781e-09
15,62274940,G,C,-0.0120188697193598,1.66342230068064e-34,6.75302382220862e-14
X,77576633,C,CGT,0.00841069672087257,1.75011770517725e-12,7.6253346026029e-14
X,77920146,G,A,-0.0195845108447859,3.48240182686384e-14,1.41939384468158e-13
X,78024291,G,C,-0.0120412238228541,5.2356947802746e-14,1.1460102498927e-10
06,19078274,A,G,0.0149451783648121,6.2756339504142e-20,8.35935303829339e-14
06,26207175,C,A,-0.0177539925661883,6.39301555154155e-27,1.58500249715701e-27
06,26709382,A,AG,-0.00935351208465893,1.3400670386271e-07,1.50652299142591e-12
01,50970475,A,G,0.0214873412397019,1.74728298062767e-16,1.12210300002447e-13
01,50572096,C,A,0.0115513964365,4.87142324419919e-14,9.24731290366946e-09
19,8670147,C,T,-0.032124936460607,1.08041955214922e-13,1.1702992038842e-13
19,8513336,A,C,0.00815774457145632,5.05503598503107e-11,4.09583195409839e-07
X,78792528,G,A,-0.0157557616515888,1.3716228878082e-57,2.43780679259806e-31
04,88557753,G,A,0.011341325310895,1.28867350249871e-31,1.26796407318169e-13
04,88209017,CT,C,0.0334704086722477,4.07210876794481e-06,2.31088943985561e-07
08,120456193,A,T,-0.0134904929534845,1.29689437129237e-21,1.28484724140462e-13
08,120596023,G,A,-0.0208699057550227,7.09722489678064e-10,2.33011608776621e-09
17,63561592,G,T,-0.0164256679920188,3.70764719514692e-18,1.29298576125538e-13
06,126097374,G,GC,-0.0118028893734707,1.42264744515691e-30,1.29470870344429e-13
06,126572573,G,A,0.0137309497253605,5.80083561636712e-09,1.63120032815029e-08
13,30177474,TC,T,0.0134319054127211,1.12297683388085e-22,1.31065396401364e-13
07,50661670,CCTTT,C,0.0143025578430993,1.16335579016431e-14,1.46189850294162e-13
07,50924391,C,G,0.00818477036426743,2.65895861559803e-13,1.10161382598864e-06
07,50877893,C,A,-0.013434375646636,2.30271573915564e-06,5.57625892982344e-08
07,28174957,G,A,0.0130963875592105,2.24853148931926e-23,1.51606261762629e-13
17,47063204,A,C,0.021283414701129,2.84192397704806e-16,1.68540442550592e-13
17,46725779,C,A,-0.0222387620924583,4.0461460642208e-08,4.14543621427862e-08
17,46913863,T,G,0.0297528191260967,7.27767489333121e-07,2.61665466433206e-06
12,123759417,GAA,G,0.0145704368615178,9.67551761363681e-15,1.77359662606557e-13
12,123329101,A,G,-0.0117888468759441,3.12711872431916e-09,2.69823756190452e-10
08,126498265,C,A,-0.013993708400955,2.70173871269566e-21,2.15694071213432e-13
06,80959985,TC,T,-0.0108244450534385,2.9442704191101e-21,2.16652947240039e-13
06,81446732,G,T,-0.0112438019836722,6.17477373472175e-17,2.04880614936936e-09
06,81050236,T,C,0.0141155289069067,7.58695976518947e-07,7.68456040074985e-11
02,71533300,C,T,0.0114114613038176,2.43940951822637e-19,2.43432134186976e-13
02,71945444,C,G,0.00803676045681388,1.2945423246765e-08,2.10052056016699e-07
04,82184234,A,G,0.0131692721943065,8.47386177457237e-26,2.77825665938198e-13
04,81735963,T,C,0.0314398458615065,1.98789920636294e-07,2.82246626871497e-06
05,36803614,T,TA,-0.0116100516993966,8.45218461991427e-23,2.96746933530522e-13
05,36646032,G,C,0.00936418536825153,2.45033285788767e-10,2.65325413223148e-08
08,145001031,T,C,-0.0112575936356707,5.89522948527513e-18,3.41576401814899e-13
08,144860797,A,G,-0.008885972844606,7.91391174783823e-12,3.69308504781282e-09
22,40611012,G,A,-0.0125149956092398,1.41652801328734e-24,3.58397160165191e-13
10,77209145,C,T,0.0116841939521464,7.07302255660363e-32,4.69820929571715e-13
X,99882543,C,G,0.00993805683058804,4.05780332732128e-22,5.24427516497923e-13
07,127015083,G,A,0.0420606154115565,1.65974523952462e-13,5.33252381888365e-13
12,120907309,T,A,-0.029301518435993,6.65369008111269e-14,6.09270496421745e-13
04,123832776,G,A,0.0135745256305358,3.17300122262558e-15,6.90048942676816e-13
04,123757889,A,G,0.0197159233285515,1.35405281083403e-06,4.38243546196836e-08
03,9975386,C,G,-0.0148202203092695,2.6886547695237e-19,7.04433101070856e-13
11,2813322,C,T,-0.0434249961784931,1.94766034268418e-13,7.56904188142796e-13
11,3128272,T,TGCCA,0.0175141187766935,6.5861626475001e-11,2.07256913214395e-09
11,2643480,A,G,-0.014519871316474,1.1550142840158e-10,2.26277763712992e-08
04,122736053,T,C,-0.011733942512805,6.88107719331982e-28,7.65551950542489e-13
19,46181392,G,C,-0.0145194616547681,2.34031788444631e-18,7.76574762251469e-13
12,103064247,A,G,-0.0122637941044129,1.08639506226056e-34,8.19054606603498e-13
12,103175170,G,C,-0.0213784342432386,1.66687569589263e-09,1.20100018031549e-07
12,102826653,CATAA,C,-0.0249187749800914,2.24954197856059e-09,2.90115236652555e-08
06,35767429,A,G,0.0363160839035202,7.74769454326188e-14,2.37889079021224e-13
06,35534117,T,C,0.0313592342348446,4.12330669154057e-10,6.91094102185123e-10
06,35633456,A,G,-0.0226047527000706,2.29991828870756e-10,9.87142709594177e-11
12,3352245,G,A,0.0169461596359998,2.45973853503321e-09,9.64891490168977e-13
12,3295708,TTGTTTGTGTG,T,0.00973363891938775,1.21407034600541e-12,4.37032207985338e-08
12,3393100,C,T,0.016153961183053,1.52253836777701e-06,6.84559430311469e-09
10,120434096,T,G,0.0114333561337884,2.95624883209021e-32,9.68081118106286e-13
03,85526120,ATCTCC,A,0.0097987404131616,8.41800770502534e-15,2.76543853517444e-13
03,85087904,G,T,-0.00942080339779601,8.44564859419231e-14,1.02736828720142e-12
X,53628625,AT,A,-0.00988950137468416,5.08249868771461e-28,1.05658665987383e-12
09,99106848,TA,T,0.0141226450608181,1.5847487685472e-17,1.20267886183467e-12
09,98613633,G,A,-0.0195218036743089,1.67679237773415e-06,1.961513623786e-06
04,1012300,T,C,-0.0244299510234181,1.05675001919369e-11,1.25311238622775e-12
04,840616,C,G,0.00939713316118635,2.01347344237517e-10,8.2578005709454e-09
06,40369081,C,T,0.0120699343712488,4.16220946634615e-24,1.28285259274291e-12
01,72754314,C,T,-0.0124768308912575,2.92820766376084e-13,1.3602228251562e-12
01,73070185,CTGTT,C,0.00941410584677482,4.52108613500881e-10,7.81985212932749e-10
14,24804088,A,T,0.012083558020721,6.1231074910181e-16,1.46497776420789e-12
14,24835017,C,CG,0.0115275055806065,2.86079962595709e-06,2.52818019228664e-07
14,23779877,C,A,0.0127367028364819,2.63688630403937e-10,1.50578924404919e-12
14,23299135,T,G,0.00953838256144549,5.19444717609731e-15,3.8270418636381e-09
14,23755598,G,A,-0.00928254758741953,3.13321804319123e-09,1.45303658323726e-11
15,41970964,C,CA,0.0165032179699019,3.74791275971605e-13,1.53282770419514e-12
15,41560127,TA,T,-0.0105034748458345,1.47598743568425e-09,3.01791138967161e-08
15,42084329,G,A,-0.0292636255948296,1.39351871551981e-06,7.96042257552762e-08
10,25178864,G,A,0.0154435810033619,3.16402438711755e-17,1.68094159020625e-12
20,20069826,G,T,-0.0132161700921152,2.94239705160539e-18,1.7980493811423e-12
20,20341180,C,T,-0.0101307947405361,4.80755217871562e-16,9.73281188950869e-09
10,124131176,A,G,-0.011355849399574,1.46933820674602e-19,1.85575529066198e-12
10,123992608,G,A,-0.0080313594864889,7.27485953202918e-09,1.16968891123858e-06
12,57146069,T,G,-0.0180059957660595,8.54579374501702e-14,1.93786299512919e-12
12,57522257,C,G,0.0163481955755313,7.22943622497651e-08,1.36207205797273e-07
10,104829102,G,A,0.0116618809232828,1.17902116461097e-25,1.95116857130892e-12
12,28657057,C,CA,-0.0123499726623948,8.21841042049047e-22,1.96689794176997e-12
13,54107352,G,A,0.0168368322706424,1.33461884787579e-15,2.48249120773185e-12
16,88804924,T,TC,-0.0117433766734857,3.50688960356467e-16,2.56619457947844e-12
16,88321027,C,T,-0.0291097116374887,7.61192867695078e-13,3.12808470435872e-12
16,88554317,T,C,0.00822494128580264,7.72150474191944e-11,1.51878231610696e-07
13,78474468,C,A,-0.0132197383061296,6.5688464874652e-19,2.742209938906e-12
06,32447644,T,C,0.0189175792375731,9.98052808969674e-52,4.59803511603738e-32
06,32630996,C,T,0.0127895304634759,1.0389341511333e-14,2.06005787025016e-14
06,33285262,T,C,0.0124973532746062,1.12677072579758e-10,1.50298732158641e-07
01,118855812,A,T,-0.0120588934982158,5.24801164959901e-22,3.31032544653159e-12
12,102407746,T,C,-0.0294459036331379,6.00057175340764e-14,3.37139953424914e-12
12,102372809,T,C,-0.01009957981047,1.62300482266718e-14,5.55171462667864e-09
12,102328806,C,A,-0.00815351854210256,3.72471603942165e-11,2.8146485309381e-07
18,46602964,T,C,0.0117180536666688,1.68281915063459e-22,3.50232202739945e-12
18,46516424,C,G,0.0104166803847023,1.64379382790254e-13,1.95744005781456e-09
18,46277324,C,T,-0.0152053099628779,1.32552121217153e-07,5.38442217591295e-08
01,26439226,C,T,0.0134618207641303,1.98840368434456e-11,3.62362225145672e-12
01,26753942,C,T,0.00802770664105573,5.20072778237132e-13,1.25614838975292e-08
16,783865,T,C,0.0139400224223364,4.6651144447967e-16,3.72867065320045e-12
16,1005251,T,TAC,0.0109305553831588,4.60987237159718e-14,8.32466630450008e-10
16,359953,G,A,0.00994509111686851,4.17711957576894e-12,4.60581542657452e-08
17,29210595,G,A,-0.0174978952901741,5.7003989327302e-29,8.72011486946502e-34
17,29707521,A,G,0.0100521037337885,4.51966976962074e-19,4.02436420013781e-12
17,29285075,C,T,-0.027897384555484,3.9023967570957e-07,1.27157133749643e-11
02,233131825,A,G,-0.0160039131470364,8.77042014136231e-13,4.43043166026517e-12
02,233417394,C,CT,0.0100873036064482,2.18958247517234e-11,1.21735118179246e-08
06,83330333,T,TG,0.0112846711341512,1.03264324937779e-33,4.45649902837163e-12
02,169721381,A,G,-0.0118119981156853,4.92781970300694e-22,4.89159947505096e-12
02,44999709,T,C,0.0146881081864332,1.74152585893143e-16,5.01257857156008e-12
11,118680072,C,G,0.0112105194575215,6.76585275629777e-27,5.04297253185149e-12
03,38496193,C,G,-0.011133204636716,1.02023952978548e-30,5.28156867437064e-12
15,86276000,C,T,0.0110496364721615,3.9756750195729e-30,5.33908284918905e-12
12,97792368,TG,T,0.011457415517732,2.35992304908636e-21,5.43924045447491e-12
12,97604246,C,G,0.00993272995271949,1.23877261212337e-09,2.83406451648043e-07
12,97764804,A,G,0.0108609237282038,1.81653303113249e-06,1.48759827068839e-06
02,9770589,G,GCGGGGC,0.0133184351896741,2.95993347546836e-20,5.45437644698112e-12
02,223960207,C,T,-0.0123449039101501,2.94938181126698e-20,5.53102009688078e-12
06,81829439,GTTGT,G,-0.00953778408554404,5.02129970964549e-12,6.14678113974217e-12
06,81570143,CT,C,0.0258757625965416,3.03427755430583e-09,1.30771745244865e-08
06,81379924,G,C,0.00788888803380822,2.52796516894256e-11,3.15292174211483e-06
09,97617103,C,G,0.00922806306891576,6.84768509630505e-13,6.18443506832413e-12
09,97409311,A,C,0.0110753213341774,2.30127046048105e-12,6.31228450627823e-07
09,97190662,A,G,-0.00896927072333205,3.37777853996999e-08,8.02464072463807e-06
09,103061366,A,G,0.011768534662173,1.54695517090054e-21,6.8324911123622e-12
X,109832336,A,ACG,0.00969696411516573,1.61085328381832e-20,7.20984812574013e-12
17,68148034,A,G,-0.015741280233083,2.6905623499739e-11,7.88772909771513e-12
17,68206588,T,C,-0.00827441698217681,1.79050306417824e-11,3.28579284485116e-07
17,68090207,C,T,0.00745746568339164,2.70645868641545e-07,4.9842032772938e-06
12,122828069,T,A,-0.0128416730049271,3.18492510988323e-15,5.832064416264e-15
12,122357049,AT,A,0.0135962124446686,1.89527718575724e-11,7.8892257000588e-12
01,21584941,C,T,-0.0111487497332507,1.78971670224376e-25,8.07721882040862e-12
14,65520246,T,C,-0.0110569570436022,4.51796275852303e-30,8.37001401099564e-12
10,70248688,T,C,0.0111194595272874,2.05342955371622e-27,8.89959676206353e-12
07,71585126,C,G,-0.0113875811786312,1.91249184092485e-18,8.98223273309526e-12
07,71979229,C,T,0.00927721153976029,1.42319370262058e-07,1.7124565489921e-06
11,10126097,TG,T,-0.00962668947783971,1.95998979594746e-13,9.23212559606082e-12
11,10406464,T,C,-0.00780617187215619,1.01082662760532e-07,1.71160930203339e-08
16,20002523,A,C,0.0138579396935792,9.17433531273691e-16,1.01517751898501e-11
16,20249395,GTACT,G,-0.014232896944308,2.26932492942504e-09,7.44330362613733e-07
16,20375351,T,G,-0.00789973282351605,1.44723332294855e-12,1.93599713822072e-06
06,45090977,C,T,0.0111921048382605,3.25846962046582e-24,1.0421608869065e-11
10,5042294,T,C,-0.0159908974289412,1.46621376732597e-12,1.05370088974666e-11
10,5257647,G,A,0.0123127060260641,1.24294039662866e-10,1.23283470630707e-09
05,77401374,TA,T,-0.0117389245577667,1.67430270689825e-14,1.13610687094393e-11
05,77631634,A,G,0.00994880634522572,4.60154931457382e-10,7.29192346676633e-09
04,12842023,G,A,-0.0122868738838778,4.13595577544514e-19,1.16411483749842e-11
07,46642308,T,C,0.0110294172287128,3.80683887923032e-22,1.17186686871075e-11
07,46734307,G,A,0.0117098350233795,1.13765947552588e-14,1.16626132436623e-08
07,46557704,G,A,-0.0144149687910703,1.04031476253941e-11,1.57233082763963e-10
02,227264435,C,T,0.0111746249841635,2.43988000936226e-15,1.17823324024564e-11
02,226948084,C,T,0.00934064038001869,1.37849311630136e-09,5.13335162453326e-07
02,227353803,T,C,-0.0250883361815774,7.72128769103969e-07,2.97331839098424e-08
01,201016296,G,A,-0.0167941099691464,1.78366172848091e-14,1.34056942640673e-11
06,76164589,C,A,0.0178942359582461,6.72869250470988e-14,1.415852549193e-11
19,7115650,GT,G,-0.0145176495314537,8.51751862084832e-15,1.46720381753733e-11
19,7183797,C,T,0.0110683315874654,1.92613286749397e-13,1.99684453317531e-09
07,93258982,CT,C,0.0108613022777256,1.50991670682229e-27,1.47729686171102e-11
01,11220180,A,G,0.0149261238477134,1.00604538162098e-17,7.16526756023968e-16
01,10724236,G,A,-0.0106225367214295,8.32672700217906e-17,1.53174365819921e-11
01,10495797,T,C,0.00775370479649375,2.20369978794544e-09,3.16575728085625e-07
10,18549889,C,T,0.0154287334835585,9.13027174334271e-11,1.63239428149222e-11
10,18714742,T,A,0.0112558405806398,6.06714039956722e-08,1.56085022742731e-08
07,139749346,G,A,0.0138732627779196,5.18690384425693e-16,1.77474954889676e-11
02,25458100,C,A,-0.0123817161902107,1.23290239656754e-20,1.79246295967236e-11
02,25935577,G,A,0.0104080085885223,3.56206418581301e-10,3.3539944041601e-09
02,25428302,T,C,-0.0192553663637957,1.20555797397038e-07,7.40223125286181e-06
05,87795525,G,A,-0.0160425719678163,5.61887968245272e-20,1.48846081525368e-16
05,88425656,C,CT,0.00992005860949723,1.35350362620956e-19,1.36491358415129e-10
05,87999371,C,T,0.0185131581205616,1.00097810287321e-09,3.48340671875471e-08
07,121964618,T,C,0.0111557080624937,6.87168632705182e-23,1.8854179989966e-11
10,27901359,G,T,0.0104380427043162,4.013332726534e-21,1.91263744808634e-11
10,27567902,A,G,0.00809961935820672,5.25302569598442e-07,1.42747085363379e-06
09,94186973,C,A,-0.0120234769930174,5.23895755422661e-19,2.01347200187923e-11
07,6399723,GATTATTATT,G,0.0161700598183665,2.83836854586828e-14,2.27202509492455e-11
11,65960291,C,CA,-0.0179476771941545,5.62544406976549e-14,5.8729414271226e-13
11,65245829,T,A,0.0121491178991482,8.80590412657636e-14,9.73987378262046e-11
01,150738596,G,A,0.0207990184419225,4.49478723211888e-13,2.77530572905308e-11
10,81136129,A,C,0.0104520109978745,4.05385899201034e-24,3.04214597882587e-11
10,81228378,T,C,0.0114820652498479,4.06808121805118e-08,7.06000495515213e-08
X,118649074,A,G,-0.00963142914050511,4.78474879347897e-17,3.59733288521642e-11
16,28632021,G,T,0.0108273219852982,1.7997954763843e-24,3.67900023397852e-11
01,8015560,A,G,-0.0111929239417322,2.33602364646202e-21,3.89101987066662e-11
17,46288649,A,T,0.0152871897463301,1.94827716821586e-13,4.0395908253061e-11
17,46175361,C,T,-0.0209800912218133,2.22055598852666e-07,2.47767360516962e-08
17,46764369,C,T,0.0276090621902906,6.38538624185542e-07,3.02810052647656e-06
03,152414536,T,C,0.0150737551467861,2.54880178723771e-14,4.38166163395277e-11
17,76766437,G,GA,0.010595178842005,3.14314720806713e-28,4.39133039985357e-11
06,30030491,CTTTTTTTTTTTTTTTT,C,-0.0085732078682792,3.4089212156478e-09,4.79144371952998e-11
06,30373456,T,C,-0.0127963409015536,6.93545338920675e-11,4.96192104169964e-10
06,29842444,A,G,-0.00767081622931054,3.49356325522771e-08,2.39902120201725e-07
02,33348679,A,G,-0.0200726973065824,7.02702319409751e-12,4.97853413241578e-11
02,33489022,AAAG,A,-0.0204541723456773,6.07785480893668e-10,1.44377726479377e-09
17,36925750,A,G,-0.0106782018288191,2.92081819408368e-26,5.22714985312498e-11
02,176964904,G,A,0.0111330658825179,2.33844628595452e-21,5.31770533740219e-11
01,184007119,C,T,0.0113272439427133,5.82939900014647e-20,5.32824402918023e-11
11,29231552,C,T,0.0118181791194461,1.37185026973564e-18,5.70951553752715e-11
11,28742220,A,C,-0.00938451734397213,7.22237573082081e-10,4.64809200087405e-06
01,56602992,A,G,0.0124800317606808,1.36251168172046e-16,5.84725501587646e-11
17,78449948,C,T,0.0143698106702654,2.97404607894538e-13,5.8874187664775e-11
17,78291464,G,A,-0.00802328144265251,9.1977451277248e-10,8.09838246962242e-06
17,71124903,G,A,-0.0107285372779468,1.59188144141887e-22,6.10996489800144e-11
03,88196211,C,A,-0.0116119533848131,1.51402167490841e-18,6.31325702995346e-11
15,38502321,G,GCA,-0.00974431322227257,9.63736026700976e-17,6.43565743435628e-11
15,38334209,TTA,T,0.00820984047267077,4.71404541558603e-08,9.55371749548601e-08
08,49407362,C,T,0.0140519159713383,1.35969603929348e-14,7.12376100366438e-11
16,15147788,A,C,-0.0112839788114146,2.90024924418971e-19,7.38557966072887e-11
03,56686329,T,C,-0.0108525167102037,3.1184438614759e-21,7.66368916453137e-11
08,73449940,A,G,0.0115924118176597,9.03447154191425e-19,7.70361681543491e-11
02,38055320,C,G,-0.0152726849417842,9.42200568328601e-14,9.0627684092892e-11
07,148648841,CTT,C,0.0117563434190856,1.05157535462846e-17,1.10397545779951e-10
05,112162298,A,AC,0.0112652384322641,7.11383391043807e-24,1.23694649727613e-10
10,79543740,C,T,-0.032100099839803,2.96048312483223e-07,1.31524554296731e-10
10,79659934,G,A,-0.00968153437509731,4.21237782544209e-11,1.47028401363441e-10
05,80830788,A,G,-0.0108524971781666,2.24016666235177e-11,1.3550440398088e-10
05,81069494,C,T,0.00745695749841214,1.50523853525349e-12,1.07879176689474e-07
20,6569368,C,T,-0.0104089287310956,6.28330943805599e-17,1.59871098977345e-10
20,6709838,A,G,-0.0108149382496054,7.66718589063558e-14,2.68132469522823e-10
09,16461905,T,C,0.0107887405041327,1.1881991902169e-20,1.69029064888386e-10
05,134586980,G,A,-0.0101035601235789,1.07898998096972e-18,1.94009022107404e-10
05,134361020,G,A,-0.0113996157884375,5.21742343435916e-12,3.66470038841482e-10
08,23390046,C,G,0.0122250448113403,1.2071064897638e-10,1.98555638029403e-10
08,23650576,GTA,G,0.00751520914390352,4.60106446897781e-09,1.48405739880467e-07
08,23414369,A,G,0.00759766443408656,1.821289179445e-07,2.00995416885466e-07
20,61564901,T,G,-0.0147267251797647,1.6463584059275e-13,1.99535260724902e-10
12,117408148,C,T,-0.0139892039087053,5.87231973488242e-12,1.99601875753741e-10
12,117596976,G,A,0.0088662762593151,2.51718064986867e-08,1.37350394139404e-06
03,62687746,T,A,0.0107888058927587,1.44478737270618e-19,2.06526923395654e-10
10,22258152,C,CA,0.00931617649427341,8.9112088075295e-11,2.17872031029167e-10
10,22691296,C,G,0.0138873000513014,8.87899415197619e-07,9.68468769695871e-10
14,79937216,T,A,0.0123219522590027,1.12806797867354e-15,2.23005752600807e-10
X,85563379,A,C,-0.00843343976349668,2.22915585300766e-21,2.24005771066499e-10
11,14469598,C,T,0.0222806497252245,1.424384803501e-11,2.32653856771243e-10
14,99700080,C,T,-0.0102488872307683,1.288521985008e-23,2.45227053198768e-10
02,233166601,C,T,-0.0167410010634667,5.97403879276478e-12,9.14412261813071e-12
02,233450824,G,T,0.00968383693791629,2.68170640821506e-11,1.17309196136163e-08
13,96982541,T,G,0.0102712405566302,1.26703231425619e-22,2.52186977647879e-10
03,11630252,G,T,0.0133641758430725,3.36710899628877e-14,2.53052837896316e-10
02,26013813,C,T,0.0120075089082839,1.22175638503547e-15,2.74153910562766e-10
15,89928189,T,G,0.00999981215253775,6.32686907833627e-24,2.77511420024694e-10
15,89433954,C,T,-0.0348352815741144,7.99042959800612e-07,4.35884005362366e-07
05,171218388,T,C,-0.00853251761902009,2.75166668135207e-11,8.14463555314623e-08
22,30365780,A,G,0.0100213865091932,2.13918998670504e-15,2.94898336427367e-10
22,30653991,T,C,0.00777637707761575,1.33043770245824e-08,1.24285295429486e-06
08,13372120,G,A,-0.0209669599865503,1.56096530103354e-11,2.98456531728882e-10
12,77457439,A,G,-0.0104526092991185,1.81614289824147e-14,3.08204766017822e-10
12,77429768,TA,T,-0.00928989455309626,6.60897894368602e-07,1.6925157721425e-06
17,39261560,A,T,0.0109068109778446,4.75834576038169e-18,3.41667610333518e-10
17,65960854,T,C,0.0127010685163605,8.89239246287097e-15,3.50375428560528e-10
03,52846986,ATTTTTTTTTTT,A,0.0129750335711046,5.99048243618637e-12,3.68474074797948e-10
03,53164526,G,C,-0.0179118034845262,3.33456460718467e-07,5.69439222031227e-08
14,91517973,A,AG,-0.0110464043125975,2.45900360397499e-17,3.71202872956088e-10
05,39519303,C,T,0.0180770625716632,7.95345816335398e-12,3.88374167800891e-10
05,41927601,A,C,0.0212901413488415,1.17112260920704e-17,4.30463373551314e-19
05,42039972,T,C,-0.00887024318638041,3.51636435272181e-12,1.22078051114026e-11
09,139377498,C,G,-0.0100470572349927,1.3531064273511e-24,4.28126668448941e-10
12,41881053,AT,A,0.0100617236200998,5.24247615621616e-27,4.41610184719414e-10
13,28010734,A,G,-0.0105207511442445,7.30683395429688e-19,4.58366712369849e-10
08,57170647,A,G,-0.0241561857559278,3.33659537603282e-25,8.49620352520436e-31
08,57187356,C,T,0.0194374454320829,1.41785436726273e-21,5.97860554007857e-25
08,57665019,T,G,-0.00958723635233836,2.27765568266526e-11,4.92587351502288e-10
05,6745571,T,A,0.0109112618451871,3.06759337590693e-17,4.99224183065831e-10
X,82016216,CTGCCTCGACAGGCCCCGGTG,C,-0.0105155203039609,6.25712345481097e-18,5.12727154071078e-10
X,81657453,G,A,-0.0173189979965663,3.96757159329096e-10,3.62646579584133e-07
19,4962830,A,T,-0.0126237185963917,5.56270897525231e-12,5.226539105755e-10
19,4498157,A,G,0.00792448038587003,3.93551572605084e-12,1.96995581146397e-06
07,1270738,C,T,-0.0178221666261647,3.1897612089775e-10,5.34773036800255e-10
07,1381277,A,G,-0.0100124348516648,5.12788784872013e-16,1.11055222550868e-09
14,35568947,C,CT,-0.0120133852481076,2.69503767915373e-10,5.38418749235061e-10
14,35866615,T,C,-0.00942262100827915,6.01725961508914e-11,3.92825370049497e-06
14,35218831,G,A,0.00871639990012248,1.83082937424898e-10,4.20944465924029e-09
11,18632236,A,C,0.0133130122756555,1.4889664123371e-13,5.77463099271552e-10
20,47843620,T,C,0.0116953764513009,2.57967294501866e-15,6.23217264401626e-10
01,227629444,GA,G,-0.00976038438299282,1.77930473409357e-15,6.29095464417438e-10
01,228107423,C,G,-0.00997191379878209,1.11646107351563e-08,5.50316649507394e-08
12,66212017,C,T,-0.0140275549666284,9.11302805284336e-18,3.49695160445318e-11
12,65964357,A,T,-0.00993640165350718,2.48000950338095e-09,1.12894947018328e-10
12,65724221,C,T,-0.00906534725735399,5.21367330239761e-09,3.86115461194846e-09
11,69303727,T,G,0.0104497590731587,5.2299841965636e-15,7.11691174345327e-10
11,69798856,G,A,0.0110563097751782,6.25647028701393e-08,2.38610065175261e-07
11,68826317,C,T,-0.00827210391527547,4.26116250279701e-10,6.42696084640479e-06
01,32393821,TATA,T,0.0144359164484872,1.91573396094028e-10,7.39399678202744e-10
01,32128283,C,G,-0.00916521921895828,1.0168531360781e-17,1.25915523913598e-08
X,31854782,G,C,0.00863537046293165,5.05901303883099e-16,7.66244563030312e-10
01,49791149,G,C,0.0105101985383972,1.03560349197258e-17,7.93951561020552e-10
06,2101285,A,AT,0.0117122992572948,4.95959158496754e-15,8.36049792792014e-10
09,28410683,T,C,0.0105605799308026,2.01566182296915e-18,8.93535051626289e-10
13,59175727,A,C,-0.00990598195190269,6.66949875623174e-26,9.0036321123071e-10
06,34163292,G,A,0.111625857898841,-99,5.29496791087759e-12
06,34181995,T,C,0.0531384891558781,-99,2.40199227971032e-46
12,56837979,C,T,-0.0350886433076227,-99,6.81496458015995e-08
12,122630285,G,A,0.0207964686312853,-99,3.84614001915331e-14
04,145839264,G,A,0.0275074456213697,-99,2.13455305693855e-29
05,171281875,G,C,-0.0231394828746161,-99,1.72992218855941e-12
02,233585299,G,T,-0.0222461467896443,-99,9.91587154161733e-11
