chrom,pos,major,minor,beta,p_value,gwas_p_value
18,57829135,T,C,0.0407379630347119,1.65382227774555e-166,2.73571506939783e-104
20,34025756,A,G,0.0327421305792535,1.29771835763751e-209,9.81235670255771e-91
16,53806453,A,G,0.0308091308685452,1.81473290556248e-186,2.14207956807451e-80
03,141105570,A,G,0.0268363026329242,4.99663709948293e-162,5.87465240649585e-63
06,34620153,T,A,0.0314717789561459,5.1077335379585e-48,5.3670173806485e-53
13,51121547,G,A,-0.0278134253200403,2.61798187214677e-71,1.02497057048839e-50
13,50655989,G,T,0.0685187547913877,5.9860335796611e-32,9.0349995344285e-35
06,130374461,A,T,0.0268392518023397,7.18702757513712e-85,3.54766934657554e-50
12,4384844,T,G,0.0908102106241039,1.15325034740959e-52,4.79724719948249e-50
07,92250140,T,G,0.0259740036335192,1.56846232276595e-81,1.43949855646337e-47
06,126704795,C,T,0.0230510915721141,1.35052378585437e-116,1.18557892839246e-46
12,66351826,C,T,0.0225752474656804,2.95131918574357e-130,3.6665494931135e-45
18,20737641,T,TTAA,-0.0263292691600514,1.96232867960472e-65,3.32527532336687e-42
02,417167,T,C,-0.0516260872596517,2.14665617224761e-47,7.25862153931786e-42
02,632536,G,A,-0.0287435347689756,5.66603825983826e-58,7.52296397836518e-40
02,27730940,C,T,-0.0214611303239348,9.12071207013913e-89,2.41666427663134e-39
17,29206421,G,T,-0.0256742931005303,3.24976029393504e-64,2.73519989961383e-39
08,57122215,T,C,-0.0298008148592522,4.70884761164628e-44,5.3230906137676e-39
08,57195002,C,T,0.0166176235501988,9.58774196821054e-25,3.16986663864951e-20
01,78444764,C,CGGCCG,0.0316743446804275,8.24172454876559e-50,2.72743450955991e-38
01,177889480,A,G,0.0254175916513975,1.36430884058967e-57,3.12888032970544e-38
X,78655777,G,C,-0.0176306333342769,1.19564367578921e-66,6.83336177209685e-38
12,93989683,A,AT,0.0259316919774977,6.46882568652387e-52,1.17690107730945e-36
12,94136009,C,G,0.0142245441016126,2.47218713055786e-42,3.14737213063741e-14
14,61072875,C,T,0.0204831633138022,2.43726357414066e-79,4.83724234969599e-36
13,51064533,CCT,C,-0.0233807626756427,5.13145713178141e-61,2.6673805243635e-41
13,50565104,ACT,A,0.0679490912977487,1.77226550921292e-32,1.45477531840886e-35
09,119124535,T,TAA,-0.0245999550632877,2.62677417579006e-52,3.71263612525098e-35
04,17937983,G,GAA,-0.0227448374601021,2.37905712839913e-32,3.77534440683797e-35
04,17956213,T,TG,0.0153035710831452,1.9076643049552e-27,3.7096869901718e-28
06,31840021,A,T,0.0158464830906421,1.45830320283092e-25,1.33105768486723e-34
06,32199144,C,A,0.0155986931295453,5.97165390271222e-15,1.65702537816243e-30
04,145560166,A,C,-0.0193644210684044,1.06505784683002e-27,2.95942187845704e-32
01,154989823,T,TGGGGGCAGTAGAGGGGGCAGTAGA,0.0196015858763219,5.29900065955873e-38,7.98400013472312e-32
01,155186742,G,A,-0.0105227675540915,1.97520125421879e-19,3.84048232992461e-16
07,150668070,T,C,-0.0181151394685998,2.19854852137467e-49,1.44983833575072e-31
07,150554553,C,T,-0.0186077344273286,1.2958772296795e-10,6.2769915977502e-15
17,62017421,G,A,-0.0246619307999168,1.03435948745603e-99,2.56296273146259e-31
17,61996273,T,C,-0.0330653242818376,5.49790392057056e-44,3.98720070188722e-18
16,29972465,C,CA,0.0197543685882946,2.86294676476667e-78,2.76335860526414e-31
16,2160503,T,G,-0.0243785390599088,9.90332700408708e-37,2.83400471121684e-30
16,2266173,T,C,0.0172236027151039,1.83054905554654e-34,1.29209501968618e-22
06,19839415,C,T,0.0409694769106057,3.32497755613057e-33,4.26577239773613e-30
06,109003321,C,T,-0.0200471123108595,2.85724757919671e-52,1.79474102497166e-29
05,75003678,T,C,-0.0183178540948172,5.83835765565613e-65,2.95777439774704e-29
08,135601194,T,C,-0.0151260220153472,8.08394590496435e-24,1.15577120380013e-28
08,135649848,G,A,-0.0142132420114173,5.72933064743092e-16,1.42933151369819e-21
08,135843916,C,G,-0.0112434390435168,8.54518893895399e-14,1.39039388092425e-09
20,33430974,C,CA,0.0170925019863896,3.76698999458789e-57,1.20233543694644e-35
20,33132917,C,T,-0.0179485970734504,4.67591584532318e-20,1.92031710009826e-25
01,41544279,T,G,0.0186718993666236,1.10758888252029e-55,2.34704397800005e-28
05,122699198,C,CTA,-0.0176350620355658,4.69571336143966e-74,2.44121200051221e-28
06,26180634,G,C,-0.0171854184020594,9.50018216054954e-24,6.99409570627833e-28
06,25842203,C,T,-0.0101538798057291,1.05283914563758e-09,2.41456437852674e-16
11,67024534,C,T,-0.0301644226700563,5.44641738395099e-30,1.25562683649408e-25
20,32274380,G,A,-0.0172985388224976,2.32987331879336e-28,1.31135812253161e-25
20,32595626,C,CAA,0.012811019810516,5.41149096412414e-32,5.53297508701474e-19
06,7702659,G,C,0.0169998244319654,2.36457991540376e-63,1.74429734829699e-25
06,7231843,G,A,-0.0168931941490987,8.62761088926756e-12,3.05051621010869e-10
06,41909521,C,CCG,0.0334662097485951,6.54413059525836e-28,1.99383468199285e-25
06,41903798,C,A,-0.0611562825726779,1.19235578713563e-18,1.60925304087791e-19
06,152168974,T,G,0.0167390246057225,1.91616232423664e-45,2.09329574433835e-25
06,151728714,T,C,0.00874578815790622,1.47538179007131e-09,1.86725618030957e-07
02,218278503,C,CTGTT,-0.0171353344375433,5.07410268351335e-34,4.26757370050832e-25
02,218146818,T,G,-0.0145835932153365,1.33120732056648e-19,1.10715458682547e-16
02,218604987,C,T,0.0155410434197787,2.09098951173993e-07,4.23528224117639e-08
02,172416533,C,CTTT,-0.0188508872995794,6.51617820400713e-40,1.54088839104308e-24
17,7571752,T,G,0.0759382088676485,1.05491872904158e-25,1.43026873581879e-23
17,7366619,T,C,0.0200529727564151,8.15850289052549e-22,5.28387731310162e-16
17,8056606,G,T,-0.0170935385300228,2.67664265493723e-10,2.87421662822857e-09
11,27694241,G,C,-0.022426087129684,1.1419827729156e-29,3.11225591533157e-23
11,27457894,GAGAA,G,0.0109235063742901,6.43590299824541e-22,3.49572362651588e-07
07,2859847,G,A,-0.0170729786720313,3.0206354815783e-41,7.59382411177314e-23
04,106215108,TC,T,-0.01606960070916,2.09093064031504e-52,8.23022409336947e-23
03,185548663,G,A,0.0229070785308363,1.22006429610725e-24,1.16878483692681e-22
03,185828465,T,C,-0.0134464911053199,5.84871531955201e-14,7.78065060117687e-12
03,185468884,C,T,-0.0104982826460389,5.16804934289827e-09,7.72298977227909e-06
06,142716286,G,T,-0.017030148260368,2.70283337734668e-26,1.19041614436086e-22
06,143187255,CA,C,-0.00978446194186782,3.23509071046084e-16,1.70692245028395e-10
06,142436352,C,T,-0.00906370188694373,1.40384922894671e-07,9.25371538729408e-07
08,78107140,T,A,0.0169031331043371,2.22450074000873e-36,1.80398949448011e-22
08,77761919,C,T,-0.0213880537013639,7.81613185373545e-10,3.78499705672938e-10
05,42687629,T,C,0.0174845389212917,2.60211196767488e-13,2.57658773781356e-22
05,42534306,A,G,-0.0128513784684099,2.47078935567036e-14,8.55760390411484e-13
05,42641962,C,T,-0.0106732910542653,2.13833983770859e-21,9.21817236170277e-16
22,42070374,A,C,-0.0259913232198938,3.42489313136484e-26,9.74603876986399e-22
12,111865049,G,C,-0.015226902970949,1.48850830936645e-58,2.09308095584503e-21
19,47569003,A,G,-0.0160583923425737,9.08855384208537e-40,4.20459218608577e-21
20,50951298,A,G,-0.0190048518363257,6.65087308796988e-30,7.60368484324161e-21
07,73037956,A,G,0.0187563180367063,2.26521406646636e-17,1.08781823806791e-20
07,72706794,C,T,0.00873763513654741,1.42628224207189e-09,3.69890798345072e-08
07,73121347,G,A,-0.00818742824381473,8.4855439795159e-11,9.93700226674165e-13
03,50022079,G,A,0.0156006247728513,6.54244162647418e-61,1.30859459954294e-20
12,50263148,G,A,0.0151310610948885,1.20987127743193e-43,2.91781310820438e-20
16,4015729,T,C,-0.0152452839358665,1.76241082438291e-30,3.37417146694645e-20
16,3583173,C,T,0.00977418905135703,4.3053763496416e-08,2.31562392967267e-06
16,4420787,C,T,-0.00828881031896053,7.00898795900763e-07,3.95360927183617e-06
04,145762728,G,A,-0.01923411555577,1.51933663971252e-19,7.36074580783378e-28
12,124826676,C,T,0.0194938258122144,4.43077765777677e-25,4.4475042352103e-20
12,124456440,AC,A,-0.0119054343220086,2.525590862136e-07,3.97352565861463e-07
15,99186488,G,C,-0.0173955715414305,9.4244417188164e-16,6.82173016870582e-20
15,99214192,TTGGAA,T,-0.0254713913498126,2.33732825841656e-21,8.8725791409668e-11
15,99226148,G,C,-0.0145337558138974,2.17923630656105e-25,5.88238709611432e-16
05,168256240,G,A,-0.0165348219000418,1.28603780628695e-21,1.17626753057241e-19
05,168312829,T,A,0.00746432407172972,2.38996812448614e-12,5.52901403147992e-09
06,50787576,CGAGGTGGGA,C,0.0224710741085033,1.54155240859616e-26,1.74003435276029e-19
10,102686838,GT,G,0.0157473943242352,3.26238083322232e-31,2.03079342222452e-19
10,102317557,T,G,-0.0137377012151915,3.18687281618801e-14,4.96910969877211e-09
10,102414556,C,A,-0.0113190659369615,1.08472344480803e-14,1.51842728299335e-06
06,29355148,A,C,-0.0113099964520749,7.29961649822912e-12,3.66072339501436e-19
06,28912076,C,T,-0.0127701792145048,1.65433898264446e-07,8.80475608641924e-18
14,25948867,T,C,-0.0154609113953949,3.76751098613381e-38,4.21200987720398e-19
11,2165576,G,A,-0.0182456120607718,1.21209501342121e-24,4.29801869930469e-19
11,2053669,C,A,0.0252285263603483,2.23788599150066e-08,7.35625088231017e-09
07,23513093,C,T,-0.016468040768043,1.42152667963322e-30,4.92160715374518e-19
12,46752872,C,CA,-0.0135541589294763,9.96972997272416e-38,5.51739203265961e-19
12,46798547,C,T,0.0171107385567091,1.62122302305444e-08,1.84410260015128e-10
02,211540507,C,A,0.01510843161712,1.83744132395984e-34,1.02919973978643e-18
15,89394600,T,C,-0.0422038264213324,6.54011216639663e-20,1.10452695327367e-18
15,89386652,G,A,-0.0128430014388442,2.40168955213178e-11,9.83766447918144e-08
15,89367562,C,A,0.0102012527904032,2.61709889032081e-19,7.74011610178701e-10
02,23912401,T,C,-0.0113081471355734,1.20463464918269e-14,1.11342579627348e-18
02,24142058,A,AAG,0.0095979548336836,3.57822274413743e-19,6.89013118684069e-18
01,176787749,C,CT,-0.0153751159510862,1.64541096158643e-29,1.782588217928e-18
01,176521349,T,G,0.0134947497111331,2.94075395842592e-20,7.27552764298929e-07
01,176521655,G,A,-0.0317247849109483,6.19721628705843e-11,1.18659310390562e-09
05,87695669,G,GT,-0.0152319035403261,3.56442948317636e-21,1.79784843638438e-18
05,87919700,C,T,0.014182492923656,5.49292839722514e-07,3.30693859428599e-08
17,79093822,A,G,-0.0146329064721195,1.04472397069229e-25,2.13970822440738e-18
17,78757626,A,G,-0.0107443142537575,1.2407068551731e-12,2.90893221322517e-09
17,79421254,G,T,-0.00872822539370024,1.27494811958416e-10,4.26260143805956e-08
09,98256235,T,G,-0.0195954873602492,2.80935488901409e-14,3.32197133418448e-18
09,98217348,A,G,0.0207288193839092,2.96459333070986e-18,1.87288364010676e-17
09,98318926,C,T,0.0127229969267414,9.0729870488163e-13,2.35034569512041e-11
17,59494574,T,C,0.014644505653693,1.38968293520404e-34,4.03586133067114e-18
06,109781301,T,TCA,-0.0140283713289974,5.49795806461613e-41,5.74037765249536e-18
05,176509193,T,C,-0.015946538365379,3.35511998816896e-26,6.03918964427637e-18
05,176980904,G,A,0.00961053134756921,3.74141682265881e-10,4.09390677871102e-06
05,176337556,TCA,T,0.0325305109652722,3.07189639260915e-06,7.03861255248831e-07
06,160767905,T,G,0.0137450280577084,2.75447821717546e-47,7.03891354352628e-18
06,140544467,A,G,-0.0150799867230765,6.23639594953006e-30,1.59847390136741e-17
11,68388220,G,A,-0.0175268738767716,2.36670763926022e-17,1.75670587530365e-17
11,68826317,C,T,-0.00798352085834938,8.43251774566074e-10,2.20100115899548e-07
11,68077048,C,CT,-0.00738066627974141,5.63329747816084e-08,1.02544772958986e-07
03,172121443,A,G,0.013674759205458,2.24458866400069e-25,1.75829255372594e-17
03,171969077,G,C,-0.01300877378537,5.26232108765873e-28,1.20388484777015e-16
05,170864021,G,T,-0.0168951206660652,2.77146518732688e-19,2.33992890860746e-17
06,34589632,C,T,0.0313050506541601,1.32664602198087e-47,1.31004621495041e-52
12,11880608,TAC,T,0.0140769298189819,2.03693553724025e-34,3.92731474563439e-17
01,33774752,C,A,-0.0137962267168504,3.72382281794042e-24,8.97412668222897e-17
01,33295956,AT,A,-0.0110099278302201,1.35107813557482e-08,1.04290584013887e-08
01,11281051,G,GT,0.0147736729390731,4.94036088477775e-29,1.16181663341073e-16
20,34769811,A,G,0.0156200948714013,8.78728642855571e-24,8.51601789108128e-23
20,34865772,C,T,-0.0194047170083415,3.36349775236592e-22,3.68744525327386e-21
20,35741970,T,C,-0.0175781234599441,1.57524526232233e-16,6.35511157915662e-11
01,214638396,C,G,-0.0138126398150426,4.14720112418482e-36,1.8942883245983e-16
01,214779427,A,C,-0.0168684018305382,1.50359950852895e-06,5.70452773178338e-06
X,137050402,C,CT,-0.0160525249101623,1.37766447621e-20,2.34639284225107e-16
X,129251524,A,C,0.0109862402487359,2.4681710136182e-30,2.93429726518432e-16
12,116196316,CAA,C,-0.0155844318969022,8.84865972244331e-19,3.44906457784525e-16
12,116450006,C,T,0.00809702294530971,8.12479574028131e-11,2.59312398076419e-08
05,67596088,G,A,-0.0126472604834163,1.12610637615669e-31,3.63438292501276e-16
05,68034736,G,A,0.0106328529070294,6.55559585911236e-09,2.10270282759676e-08
02,56106928,C,T,-0.0130606964662564,1.87223810303415e-17,7.04131711659669e-16
02,56076480,C,G,0.0121454316689766,1.9190968695226e-10,1.59478443486675e-12
05,172779211,T,C,0.0129877190891135,5.07241212109888e-17,1.14535260511231e-15
05,172753555,T,G,0.0153982668304564,2.02712064966397e-09,2.46653741555505e-11
05,173269929,GA,G,-0.00937988287462716,7.5439782697107e-09,4.5709470243912e-07
19,10748073,G,C,0.0125754890009631,4.38365924215558e-22,1.36383503104769e-15
19,10366622,A,G,-0.010051480144199,1.19220583904027e-08,5.24784905005325e-09
19,10301469,AATAAAATAAAAT,A,0.0146218726862694,4.15158970456521e-06,1.24620609060104e-06
05,139042547,A,G,0.0131998945009014,4.22537799324679e-32,1.889767357259e-15
12,122820960,T,TAA,-0.0145869073128488,1.16240289786868e-16,2.49908356827885e-15
12,122353230,C,CA,0.0188923338789416,7.71041539936165e-11,1.47766002397979e-10
12,122583781,A,G,0.00984454868202627,2.03070538745774e-17,7.16029979374293e-13
19,30286450,G,GA,0.0136406700047386,1.94708523167134e-24,2.56736439811083e-15
19,30709841,C,A,-0.0119138525907111,1.13633140759421e-11,2.01175464217539e-09
15,67007813,A,G,0.0139915823131269,4.33121278753244e-21,3.46016561686333e-15
15,67457698,A,G,0.0172759398898017,1.70429115441041e-07,9.53712873843026e-07
15,66514155,C,T,-0.00917146121012212,1.29678291433625e-09,4.12564178691111e-08
10,96026184,CA,C,0.0113017638419354,7.02326089857768e-22,3.61663964399213e-15
10,96085377,T,A,0.0136405132681664,2.46129956459352e-09,1.16195250327767e-11
02,183247431,G,GA,0.0127239855930501,8.90391538485267e-36,3.71348819638044e-15
05,130378027,C,T,-0.0151078012948427,2.80539116258673e-23,3.93524908392947e-15
19,2176403,G,A,0.0125786596449363,2.10720563712252e-23,4.01992021163403e-15
19,2039727,C,T,-0.0273021612654193,2.40830494059965e-07,3.40836113133529e-06
19,2353368,A,G,-0.00728203721452752,1.17117201836408e-08,9.85092430447143e-07
X,45634295,G,A,-0.0113218858368208,4.47544195967578e-18,4.82459597715852e-15
X,45226975,T,C,-0.00661515266458756,1.7694789849618e-10,3.39685911368194e-07
07,50661670,CCTTT,C,0.0151049065647998,2.76620698542671e-16,5.74091681006721e-15
07,50924391,C,G,0.00848487837020349,2.81455034319253e-14,3.98380521726144e-07
07,50877893,C,A,-0.0134061495503822,2.2190703062672e-06,4.0041063671754e-08
11,43878459,G,A,0.0137432977972623,4.81781007194569e-26,8.03415192286119e-15
01,172105257,T,C,0.0132668649593855,5.97217060271119e-25,8.18153940808265e-15
01,172151701,C,G,-0.0184174262241511,1.64733632091939e-08,4.09356202501993e-07
01,172261226,G,A,-0.0257061417417118,3.93082599655712e-06,2.77188354858355e-06
17,43223316,C,CAT,-0.0124839385424504,1.30215838032396e-21,8.65764164844538e-15
17,43008905,C,A,0.0106503956661915,2.63978660157506e-09,3.69651240195758e-09
12,991306,G,A,0.0149314952919692,1.16355140642942e-17,1.00842309713314e-14
12,580772,C,T,0.00805723087720222,3.65557962508326e-10,7.78211241314683e-07
12,56364321,A,G,-0.0129868153834097,3.90272143983097e-28,1.13651701903645e-14
09,90873653,A,G,0.0121432973497963,9.78398203386075e-24,1.34655380931862e-14
09,90600849,C,T,-0.00848098363631725,1.30864241600653e-08,2.23235732963051e-08
09,91008047,C,CTTT,0.012360233500402,7.22872132798439e-07,7.44902051651487e-06
13,30177474,TC,T,0.0139008880427363,2.44659381225644e-24,1.41644607440448e-14
03,85671119,C,T,0.0106143570256993,6.06508421751981e-17,1.52574650887831e-14
03,85171302,T,C,-0.00934731108870006,6.85071195179734e-14,8.14459098653298e-13
20,21123431,CAAATAAAT,C,0.0132968451477822,9.09487174458262e-27,1.588284268642e-14
01,218609702,A,G,0.0135552363074262,5.95101905337072e-25,1.74405903581408e-14
07,28174957,G,A,0.0135154935361634,5.85422563676673e-25,1.97295081817179e-14
01,201806106,T,C,0.0127136723626232,2.11845893120558e-19,2.40491708859499e-14
01,202003987,A,C,-0.00885883442081489,6.84662457241782e-14,1.11750767095643e-08
03,183976103,C,T,-0.0137919758066004,1.83624649344652e-14,2.70785066325534e-14
03,184010048,C,G,0.00875023367082836,4.09709270428055e-10,3.80420418207603e-10
05,95728898,C,G,0.0131142321177951,2.26053068732344e-16,2.84099941317265e-14
05,95850250,A,C,0.00789308695013315,2.74794130700556e-10,1.10833544177542e-07
11,30443688,T,C,0.0131838159742266,1.80062455331136e-25,2.84178505272234e-14
07,76568137,TAA,T,0.014471423803657,2.94114464018763e-16,2.89188404273532e-14
07,76588358,T,C,-0.0134686686248041,2.3932559304721e-07,6.11763574884895e-09
02,198950240,G,A,0.0121153848490612,2.04982008536856e-37,3.25216599602162e-14
03,128992047,A,G,-0.0129420314787471,4.80393661137946e-17,3.49502821787916e-14
03,128966351,G,GGATTAT,0.0160468109996428,1.51188423911575e-08,2.61395722349936e-10
04,88557753,G,A,0.0121349024921992,1.46373866753894e-37,3.92505909364871e-14
01,155174106,C,T,-0.0106295147938101,6.06006350971188e-25,2.09989317522958e-16
01,155661719,C,T,0.0370466612692817,2.23342545263173e-12,4.27243539095375e-14
01,155306195,T,C,0.0259893197638084,6.91577775010603e-08,2.36114524898374e-09
02,71562503,C,T,0.0119517960854528,3.92739970046228e-21,4.2764235495345e-14
02,71889624,GTA,G,-0.0156781916912697,2.07482290910482e-07,5.56534931777036e-06
02,71958303,A,G,0.00772104199778267,1.11059552517179e-07,3.84149580070416e-06
16,4948936,T,C,0.0120640245945306,1.5083848537489e-17,4.72585380505337e-14
16,4631802,A,G,0.0188007156405021,1.83214864691278e-06,3.48589310121696e-09
06,19078274,A,G,0.0150216772857177,2.97415977779919e-20,5.10363197329442e-14
06,126097374,G,GC,-0.0119378931823433,1.86662981607041e-31,5.55853787315093e-14
06,126572573,G,A,0.0129984700841717,3.16668598653746e-08,7.84047295389264e-08
X,77576633,C,CGT,0.00848733554323851,9.09986064344901e-13,6.44233641120755e-14
X,77920146,G,A,-0.0193164236051068,6.27278514493524e-14,1.62156364240888e-13
X,78024291,G,C,-0.0113502205377321,1.07945279356126e-12,1.09885921896334e-09
08,116631278,T,C,-0.0146617073251726,1.90070290948276e-20,7.35678746222468e-14
12,120907309,T,A,-0.030323195009043,6.99950965341785e-15,7.61074932127666e-14
12,123759417,GAA,G,0.0148252922463212,2.62031789437521e-15,7.80165218966864e-14
12,123329101,A,G,-0.0113783920677187,9.49553942391341e-09,6.5315140754773e-10
08,126498265,C,A,-0.0140853230784983,1.06372280126409e-21,1.18985416466698e-13
17,47063204,A,C,0.021356814534344,1.74751871893558e-16,1.2517671256035e-13
17,46725779,C,A,-0.0220799269218416,4.50616257607495e-08,4.38596498859439e-08
17,46913863,T,G,0.0318489984828837,1.02405802357935e-07,4.22251638481675e-07
04,45182527,A,G,0.0119391642348679,2.25555616558425e-32,1.26666026614469e-13
04,82184234,A,G,0.012767135725356,1.11381866089279e-24,1.3866121885598e-13
15,62274940,G,C,-0.0108704977596687,2.70530736871159e-27,1.38765974176369e-13
15,62112657,C,T,-0.0270210146447958,3.98569595004815e-06,3.89975069074064e-08
01,205685352,T,C,0.0120312587359402,2.93289164710963e-29,1.43584772932562e-13
02,223960207,C,T,-0.0130807891865073,1.05796964939467e-22,2.19280573866951e-13
01,51037660,G,GT,0.0207917145400627,9.9454948615344e-15,2.42454117455545e-13
01,50546810,T,C,0.0102658658273557,3.23197891282974e-16,2.14865108191787e-09
X,78792528,G,A,-0.0159363314197401,2.71976546300449e-59,3.02461750477715e-32
05,36882988,A,T,-0.0121690885731576,1.9424410559252e-17,3.20104008107048e-13
05,36646032,G,C,0.00914235915923438,3.71217270098481e-11,8.84414152942685e-09
19,46182304,T,A,-0.0146881985898151,7.01225292163604e-19,3.27925932079309e-13
03,9975386,C,G,-0.0149654613264467,8.86685495562603e-20,3.28973460472442e-13
08,130721742,TGATA,T,-0.014926651502652,2.88897793424879e-19,3.35522490556545e-13
19,8670147,C,T,-0.0313080993936262,3.63653450325324e-13,3.62642040269774e-13
19,8516278,A,T,0.00833996336189914,1.58303573514741e-11,2.19463425378786e-07
10,77209145,C,T,0.0116947472882646,3.73900989936838e-32,3.6789451047093e-13
14,23779877,C,A,0.013223720689997,5.57898150127819e-11,4.03412025071397e-13
14,23305649,T,C,-0.00971684307174886,6.59248046004111e-14,2.53244313499079e-09
14,23755598,G,A,-0.00872249200443788,2.25967574496275e-08,6.38572237063656e-11
04,122736053,T,C,-0.0118385737526312,1.48368151600306e-28,4.09019930768083e-13
15,41970964,C,CA,0.0168425331376315,1.00164293954581e-13,4.63649928715388e-13
15,41560127,TA,T,-0.0107319904118616,5.60223470574783e-10,1.3982696143576e-08
15,42084329,G,A,-0.0288698939559878,1.76740159751491e-06,9.56152840774184e-08
07,127015083,G,A,0.0419309122301092,1.60597552796101e-13,5.16706233358211e-13
03,85526120,ATCTCC,A,0.0101174870085656,8.76266622478e-16,5.28076887614797e-14
03,85087904,G,T,-0.00943106443167521,6.44408113942051e-14,5.64960235972601e-13
10,120434096,T,G,0.0115059832180239,7.13981508604799e-33,5.73575909622225e-13
X,53628625,AT,A,-0.00993856592010581,1.76990008233113e-28,6.64384232638719e-13
05,137603293,G,A,0.0139624957577421,4.39529002799504e-19,6.8244394534057e-13
09,97617103,C,G,0.0125771155350158,2.38664424999086e-21,7.12249476202877e-13
09,97409771,C,T,-0.00869856574985206,5.4977015877201e-11,6.42321919978706e-06
03,38496193,C,G,-0.0115150457690032,5.68482248879403e-33,8.1549197378129e-13
02,25458100,C,A,-0.0118104664474475,6.12573098260078e-17,8.20074265111604e-13
02,25935577,G,A,0.0104906578981276,5.3754151237246e-10,7.9642624533884e-09
02,25041620,T,C,-0.00932449028514645,1.22441755996574e-08,1.16933823718137e-07
22,40611012,G,A,-0.0122341334750053,1.0208159957465e-23,9.20342423136552e-13
10,25178864,G,A,0.015555589778302,1.42879710627504e-17,9.22319886125167e-13
12,103064247,A,G,-0.0121601631045437,2.25236351139571e-34,1.06783614607057e-12
12,103175170,G,C,-0.0218434134960556,6.38674589461746e-10,5.24019588784952e-08
12,102826653,CATAA,C,-0.0251222034873822,1.45086810073369e-09,1.93047229124594e-08
16,88804924,T,TC,-0.0118789604323954,1.24187235105144e-16,1.10815115377365e-12
16,88321027,C,T,-0.0294682169741461,3.26912223766923e-13,1.34464045069115e-12
16,88554317,T,C,0.00862547655251997,7.49696610330138e-12,3.54707527015569e-08
11,2813322,C,T,-0.0428287141511358,3.31449239873705e-13,1.1422891371504e-12
11,3128272,T,TGCCA,0.0169643637388681,1.63436930278245e-10,3.02326539204993e-09
15,86276000,C,T,0.0113515978713194,6.34746260585411e-32,1.15403936239075e-12
06,35767429,A,G,0.0357134448307526,1.61484867697849e-13,4.9177224706293e-13
06,35534117,T,C,0.0310016197393981,5.62317080543336e-10,9.34003240257518e-10
06,35633456,A,G,-0.0219290247239957,6.71022370988916e-10,2.87815815750786e-10
12,28657057,C,CA,-0.0124233833790635,3.33602101726664e-22,1.20668792753749e-12
17,63561592,G,T,-0.0156655478888665,9.11775950488641e-17,1.34100876974396e-12
X,99882543,C,G,0.00969697705963942,2.80704775011947e-21,1.49822227248303e-12
08,120456193,A,T,-0.0128262215483484,8.01271264471593e-20,1.55303175184333e-12
08,120596023,G,A,-0.0208183756349037,6.77960571692376e-10,2.14095016150771e-09
17,29230520,GGT,G,-0.0176169941754953,1.57826699307672e-29,1.87523486994462e-34
17,29707521,A,G,0.0101230606058304,1.88846236880693e-19,2.42128523248584e-12
17,29285075,C,T,-0.0280654460117855,3.01130815324857e-07,8.03855531478641e-12
10,104829102,G,A,0.0116145110443166,1.23339708445332e-25,1.98635463382624e-12
08,145001031,T,C,-0.0107425377146483,7.15038595899642e-16,2.12044996702936e-12
08,144876159,A,G,-0.00800186844885053,2.57894267449128e-10,5.46960169137446e-08
16,781292,C,T,0.0151463104242666,9.82104903374275e-17,2.28482287984308e-12
16,359953,G,A,0.0108476564253565,5.17510877945238e-14,5.68566274180963e-09
16,1113847,G,T,0.0100331320560339,2.70556619932206e-14,9.45341478908148e-10
02,169721381,A,G,-0.0119433270022776,1.21029063059441e-22,2.4239660145066e-12
06,83330333,T,TG,0.0113603545257866,2.21416413695625e-34,2.52586511726709e-12
13,54107352,G,A,0.0167701517896075,1.36366022115426e-15,2.5976510578749e-12
12,3352245,G,A,0.0162665417423938,9.14183686736595e-09,2.75239050535882e-12
12,3295708,TTGTTTGTGTG,T,0.00984557407490517,5.52520458562066e-13,3.11050742303687e-08
12,3393100,C,T,0.017263254046502,2.5061367560899e-07,1.07340772540669e-09
07,93258982,CT,C,0.0112015192682299,2.13412824747482e-29,2.80420879168028e-12
04,123832776,G,A,0.0130928501846356,2.30970374428522e-14,2.86931509643539e-12
04,123757889,A,G,0.0202873635157777,6.04046175604406e-07,2.03264439675105e-08
14,24804088,A,T,0.0106403005822751,1.14635864041687e-12,3.1502678007947e-12
14,24835017,C,CG,0.0121147963290839,1.01766076001281e-06,1.39311875669545e-07
14,24669623,G,A,-0.0133607766285562,7.85607284532065e-07,7.81725033145157e-08
09,99106848,TA,T,0.013769247255048,7.55734923107911e-17,3.57247474410379e-12
09,98613633,G,A,-0.0191754573099367,2.34474143698551e-06,2.74292164314493e-06
14,65520246,T,C,-0.0111977787881697,5.17320079084704e-31,3.6390951091898e-12
06,80959985,TC,T,-0.0107009688438537,7.35972967395659e-21,3.72247281274653e-12
06,81446732,G,T,-0.0121284097513638,1.4666558064313e-18,5.31288204689317e-10
06,81052297,A,G,0.0108761759739983,4.08620021341536e-07,2.31116831352366e-08
06,40369081,C,T,0.0117715664745731,3.63310457609325e-23,3.73479915361989e-12
11,118590743,A,G,0.0111761764892968,8.75287432225464e-30,3.81797887155488e-12
01,72754314,C,T,-0.0122709333263085,5.86449601875871e-13,3.84787384927271e-12
01,73070185,CTGTT,C,0.00870617647103263,7.15793464877041e-09,7.68714790347756e-09
06,26207175,C,A,-0.0192367771322636,6.89629037472008e-44,2.36332176844903e-26
07,139749346,G,A,0.0142357047606234,6.8644363648493e-17,4.37880460606607e-12
04,1012300,T,C,-0.0237631185180132,3.19881515128922e-11,4.47444007765573e-12
04,840616,C,G,0.00899008467005056,1.01514178635665e-09,2.92102610025013e-08
06,76164589,C,A,0.0182527555533715,1.70286600458966e-14,4.6139845741611e-12
16,20002523,A,C,0.0140018904888971,3.61483066512819e-16,5.24827497899967e-12
16,20249395,GTACT,G,-0.0144419623860191,1.14798817659351e-09,4.49024461643142e-07
16,20375351,T,G,-0.00775174680127345,3.11808272116735e-12,2.83858324370748e-06
01,21584941,C,T,-0.0112033778977127,6.94294501746306e-26,5.35190391998186e-12
13,78474468,C,A,-0.0129851011197021,2.01964119702348e-18,5.56723372500689e-12
10,27914001,A,G,0.0111418428340188,8.76156312343333e-27,6.6091826735279e-12
X,109832336,A,ACG,0.00967128932352551,1.47499321883537e-20,6.63603052762214e-12
17,46288649,A,T,0.0158422085467126,2.05295530761954e-14,6.86939018686423e-12
17,46175361,C,T,-0.0212944767231728,1.31448505315271e-07,1.25707504760609e-08
17,46764369,C,T,0.0287204433364612,2.00604030714317e-07,1.0978548288166e-06
02,233048622,G,T,-0.0171848493244988,1.28783633736181e-11,7.8530019118086e-12
02,233417394,C,CT,0.00983787609699151,1.53954369904949e-13,4.51446926640918e-08
02,233094868,C,T,0.0204108174864055,3.37530351557704e-06,5.88009018859288e-06
20,20069826,G,T,-0.0123402682567175,7.90973848000648e-18,9.65614681030311e-12
20,20348253,C,T,-0.0129612418199382,3.42330051787804e-12,1.23239017496527e-09
12,97792368,TG,T,0.0112671635937489,7.65104504871749e-21,1.02704143008783e-11
12,97604246,C,G,0.00992113570309129,1.12704783157166e-09,2.61172557013895e-07
12,97764804,A,G,0.0106252492575431,2.78089859294424e-06,2.24964419060313e-06
11,10126097,TG,T,-0.010815654944982,1.80521105806412e-31,1.10384794656218e-11
01,184007119,C,T,0.0116797227758651,2.88655314223998e-21,1.11415445152954e-11
10,124131176,A,G,-0.0109035160687327,2.81892416727847e-18,1.12371549891978e-11
10,123992608,G,A,-0.00781732937018506,1.59690316236572e-08,2.0567563298201e-06
02,9770589,G,GCGGGGC,0.0130730372456308,1.04814715361233e-19,1.13519310375827e-11
10,70240379,G,C,0.0110118550096654,4.23586174272297e-27,1.14338065782608e-11
17,68148034,A,G,-0.0155976134752133,3.47772032042326e-11,1.15752508661801e-11
17,68206588,T,C,-0.00793437702237874,8.91168162574706e-11,9.05149888850481e-07
17,68075324,T,C,0.0075161378606602,2.48457378223183e-07,4.50684723883776e-06
01,8015560,A,G,-0.0114255366320018,2.44008547903415e-22,1.2858537432792e-11
01,11220180,A,G,0.0152328759723829,1.61243097318431e-18,1.44520340335602e-16
01,10724236,G,A,-0.0106119078452127,6.89997085678538e-17,1.30750798779572e-11
01,10495797,T,C,0.00763110148907807,3.4406793364072e-09,4.26850735311199e-07
09,103061366,A,G,0.0115557254073982,5.79291008972051e-21,1.36323950157118e-11
19,7112645,C,A,-0.0157815031999477,1.53313253969273e-13,1.65006514461761e-11
19,7183797,C,T,0.0107869458777649,1.8037325129276e-13,2.55534826472519e-09
05,171281875,G,C,-0.00847160030814965,1.34357208895013e-10,3.85990303706995e-13
10,5042294,T,C,-0.0157441674703898,2.67135134830894e-12,1.70274573528409e-11
10,5257647,G,A,0.0124651314132265,6.25275388250842e-11,7.22200974433883e-10
10,81103862,T,C,-0.0110110478862443,1.54169106741662e-19,1.70348448760308e-11
10,81228378,T,C,0.0117529298842551,2.40499077760338e-08,5.29708263241084e-08
10,80931481,G,A,-0.00786014230982188,2.73552841321508e-09,5.65655192042361e-06
12,102407746,T,C,-0.0283450418443608,4.04651841883285e-13,1.7987947677927e-11
12,102372809,T,C,-0.00998185334968538,2.62055755070112e-14,6.82603496573139e-09
12,102328806,C,A,-0.00810659282302601,4.09563756666267e-11,2.97362676907165e-07
05,77394128,TA,T,-0.0115980998083269,2.88995619101112e-14,1.8075969728854e-11
05,77631634,A,G,0.00980634828074953,7.09336722106925e-10,1.05778431276711e-08
12,57146069,T,G,-0.0166455144758652,3.92153513804183e-11,1.82145458687717e-11
12,57540848,C,G,0.00958353087636935,1.27554311133969e-10,4.23399556153681e-07
12,56678341,C,T,-0.0130427717654649,1.36801427118396e-07,2.08740401397995e-08
07,71586049,T,C,-0.0114090146434137,5.38091596347375e-22,2.11528585961457e-11
01,26455182,A,G,0.0129102133807967,1.10256338399733e-10,2.12980091510118e-11
01,26750273,T,C,0.00790586773006551,9.41699245712821e-13,2.05776737104761e-08
11,14469598,C,T,0.0233377091505476,1.22935273020749e-12,2.46645655878399e-11
03,88196211,C,A,-0.0117853476765022,3.47126002770586e-19,2.77465521623844e-11
13,96922867,G,GGTATATA,0.0107724693976207,6.67250473598273e-25,2.9414395660036e-11
17,36925750,A,G,-0.0107704393759949,7.16652742015192e-27,2.96949457632704e-11
07,6399723,GATTATTATT,G,0.0160139188848769,4.04610533526916e-14,2.97457711592353e-11
18,46602964,T,C,0.0112081855916866,1.36626023108577e-20,2.97651235868353e-11
18,46516424,C,G,0.010102683448731,7.20047567698907e-13,3.34860890784762e-09
18,46269568,G,A,-0.0135060314064301,2.07142604450426e-07,8.50176990287522e-08
11,29214768,G,C,0.0165154138489132,4.57751034533141e-14,3.02604734707493e-11
X,118640330,AT,A,-0.00978003634205736,2.85401938392449e-18,3.03798448440543e-11
01,56602992,A,G,0.0126169843728392,4.89297445679772e-17,3.06049835546062e-11
07,148649180,T,C,0.0120420220442464,1.27158367233869e-18,3.2054219114586e-11
01,201016296,G,A,-0.0163982636035429,5.81784768533092e-14,3.29351385440662e-11
08,73449940,A,G,0.0117598810286949,2.11462560730247e-19,3.39387965572232e-11
06,45090977,C,T,0.0108412897422872,5.63828003004009e-23,3.80191702376383e-11
02,44999709,T,C,0.014010792277304,3.08250481100432e-15,3.81891702794388e-11
06,81829439,GTTGT,G,-0.0094356976809752,2.24654858308371e-11,4.2152624721595e-11
06,81570143,CT,C,0.0257018482803039,3.41013784465198e-09,2.01946693662542e-08
06,81350938,CAT,C,0.0081532763438301,3.51428851541343e-12,5.74165403638839e-06
09,28410683,T,C,0.011278852616841,6.21929697867755e-21,4.55930510099371e-11
05,87795525,G,A,-0.0159069445787573,3.94209479872781e-20,5.05379229563297e-17
05,88430633,C,T,0.00989350274338632,9.06363886453836e-20,3.29204715655907e-10
10,18549889,C,T,0.0148453655794618,3.88525172140206e-10,4.87360989899332e-11
10,18714742,T,A,0.01205770775507,5.74565019418464e-09,2.04507530015004e-09
04,12841182,A,G,-0.0118478338979619,5.27248584794766e-18,5.15943700445383e-11
09,94186973,C,A,-0.0117190779842858,2.9494013330152e-18,5.40817181193832e-11
02,227264435,C,T,0.010697201500611,2.82249961756359e-14,6.42304414816095e-11
02,226948084,C,T,0.00939295009205556,9.70264262534317e-10,3.90553305464125e-07
02,227353803,T,C,-0.0251463162749656,6.63351277855879e-07,2.90856080563663e-08
03,11630252,G,T,0.0137458668135358,4.93590327309662e-15,6.59236665172797e-11
14,99700080,C,T,-0.0105075157440065,6.54723593798431e-25,7.33864260541303e-11
11,65245829,T,A,0.0123584672013566,6.62715220468988e-14,7.83361207531629e-11
11,65679835,G,A,-0.0133156852758544,5.35034037420447e-12,2.11491723425647e-10
02,38055143,A,G,-0.0220644467219901,4.7973398813474e-12,8.55567762216909e-11
22,30365780,A,G,0.0102846287249231,3.05306788158099e-16,8.69352771166587e-11
22,30653991,T,C,0.00766645110812118,1.88443308093988e-08,1.56013802114426e-06
15,89928189,T,G,0.0102513499262025,3.11055044520324e-25,8.87748034584945e-11
15,89433954,C,T,-0.0328812691782614,2.93045739308704e-06,1.59595251618574e-06
15,38502321,G,GCA,-0.0106143511563614,1.73581867323699e-24,9.12678489613283e-11
16,28632021,G,T,0.0105576341726099,1.65868642438625e-23,9.2434035347997e-11
07,121964618,T,C,0.0107076036235042,2.33512757948286e-21,9.66287217079567e-11
X,85563379,A,C,-0.00856282707099942,3.86360232217887e-22,1.00036919786935e-10
06,2101285,A,AT,0.0122841045681443,1.71902592662145e-16,1.03835437990205e-10
17,76746325,A,G,0.0103377009877411,2.14706607388972e-27,1.06938462094716e-10
12,117408148,C,T,-0.0141286990116483,3.01832374663576e-12,1.10554419469162e-10
12,117596976,G,A,0.00900903379029959,1.32751926314435e-08,8.47107561365699e-07
03,62713263,T,G,0.0111276704773358,3.73377015594062e-19,1.11090388275921e-10
10,126290498,G,A,-0.00880398225219758,1.2652068156587e-09,1.28615234974002e-10
10,126572612,AAG,A,-0.00898143440342144,4.9037252169966e-07,4.12889414713547e-09
10,126629608,A,G,-0.00773188098920323,3.6494623903809e-08,1.12965346208858e-08
17,71124903,G,A,-0.0105011643582838,8.54812485371734e-22,1.31097168870352e-10
01,150897800,G,A,0.0158496263684494,3.75644868776623e-10,1.39130209442623e-10
01,151250825,G,GT,-0.0105053644118616,1.86635713428674e-09,1.92203472513837e-08
08,49407362,C,T,0.0137717570819753,3.60952398748578e-14,1.44047589834458e-10
17,78449948,C,T,0.0128630065188612,1.87694435069861e-11,1.51021269510109e-10
17,78292945,G,A,0.00975958445199489,2.98174426837812e-07,3.11789351303604e-07
06,30276382,G,GTTTTT,0.0107285838247783,3.25179467199272e-23,1.6261861459135e-10
06,30373456,T,C,-0.0124720979835369,6.10534954699598e-11,1.20943142724644e-09
16,15147788,A,C,-0.0109904104187605,1.76929987977643e-18,1.90045466197331e-10
02,176964904,G,A,0.0107434155801367,3.92171843020143e-20,2.02247693543165e-10
07,46642734,A,G,0.00949548489508989,4.08559483267657e-16,2.1291730274775e-10
07,46734307,G,A,0.0115800675858988,2.28369698497838e-14,8.23661308603227e-09
07,46538362,G,A,-0.0137679202939178,1.47973622774521e-10,3.35155500255293e-10
17,39261560,A,T,0.0109731614907548,2.25428358627843e-18,2.29787707897973e-10
03,152414536,T,C,0.0144195334308671,2.56503902753289e-13,2.55330229732611e-10
16,24713504,TC,T,-0.0105552919256896,9.51977481526422e-18,2.55940968951808e-10
16,24550930,G,A,0.0106709072251157,2.25438617348679e-10,2.25729946002644e-08
05,134361020,G,A,-0.0114546400867539,3.4462612923009e-12,2.649293919158e-10
05,134586980,G,A,-0.00997048067794442,2.28838206944288e-18,2.65274574627648e-10
17,65960854,T,C,0.0127327228664925,6.08902767232997e-15,2.72274033526707e-10
05,131271022,G,T,-0.012785846777142,1.48607223864012e-31,2.46626183165393e-13
05,131802223,C,T,0.0233222852238987,2.02996681560752e-08,1.26944357674117e-06
02,33361425,G,A,-0.00959418590392867,4.43130101487103e-12,2.7903841794173e-10
02,33489022,AAAG,A,-0.0186384025753413,7.73227091193469e-08,4.79824896988189e-10
08,57170647,A,G,-0.0237507086756719,1.38598428042022e-24,6.82624694062647e-30
08,57187356,C,T,0.0186539526169452,3.94026538353601e-20,1.92793254336977e-23
08,57665019,T,G,-0.00971577975931586,1.03590063686788e-11,2.90182992359948e-10
20,47843620,T,C,0.0118653894469494,8.00501638916952e-16,3.02790749603233e-10
05,179727399,G,C,-0.0102682123195671,1.50511857696571e-21,3.06490679197896e-10
20,6569368,C,T,-0.0101923623036676,2.10694676744385e-16,3.21205107937168e-10
20,6709838,A,G,-0.0106830051934404,1.24566592193943e-13,3.68622888210246e-10
03,56686329,T,C,-0.0104440633903998,6.47356159874053e-20,3.27748142850757e-10
08,23390046,C,G,0.012491231277018,1.49487573667571e-11,3.3323940499915e-10
08,23159374,C,T,-0.00908896748204603,6.94911365969715e-09,1.30489948822189e-06
08,23651702,G,T,-0.00818015927985548,6.74666175858934e-11,4.48677610448678e-08
12,41881053,AT,A,0.010047706063572,4.0228377911657e-27,3.9450150824962e-10
01,49791149,G,C,0.0106377470380524,3.15397514124454e-18,4.27603447335408e-10
01,118855812,A,T,-0.0107715054649302,5.36696742514946e-18,4.28965717588745e-10
10,22691296,C,G,0.0152664138770205,2.85858018882139e-08,4.29178251589372e-10
10,22276819,C,A,0.00869029873576103,3.85567087624266e-09,1.14624359363078e-08
05,80830788,A,G,-0.0115409310576202,1.15419975461228e-15,4.45841263237799e-10
12,65964357,A,T,-0.00987129890323864,2.56394778615711e-09,8.22471291924977e-11
12,66212017,C,T,-0.0137019496378086,2.76980972994347e-17,1.30162685055719e-10
12,65710655,C,T,-0.00949874654400081,3.42001919914533e-09,1.86989068385489e-09
05,112138888,C,G,0.0102941734055259,5.61294518426264e-21,4.97019504016267e-10
18,56876563,A,G,-0.0122909153705158,1.29414574304363e-11,5.16100129377241e-10
18,56943484,C,T,0.0190481018687248,5.41183159595177e-08,1.11948233085744e-08
13,42737268,T,G,-0.0102840843992028,3.01823835000841e-20,5.49654327534899e-10
09,16461905,T,C,0.0104223681911357,1.64998453761928e-19,5.90960494767321e-10
14,79937216,T,A,0.0119627940110249,5.85968227324405e-15,6.03245814820033e-10
07,1270738,C,T,-0.0176967550674419,3.66374727349664e-10,6.06192624016053e-10
07,1381277,A,G,-0.00967749334534201,3.66484772600379e-15,3.23923877169476e-09
08,13372120,G,A,-0.0205001215654426,3.68700685488656e-11,6.25370908818688e-10
18,74970687,A,ATGG,-0.0266941523851889,1.05506459875977e-10,6.37908541304594e-10
08,65002075,C,G,0.00920520512390549,4.86446732983597e-13,6.42484045968728e-10
08,65311200,A,G,0.00897559904597391,8.81279837227323e-12,2.8449316538141e-09
09,111707928,G,T,0.0181175657274686,1.27843730218917e-09,6.73352414842989e-10
09,111910690,C,T,0.0132261781524169,9.20271132856018e-07,2.81418005617342e-07
02,42625364,AAAATAAATAAAT,A,-0.0111314595450583,1.89768382146236e-16,7.51065389145347e-10
11,2665357,A,G,-0.0299274422793443,-99,5.26913199296476e-08
06,34163292,G,A,0.109925994446511,-99,9.41866956222997e-12
06,34181995,T,C,0.052933674611959,-99,2.40660443888277e-46
05,87999371,C,T,0.0362420706870662,-99,1.82248405341182e-08
04,145839264,G,A,0.02679651920117,-99,1.12397553251296e-28
05,171218388,T,C,-0.0179883694528588,-99,2.95878214335715e-08
05,171336723,G,A,0.0204033539060228,-99,4.07937830773606e-13
