chrom,pos,major,minor,beta,p_value,gwas_p_value
10,17845995,T,C,0.137726678339096,0,0
10,17875857,G,T,-0.093474809833925,0,0
10,18087629,CTG,C,0.0894239101318008,1.1634881189539e-281,2.86752770126139e-252
22,44324727,C,G,0.0986777636295852,0,5.73875336353099e-228
06,32582513,C,G,-0.0500496332212706,4.35031150707556e-141,5.90222369373908e-92
06,32619128,G,A,-0.0353677449045508,7.14765532446352e-55,6.01436369199152e-42
03,58447299,C,T,0.0480613179844827,8.63581897216481e-163,1.29649840234007e-75
06,31754830,T,C,-0.0699367202828115,5.4281493020558e-104,3.75632943718631e-79
10,101924418,T,C,-0.0444936340553857,2.97960938454789e-205,2.35093087149498e-69
10,101152720,T,G,-0.0470222481204941,8.27337265440265e-84,1.97424305837086e-65
10,101592158,T,A,-0.0232425653563695,1.28648831903011e-36,2.15535945637762e-20
09,136141870,C,T,-0.0537103673894109,2.43941363476422e-87,1.19646601793443e-60
01,161542235,A,G,0.0720539268705805,3.26067721357385e-73,1.18533966643152e-49
01,161623733,G,A,0.0311994705967899,3.15203854408916e-39,2.81008643492643e-09
01,161645877,G,A,0.0302757528395507,6.22173021948879e-15,3.65430316139901e-12
16,58752466,C,T,-0.0654042745865541,3.38320001399262e-56,1.76492246945787e-47
10,17891705,G,A,-0.0608438176812301,4.6782142185394e-230,0
10,18136543,G,A,0.159547591869654,0,0
10,18103401,C,T,0.105701846959851,0,0
19,19379549,C,T,0.0667653969975926,5.3500983745178e-51,2.33589144349454e-42
19,19396616,C,T,0.097113406329054,1.33626524361945e-17,2.20894989919737e-15
01,110470764,G,A,-0.0497359085359073,7.66665998079342e-55,3.04694351567236e-40
01,110365460,GACAGAGAGATGTAGGGGC,G,-0.0205833451018796,5.18948599294875e-24,8.61970784272101e-10
14,94844947,C,T,0.118972103944019,1.18815762261856e-41,4.53862403120548e-40
01,16510894,T,C,-0.0331957739843461,2.17336434183222e-91,2.14918684147441e-38
05,72351062,C,G,-0.0326772634440855,1.03017768476543e-101,3.54488892032116e-38
11,93866147,T,G,-0.0466046703146568,2.12312067382894e-40,1.25397985394536e-34
11,93862685,A,G,0.0652368628082451,7.70492436166473e-14,1.43270159707516e-15
04,88183820,T,C,-0.034016425554304,5.7404135342878e-67,1.36056924290623e-34
04,103188709,C,T,0.0570681448670681,1.39091573064089e-37,1.42005771652145e-32
18,55136969,C,G,-0.0503527102583471,2.71155586915004e-38,7.66860219543243e-32
14,50655307,C,T,-0.0847073580580086,1.25717884175422e-32,1.03322177786139e-30
01,183817584,G,A,0.0360904120620831,4.56183256119564e-45,2.27892622392961e-30
04,146821410,C,A,0.0394876706014815,5.34362239222621e-41,3.26977332859855e-30
19,54759361,T,C,-0.0292251920833651,1.45134228763395e-66,1.12416764242973e-29
03,172294500,G,A,-0.0903142094850421,5.29202412166874e-33,1.28662396316172e-29
03,172311712,G,A,0.0201193861647915,6.55625467698812e-21,2.63024051182425e-10
09,33117965,C,T,-0.0298189769927026,4.85559932144358e-62,1.44636123753635e-29
12,57807114,C,T,0.0336148627219059,2.40924777209329e-38,8.39071413108936e-29
12,58177379,CT,C,-0.0177630979406001,1.20178603315926e-16,2.45679049149854e-09
11,22271870,T,A,-0.0264941346839646,1.562370466896e-57,1.66691344343911e-27
11,22296266,C,T,0.0782217844498484,2.89156561734414e-11,7.67713248362641e-14
03,46003735,C,T,0.122528233850213,1.77929239398967e-27,7.68692009801533e-27
16,54426096,T,A,0.072429332409242,9.69803475892134e-29,8.71798736202524e-27
05,39533318,T,A,0.0316152946628436,6.71538388168079e-37,1.21061174954876e-26
05,39414207,C,T,0.0269499935121405,4.02785044608172e-31,3.74631508452123e-21
09,117148430,G,T,-0.0268188503662949,2.15516909277669e-72,6.61130601009273e-26
06,13512509,A,G,-0.0278989455515358,8.46060563056003e-45,2.10011981347286e-24
01,155106697,G,A,-0.0256065914332431,6.72377299801711e-54,1.66481928068671e-23
10,17672822,G,C,-0.0695046341651559,1.90121493224717e-101,2.10991302870014e-113
10,17762383,G,A,0.0639418034458962,2.84422566391291e-106,3.80368407236824e-98
10,17685692,C,A,0.0937548278711745,7.79291129612707e-32,8.76285917176048e-30
08,10585596,A,G,0.0257099799266192,1.17917282873597e-51,4.81151797206522e-23
10,121424815,A,AT,0.0265288809796405,1.12572134858144e-18,5.77202207112061e-23
10,121482677,AG,A,0.0165997758362399,7.38445323378609e-17,2.51331780267668e-16
01,150716980,TA,T,0.0216199761647089,1.26789763684898e-17,1.82590087392304e-22
01,150576211,T,TTTG,-0.0278608362645023,3.05614888675021e-19,2.30251528047314e-16
01,150958836,A,G,-0.0222375837277886,1.11283253262446e-13,2.24616102853531e-10
18,56084054,C,T,0.0305068367218604,2.09678870409056e-32,4.58789900983841e-22
12,71113087,C,T,0.0244452914511764,1.31837034512793e-55,1.06789616680268e-21
08,142228077,A,AGAGCGGCCCCGCTCCGGT,-0.0243275336380988,7.3224745185841e-48,3.75399246159156e-21
02,113841030,A,G,-0.0230789882714369,5.70395266259579e-43,2.79956640199625e-19
08,126507308,C,T,0.0245402364612542,6.0676334568151e-34,6.01168751493429e-19
01,89146852,G,A,-0.0225430098915233,1.34507211670643e-45,7.47712470232824e-19
22,29757090,C,T,-0.0243702084010816,9.58782684446469e-24,1.48297883808655e-18
22,30254994,A,AGAGGGAGAGG,-0.0166464554101509,4.08945661089992e-16,6.54485421533231e-11
15,40372057,G,A,-0.0243923011463329,7.98013101196592e-32,2.4679967885371e-18
09,95892726,T,C,-0.0254273835051017,8.92917179307634e-30,2.8922820748994e-18
17,76404189,ATCAG,A,0.0219596255052864,1.98834219577042e-40,3.82707875035519e-18
17,76349996,T,G,-0.0207503110570418,3.79709825712831e-10,4.54095653854627e-09
04,99988208,G,A,0.022318479421704,1.65802881727413e-41,5.86519129083849e-18
11,47461263,A,AT,-0.0222425878386695,3.10859883763077e-51,6.20213351584324e-18
19,33911705,C,T,0.0225295535235312,1.74871891372176e-37,6.24387594457944e-18
06,32668663,G,A,-0.0552672022679023,1.38518580574077e-67,4.53664523595621e-88
06,32680640,T,A,0.0332152996494924,4.29389124530325e-57,1.01599215515392e-68
06,33048466,G,T,0.0277628480438482,2.66092018293408e-23,9.15183109648925e-27
12,121322353,T,TA,-0.0223740963170869,3.80179337901705e-48,2.9401015264937e-17
10,70983629,G,A,-0.0233383177192367,5.86750632458485e-22,3.38427840769375e-17
10,71270363,A,C,0.0170106914284881,6.05403328227589e-22,3.01995275636714e-11
09,103331405,T,C,0.0215880877331398,2.20734782685011e-39,4.38024739904985e-17
19,5827765,G,A,-0.052977941727651,2.37246185962472e-18,5.52661733335279e-17
11,116623213,T,TA,0.0305100930654877,6.43043795323615e-22,6.24052120196588e-17
19,41826020,A,C,0.0279596637922894,6.35797904033743e-23,1.0153172780027e-16
10,79545933,A,AAAACAAAC,0.021979789731999,2.11169601956706e-39,1.03426244314742e-16
05,96236892,G,GTTTT,-0.0213601174989372,8.45560087257731e-42,1.0925305939392e-16
02,179554305,C,T,0.0215875841584288,1.82038093652547e-34,1.23339966499249e-16
17,43569770,C,T,-0.0266764800240366,8.86364472416901e-23,4.11482474192367e-16
22,36545137,T,A,-0.0273535500366645,5.24562389959784e-22,5.19346143791352e-16
02,27730940,C,T,0.0207530629240525,4.15255850315868e-34,9.28732753020036e-16
19,7831226,A,T,-0.0220286884412689,9.28377208466804e-28,1.3244083529577e-15
11,78134159,T,TTAAAAA,-0.0274992322359238,1.90591678598244e-21,1.33647855427479e-15
06,117507982,A,C,0.0207639799449434,3.30964333180122e-32,2.04486714137525e-15
06,135431318,T,C,-0.023090068970302,7.71168468941963e-25,2.18434414792543e-15
08,22873533,A,G,0.0203487301914504,2.7502591206225e-34,3.58396521418836e-15
19,50038017,C,T,-0.0227692556466388,7.05097727653769e-24,5.85691130085577e-15
16,88697487,G,A,-0.0199214020140967,2.4488331794489e-37,6.50344044092418e-15
01,59646978,C,T,-0.0219819591016342,5.5443462805785e-25,7.83886361240399e-15
03,33129073,G,A,-0.0222095441916892,9.93171124337935e-28,1.04315321533862e-14
17,7176801,G,A,0.0508606790560304,1.20564759543468e-15,1.33448903072946e-14
08,61512625,TA,T,0.0216173104785478,1.16358320466054e-25,1.37545655805633e-14
16,72105965,T,C,-0.024532472308688,1.12755449829038e-20,1.83329200920644e-14
01,66165836,A,G,0.0250696234173827,2.33815839927535e-20,1.85528715104995e-14
02,233520254,T,A,-0.0198569286462551,9.54704756615576e-32,2.19754973793704e-14
11,76923017,G,A,0.0246617539502042,8.84188418931033e-21,2.21575349779426e-14
13,114559522,C,T,0.0263277338133515,3.45839805006965e-19,2.45261860490641e-14
02,112966130,C,T,0.0452110252311077,1.38985277095361e-15,2.68451236807849e-14
05,70831412,T,C,0.0336724915862049,8.88884346489665e-17,3.052346179191e-14
02,44072576,T,G,-0.0201220249079464,3.97605700473262e-24,3.08394213888079e-14
02,43672508,T,G,0.032892847670995,1.10064279889446e-12,3.53677062379362e-12
20,33672527,ATATGTG,A,0.0281821725810261,4.30912061300843e-19,3.91851128975973e-14
17,64210580,A,C,0.0570700881132695,2.57287665444232e-15,4.09531989156698e-14
17,64208285,C,G,0.0405515334506078,1.10831335629543e-14,7.51508315461154e-13
01,205044339,A,G,0.0194393550274484,3.26656707861531e-31,4.16205071975839e-14
03,12396588,A,G,0.0192410591214039,3.85445007776285e-33,5.59647453999918e-14
13,41609047,G,A,-0.0358962568547002,1.16690468803533e-15,1.08899408304157e-13
01,94684137,T,A,-0.0330982011440586,2.9997307474055e-16,1.14856515865002e-13
11,125385680,G,T,0.0375050943062054,2.42312392745821e-15,1.3174834366977e-13
07,17911752,G,T,-0.0191384557234266,1.88366573016012e-29,1.31864801391222e-13
11,47933609,AAT,A,-0.0225010324452175,9.39028393926663e-40,1.87697546387614e-17
02,28628595,TG,T,-0.0189492177285321,9.4264107694146e-33,1.68713176219229e-13
05,31021358,A,G,-0.020718219882778,7.24092580285379e-23,1.73833225261965e-13
12,56993714,C,T,-0.0210592593742081,3.10212421282665e-22,1.7960062902062e-13
19,49259529,G,A,0.0192133386153387,3.51436134845479e-34,1.96111300953845e-13
09,82279767,C,T,0.030792405287478,5.120709835102e-16,2.28036171432678e-13
X,109832336,A,ACG,0.0163284091984604,4.34732274140081e-23,2.35684923079572e-13
14,55238309,A,G,0.0187721559222065,1.4664809135838e-30,2.42234599782934e-13
03,132250941,A,G,-0.0348087567395251,6.90203823443471e-18,3.12073976696494e-13
03,132217703,G,A,-0.040398728017569,3.93476319174239e-14,5.040950177555e-11
11,2959701,G,A,-0.0217925569503716,8.53544946363856e-22,3.12383556356767e-13
17,41409141,C,CAAAAAA,0.020359113383491,2.29424776792382e-24,3.27633098018383e-13
14,20938251,A,C,0.0212467172669651,7.33591787057004e-21,3.49084004524788e-13
15,86245928,A,G,-0.0214048306167688,1.68855275084107e-20,4.11151430842576e-13
06,43757896,C,A,0.0183565062410011,1.13186518115735e-34,4.36420051974055e-13
12,10598426,G,A,0.0198362272786724,2.99726897199441e-23,5.74387899686847e-13
10,18523848,G,A,-0.0578526135606305,7.05856736810254e-35,8.34167592090982e-26
10,18776690,C,G,-0.106496872610309,1.36300712715293e-18,5.75064300073807e-16
10,18577425,G,T,-0.0274819685472604,9.1177270909068e-22,2.26385943145447e-11
01,28580476,CA,C,-0.0190729754593605,1.00419094239817e-24,1.03835688323752e-12
22,30405983,A,G,-0.0179938738391513,2.20663233481944e-35,1.15368042886937e-12
02,43453721,G,A,0.0355409147993808,1.41068258849867e-14,1.22666733135601e-12
02,169763148,C,T,0.0195539653593566,4.56389961834349e-22,1.22681092137698e-12
06,35188925,C,G,0.0267501062066146,7.6954106973772e-16,1.41413545001002e-12
