chrom,pos,major,minor,beta,p_value,gwas_p_value
10,17845995,T,C,0.137726678339067,0,0
10,17875857,G,T,-0.0934748098339479,0,0
10,18087629,CTG,C,0.0894239101317946,1.16348811905675e-281,2.86752770126139e-252
22,44324727,C,G,0.0986777636295554,0,5.73875336353099e-228
06,32582513,C,G,-0.050049633221276,4.35031150677836e-141,5.90222369373908e-92
06,32619128,G,A,-0.0353677449045512,7.14765532445006e-55,6.01436369199152e-42
03,58447299,C,T,0.0480613179844609,8.63581897505661e-163,1.29649840234007e-75
06,31754830,T,C,-0.0699367202828296,5.42814930138605e-104,3.75632943718631e-79
10,101924418,T,C,-0.044493634055372,2.97960938540413e-205,2.35093087149498e-69
10,101152720,T,G,-0.0470222481204821,8.27337265520071e-84,1.97424305837086e-65
10,101592158,T,A,-0.0232425653563694,1.28648831903121e-36,2.15535945637762e-20
09,136141870,C,T,-0.0537103673894256,2.43941363450072e-87,1.19646601793443e-60
01,161542235,A,G,0.0764000676362648,3.03971597387114e-84,1.18533966643152e-49
01,161599168,G,C,0.0260902551673022,8.93777351006035e-56,1.48636560615717e-06
16,58752466,C,T,-0.0700006738684952,1.23880201305522e-62,1.76492246945787e-47
16,58676604,G,A,-0.0235723663273964,9.50559118293511e-23,1.23522905860688e-08
10,17891705,G,A,-0.0608438176811962,4.67821422126507e-230,0
10,18136543,G,A,0.15954759186967,0,0
10,18103401,C,T,0.105701846959854,0,0
19,19379549,C,T,0.0667653969975902,5.35009837456117e-51,2.33589144349454e-42
19,19396616,C,T,0.0971134063290757,1.33626524359723e-17,2.20894989919737e-15
01,110470764,G,A,-0.0497359085358782,7.66665998188889e-55,3.04694351567236e-40
01,110365460,GACAGAGAGATGTAGGGGC,G,-0.0205833451018816,5.18948599289712e-24,8.61970784272101e-10
14,94844947,C,T,0.118972103943967,1.18815762271322e-41,4.53862403120548e-40
01,16510894,T,C,-0.0331957739843433,2.17336434190845e-91,2.14918684147441e-38
05,72351062,C,G,-0.0326772634440808,1.03017768483339e-101,3.54488892032116e-38
11,93866147,T,G,-0.0466046703146569,2.12312067382799e-40,1.25397985394536e-34
11,93862685,A,G,0.0652368628082456,7.70492436166089e-14,1.43270159707516e-15
04,88183820,T,C,-0.0340164255543059,5.74041353419499e-67,1.36056924290623e-34
04,103188709,C,T,0.0570681448670853,1.39091573057171e-37,1.42005771652145e-32
18,55136969,C,G,-0.0503527102583621,2.71155586901387e-38,7.66860219543243e-32
14,50655307,C,T,-0.084707358057957,1.25717884186338e-32,1.03322177786139e-30
01,183817584,G,A,0.0360904120620815,4.56183256123395e-45,2.27892622392961e-30
04,146821410,C,A,0.0394876706014599,5.3436223927549e-41,3.26977332859855e-30
19,54759361,T,C,-0.0292251920833666,1.45134228761317e-66,1.12416764242973e-29
03,172294500,G,A,-0.090314209484981,5.29202412218547e-33,1.28662396316172e-29
03,172311712,G,A,0.020119386164794,6.55625467691681e-21,2.63024051182425e-10
09,33117965,C,T,-0.0298189769926985,4.85559932162349e-62,1.44636123753635e-29
12,57807114,C,T,0.0342374477179986,2.55743630372601e-40,8.39071413108936e-29
12,58163304,CT,C,-0.0182892399372531,3.82219175195188e-15,1.50137602599897e-08
11,22271870,T,A,-0.0264941346839605,1.56237046695857e-57,1.66691344343911e-27
11,22296266,C,T,0.0782217844498208,2.8915656173904e-11,7.67713248362641e-14
03,46003735,C,T,0.122528233850308,1.77929239382557e-27,7.68692009801533e-27
16,54426096,T,A,0.0724293324092394,9.6980347589644e-29,8.71798736202524e-27
05,39533318,T,A,0.0341005715308045,1.40875708118287e-42,1.21061174954876e-26
05,39414207,C,T,0.025854430759793,2.10347794317611e-26,3.74631508452123e-21
05,39473562,C,T,0.0233838124121574,2.02813237822122e-09,4.14910227301474e-06
09,117148430,G,T,-0.0313765628752798,3.7695904427533e-95,6.61130601009273e-26
09,117091067,G,A,-0.0430065084215268,3.95653796719254e-17,2.74473486057138e-07
06,13512509,A,G,-0.0278989455515441,8.46060563006533e-45,2.10011981347286e-24
01,155106697,G,A,-0.0256065914332475,6.72377299774002e-54,1.66481928068671e-23
10,17672822,G,C,-0.0695046341651569,1.90121493223374e-101,2.10991302870014e-113
10,17762383,G,A,0.0639418034458934,2.8442256639701e-106,3.80368407236824e-98
10,17685692,C,A,0.0937548278711659,7.79291129622545e-32,8.76285917176048e-30
08,10585596,A,G,0.0257099799266035,1.17917282890098e-51,4.81151797206522e-23
10,121424815,A,AT,0.0265288809796375,1.12572134859143e-18,5.77202207112061e-23
10,121482677,AG,A,0.0165997758362381,7.38445323384089e-17,2.51331780267668e-16
01,150716980,TA,T,0.0216199761647129,1.26789763683164e-17,1.82590087392304e-22
01,150576211,T,TTTG,-0.0278608362645029,3.05614888674524e-19,2.30251528047314e-16
01,150958836,A,G,-0.0222375837277895,1.11283253262206e-13,2.24616102853531e-10
18,56084054,C,T,0.0305068367218657,2.09678870403826e-32,4.58789900983841e-22
12,71113087,C,T,0.0244452914511784,1.3183703451002e-55,1.06789616680268e-21
08,142228077,A,AGAGCGGCCCCGCTCCGGT,-0.0243275336380926,7.32247451898252e-48,3.75399246159156e-21
02,113841030,A,G,-0.0230789882714324,5.70395266280382e-43,2.79956640199625e-19
08,126507308,C,T,0.0245402364612629,6.06763345649619e-34,6.01168751493429e-19
01,89146852,G,A,-0.0225430098915239,1.34507211669924e-45,7.47712470232824e-19
22,29757090,C,T,-0.0232377059945927,1.60411422051723e-19,1.48297883808655e-18
22,30254994,A,AGAGGGAGAGG,-0.0167198306255869,1.38217778533817e-14,6.54485421533231e-11
22,29375026,C,T,-0.0131776667363634,8.16334828182295e-08,5.13971560106961e-08
15,40372057,G,A,-0.0201607375783787,4.96477997221404e-21,2.4679967885371e-18
15,40329613,T,C,0.0214115452181458,8.94527556841871e-11,1.78727767231203e-12
15,39931017,A,G,0.0298179120049447,5.53388413955291e-07,1.65194011566452e-06
09,95892726,T,C,-0.0247724404078879,1.86410087132696e-21,2.8922820748994e-18
09,95559505,G,A,-0.0118788863442684,1.24809196727737e-09,4.98846227345233e-07
17,76404189,ATCAG,A,0.0218959586156332,9.00216061094266e-35,3.82707875035519e-18
17,76349996,T,G,-0.0206232196287498,7.26964021097258e-10,4.54095653854627e-09
17,76709170,T,A,-0.014952782328876,7.09963775747547e-07,2.27626305347868e-06
04,99988208,G,A,0.0220484334805844,9.45236938839292e-32,5.86519129083849e-18
04,100480915,T,C,-0.0134445535365705,1.29115404866575e-07,1.38625012974334e-06
11,47461263,A,AT,-0.0192562608406409,8.2390304407313e-38,6.20213351584324e-18
11,47948626,C,T,0.0310132984298345,1.13346356263418e-09,2.67473326129206e-13
19,33911705,C,T,0.0225604487236097,1.98483055381545e-34,6.24387594457944e-18
19,33532300,C,T,0.0213619944053467,4.72116533610753e-07,1.56584709682976e-06
06,32668663,G,A,-0.0552672022678598,1.38518580606276e-67,4.53664523595621e-88
06,32680640,T,A,0.0332152996495006,4.29389124503236e-57,1.01599215515392e-68
06,33048466,G,T,0.0277628480438476,2.66092018293946e-23,9.15183109648925e-27
12,121322353,T,TA,-0.0191847510722965,2.98314556130215e-20,2.9401015264937e-17
12,120822766,C,CTT,0.0123983030102934,1.34141072542393e-07,2.49336207860975e-06
12,121372005,T,C,-0.0260510477817945,4.12810602228561e-06,1.25818439804884e-12
10,70983629,G,A,-0.0233383177192417,5.86750632446811e-22,3.38427840769375e-17
10,71270363,A,C,0.0170106914284786,6.05403328259205e-22,3.01995275636714e-11
09,103331405,T,C,0.0215880877331313,2.20734782699899e-39,4.38024739904985e-17
19,5827765,G,A,-0.05297794172763,2.37246185969752e-18,5.52661733335279e-17
11,116623213,T,TA,0.0309550613124528,1.84597930271064e-22,6.24052120196588e-17
11,116714293,A,G,0.0637174931452605,1.37319448016961e-06,5.01142520127395e-06
19,41826020,A,C,0.0279596637922898,6.3579790403267e-23,1.0153172780027e-16
10,79545933,A,AAAACAAAC,0.0219797897319978,2.11169601958719e-39,1.03426244314742e-16
05,96236892,G,GTTTT,-0.0213601174989347,8.45560087276106e-42,1.0925305939392e-16
02,179554305,C,T,0.0215875841584337,1.82038093646267e-34,1.23339966499249e-16
17,43569770,C,T,-0.0273432130860869,1.57972847842626e-23,4.11482474192367e-16
17,43364737,C,A,-0.0324202033054611,4.0335324897463e-07,5.10889795047024e-06
22,36545137,T,A,-0.0273535500366768,5.24562389937656e-22,5.19346143791352e-16
02,27730940,C,T,0.0207530629240613,4.15255850289552e-34,9.28732753020036e-16
19,7831226,A,T,-0.0222126410266324,1.74819368741916e-20,1.3244083529577e-15
19,7792861,T,A,-0.0117750145060857,1.08888620583956e-10,8.53085142500989e-06
11,78134159,T,TTAAAAA,-0.0277253445602065,2.97359132910447e-19,1.33647855427479e-15
11,78626405,C,T,0.0152565490570254,1.36642130635551e-10,2.38759979465499e-07
06,117507982,A,C,0.0214906128106986,5.38665395160393e-24,2.04486714137525e-15
06,117629650,T,A,-0.015653466143603,4.1586960581695e-11,4.48954293314126e-07
06,135431318,T,C,-0.0230900689703002,7.71168468948445e-25,2.18434414792543e-15
08,22873533,A,G,0.0203487301914583,2.7502591204621e-34,3.58396521418836e-15
19,50038017,C,T,-0.0204449779242064,1.38000133874267e-18,5.85691130085577e-15
19,49953370,A,G,-0.0540982156046781,5.4953535472152e-06,5.80631932092551e-09
16,88697487,G,A,-0.0199214020140959,2.44883317946374e-37,6.50344044092418e-15
01,59646978,C,T,-0.0217578279195998,2.07481034082746e-18,7.83886361240399e-15
01,59368947,G,T,-0.0124167601550369,7.9581839552424e-11,7.33526605587858e-07
03,33129073,G,A,-0.0222095441916885,9.93171124341521e-28,1.04315321533862e-14
17,7176801,G,A,0.0499200524003915,2.05354213218941e-14,1.33448903072946e-14
17,7455707,C,T,-0.0150025866738051,7.59685594799746e-12,1.70715978230525e-08
17,7615364,C,T,0.0165455802533981,9.44067750606662e-08,3.45770548733152e-08
08,61512625,TA,T,0.0216173104785489,1.16358320465409e-25,1.37545655805633e-14
16,72105965,T,C,-0.0245324723086994,1.12755449824431e-20,1.83329200920644e-14
01,66165836,A,G,0.0250696234173943,2.33815839918152e-20,1.85528715104995e-14
02,233520254,T,A,-0.0198569286462589,9.54704756590174e-32,2.19754973793704e-14
11,76923017,G,A,0.0246617539502009,8.84188418941731e-21,2.21575349779426e-14
13,114559522,C,T,0.0263277338133598,3.45839804998023e-19,2.45261860490641e-14
02,112966130,C,T,0.0452110252311349,1.38985277089955e-15,2.68451236807849e-14
05,70831412,T,C,0.028486740356947,3.90684903108443e-10,3.052346179191e-14
05,70335232,A,C,0.0131431804354158,1.27251385381692e-12,1.6044660340201e-10
02,44072576,T,G,-0.0201220249079462,3.97605700473599e-24,3.08394213888079e-14
02,43672508,T,G,0.0328928476709983,1.10064279888879e-12,3.53677062379362e-12
20,33672527,ATATGTG,A,0.0232202511539543,6.21582105708249e-13,3.91851128975973e-14
20,33191665,G,GACACACACACACACACACAC,-0.0136027235195632,8.04982932558982e-12,3.01712867020608e-11
17,64210580,A,C,0.0570700881132645,2.57287665445658e-15,4.09531989156698e-14
17,64208285,C,G,0.0405515334506323,1.10831335625488e-14,7.51508315461154e-13
01,205044339,A,G,0.0166353074456374,7.94721104346237e-18,4.16205071975839e-14
01,205473207,C,A,0.0156943013288288,3.70646383393152e-10,2.33716442481202e-07
01,205023764,C,T,-0.021667736063414,1.06167281963e-06,2.85019543006804e-09
03,12396588,A,G,0.0169581958549099,8.69494605896209e-20,5.59647453999918e-14
03,12215375,C,G,0.0160780474397084,3.28633735875612e-06,3.82432630684559e-09
13,41609047,G,A,-0.0358962568547098,1.16690468801499e-15,1.08899408304157e-13
01,94684137,T,A,-0.0330982011440471,2.99973074747608e-16,1.14856515865002e-13
11,125385680,G,T,0.0375050943062187,2.42312392740339e-15,1.3174834366977e-13
07,17911752,G,T,-0.0191384557234209,1.88366573023185e-29,1.31864801391222e-13
11,47933609,AAT,A,-0.0195493330336934,6.71047186977074e-30,1.87697546387614e-17
11,47723410,C,T,0.032259665507648,5.50356374485009e-10,2.64804576327227e-13
02,28628595,TG,T,-0.0181539704759906,1.05307266939977e-28,1.68713176219229e-13
02,28268742,C,T,0.0281494612210616,4.37815435303685e-08,1.10918886418102e-08
05,31021358,A,G,-0.0207182198827782,7.24092580284548e-23,1.73833225261965e-13
12,56993714,C,T,-0.0214105986551837,1.2913036164306e-18,1.7960062902062e-13
12,56497903,C,T,-0.0135832755996369,1.00074199980614e-10,1.00201326520855e-06
19,49259529,G,A,0.019121026197297,1.59516205962512e-27,1.96111300953845e-13
19,49291753,G,A,0.0167263435194997,8.61820928576195e-07,3.54878746525497e-06
09,82279767,C,T,0.0307924052874937,5.12070983492825e-16,2.28036171432678e-13
X,109832336,A,ACG,0.0163284091984603,4.34732274140486e-23,2.35684923079572e-13
14,55238309,A,G,0.0187721559222106,1.46648091354088e-30,2.42234599782934e-13
03,132250941,A,G,-0.0348087567395237,6.90203823445508e-18,3.12073976696494e-13
03,132217703,G,A,-0.0403987280175541,3.93476319182716e-14,5.040950177555e-11
11,2959701,G,A,-0.0217925569503665,8.53544946382556e-22,3.12383556356767e-13
17,41409141,C,CAAAAAA,0.0203591133834904,2.29424776793071e-24,3.27633098018383e-13
14,20938251,A,C,0.021246717266965,7.33591787057394e-21,3.49084004524788e-13
15,86245928,A,G,-0.0214048306167782,1.68855275077662e-20,4.11151430842576e-13
06,43757896,C,A,0.0188065175625986,1.36328020354421e-25,4.36420051974055e-13
06,43814625,G,A,-0.0149747753768762,1.4665931914969e-09,2.64276662771588e-07
12,10598426,G,A,0.0198362272786665,2.99726897208411e-23,5.74387899686847e-13
10,18523848,G,A,-0.0578526135606033,7.05856736860845e-35,8.34167592090982e-26
10,18776690,C,G,-0.106496872610274,1.36300712718805e-18,5.75064300073807e-16
10,18577425,G,T,-0.0274819685472575,9.11772709099467e-22,2.26385943145447e-11
01,28580476,CA,C,-0.01907297545936,1.00419094240074e-24,1.03835688323752e-12
22,30405983,A,G,-0.0179938738391385,2.20663233506418e-35,1.15368042886937e-12
02,43453721,G,A,0.0358058194201939,1.29603354838552e-13,1.22666733135601e-12
02,43188499,G,T,-0.014117095752243,4.97734686800516e-17,5.49274986730311e-08
02,169763148,C,T,0.0192394396582371,2.58750479957227e-19,1.22681092137698e-12
02,169894098,G,A,0.0224119249287595,1.28908386429353e-09,5.47519709946518e-09
06,35188925,C,G,0.0293631319432791,1.15972402409383e-16,1.41413545001002e-12
06,34821394,A,G,0.0195937346123458,1.81500311526355e-09,5.72526671330161e-08
06,35504054,A,AAAAAAC,-0.0169286677062175,9.60796421644979e-08,6.21490411185538e-06
01,9241839,G,A,-0.0347258060705412,2.73498022647712e-13,1.78145005886537e-12
01,9717000,CAAAAA,C,0.0119557980775762,3.80112561959582e-12,8.49553698960728e-06
16,80498094,C,T,0.0199670638281798,1.76134084503853e-20,2.5915672413761e-12
03,160328568,C,A,0.0194588252084274,4.72927271596925e-21,2.73715247389674e-12
X,10121907,CCAGGAGCT,C,0.018000450060802,3.13861762281404e-16,3.67575987122704e-12
04,23398372,C,T,-0.0174057803348578,5.38253517845367e-21,4.08975406518435e-12
04,23894802,G,GA,-0.0153053941297776,5.42681669335734e-08,1.26941331117788e-07
04,23755141,A,G,0.0164744918113627,1.21734086183333e-07,2.17982328598861e-07
07,7273440,A,G,0.0181946285054806,2.0064508738539e-24,5.29655237990618e-12
06,116317444,T,C,0.0176219564100218,1.4041335895394e-25,8.34890707028149e-12
17,29723232,A,AAAAG,0.0171934664455379,2.51209786431704e-23,1.26975654266427e-11
17,30068390,T,C,-0.0499971965490562,1.66061610223078e-10,1.04097616321803e-10
