chrom,pos,major,minor,beta,p_value,gwas_p_value
18,57848651,A,G,0.0452880094142209,2.22527841322533e-190,4.02930399846367e-119
20,34025756,A,G,0.0365011023846859,1.51149185472343e-240,5.53143552352558e-104
16,53806453,A,G,0.0351621896501001,4.0510077017082e-224,1.89177105642004e-96
03,141105570,A,G,0.0299549918497534,2.47911943078826e-186,2.79394560228649e-72
12,4384844,T,G,0.106576713710286,1.41463195412036e-66,3.08396534837983e-63
06,34620153,T,A,0.0385495488848189,9.43978951451214e-72,3.52975312365107e-61
13,51099616,C,T,-0.0314390285397734,9.12109540022061e-86,1.86781849139558e-60
13,50655989,G,T,0.0784421909022385,2.32027433893659e-38,7.56945192531546e-42
12,66361453,A,G,-0.0261796752141824,2.4685353535283e-161,1.05450363350383e-55
02,417167,T,C,-0.0613652072240735,2.26294929550774e-61,2.82053369636981e-54
02,632536,G,A,-0.0326322037943658,9.3471592182608e-69,4.66371670336129e-47
07,92250140,T,G,0.0285308940849964,9.76573065978658e-91,7.76405142413804e-53
06,126704795,C,T,0.025016378266685,8.51442647505316e-127,1.20400103917362e-50
06,130374461,A,T,0.0279089452397209,7.35220122870557e-85,3.60861443240411e-50
08,57122215,T,C,-0.0346094708903435,1.99243646290002e-54,4.58753190911189e-48
08,57185471,C,A,0.0179532164603245,2.16494416644307e-28,3.93791618195104e-23
01,78444764,C,CGGCCG,0.0362474284546821,6.19080097471333e-60,5.67529671126947e-46
01,177889480,A,G,0.028685378765587,1.6650817790456e-67,1.01450047686121e-44
18,20735461,G,T,-0.0280933182801008,1.09195214599238e-66,7.77244391614067e-44
17,29206421,G,T,-0.0280105881080157,1.74301833835628e-70,4.55969709918448e-43
13,51064533,CCT,C,-0.0271757919879184,9.07880951929036e-76,4.58765137656591e-51
13,50565104,ACT,A,0.0776452578261061,7.28037850268213e-39,1.14878779846134e-42
06,31351522,C,A,0.0232731557734895,1.69869571343497e-84,1.41251472253933e-40
X,78655777,G,C,-0.018781522123224,7.65939474051733e-70,1.12616978943843e-39
04,17922866,A,G,-0.0259072170963203,3.13170556826739e-35,5.10008440247806e-39
04,17956213,T,TG,0.0177013804203153,1.48705026184922e-25,1.85802622782124e-34
04,18346979,G,T,-0.0101915365643423,5.49729405701758e-17,1.39165323593489e-06
09,119124535,T,TAA,-0.0268882433300284,1.36834845784822e-57,1.18019664660501e-38
02,27730940,C,T,-0.0220772476363257,6.76048320915578e-87,1.6994843527947e-38
14,61108825,A,C,0.0216248781798587,4.06870915010827e-84,2.75691244340371e-37
01,154989823,T,TGGGGGCAGTAGAGGGGGCAGTAGA,0.0215308955769534,8.08363445097816e-42,1.85439251443415e-36
16,29972465,C,CA,0.0221482029729358,1.16370530598494e-90,4.07074097189012e-36
04,145568352,C,T,-0.0218799318236926,1.17024688096084e-29,6.88642603258658e-36
17,62017421,G,A,-0.0272196326388313,4.47204089430538e-112,1.42889949973815e-35
17,61996273,T,C,-0.0354653922629763,1.11425112321107e-46,1.01389025401788e-18
07,2859847,G,A,-0.0224151569246628,1.11684624003925e-64,2.08201918547385e-35
07,150668070,T,C,-0.0198916766084841,7.53864644533893e-55,6.35362982496154e-35
07,150554553,C,T,-0.0201629544462568,2.12384909720781e-11,3.77759078275416e-16
12,93989683,A,AT,0.0260368674564403,1.61477258861757e-48,6.03909525581627e-34
12,94136009,C,G,0.0154316140786937,6.55777185464057e-46,1.0802958311206e-15
06,26180634,G,C,-0.0229758872439145,4.62680154875721e-56,9.43039247167788e-34
05,75003678,T,C,-0.0201271352911899,2.64760015433662e-72,1.82451204872975e-32
06,19839415,C,T,0.0427834857313158,7.63455919807908e-32,4.88187767097894e-31
06,19724989,T,C,-0.00955770893936602,8.00293345499299e-18,2.94119333781993e-09
05,122699198,C,CTA,-0.0191633686203768,1.10864705881765e-80,8.64994950783893e-31
08,135578636,CAAAAAAAAAAAAA,C,0.0191760611372357,1.55856870972535e-66,4.10520293425207e-29
08,135649848,G,A,-0.015218275752188,5.38280117648e-20,3.39861325680578e-24
08,135739377,A,G,0.0161199148540534,8.73299366515075e-14,7.48803292023237e-08
11,67024534,C,T,-0.0335359591428084,4.94009618266121e-34,4.72047955995338e-29
06,41909521,C,CCG,0.0371211775359393,1.59157408083083e-31,9.96603296628664e-29
06,41903798,C,A,-0.0697084661637217,4.30109159959993e-22,4.3036549958415e-23
20,32287917,C,T,-0.0186724684889321,9.79278814972126e-34,1.46025357293339e-28
20,32606735,A,C,0.0130727874989225,2.68266761687635e-24,1.20453938152648e-19
06,108876002,A,G,-0.0189458916059983,5.48829822171449e-60,2.52607350324002e-28
20,33430974,C,CA,0.0143706689365837,8.38347328890904e-34,2.18757208277528e-34
20,32505658,G,C,-0.0198006976833314,9.32194662448851e-15,1.81806761700914e-22
20,33326680,T,C,0.0250597589114862,1.88005516322895e-11,3.8498002110252e-23
02,172416533,C,CTTT,-0.0209135015249481,3.47751222362099e-45,1.05401971374757e-27
02,218278503,C,CTGTT,-0.0185682932447216,8.54767156638953e-37,4.59571147501782e-27
02,218146818,T,G,-0.0149717586430025,3.85514615384507e-19,2.291612274585e-16
02,218604987,C,T,0.0171119656953385,3.87789807035461e-08,7.18466593012259e-09
01,41544279,T,G,0.0189292600384892,5.34434584732058e-53,5.10357241256616e-27
06,142716286,G,T,-0.0194870754515547,1.70789521906905e-31,5.4137566041871e-27
06,143187255,CA,C,-0.0103653123319235,5.24595874431227e-17,1.34332283199927e-10
06,142563242,C,G,-0.010921498112129,3.387769558851e-09,8.05715205941757e-08
06,152168974,T,G,0.017946133922598,3.26333588629947e-48,6.88870773233212e-27
06,151727545,C,T,0.00980778955326358,7.04361196024929e-11,1.90922544093671e-08
16,2160503,T,G,-0.0237671592481684,1.75797324380853e-32,8.35477594201404e-27
16,2266173,T,C,0.0168196876275008,1.38357103666666e-30,3.92370086695604e-20
17,7571752,T,G,0.0822628337161407,8.019189187512e-28,2.65561774411268e-26
17,7366619,T,C,0.0187609278036114,2.03686318247587e-18,2.83444467282379e-14
17,7570978,T,C,-0.0248998625455265,7.78274874452881e-10,2.38999321262688e-11
16,4015729,T,C,-0.0183814584902948,1.45739127719732e-46,3.28176006956214e-26
16,3583173,C,T,0.0110417273738924,1.20241528747606e-09,2.86571897715107e-07
12,50263148,G,A,0.0180148775380719,1.20180329292253e-56,4.79095153653512e-26
03,185490184,A,G,0.0263414912876139,2.54360010266862e-26,7.2183272093412e-26
03,185828465,T,C,-0.0126867704719689,1.81890244722195e-10,4.59095562462845e-13
03,185360578,A,C,-0.00993620808937128,8.72288379880247e-11,6.37114037512188e-11
04,106215108,TC,T,-0.0175519062544588,1.27606439782303e-57,5.2793102376947e-25
06,50787576,CGAGGTGGGA,C,0.0265860670688179,7.407478496757e-34,9.4719777814884e-25
06,7702659,G,C,0.0172978384991475,1.00976493374515e-60,1.80284329702489e-24
06,7231843,G,A,-0.0166563251968263,9.57183946010252e-11,2.5456113232427e-09
11,27728102,G,A,0.0171123386322442,9.93180729899381e-34,2.42857610451454e-24
11,27650524,G,A,-0.013509228719885,7.3420781500667e-18,1.19420492603817e-15
02,56106928,C,T,-0.0188005194629707,2.12827011767707e-32,2.76870527701095e-24
02,56134212,T,C,0.0200461018176777,2.20153550598754e-09,6.839868231027e-12
08,78105153,C,A,0.017891441711556,6.6545703386008e-38,2.01217052019426e-23
08,77761919,C,T,-0.024559328839794,1.1405053028814e-11,6.00346128660997e-12
12,124820705,G,A,0.0223736249100598,8.30923740106629e-32,2.55512083712236e-23
04,145762728,G,A,-0.0210079530662377,2.36143878603025e-21,3.84348514322363e-31
04,146577186,G,A,0.0361723714756808,3.30085468598782e-06,7.39366597971543e-06
10,102686838,GT,G,0.0166587482607108,6.61036445935041e-44,1.33327248691538e-22
10,102317555,C,CA,-0.0137543816914481,2.08327240997033e-13,6.82721001922236e-11
15,99186488,G,C,-0.0256764060664549,3.61799191868214e-37,1.55290909987823e-22
15,99395834,C,G,-0.0184158384480364,7.19867436421315e-21,5.68502664697116e-09
15,99214192,TTGGAA,T,-0.0237249404103165,2.78464001713322e-17,6.85258496338819e-11
05,42687629,T,C,0.0180569217790487,4.47792416901693e-13,1.588883024327e-22
05,42290110,TA,T,-0.0118132556951726,9.62650777818124e-15,2.72531569306679e-14
05,42641962,C,T,-0.0108438419037058,3.9465875622058e-18,9.41895096219247e-17
19,47557098,G,C,-0.0187981663394052,1.30303881906857e-35,5.51332333875297e-22
09,98256235,T,G,-0.0209656474825832,6.72805815676239e-15,6.30457270946405e-22
09,98217348,A,G,0.0273191454234398,9.69022407042964e-29,1.51934313877883e-21
09,98192383,T,A,0.012132567525218,7.55940997862278e-20,3.68824125658114e-09
22,42070374,A,C,-0.0271444398538186,2.12249297311134e-26,6.64286305398424e-22
06,29355148,A,C,-0.0175230836306675,2.5490552438331e-39,1.48795333124785e-21
20,50951298,A,G,-0.0186629530343465,1.78428273754867e-26,2.02801480891907e-21
20,50807839,G,C,0.0134783949620717,5.20553912268207e-07,3.95307085631644e-09
05,170864021,G,T,-0.0195651422553297,7.24632704383524e-24,1.10552632163284e-20
05,171198771,C,CACACAT,-0.00969599744464528,1.69183667312429e-10,2.49100233355526e-07
12,111865049,G,C,-0.0155400507065676,1.87838365044429e-56,1.13349420294557e-20
11,68388220,G,A,-0.0181192827694663,1.05138770106188e-17,1.17519040002638e-20
11,68077048,C,CT,-0.00849570152308562,1.72222440031415e-10,3.76068265843492e-09
11,68594136,G,C,0.00808694287592362,5.2879232768994e-09,5.83515141143816e-11
17,79093822,A,G,-0.0163113494911082,1.78047460496141e-30,1.95822833101384e-20
17,79412885,T,A,0.00885469499495646,3.31733671264896e-09,5.9835723242251e-07
15,89397827,A,G,-0.046135875015287,7.71425384864515e-22,2.19466835888494e-20
15,89386652,G,A,-0.0148601449606199,1.0768672028943e-13,2.20775323803128e-09
15,89367562,C,A,0.0114423882051211,3.32385411913534e-22,3.87344499458453e-11
14,25948867,T,C,-0.0165885414065365,1.6898899878452e-40,3.07568227204472e-20
07,23513093,C,T,-0.0177057305607941,1.45893746715086e-32,3.08794519241633e-20
06,34589632,C,T,0.0385318643284555,7.71095044512022e-72,3.62013923874787e-61
06,109781301,T,TCA,-0.0154814200016443,6.18851305679874e-46,4.80876407516791e-20
12,46752872,C,CA,-0.0145920153074966,2.59450648983504e-40,5.76882716013689e-20
12,46791289,G,A,0.0166515198556308,1.2298869551744e-07,1.3178835918184e-09
06,160767905,T,G,0.0151290814757351,9.32413886225489e-53,7.6908737660643e-20
01,176787749,C,CT,-0.0162325846242233,6.16453706629817e-45,1.00224119983218e-19
01,176566012,A,T,0.0201546632357251,1.29320481892385e-10,4.88532386001587e-07
01,176521655,G,A,-0.0237960846039524,1.63893412613454e-06,9.00633087552718e-10
12,122820960,T,TAA,-0.017273966549598,3.85600319238786e-21,1.07640467030983e-19
12,122583781,A,G,0.0124487703064668,5.35338672988845e-25,7.06289339761822e-18
12,122353230,C,CA,0.0199916898377262,3.58233919364734e-11,5.91386817375171e-11
19,30286450,G,GA,0.0161881675074838,2.53741493817181e-31,1.67507713171949e-19
19,30709841,C,A,-0.0108998993634251,2.34831505396615e-09,1.49381477215099e-07
03,171969077,G,C,-0.0147407767632991,6.17341157501046e-33,2.00987307974073e-19
03,172121443,A,G,0.0137089496923917,1.07220018681521e-23,2.21124690005199e-16
03,50022069,G,A,0.0144876329207564,3.19627067644396e-38,8.84759825525723e-19
16,28632021,G,T,0.0149433516201967,4.06871999195236e-42,1.03730984744785e-18
11,2165576,G,A,-0.0184871222207045,1.44510094814813e-21,1.09702901744474e-18
11,2665357,A,G,-0.0170914434178879,2.46659234984228e-10,1.38290053734962e-09
11,2077271,C,T,-0.0122923452280799,1.29776961894052e-10,3.43017161645896e-10
02,211540507,C,A,0.0156178576355573,4.52707641699583e-34,1.65080250808102e-18
X,137050402,C,CT,-0.0151345234480203,3.53240239566044e-13,1.75824886956918e-18
X,137082312,C,A,-0.00679567045591262,4.17730922420906e-10,4.59288947982881e-12
01,11281051,G,GT,0.0162568879441188,2.64514983242652e-32,1.76689159102451e-18
19,8670147,C,T,-0.0402540705323023,8.53238987414036e-20,2.23987168118602e-18
12,116196316,CAA,C,-0.0173779989232383,2.36049845467413e-21,2.7136706645052e-18
12,116450006,C,T,0.0086110943954679,3.03169841194214e-11,1.01261726546439e-08
05,168256240,G,A,-0.0165238461703508,4.4115831095873e-20,2.87383732456201e-18
05,168312829,T,A,0.00757100738077937,8.11244761477737e-12,1.43326322915964e-08
19,2176403,G,A,0.0149127083329277,2.08747261661531e-27,2.89534436794743e-18
19,1849147,G,A,-0.00875725941090786,2.70156174525483e-12,1.16237118159331e-07
19,2039727,C,T,-0.0282754157247621,2.71085552923615e-07,5.05559461898152e-06
02,23896049,G,A,-0.0161789923255822,7.21986767901607e-31,3.03554012960135e-18
08,126498265,C,A,-0.0147139943297843,6.04298146194063e-14,3.15804386368152e-18
08,126482077,G,A,-0.00822937071728603,2.5251144733755e-11,9.41446349940587e-12
07,73037956,A,G,0.0208738640082579,1.102801852621e-19,3.68047317998653e-18
07,72706794,C,T,0.00878363931169601,4.57172050806098e-12,3.20475870451608e-07
11,43878485,G,A,0.0156761017059667,6.3683619689949e-31,1.65171835959742e-17
05,127357526,C,T,0.0163863222869175,4.3019294049939e-28,1.84735403345076e-17
05,36796830,A,G,-0.0140287246622389,2.65330404594431e-30,2.10923351080346e-17
05,36646032,G,C,0.0100335365280761,5.8905440304308e-11,8.5212006092542e-09
05,139042547,A,G,0.0145589292013468,6.7599121464106e-36,3.45443288067472e-17
01,33774752,C,A,-0.0145367975306895,9.42379342158645e-25,4.19659074605828e-17
01,33295956,AT,A,-0.0108188015548674,8.04366498015322e-08,5.28368337797426e-08
X,78792528,G,A,-0.0151623312226961,4.225972215981e-42,1.03343789837514e-34
X,79324423,G,A,-0.0147773744576137,6.25873029488821e-07,1.44984064996515e-16
05,67596088,G,A,-0.0136282000923208,6.96874570342111e-34,4.44146250084634e-17
05,68034736,G,A,0.00931709664917947,1.01474445097024e-06,1.68768642576206e-06
05,87694757,T,TA,-0.0169405575250725,1.47943151097516e-22,4.52384473501821e-17
03,9975386,C,G,-0.0178961160220302,1.23524244112543e-25,5.60396175648746e-17
05,176509193,T,C,-0.0160112869693595,1.57015796327161e-24,6.59166949573193e-17
05,176980904,G,A,0.00965921129575928,1.41000371938224e-09,9.32728602361648e-06
05,176337556,TCA,T,0.0356200802118125,8.93886226433069e-07,2.12812142449571e-07
17,59494574,T,C,0.0146177270046333,5.41485605217441e-32,8.1728718944942e-17
05,95728898,C,G,0.01483220072009,4.59296344744585e-19,9.61310641312943e-17
05,95856501,T,C,0.00930187886956684,1.26716408395636e-12,1.76916592568393e-09
19,10748073,G,C,0.0136347847653777,7.29953490631458e-24,1.00480222199533e-16
19,10301469,AATAAAATAAAAT,A,0.0166065678010279,4.97401864228228e-07,1.41566357300887e-07
19,10366622,A,G,-0.0100709817756499,3.95888684960307e-08,1.20478842651924e-08
08,116631278,T,C,-0.0168136948288604,1.61565746282092e-24,1.58552090724546e-16
11,30443688,T,C,0.014864875176947,1.19634019000429e-29,1.64456822039075e-16
17,43223316,C,CAT,-0.0141121561952342,6.83543371614522e-23,1.77223985135134e-16
01,218609702,A,G,0.0160761903363897,3.69050543611084e-28,1.78489697219756e-16
01,218986185,G,C,-0.0153030471205109,2.55326813400334e-09,1.09927861798595e-06
16,4946794,C,A,0.0126094916671028,1.86198497189459e-29,2.30203877250623e-16
16,4631802,A,G,0.0207715032735141,3.94067827833964e-07,1.05866181064979e-09
06,140623538,C,T,-0.0158233220935524,7.54168688976253e-26,2.37491190546017e-16
03,128992047,A,G,-0.0143117706299439,4.62440516119908e-19,2.56970079831328e-16
03,128966302,C,T,0.0194668064116397,7.7510147520051e-12,6.64840920254839e-14
05,77401374,TA,T,-0.0147414354931954,1.72405694654118e-20,3.00112684650429e-16
05,77641008,T,C,0.00970564792443335,1.06439803056059e-09,6.84154376929671e-09
05,130378027,C,T,-0.0163280471056058,5.21025560536815e-25,3.20216816446063e-16
01,214638396,C,G,-0.0140933076913708,1.09938821889762e-36,3.69165483982121e-16
13,78474468,C,A,-0.0159554551234339,4.40550764044335e-25,3.99247222611184e-16
07,28174957,G,A,0.0148817800086903,8.8189836182661e-28,5.50596963699304e-16
12,120867798,A,G,-0.0328009650496713,1.68943886689831e-15,6.78718307758874e-16
12,120433563,G,A,0.00913957070607381,1.81750139278172e-08,2.59927864893045e-07
07,76637391,A,G,0.0167917315902308,1.97247388260058e-17,7.00299558181313e-16
07,77052364,C,T,0.0134750081845478,1.91317994310874e-06,4.16928905849573e-08
03,183976103,C,T,-0.0150869836057709,7.69733016430906e-16,7.9988574321916e-16
03,184010048,C,G,0.00999454490148461,6.65150980890612e-12,9.5901167935451e-12
02,223960207,C,T,-0.0149169345493206,5.74618123809368e-27,8.89891979143782e-16
12,123759417,GAA,G,0.0161925732763376,9.93490299123511e-17,1.48382676858031e-15
12,123329101,A,G,-0.014166673094826,6.37382176449779e-12,4.99998491525539e-13
09,99106848,TA,T,0.0164360101927956,1.06223822156619e-21,1.50200836801121e-15
09,98613633,G,A,-0.0216710425002396,2.88274031720508e-07,3.33861942689826e-07
12,991306,G,A,0.0160194506786818,2.85987048117082e-18,1.75656428257658e-15
12,588372,C,CT,0.0095572307821808,8.39964437570013e-14,3.91374800646041e-08
16,783865,T,C,0.0163025136954393,9.98136801722866e-20,1.97167192801668e-15
16,1113847,G,T,0.0103012313982132,6.88206003714713e-14,1.43837051124301e-09
16,359953,G,A,0.0105272458640576,3.23599810771827e-12,1.79175338661995e-08
01,205685352,T,C,0.0134414531431729,1.65218599248943e-33,1.9885201853954e-15
06,26207175,C,A,-0.0203265515801817,4.99129322912859e-31,7.16187641692771e-32
06,26543649,CTT,C,-0.00951400500698616,3.2941361395807e-12,1.35812576904368e-13
06,126090277,C,T,-0.0129779470473768,2.83318810944861e-34,2.04774941111526e-15
06,126572573,G,A,0.0154668094783149,2.31607253231214e-10,7.20007172279991e-10
01,201806106,T,C,0.0136041517221374,9.50628044979053e-19,2.1023166114299e-15
01,202003987,A,C,-0.00974410392155332,2.73770668248049e-13,1.67287289231883e-09
01,202163832,G,C,0.00862578833670746,9.90608558331491e-08,1.08131521212457e-06
20,34769811,A,G,0.0187130811601935,4.20205744082146e-31,5.36008304372159e-26
20,35529001,C,T,-0.0191750066648728,1.17687334156653e-18,2.26568375435759e-12
20,35002849,G,A,-0.0237562315717297,4.77012196704822e-17,4.25448363709433e-17
10,96026184,CA,C,0.0118598056191213,2.998477954693e-22,2.46800899307728e-15
10,96085377,T,A,0.0139211666066493,4.82649758122329e-09,2.27391562242775e-11
14,23779877,C,A,0.0147574148677888,1.60080591880886e-12,2.47346251991382e-15
14,23299135,T,G,0.00942730217714731,1.18968911029046e-13,2.19400480101417e-08
14,23755607,G,A,-0.0101958525764598,1.51867839223122e-10,2.08122979781426e-13
11,2813322,C,T,-0.0490110846631278,1.38466579663069e-15,3.29595541502027e-15
11,2696744,A,G,-0.0130747339505724,2.13008614221889e-13,5.16063589818728e-10
11,3128272,T,TGCCA,0.0165629749471016,2.89359802248268e-09,1.74748958076368e-08
04,45182527,A,G,0.0131893745227928,2.60008589065603e-36,3.44659752344181e-15
01,172105257,T,C,0.0143871111291264,3.00731006312234e-27,3.47743726681974e-15
01,172135564,A,C,-0.0197510865443551,6.72679233604888e-09,9.30739735457097e-08
08,130721793,AATAG,A,-0.0168301406422473,6.36537984274393e-19,3.63032723795356e-15
08,131033480,G,A,0.00836711060081819,6.26029673043068e-11,5.13878019229215e-06
01,51037660,G,GT,0.0231929598764906,9.8612390406326e-17,3.80293874751554e-15
01,50566266,T,C,0.010580664087437,1.28693323327469e-15,3.67051355778073e-09
04,122713863,A,C,0.0133576998673499,2.79803051008809e-33,3.95343721256614e-15
05,172779211,T,C,0.0131579662083547,3.11775481814247e-16,3.95924915531901e-15
05,172753555,T,G,0.0167879458656721,3.26953404162091e-10,4.15677162875044e-12
05,173269929,GA,G,-0.0101900290707285,1.57718126026678e-09,1.41234333615395e-07
12,56364321,A,G,-0.0135935188272083,1.76976839739344e-28,7.67330616274658e-15
01,155306195,T,C,0.0282873558375368,1.73643363068677e-08,6.87316105125253e-11
02,71533300,C,T,0.0126959722449887,8.62235048580298e-22,9.40971317377234e-15
02,71889624,GTA,G,-0.0177148372379725,1.61298405865375e-08,4.88976166601588e-07
02,71958480,C,T,0.00824626613187911,4.7937838983008e-08,2.42812897166447e-06
07,93258982,CT,C,0.012881927542949,1.43162343833569e-35,1.10494922756427e-14
04,82184234,A,G,0.0143816000190349,1.78438409503243e-28,1.21103684580431e-14
04,81735963,T,C,0.0319768462056583,3.30668119371589e-07,4.98659624813113e-06
17,68153968,T,A,-0.0184564851263836,5.55790019605982e-14,1.58141041397147e-14
17,68203546,A,G,-0.00881966916086548,4.0054756744508e-12,1.29702395967264e-07
17,68090207,C,T,0.00792568941692878,1.31686267833497e-07,1.98861590195584e-06
17,46989416,A,ATTT,0.0156016661089607,8.70814724500249e-17,1.88360433313516e-14
17,46725779,C,A,-0.0231088924508213,4.53333421751552e-08,2.52036265122838e-08
17,46506929,C,T,0.0168689102672925,3.76425546005529e-07,4.99864263991097e-09
12,11880608,TAC,T,0.0133161948564703,9.1254447217417e-29,1.94369980573099e-14
04,88557753,G,A,0.0127702264629595,2.03277380364566e-38,1.95821686490888e-14
01,56602992,A,G,0.0150792858140143,5.33648206757314e-22,2.25465837352851e-14
13,30177474,TC,T,0.0142810279591758,8.60028454752443e-24,2.93693855025944e-14
04,1012300,T,C,-0.0271094023307779,3.32038620512011e-13,3.09743485215375e-14
04,840616,C,G,0.0102852340108976,1.83869564108175e-11,1.06873484355795e-09
12,103064247,A,G,-0.0139767797150472,5.91182308530978e-39,4.29219417087044e-14
12,103147927,G,GT,-0.0150938074610279,1.15120299785887e-11,3.5458199246609e-07
12,102826653,CATAA,C,-0.0269405689977557,4.54820090613514e-10,1.18871422169209e-08
10,104829102,G,A,0.0129422121405299,3.44502456020186e-29,4.95132103849998e-14
19,46182304,T,A,-0.0157911984906625,4.54386202112974e-20,5.22667263404325e-14
X,45634577,C,A,-0.0111351775841705,5.2288312447214e-18,5.29577330934554e-14
X,45226975,T,C,-0.00734480444591991,1.47599990593013e-11,1.16593828722994e-07
15,62274940,G,C,-0.0114808813808913,2.60653955194541e-28,5.71980949405341e-14
15,62185482,GACTTCTCAGGAA,G,-0.0338448050037862,5.89042579816743e-06,4.00555352189876e-08
16,20002523,A,C,0.0158667118519075,6.59238804010003e-19,5.77650618557293e-14
16,20249395,GTACT,G,-0.0164047459739848,2.9480625249336e-11,3.51902976551997e-08
16,20375351,T,G,-0.00892896764303466,1.14051921519793e-14,2.11577786020804e-07
05,131271022,G,T,-0.0147467398350799,6.8298185894496e-38,1.14583139360188e-15
05,131618197,TG,T,0.0247271439704187,2.56807317331379e-09,8.08044527990009e-07
07,127015083,G,A,0.0452909560846093,1.77965498892985e-14,6.27619445440325e-14
15,41970964,C,CA,0.0182157413252174,1.01035723432464e-14,6.30900689976516e-14
15,41560127,TA,T,-0.0110484141124549,8.3421592872501e-10,1.73364713090112e-08
15,42084329,G,A,-0.0300212257914224,1.76219770680599e-06,8.94120571019617e-08
14,24804088,A,T,0.013228761394425,1.29308255525176e-17,6.48483477510521e-14
14,24835017,C,CG,0.0131385569039127,2.63062864104698e-07,1.68276163548856e-08
16,88804924,T,TC,-0.0130831281043038,1.82805089349096e-18,6.48499984033624e-14
16,88321027,C,T,-0.0278536748552651,3.61143244949166e-11,1.3517962740032e-10
16,88554317,T,C,0.00783991036477573,2.16647369301023e-09,1.02438538141659e-06
13,54107352,G,A,0.0186817332819122,1.15038898177108e-17,6.52384427650384e-14
02,183247431,G,GA,0.0125823833774468,1.63606659435073e-32,7.55288655740863e-14
15,67007813,A,G,0.0138940007525663,2.28921401615877e-19,8.32182866355423e-14
15,67457698,A,G,0.0235939572085316,6.56647653940406e-12,7.95209365728e-11
15,66514155,C,T,-0.00912393200706746,6.4645586261058e-09,1.44283570250304e-07
06,80959985,TC,T,-0.0135729147727958,2.20305651129028e-30,8.56682447337415e-14
06,81447478,C,G,-0.0105636631083185,3.53690580406168e-15,1.0593453519455e-07
05,137603293,G,A,0.0150597628702486,2.07217148197225e-20,9.33424309073648e-14
10,79572587,T,C,-0.0382565397091902,1.50028340252708e-09,1.10105241800911e-13
10,79659934,G,A,-0.0104546838766701,6.37600559293659e-12,7.42986776234896e-12
03,85671119,C,T,0.010479428591628,2.02017059698381e-15,1.41116451778167e-13
03,85171302,T,C,-0.00994074747397235,1.8561629818436e-14,5.64018910216698e-13
12,97792368,TG,T,0.0127441450262078,2.31777429407497e-24,1.42044441204841e-13
12,97604246,C,G,0.0117603340538937,3.86590127917256e-12,4.54756446292629e-09
12,97764804,A,G,0.0117683740797775,6.00210661542711e-07,4.3853731435744e-07
X,53628625,AT,A,-0.0105879431048704,8.40920586044601e-30,1.85235212487587e-13
06,40369081,C,T,0.0129621827145228,8.93262097632113e-26,1.94954520761984e-13
07,46642308,T,C,0.0122466050640567,3.43523490749952e-25,2.3645939770795e-13
07,46557704,G,A,-0.0164639985087453,6.54617283526803e-14,1.20657816691901e-12
07,46734307,G,A,0.0119940338311901,2.2718739332276e-14,3.17098725816502e-08
X,129251524,A,C,0.0102176500600701,1.36393303306077e-24,2.63361054666199e-13
07,121955981,G,T,0.0124537988710344,9.50394254696442e-28,2.66723896556832e-13
07,139749346,G,A,0.0156268221651931,1.21401666631162e-18,2.6875729389111e-13
01,184007119,C,T,0.0130711371138774,2.24833076594321e-24,2.7226140716605e-13
12,3338920,GCACAGCTGGGGCTGA,G,0.0134789400040954,4.05861587211924e-13,3.02061354249945e-13
12,3393100,C,T,0.0228605261159665,2.18993872527266e-11,8.44933654212122e-12
12,3295708,TTGTTTGTGTG,T,0.0108746741192426,3.48445772812084e-13,5.88564921428408e-09
18,56876563,A,G,-0.0155966319939773,9.51905046065004e-16,3.23028486963343e-13
18,56943484,C,T,0.0184933837559981,5.35248785132433e-07,8.91893654569762e-09
18,56676022,T,G,0.0150993980877279,4.69444442950293e-07,1.33650729884872e-06
20,21123431,CAAATAAAT,C,0.0131058688670369,3.28219558283875e-24,3.36035974425741e-13
17,29230520,GGT,G,-0.018981551916893,1.41414302715916e-31,2.69985193587383e-37
17,29707521,A,G,0.0108902167274193,1.05650558730976e-20,5.99838468361241e-13
17,29285075,C,T,-0.031997099781433,1.94619016143063e-08,1.25226252337052e-13
02,25458100,C,A,-0.0137774211474171,3.44423030692707e-20,3.67812290713839e-13
02,25428302,T,C,-0.0215746142508676,1.48870108244114e-08,1.94662636937012e-06
02,25904996,C,T,0.00785738972338883,7.72824698087473e-11,1.22333101196239e-07
03,85142871,G,A,-0.00970811429321373,2.9644757785438e-14,3.88767013866553e-13
03,85539217,CATTAT,C,0.00911352200251784,2.0711391172134e-12,2.8316089850175e-12
10,124131176,A,G,-0.0121866279581084,1.19070963130457e-29,3.97075533644564e-13
08,13372120,G,A,-0.0250041863950134,8.45130648832055e-15,4.21748273107223e-13
09,103061366,A,G,0.0128691453215306,8.3480310942364e-24,4.4580955365274e-13
21,39673981,T,C,0.0122423629522943,2.83200922295258e-19,5.05565065261029e-13
21,39235370,G,A,0.00837577309595285,3.43019996697492e-11,3.87383687152252e-07
21,39983448,C,T,-0.0317245311905285,2.32667729635428e-06,5.23257792148249e-06
07,50661670,CCTTT,C,0.0144153711941634,5.93835952166432e-14,5.06072843741185e-13
07,50924391,C,G,0.0080063991342845,5.1378221248126e-12,4.40565465280924e-06
07,50877893,C,A,-0.0144682333736903,9.06369358029424e-07,2.3012198461662e-08
10,25178864,G,A,0.0163623017174669,6.10855900191132e-18,5.12553608562863e-13
06,19078274,A,G,0.0149800907143779,9.4906386279106e-19,5.17004630551875e-13
14,65520246,T,C,-0.0120992682302454,2.41387388910197e-33,5.39063330018206e-13
04,123832776,G,A,0.0139896123747021,4.76882306620889e-15,5.76842263356663e-13
04,123760527,A,AAAC,0.0223405873817687,1.33327128298172e-07,3.07017089594222e-09
10,81136129,A,C,0.0120620689216215,1.53242319990488e-20,6.1936972434346e-13
10,81228378,T,C,0.0112414581587418,3.39193038452295e-07,3.52823836455429e-07
10,80931481,G,A,-0.00804656872834385,1.29475366078386e-08,7.4513992507026e-06
12,28644895,G,GGT,-0.0129300640798779,1.90493243202589e-23,6.44231729050784e-13
02,233153745,A,G,-0.0182617788902017,2.69665084187061e-13,6.54061507139795e-13
06,36210480,T,TC,0.0332201672948782,4.31573877907137e-15,6.58870438512103e-13
06,36311463,T,C,0.0110158229949419,9.14449494482856e-23,1.7314941889312e-08
06,35892943,C,T,-0.022831460514941,3.23776761379264e-09,8.05078579195761e-09
08,120456193,A,T,-0.0126681047037938,7.96607081388625e-15,1.05632544062916e-12
08,120596023,G,A,-0.0238333977576324,1.10526400452064e-11,1.39273917173374e-09
08,120656895,T,G,-0.0092135497750303,2.12994903376007e-07,8.63519120526666e-06
02,69378070,G,C,0.0168824626128381,1.79867758090062e-16,1.66391612321334e-12
17,39261560,A,T,0.0127073254226983,2.11666528951219e-22,1.67102740970109e-12
06,81829439,GTTGT,G,-0.0127353577540946,2.51070028633351e-25,1.69727544611733e-12
09,97617103,C,G,0.014048369446877,4.36701745443349e-26,1.92310444075248e-12
09,97886456,G,A,0.0241275443332425,3.98765842840714e-11,4.94092621024892e-06
09,97409311,A,C,0.00905839959322331,3.19587699556542e-12,4.14605609171509e-07
17,71124903,G,A,-0.0119582875546367,8.26703450565713e-26,1.97407329836341e-12
10,120434096,T,G,0.0116541209597189,2.87157168764461e-31,2.23832683228495e-12
17,65960854,T,C,0.0147147565162205,4.31728402199591e-18,2.29671316973675e-12
02,9770589,G,GCGGGGC,0.0140505485467594,6.14366875914022e-21,2.3878446147961e-12
11,69303727,T,G,0.0107878717028228,6.39002404895562e-15,2.62706368798106e-12
11,68826317,C,T,-0.00903890841300673,3.52344464993725e-10,2.86518514914536e-06
11,69509343,G,A,-0.00973795762879495,2.34568433392729e-10,2.05214252393826e-10
10,27914001,A,G,0.0110085253882463,3.06604683221325e-21,2.74779653904879e-12
10,27549259,C,A,0.0134166337860223,3.82473158390446e-06,1.73404779805976e-07
06,76164589,C,A,0.0191513692435809,1.00094324582142e-14,2.99012331503779e-12
17,36925750,A,G,-0.0117527239361348,2.04032606927007e-29,3.15065566447191e-12
11,14413213,G,A,0.0223834263670125,8.28222610718772e-11,3.18600942941977e-12
11,14352199,T,TA,-0.00838134624215305,4.13624758831454e-12,4.7301974789685e-09
16,15147788,A,C,-0.012472430426926,1.05948272486772e-21,3.45985052847412e-12
17,63561592,G,T,-0.0159798748017188,3.46269562723665e-16,3.55284765875882e-12
09,94186973,C,A,-0.0129205232067844,2.51929001149484e-20,3.55410932133551e-12
12,57146069,T,G,-0.0195443406665062,1.11513155467294e-13,4.80562481196802e-12
12,57540848,C,G,0.00990575708857305,1.67961268895051e-09,9.37847083609749e-07
12,56918566,C,T,0.00898253954899773,3.03633605457744e-10,1.87145871011886e-06
03,41308348,T,C,0.0115292416794444,3.68022825375216e-31,4.92559228418437e-12
15,38502321,G,GCA,-0.0117543603926629,1.51697278183521e-27,5.1581295548676e-12
11,10126097,TG,T,-0.0114062255570026,2.57726797345955e-32,5.66778022150008e-12
14,79937216,T,A,0.0138320672942229,3.9752442343254e-18,5.9679466396701e-12
07,148649180,T,C,0.0121689119135403,1.25921948281433e-12,6.41026280205131e-12
07,148604958,CT,C,0.00860584057605681,1.17727910206928e-10,1.14078003577661e-07
07,6399723,GATTATTATT,G,0.0172079846933117,5.68527329439464e-15,6.47293604717325e-12
06,105358192,G,A,0.0118840627150842,2.20074767816123e-24,6.77692912510886e-12
09,28410683,T,C,0.0122422840185251,1.16430125931682e-22,6.79788429746904e-12
07,71585126,C,G,-0.0121059278456868,5.07082583567167e-23,6.85348483380384e-12
01,26432121,T,C,0.0138485389569332,2.80281358241446e-11,6.98987164525821e-12
01,26802548,C,T,0.00761183991107289,3.99542974231002e-11,1.44675362527622e-07
19,7193215,C,T,-0.0105964407707608,3.55667671373141e-17,7.20398947437836e-12
19,7112645,C,A,-0.0133285637372449,1.30684097170548e-08,7.22783150998694e-10
X,31854782,G,C,0.00993733529182234,2.0999304908696e-19,7.9708850363914e-12
X,109832336,A,ACG,0.0100098814130968,2.23848209046468e-20,8.20506150820939e-12
17,76766437,G,GA,0.0113832149530854,3.17843114937645e-30,8.24987107026096e-12
09,90873653,A,G,0.0106674202953481,7.35973871136193e-18,9.06273511695914e-12
09,90600849,C,T,-0.00851894059997851,2.57216096181356e-08,7.06440538583164e-08
09,91073568,A,G,0.0213420686773847,7.21702686497982e-06,2.17060942372137e-06
12,102376639,A,AG,-0.0103014805950212,2.70059907579983e-15,9.09531160786187e-12
12,102407746,T,C,-0.0251978509566062,1.08144289717716e-09,2.10246640670175e-11
12,102328806,C,A,-0.00899001945340213,5.72191397969281e-12,6.14015928039263e-08
01,8015560,A,G,-0.0119370656942374,1.57249977281171e-22,1.03553398024146e-11
12,77457439,A,G,-0.0116650444375038,1.536066328245e-16,1.05430113119892e-11
12,77429768,TA,T,-0.0112122454945416,6.95415972363443e-09,3.02566692925526e-08
03,62713263,T,G,0.0121801561093475,4.76102785725714e-21,1.11364525356205e-11
22,40611012,G,A,-0.0120889978889988,1.43456612808063e-21,1.17710802462165e-11
03,52835514,G,A,0.0165527447001316,6.95871554622577e-13,1.18233523522206e-11
03,53164526,G,C,-0.0186099726927924,2.99038844049218e-07,8.23230144632191e-08
17,46288649,A,T,0.0162125016053463,5.28198220248049e-14,1.35374545791062e-11
17,46175361,C,T,-0.0218676738257301,1.88383160920734e-07,2.02167503070997e-08
17,46764369,C,T,0.0272288796931693,2.13762851299634e-06,9.96255063170995e-06
05,80830788,A,G,-0.0130014442450038,4.08065345223816e-18,1.411434179923e-11
08,57170647,A,G,-0.0277247278085079,1.49614426843014e-30,1.16189357444998e-36
08,57187356,C,T,0.0206634273148193,1.25460318562955e-22,8.73904186982936e-27
08,57665019,T,G,-0.010765383613907,4.26594327177838e-13,1.48782296593398e-11
05,112162299,A,C,0.0119687045222556,1.51707846470642e-22,1.50605366570931e-11
10,77210191,T,C,0.0112515914623419,7.64143680796932e-29,1.5077261038378e-11
05,134361020,G,A,-0.0127152700506448,1.11154844135871e-13,1.63363696567431e-11
05,134586980,G,A,-0.0102326713773797,6.26980938433762e-18,4.34803246355278e-10
15,86276000,C,T,0.0111766347076674,8.72708103232861e-29,1.67211034878051e-11
06,2101285,A,AT,0.0133038146181731,9.35504394519002e-18,1.72748341665918e-11
19,3411021,G,T,0.00950376499703752,1.86140062381342e-14,1.84734757882814e-11
19,3376042,C,T,0.0103619187911622,8.00259989560523e-07,9.63935437828681e-10
05,32831670,C,T,0.0108276175132212,8.45575756807392e-19,1.86049978236246e-11
05,33325863,C,T,-0.00962014312575274,1.72660390358398e-08,1.05620873993254e-07
04,1341553,A,G,-0.027498779259907,1.73605820015028e-13,1.71464115084903e-13
04,1701317,G,A,0.0112580501584922,3.96152369247872e-19,2.46544839202025e-11
19,4954455,G,A,-0.014202190248647,1.46245589712202e-13,2.4409519532537e-11
19,4498157,A,G,0.00843178986056832,9.56309593649723e-13,1.11058164417464e-06
01,72812324,A,G,-0.0101019966679083,4.07715279114288e-17,2.48664252825224e-11
01,73070185,CTGTT,C,0.00908648235300847,3.95581914771898e-08,2.73950322264728e-08
06,45090977,C,T,0.0113400938458795,3.16413420983784e-23,2.92828906341667e-11
16,24714679,T,C,-0.0116723211886226,1.6371578569197e-18,2.95450819073739e-11
16,24550930,G,A,0.0108037548700906,5.37714620563316e-10,9.08697992123553e-08
22,30365780,A,G,0.0111567856908417,5.98863901490022e-26,3.2200901530915e-11
20,6709838,A,G,-0.0119060114338445,9.68136531015338e-16,3.28710029526386e-11
20,6542634,C,T,-0.00990181820377468,3.83626962907592e-14,7.20515585346239e-09
10,70248688,T,C,0.0111861894583897,6.18854370381968e-26,3.43178100302456e-11
08,129224182,G,A,0.0124559888737007,1.97177359205503e-18,3.47827822406637e-11
02,33348679,A,G,-0.020930321992128,5.17075862607055e-12,3.6068824625959e-11
02,33489022,AAAG,A,-0.0216522470594603,2.58075071257856e-10,6.48459106855409e-10
08,73449940,A,G,0.0122020943044422,2.55459857535174e-19,3.749857430489e-11
12,12871099,T,G,-0.0124578906228812,1.58356922587811e-14,4.06382360496979e-11
12,12876111,C,G,-0.0145059684402641,6.576507237195e-09,1.10853096873225e-08
01,22473791,T,C,0.010554105986789,2.11662109342662e-20,4.07577503435444e-11
01,22514070,G,T,-0.0117488640763769,4.96381194797548e-08,5.86024034970836e-08
01,21584941,C,T,-0.0111238359371106,9.700158035923e-24,4.58763793831689e-11
12,110044918,G,T,0.0136324333981899,7.06584645343455e-16,4.76485353851732e-11
X,85563379,A,C,-0.00904956325616011,8.21861437930471e-23,5.03724399280976e-11
12,115106688,C,A,0.0125187988385177,1.53460463463332e-17,5.3264604254353e-11
05,171218388,T,C,-0.00912257061456647,1.79403155148619e-11,8.82109199843502e-08
14,35864990,T,C,0.0137715201532786,9.46152179019411e-19,5.72719027643486e-11
14,35427725,G,GT,0.0100025445832773,3.94942902169559e-16,2.5880194604163e-06
14,91517973,A,AG,-0.0119605493572813,8.71505217733466e-19,5.85757946056308e-11
10,18549889,C,T,0.0170963105292123,1.79078126307983e-13,6.13950533955503e-11
18,46516424,C,G,0.0116211261808806,2.01372923991195e-15,6.1604840843396e-11
18,46602964,T,C,0.0106903708352701,8.45401807996352e-18,1.34851782609357e-09
18,46277324,C,T,-0.0168987579055301,1.53109283206598e-08,5.50953290720494e-09
03,88196211,C,A,-0.0120303047429802,1.52965594971815e-18,6.35043128191198e-11
17,29098253,T,TA,-0.024543155808274,4.79042444989586e-37,1.93163147600679e-23
17,29037339,G,A,-0.0381788421090014,2.27521664688966e-18,8.55808975539587e-14
20,20069826,G,T,-0.0126571931790126,8.23113162089181e-16,7.73774295204538e-11
20,20339310,T,G,-0.0101750906855574,3.58473954560463e-15,2.6402795380187e-08
02,44956340,G,A,0.0144231173918271,8.94374625832366e-14,8.32700724300643e-11
02,44462133,A,T,0.00957157656847411,1.2621442437497e-07,8.61055425679399e-06
02,198950240,G,A,0.0107637493149037,9.2255617278638e-28,8.81910854764742e-11
01,150555028,T,C,0.0214307354132661,4.42336910101576e-14,9.73552141148993e-11
01,150539706,C,G,0.016285432246182,5.68725029268839e-09,2.33598129204923e-06
08,65002075,C,G,0.0100363016814292,3.48526049070127e-14,1.07399225208445e-10
08,65311200,A,G,0.00931648538460127,9.64042641047611e-12,2.70765131739199e-09
03,56599469,C,CT,-0.0108816347356463,5.36027796433251e-25,1.08580391463143e-10
01,118855812,A,T,-0.01158095064148,3.96420346969947e-19,1.08708305946636e-10
02,169721381,A,G,-0.0113946791699956,2.62588019976354e-19,1.29968278307509e-10
01,23508673,T,TA,-0.0129862263638231,4.45298480782348e-16,1.305630693168e-10
10,5042294,T,C,-0.0157194307699891,1.85872630809283e-11,1.31392618232229e-10
10,5254821,C,G,0.0112810983651342,1.43886375677132e-08,6.84907557174302e-08
15,89928189,T,G,0.0103467526224488,3.26813315666055e-17,1.34331166365873e-10
15,89433954,C,T,-0.0434943044045005,2.73076757085079e-09,1.58989554701307e-08
15,89437181,GT,G,-0.00920344996778392,3.27964210429177e-09,3.06603713996153e-06
08,49407362,C,T,0.0143330280072799,3.46072759356098e-14,1.39628148111568e-10
10,126290498,G,A,-0.0104881240454167,3.05720431545722e-14,1.48823745698407e-10
10,126675759,A,AAGAT,0.0141310526302631,1.16525940003334e-09,7.74818550354015e-09
10,126419841,T,C,-0.00868318219000664,2.41623450889539e-10,2.85525267713225e-06
02,59291172,G,T,0.0112380690310584,2.29108559094873e-12,1.66509646147652e-10
02,58935282,G,T,0.0100658253405149,3.83463359485837e-16,3.97871528171845e-10
13,42737268,T,G,-0.0110135119873128,2.24713849579404e-21,1.66862706374706e-10
06,83330333,T,TG,0.010727850555864,1.21282679343267e-28,2.12351976995476e-10
08,145001031,T,C,-0.0101109974985994,7.18146561804523e-14,2.2425432588671e-10
08,144860797,A,G,-0.00909787611897483,1.39034473409802e-11,7.86704655476886e-09
11,29214768,G,C,0.0163588982611792,6.73226222539435e-13,2.50440878446912e-10
X,99882543,C,G,0.00899466932760054,2.9897408823803e-17,2.74473615576921e-10
02,233166601,C,T,-0.0180889675632493,7.20329169964925e-13,1.45315141080823e-12
01,32393821,TATA,T,0.0153451108591027,6.47824814313281e-11,2.8062259500131e-10
01,32128283,C,G,-0.00926106954583162,6.28736926836916e-17,2.7169237528909e-08
09,139377498,C,G,-0.0102118695812476,7.28150745846603e-16,2.82245310834181e-10
09,139082491,TG,T,-0.00836367402083934,1.95819227960753e-08,5.73103278579129e-07
17,17397131,C,G,-0.0121826341504316,2.0117541923495e-16,2.87255116855541e-10
12,53831064,C,T,-0.0168161171004494,1.78043015501849e-12,2.89387167556285e-10
X,117865540,CA,C,0.0109453581261597,4.06185903593787e-14,2.92338405496059e-10
11,9399731,G,A,0.0106546055784283,2.79162445629432e-22,3.00045085619822e-10
02,242495392,T,C,0.00917593186064308,5.67711694398999e-15,3.06453977235149e-10
02,242308625,GTTTT,G,0.0157126106796552,2.8205644445236e-07,1.18986430726247e-09
09,129464856,A,G,0.00999233146526846,3.72899267949167e-16,3.09552560737133e-10
09,129270262,A,G,-0.00848730362672893,2.55019453535657e-08,5.00056278109822e-07
03,25110415,A,T,-0.0105996426770067,1.68275172790641e-22,3.16815012936592e-10
05,6754402,C,T,0.0110508823063544,1.00511264801771e-18,3.35588353733151e-10
16,81663793,G,A,0.0116530348386397,7.08746967867852e-18,3.41245476288173e-10
16,81565749,A,G,-0.0122311919748058,2.58114171065524e-11,2.03393461995836e-08
16,82156398,A,C,0.00949296909266975,1.55898049084216e-07,2.00870446571594e-06
02,112249583,G,A,0.0127233453628911,9.13272816109169e-12,3.55728526506437e-10
02,111874551,G,A,0.0101152781170954,8.29842107262999e-20,1.62644225363325e-09
20,43514203,C,T,0.011690600163087,1.79942111561147e-16,3.80224747090742e-10
06,131429452,C,T,-0.0111599431538493,1.59449925904066e-18,4.00861850976576e-10
03,11630252,G,T,0.0136810696437642,6.76437001496084e-14,4.12648446059776e-10
01,86823503,A,G,0.0154057410440846,1.05554238005769e-11,4.25238335471573e-10
01,86339511,T,TAAAA,0.00816806647530438,4.8807304502496e-12,3.09209653339698e-06
14,21555068,A,G,-0.0132344743015951,3.57395205178148e-13,4.29903199935607e-10
14,21962908,CAAAAAAA,C,-0.0124095650913927,8.10384217629694e-10,1.01816822757208e-09
14,21804360,A,C,0.0119886326535192,1.38772406331048e-07,2.18279877063353e-08
02,85818273,G,A,0.0112246939710992,7.96947458352847e-18,4.7213780607732e-10
03,170743141,A,ATAT,0.0130791218092713,3.75356358645558e-12,4.76228468093037e-10
03,171113714,A,T,-0.00811328503066026,3.01527560137084e-13,2.15620888033688e-06
09,35753898,G,A,0.0120196908749269,1.45301179733112e-15,4.86721023238442e-10
03,152414536,T,C,0.0147625368483339,5.95084246016142e-13,4.97404303265097e-10
13,96982541,T,G,0.0104604730299111,6.56060961403383e-22,5.05960238620626e-10
08,23383204,G,A,0.0121455802897963,9.19926406346382e-12,5.29314289305681e-10
08,23414369,A,G,0.00935255206393265,3.00966296543128e-13,2.06817881450645e-08
12,69828534,C,T,0.0108545860352538,4.83650275742382e-19,5.33961034386441e-10
05,39519303,C,T,0.0173610343271206,1.13129237431502e-09,5.39581672705528e-10
05,39361303,G,A,-0.00758068616662883,4.82539845323476e-14,3.79189303047175e-07
04,12842023,G,A,-0.0117692660985206,1.79091735200547e-13,5.53363459851371e-10
04,13182756,A,G,0.00838883520892928,1.27109839270586e-08,4.96845839056496e-06
14,68662643,A,C,-0.0147879267110298,4.91201478016111e-13,5.55239300468136e-10
18,74970687,A,ATGG,-0.0278130050977336,9.73791486597412e-11,5.87949503748943e-10
10,22699511,AG,A,0.0150620359863459,3.5664696948584e-07,6.0332455138307e-10
09,95453880,T,C,-0.014853376287805,7.38944165385047e-13,6.05612602506072e-10
08,10519285,T,C,0.0103230723983632,6.6188093121358e-23,6.64923688525351e-10
01,11220180,A,G,0.0168186419730043,2.05249901239035e-21,1.77229783516135e-18
01,10734800,A,G,-0.0101709262506288,4.88745204323318e-16,6.94424362800872e-10
01,10300778,T,C,-0.00957041831990788,4.65489370872753e-08,7.75165705005345e-07
17,69307999,C,T,-0.0107681382885236,4.24861236780039e-19,6.97458698860871e-10
18,57920877,G,A,0.030694349352922,2.22935704503432e-83,1.35452416484262e-53
18,58036384,C,T,-0.0596887658852945,3.67931842441521e-25,3.28815191098492e-30
18,57945602,C,T,0.0256221988948459,2.90890286246729e-11,8.61124390158038e-07
14,103859143,C,CT,0.011484865951382,6.48868649086955e-18,7.39069968783322e-10
14,103361937,T,C,0.0108434408214663,5.88569199016889e-10,3.52308491546898e-07
17,78448640,C,G,0.00880405400350846,1.12321004541294e-08,5.64778811717458e-08
17,78355176,A,G,0.00755766450777245,2.61727137888235e-08,4.81476140944105e-06
20,61564901,T,G,-0.0147747687704649,9.28281037147757e-13,7.58838553654542e-10
X,139248591,G,A,0.00853695384504135,1.95687571398784e-19,7.83184343929775e-10
11,120190141,T,C,-0.0152101421986484,1.59707649578702e-12,8.20351953748256e-10
11,18632236,A,C,0.0136634108192442,2.52185776073977e-13,8.38377912241719e-10
05,153358226,G,A,-0.0114814864963195,5.88778594754443e-16,8.45980145361752e-10
05,179727399,G,C,-0.0103868067066165,1.79174030498648e-20,9.04638676994609e-10
01,212190116,C,A,-0.0100390785062694,3.3781923832585e-18,9.19133971428837e-10
01,212639727,G,C,0.0131169322701209,9.42755395465536e-08,2.07834953589458e-07
13,28010734,A,G,-0.0107007972082117,3.12625512694991e-18,9.47419159950253e-10
14,93406702,G,A,0.0102206613524051,3.89493701327022e-14,9.61113443487381e-10
14,93112924,G,A,0.0122469358331829,5.46203336184057e-10,2.65132031614005e-08
14,93724479,C,CT,-0.00925571443905688,2.67062782828022e-09,1.09981906612714e-07
06,51796751,G,A,0.00986326838589873,5.06981975061987e-12,9.88547567097112e-10
06,51475835,C,T,-0.00897616263170773,1.3658436178557e-12,5.10036414353904e-09
02,241728843,C,T,0.0108236682288239,9.20192023418013e-15,1.00171840404071e-09
02,242189231,T,C,0.0145349930807296,2.07279781364358e-08,3.93213756466584e-08
02,227264435,C,T,0.0117892651822124,8.9744251526873e-13,1.015590098562e-09
02,227645464,T,TACAA,-0.0184001939072674,1.20994993260308e-08,1.787194278461e-07
02,227376088,A,T,-0.00884985490470842,1.43776084942197e-13,8.19662453937396e-06
05,41927601,A,C,0.0217703685111815,2.8305584081453e-17,2.62700331788286e-18
05,42123676,G,A,-0.00964333345993821,1.51118530115099e-11,2.61759533898479e-11
20,47843620,T,C,0.0119651036003139,5.73955422857181e-15,1.02052981243834e-09
05,88041932,G,C,-0.0105707600974025,2.10514599990111e-08,1.10130088536913e-11
05,88413056,ATAG,A,-0.00972800388832415,3.85540392476329e-11,7.87802086460547e-09
02,36777825,G,A,0.01111190164736,1.03185887161323e-16,1.07698463223411e-09
15,81009646,C,A,0.0102328244716466,3.57600276630894e-23,1.0859219123279e-09
16,71934230,C,CTTTTTTTTTTTT,-0.0173880525994788,9.92118093372734e-12,1.12513377618117e-09
12,41887940,C,T,0.0101132450993843,1.94706479683875e-25,1.13471101902255e-09
02,46654831,A,AT,-0.0103408623465343,6.81167664341001e-26,1.14317806991941e-09
03,13805578,G,A,0.00978863940406052,8.15833100766137e-20,1.16476611164909e-09
03,14043412,C,A,-0.0332341438735095,3.18265892692782e-07,7.09738981845815e-08
16,89573230,A,G,-0.0105593302388133,1.06877252159234e-20,1.16584404833228e-09
16,89535888,C,T,-0.011523676913338,7.7617385959905e-07,4.65777137669615e-06
21,46466927,T,C,-0.0101768093129243,9.27689821036264e-25,1.17385442383781e-09
01,49791149,G,C,0.0107777950966945,2.22562526138701e-17,1.18355724524076e-09
01,62570321,G,A,-0.0101995445501774,4.11810502660927e-22,1.2099747531816e-09
04,184196254,G,A,-0.0117863278551636,6.65574354949439e-15,1.30378437303903e-09
07,28829253,G,C,-0.0102003954615178,3.51799271194191e-14,1.46893390675656e-09
07,29103222,C,T,-0.00770092476269659,1.82092318817234e-08,5.76416636335128e-06
19,41902522,C,CTTTT,0.0108970981648203,1.47186915688178e-18,1.47061378546256e-09
17,1835482,C,T,-0.0138941034284432,1.19140993607261e-12,1.47931836487319e-09
07,1270738,C,T,-0.0179829453242411,9.11151653055888e-10,1.51218235785477e-09
07,1381277,A,G,-0.00989264451924397,1.05919810764341e-14,6.10405507289475e-09
03,14960170,C,T,0.0157561028595683,1.24151867423081e-11,1.53242532711012e-09
16,86417679,CAA,C,-0.0103463400269919,9.63357594231414e-22,1.62262142617578e-09
13,59175727,A,C,-0.0101114467181337,3.47390821970885e-25,1.63324666074526e-09
17,38592990,A,G,-0.0100780856308349,1.7847634157261e-21,1.64434112685619e-09
01,225956154,G,C,-0.0109759989128281,2.7637130039627e-16,1.72919677863657e-09
X,82016216,CTGCCTCGACAGGCCCCGGTG,C,-0.0107423369755656,1.85822853903608e-17,1.73477096725278e-09
X,81522583,G,T,-0.0198585164011834,1.7898865754694e-12,4.45233207982487e-09
14,99700080,C,T,-0.010086488038183,1.83135586179018e-21,1.82889954891279e-09
16,31015998,TA,T,-0.010708437710042,1.10414230550679e-22,1.94004555426874e-09
07,18676842,G,T,-0.0167794543891653,3.68140709931422e-11,1.95166972990228e-09
09,109565934,T,C,0.0110849932172896,3.23785415816476e-16,1.96231417635718e-09
02,70271143,A,C,-0.0352005575236656,7.83370221515553e-10,1.97111753976475e-09
09,111668438,C,T,0.0150628892030753,9.37933367929636e-12,2.07365389819718e-09
16,67991972,C,T,0.0198031477364005,1.63156274918201e-10,2.23293317762048e-09
20,15809756,G,GA,0.0152047111747238,5.87116242776506e-12,2.25688326990445e-09
11,118648606,G,GAA,0.0101499125939915,2.62545908701285e-20,2.26360595218575e-09
10,64502169,G,C,0.0101170493298393,1.17647576381627e-19,2.29134224241941e-09
16,9211117,CT,C,0.0112341551474693,2.74141002148681e-16,2.31597341923524e-09
01,78623626,C,T,0.027977523327895,5.30902637328737e-37,6.55311442825319e-33
01,79476511,T,C,0.0105039818937689,1.21329180147779e-10,3.44759763538244e-09
03,49959570,C,CA,-0.0135458205601064,8.18294445594365e-42,2.52093892959911e-18
22,39829973,T,C,-0.0114600098483592,6.31357258260509e-15,2.6247792975602e-09
14,35568947,C,CT,-0.0109997530404072,1.00577236016914e-08,1.74234817559949e-09
14,35218831,G,A,0.00844446410750972,9.14631120436077e-13,2.65450031690704e-09
01,190278319,T,TA,0.00999240117207693,1.12888119027208e-21,2.69628974332939e-09
11,65733465,G,A,-0.0237656322015605,5.68772918076986e-11,3.07640372156409e-11
11,65216220,G,GAGATATATGCTCCCATC,0.0130739711183685,3.2605673095645e-09,4.68572312676137e-06
11,65608274,C,CA,-0.00796061042473478,1.04918582182894e-12,4.00304888411799e-10
01,110154688,T,C,0.0313933028780187,8.32230415623538e-10,2.71867842805562e-09
01,1665702,T,C,0.0104629432868069,1.75058706068342e-14,2.72820000318339e-09
07,65488249,A,G,0.0120575486122943,1.35759915018433e-13,2.73023273723961e-09
07,56187347,C,T,-0.013244811788125,2.04260395697914e-12,2.84949364482602e-09
01,107942560,C,A,-0.0119926539914949,1.04198044928311e-12,2.93212991882483e-09
01,107886278,A,G,0.0113467796779949,5.07733201031674e-09,1.06244612261081e-06
01,107656927,C,T,-0.00922712875882809,1.85145675232722e-12,4.7260013481727e-07
10,53290991,T,C,0.0134343575330557,1.72955909777075e-12,3.04032868587414e-09
18,35147621,G,C,-0.011424624390648,2.31184721644714e-14,3.04613851371091e-09
09,23356935,A,G,-0.0099556165771407,4.53258783177316e-21,3.12403891946683e-09
11,8236262,A,C,0.00986437952498181,2.643981385833e-21,3.34065813108024e-09
11,8607488,T,A,-0.0353922231040771,3.18642821385716e-06,3.71683244411132e-06
12,9064133,C,CT,0.0101014234974374,4.57960580240545e-22,3.51771798331493e-09
12,90318459,T,C,-0.0138463203216351,7.21380078010409e-12,3.62330426613314e-09
01,208032376,G,A,-0.00974968067931558,1.62386307069025e-24,3.87553826746592e-09
06,164126233,C,A,0.0144944872799549,1.6576670875824e-11,4.05798312905257e-09
18,21109466,G,T,-0.0125093831314107,9.31355589690747e-36,5.09303338676239e-14
01,38455891,C,G,0.00980530625762359,2.08386560495058e-21,4.15423623312332e-09
02,208250522,T,G,0.0113909210700226,4.11398793602543e-10,4.23965727956615e-09
02,207956108,T,C,0.00875373552658386,9.82421074132549e-10,5.60578465041494e-07
02,208518012,G,A,-0.0273396869397153,3.03917306404545e-06,6.046734247462e-07
14,101239264,A,T,-0.0224187279095048,1.4342307458445e-15,4.42668939985752e-09
14,101155536,T,C,0.0134218635081792,1.90010669611733e-17,6.0672293026301e-07
14,100863902,G,A,-0.0315189353687902,2.18486984254129e-06,1.03041606302204e-06
02,145336371,G,A,-0.00989543939892915,1.43971209467051e-13,4.47396155500334e-09
02,145243904,G,A,0.0121507990097444,6.9867193053588e-07,7.74254221938089e-07
02,145611943,T,C,0.012157454660021,1.83416388730253e-06,7.59417491598048e-06
12,14982909,A,G,-0.0122455068609358,4.99452861729233e-13,4.5745010206152e-09
05,43383398,C,T,0.00942714275204731,1.86074761547247e-07,4.62831128789556e-09
05,42884742,T,C,0.01841555183252,7.28307244139297e-10,3.06521037699698e-08
05,43190861,TA,T,-0.00861662894881531,3.16126325932328e-12,3.63483022385005e-07
12,133361298,CCA,C,0.0105045752088224,3.27429715514228e-16,4.99960309295105e-09
03,38529825,T,C,-0.00975210145540985,3.97189308008358e-21,5.21258457336031e-09
07,114425506,A,G,-0.0191655238427325,3.19597122295818e-10,5.25836702536596e-09
01,97175992,AT,A,0.01033824172899,5.97139514888548e-17,5.73959359259113e-09
19,34311481,C,T,-0.0101850440379263,8.61776799250371e-17,5.93175316887099e-09
18,45753742,T,C,-0.0117661082774899,1.04503393660293e-12,5.93565217931049e-09
18,45946047,T,C,-0.0112195164141258,4.04711959400499e-11,7.38144336676184e-08
04,135331985,C,G,0.0098527602207176,6.69605997308372e-20,5.94521634831931e-09
12,107319661,G,A,-0.0109515555380582,1.74647174027574e-14,5.99375658231905e-09
02,219917285,C,T,-0.0396970306895848,9.07064493064448e-10,6.37967315025729e-09
02,219835489,A,G,-0.0130598350280522,1.08732881246697e-09,2.99739926646118e-07
01,150354210,A,G,0.0122768417132125,5.56390357134073e-07,2.16111679088325e-09
01,149906413,T,C,0.00793400073343252,2.64777096060833e-10,6.42960150430554e-09
11,28577867,C,T,0.00907371868446516,1.10694347487709e-14,6.60512618532629e-09
11,28742220,A,C,-0.00835359546236903,3.81485735625131e-08,4.27602611987566e-07
03,55548726,A,C,0.0111888745533072,7.47062839801646e-14,6.65667238024095e-09
20,54394984,G,A,-0.0123736209379403,8.59243420217322e-11,6.66223980819728e-09
20,54884793,T,G,0.00979808193867933,3.23478320325274e-12,9.3188654904931e-08
03,94037499,C,T,0.00963031786793056,6.96032331210077e-21,7.15161695440173e-09
01,224594993,GTGGAAATAACATGTT,G,-0.012548542483789,3.92123712865562e-12,7.30728717557323e-09
06,25990236,C,CT,-0.0154104435081208,7.94826936992442e-24,1.06323777990939e-17
06,25494956,G,C,-0.0099921832662202,3.81145042103126e-10,1.28414922653568e-08
01,1866376,A,G,-0.00930078246044626,1.26920012166103e-14,1.87105265465669e-08
01,2253864,G,T,0.0378179633367333,3.94632394755584e-06,2.5104236035652e-07
06,34015765,C,T,0.0161145094832128,4.45016272741011e-16,1.47564109702625e-11
06,33784140,C,T,0.0105742884263117,1.20274305318896e-16,4.33552344403938e-09
06,33995854,G,A,0.0305701442821659,8.48398792146214e-07,7.67313581171606e-06
05,54873285,T,C,0.0103674857211128,1.82178744214119e-15,7.62209394827085e-09
03,187443314,G,A,0.0185785356114753,5.63157091707416e-10,7.63501497568843e-09
03,33601927,G,T,0.0439149648520786,5.03577704230808e-09,7.89469766620618e-09
X,50334780,C,T,0.00922133043039613,3.71331488851871e-12,8.35742343077545e-09
15,100692953,G,A,-0.0150158973198051,1.07676438521545e-10,8.38656246379666e-09
03,119997444,G,T,-0.0129020911268832,8.84961916544041e-12,8.83376740605045e-09
03,153953440,G,A,0.00985778365302877,9.64922376585673e-18,9.07266074003169e-09
12,66212017,C,T,-0.0150983159428898,4.78726518038525e-19,4.09414381212737e-12
12,65964357,A,T,-0.0104557627079447,1.39975187131537e-09,1.09796653072629e-10
12,65724221,C,T,-0.00894719336462787,2.65337755029499e-08,1.77618969193846e-08
09,16461905,T,C,0.00992161840609339,2.2867075089072e-12,9.40427946352579e-09
09,16743953,A,AGTTT,0.00864530434436836,2.33444906725431e-08,2.86574495940873e-06
16,58577315,GA,G,0.0110323074024047,1.54381244045869e-13,9.70747797808219e-09
11,69445969,A,G,0.0110256010355,3.97457575052466e-17,1.78409707307788e-11
11,69916746,C,T,-0.0100091186194836,4.89091539666454e-14,1.03696563742999e-08
11,69986732,C,T,-0.0127457845539624,1.97054370574086e-07,2.36055106307325e-06
13,66204127,CT,C,0.00964599841267404,1.21712569166085e-19,1.01482555518431e-08
06,53886743,A,G,0.0218910428018505,1.5377755588362e-09,1.03981781871234e-08
02,62848319,T,C,0.00956284730248713,6.04389855062314e-20,1.04057107527428e-08
02,20143831,A,T,-0.0288628823191072,2.95650752913256e-09,1.05867536390096e-08
20,25027526,A,G,-0.00986025519010245,1.08777900935162e-16,1.11582038248668e-08
15,101617864,T,C,-0.00975041578914728,1.05986303045068e-19,1.12841348080966e-08
15,101718239,C,G,-0.017006260344179,1.39943880910323e-06,1.68782746639399e-06
05,50957444,A,C,0.0265725239936306,3.63458249355557e-09,1.13512811546401e-08
01,227629444,GA,G,-0.0093458499795392,1.94951314515737e-13,1.13801026236126e-08
01,228107423,C,G,-0.00951385424405246,1.44764325992557e-07,5.5968427900623e-07
19,55879672,C,T,-0.0332098522842436,2.799943847635e-09,1.16027658723334e-08
19,55995764,G,GCC,-0.0253059366912474,1.25119504919748e-06,3.60805505450235e-06
02,178565913,T,C,0.0238823589995895,2.33132470578134e-09,1.1670502699845e-08
03,53675022,T,TGAA,0.011691813504994,2.04244177581594e-12,1.25688792019189e-08
18,60845884,T,C,0.00882148317915329,1.95180326915007e-09,1.26024534267299e-08
18,60755065,G,T,0.00755643578056412,2.10741567108421e-08,3.32913753637161e-07
07,135212623,C,CGT,-0.0103457932510901,2.22276807022005e-11,1.28616389723954e-08
07,135105194,T,C,0.0214190244813397,3.06215778891189e-06,4.27086413616249e-07
02,205365851,C,T,0.0240916664193471,3.21566764875578e-09,1.28935125978747e-08
01,65298971,C,T,0.0459175710443825,7.16517304306113e-09,1.29449948181412e-08
13,40766662,C,T,0.0107153145569504,1.62361914027189e-11,1.35700362962518e-08
13,41256473,T,G,-0.00960929121620186,1.98695750885122e-10,1.87036690036427e-07
17,60720058,T,G,0.00922576574877881,3.48960458104914e-11,1.37064420599021e-08
17,60924261,CTTTTT,C,-0.0084063242562939,2.25662488613792e-10,1.87021516857878e-07
15,55644676,G,A,-0.0140440925690727,9.75883339409333e-11,1.38097293040106e-08
17,27889986,C,T,-0.00987890058947142,4.96873002761562e-16,1.43817215441394e-08
06,158740218,G,A,0.00997356842096237,7.01968005303263e-16,1.49781986075989e-08
06,155551391,C,T,0.00987444757497397,1.83499488637756e-16,1.51170968369746e-08
05,3574564,C,T,-0.00974238063364741,1.38656106214081e-16,1.54104638855949e-08
03,86642282,A,AT,-0.0119364214418542,1.284951294026e-09,1.5455960937665e-08
03,86171853,G,A,0.00813612384342155,9.02449711581396e-09,1.4585132015107e-06
16,73801303,C,T,-0.00945435404307611,5.50241488667031e-20,1.63499538273944e-08
01,96339006,T,TA,0.00965697290939813,3.48057705653658e-17,1.69963334420063e-08
19,19717056,A,G,-0.018662849079722,1.00793468949223e-09,1.75164725336714e-08
14,84252205,A,G,0.00998592068629957,3.32311579086877e-15,1.84537111246833e-08
08,134578347,T,C,0.00952239519600774,5.15901905573368e-19,1.85981870783749e-08
06,90327385,A,G,0.011939517936284,9.9965040125176e-12,1.8854385503084e-08
15,67000123,C,G,0.0134294898132705,3.2551210027944e-17,9.26261614537304e-13
15,66504224,A,G,-0.0111430994603587,3.8153390414663e-10,1.90513545607737e-08
04,100239319,C,T,-0.0321521664763089,4.61105514576984e-09,1.91466215972191e-08
15,79403002,T,C,-0.00943338472242351,5.95914495219378e-20,1.98657632862951e-08
15,78922194,G,A,0.0194996055509584,1.98774335506982e-07,3.97844517376294e-07
01,36642420,C,T,-0.00943855313096437,1.11137392136227e-18,1.98733338048047e-08
04,87631532,A,G,0.0250459805535843,5.90929865416533e-09,2.03037449671596e-08
X,47167011,CT,C,-0.00834119125983319,4.57521219410013e-13,2.06765032307464e-08
01,54726433,A,AGTGGGGAACG,0.00941589324334794,1.07450995878203e-19,2.26674687236302e-08
02,25482970,A,G,-0.0121655270954817,6.08635028100344e-19,2.22626231685502e-12
02,25975840,A,AT,0.0108247148931894,2.51607361064701e-10,2.29866277929609e-08
04,38653773,T,A,0.00941866843223755,5.16239907067526e-18,2.42162156694552e-08
17,44262496,T,C,-0.00995163519304445,2.8331197335333e-15,2.4496928267909e-08
03,61187732,G,A,-0.00951298832652769,7.1713078165643e-18,2.45030297296342e-08
04,52818664,A,G,0.00993701085771156,4.29540407511729e-15,2.48678441456699e-08
14,94077077,A,C,-0.0100683102379896,2.65448452788261e-14,2.49247464029238e-08
01,217805262,C,A,0.00951947676857404,9.22409997771956e-18,2.49610428781721e-08
12,17243518,GT,G,0.0119052783201237,2.1757859026372e-10,2.51566846003224e-08
12,16993026,C,T,0.00910647843105466,4.1570762387005e-08,4.75983131475398e-06
14,70439185,C,A,0.00879932956487217,2.94676265773641e-11,2.56874450429736e-08
14,70348141,C,CATAT,-0.00944010981733048,1.49361319622968e-12,4.54032342347812e-08
14,70633411,C,T,-0.0303984675086436,3.49681962228204e-08,4.44881780160042e-08
02,10406843,CCTGTAGTGCCCACCTA,C,-0.0162496612689634,9.37170086828213e-10,2.58052829964384e-08
11,12896590,A,G,0.0162502441100198,5.17414808540737e-10,2.64535972035267e-08
11,13268463,A,G,-0.0127272659279562,2.24355582298389e-09,3.99542385893932e-07
17,43216281,C,T,-0.0135829475810424,8.44357582906366e-23,7.92741004078115e-16
10,114721237,G,A,0.00939503293138607,3.77582835278749e-21,2.7208670241168e-08
12,24179533,C,CA,0.0123152234780232,7.49194287753173e-10,2.72410152529275e-08
12,24068158,T,C,-0.00767783356212286,5.97258020000921e-11,6.65336487061766e-06
X,118640330,AT,A,-0.00851581127189963,2.91457932568643e-13,2.73328588360726e-08
02,100765728,C,CA,0.0134156793250874,7.54202468298319e-11,2.75290686848357e-08
12,117408148,C,T,-0.0130251011049413,1.19319258753483e-10,2.81379394693568e-08
19,45493635,G,C,-0.0106016878171438,4.55908998260183e-19,3.00241132074326e-08
19,45392254,C,T,-0.0130038875201443,1.91411745011876e-10,3.72693757042049e-08
19,45431897,G,A,0.0150491432368145,2.93044691669307e-08,4.71702638341119e-06
04,102708997,C,A,0.0093320783270864,9.65424874597633e-19,3.01197951357739e-08
01,2038662,A,G,0.0191163939558985,-99,3.16564303569491e-09
10,22258152,C,CA,0.0199641413051619,-99,2.13640550621398e-09
06,34163292,G,A,0.118727909277205,-99,5.65224152532399e-13
06,34205465,GGAGCCC,G,0.0694641616743731,-99,1.39922585839679e-39
17,42774033,G,GA,0.0186582209317821,-99,3.05035326203372e-08
03,49568181,G,A,0.0425054581586037,-99,1.98692951348326e-09
17,78757626,A,G,-0.0237573440140136,-99,6.01601126206399e-12
05,87999371,C,T,0.0356598340540488,-99,1.3893857839652e-09
04,145839264,G,A,0.0295525152980235,-99,5.78899767598974e-32
01,155155608,A,G,-0.0248070576734767,-99,7.8087953374936e-19
05,171336723,G,A,0.024945234137989,-99,1.67160165691092e-13
02,233450824,G,T,0.0189167541966774,-99,7.30027139450605e-08
02,233585299,G,T,-0.0230278899317645,-99,1.12838014024104e-10
