chrom,pos,major,minor,beta,p_value,gwas_p_value
01,236103965,C,T,-0.109106162915273,2.78430897891098e-187,3.27177667400387e-151
03,128317997,A,G,-0.0809129508908098,1.39640555875224e-101,2.21057522706643e-82
11,72946279,T,C,0.112693559948598,2.96223364279248e-88,4.50020325945571e-80
19,33754548,C,T,-0.07530198973192,8.0851500204294e-64,2.59870579595365e-68
19,33751852,G,C,-0.0817212321579914,1.1413661360155e-26,4.3712446539339e-38
15,91009484,A,G,0.040752131175212,1.58479073592925e-158,8.45919409606529e-56
10,955031,A,G,0.0480114214831101,1.55504297546973e-78,3.59591177727656e-51
05,126091428,G,C,0.0455940748640728,1.7532622631545e-76,1.35960827474634e-48
03,46250652,T,C,0.0399214414785522,3.57861259839036e-77,5.93981022973143e-44
08,6825496,G,C,0.0481118229167148,1.74190797570231e-38,1.23655769022078e-41
08,6696927,G,A,-0.0299346258853283,4.47365750743477e-52,3.77928352675675e-29
08,6913031,G,A,0.0286523978690148,5.07370926039691e-34,4.77797798511206e-28
19,38903032,G,A,0.101220774856539,1.02691877528171e-41,1.80957903074419e-39
07,143081942,G,C,0.0375982954391276,2.50445168844366e-67,2.09657243856821e-38
01,205164254,C,CA,-0.0328112816709695,9.6233957117504e-92,1.92699482803819e-36
X,147583958,A,G,-0.023087389700767,3.48440310238209e-51,2.437235802506e-35
X,147558205,T,C,0.0311941392315919,2.84552315533358e-17,2.16333011097399e-25
01,212550531,C,T,-0.0315905698638477,9.39700891989254e-29,1.12817548471978e-34
01,212447665,C,T,0.0222123187993781,6.49670009752286e-35,1.0693742546466e-30
07,92408370,C,T,-0.0567464981675859,2.68422753878994e-39,6.8037618070225e-32
07,92237426,G,A,0.0234534469124185,2.1618697652965e-22,2.89293703159839e-10
18,60920854,C,T,-0.0870427261840688,7.23964232494739e-32,3.93002323273224e-30
03,16908186,A,G,-0.0353164419072379,4.75941254785861e-45,2.81212267937826e-29
14,23589349,G,A,-0.0331275382190473,3.87922768805338e-65,3.38108521911764e-29
14,23587555,G,T,0.0254893708855335,1.22292610006016e-15,7.14625118106718e-08
06,135499460,T,A,0.0306198727899125,3.55487545225377e-45,5.73110311368208e-28
06,135848175,TAAA,T,0.0152200730083247,7.85823065286931e-13,6.12765095559397e-07
06,82463477,CTT,C,-0.0304820755708956,1.31731591483623e-51,9.65058018788988e-28
01,159175354,A,G,-0.0261553215050764,4.56628105699339e-55,2.38238039793255e-26
01,159175494,C,T,0.0715163219840445,1.26535211861234e-10,2.25426078350958e-13
04,87858548,A,G,-0.0359366471541546,1.191302429465e-34,3.73252243912034e-25
01,161599779,G,C,-0.0244987402905867,7.71300429672865e-24,3.10233235430613e-23
01,161479745,G,A,-0.0171785953861614,7.89836624999917e-18,3.74561998679791e-15
01,161971588,G,GGCT,0.061732585673356,3.66321798708741e-08,5.36780992467789e-09
19,836186,CA,C,-0.0308548858152628,2.81589155051727e-39,3.33014201685677e-23
07,75247329,C,T,-0.025083964290049,4.15712402717302e-57,9.67907343221288e-22
19,8566634,G,A,-0.0325397321492666,1.17894873189716e-28,6.95239840072356e-21
12,51693021,C,T,0.118353208942527,2.42343442279985e-21,1.05264999028183e-20
17,56355397,G,A,0.0914398537857606,3.5082809368316e-20,4.57448822060028e-19
17,56325771,G,A,0.0524641860370677,1.12427949154863e-07,4.73144386470213e-07
04,74948054,C,A,-0.0224171647573301,1.03311860345078e-23,1.55732368022416e-17
04,74707640,T,C,-0.0128238994963804,1.4813044179665e-10,3.00894241377319e-07
14,57857162,C,G,-0.0269378159557209,2.11212076055146e-26,1.01768178989693e-16
08,61650831,A,T,-0.0288024514235282,2.50930430627336e-22,2.31498152216077e-16
08,61327436,CA,C,-0.0153739086425459,1.96941012570738e-15,8.23908393099295e-07
08,48651633,A,G,-0.0496385553409091,5.18198624512828e-15,5.39042758820923e-16
08,48885436,A,T,0.0256492431036201,6.80201331308762e-16,1.79282699743701e-14
22,45632528,C,T,-0.0205839154072903,1.61313351164496e-40,1.95356177472925e-15
20,43520287,TCA,T,-0.0233047823111575,2.89920978092468e-25,2.71422321004582e-15
06,22340396,G,T,-0.019939219170759,3.7153542313105e-40,1.61570160076538e-14
01,21506276,A,T,0.0197494739899577,3.02655541585455e-35,3.69108841570123e-14
03,3216725,A,C,0.0245978528579987,2.25825987057361e-16,3.7130748105695e-14
03,3118005,T,TTG,0.0158295324636842,2.72302343745967e-20,1.64286330561201e-09
08,48022696,A,C,0.0218821226376227,1.65349946874539e-19,5.33578664268331e-14
08,48356905,T,C,-0.0585091040221471,1.59271461052389e-10,6.73235314692339e-12
02,213840097,CT,C,0.0355663658769866,3.64923906804721e-16,6.12884309131116e-14
10,26758576,T,C,0.0198032977962391,1.26152671774982e-30,9.46462875315664e-14
01,114303808,C,A,0.0316353322722172,1.78161651158199e-16,1.1980392256891e-13
07,50417632,A,G,0.0308173320081595,2.07280804514335e-16,1.66336339556464e-13
19,19743730,G,T,0.021916882909216,2.65623837079379e-21,2.73825531244504e-13
12,129302870,G,C,-0.0195885215830325,4.0808082055615e-27,3.52839084577302e-13
05,150818678,GGA,G,-0.0191609887173798,2.77161527514623e-28,5.63645917546522e-13
10,65027610,A,T,0.0188652989190971,2.98671529824913e-29,8.8453786613511e-13
03,187460099,A,G,0.0206558176758296,9.2079852552862e-24,8.9698154426171e-13
10,77254223,G,A,0.0470016398770684,8.95142268214389e-14,1.07890243733684e-12
19,18282402,G,GA,-0.0200858501472059,2.97268545204491e-17,1.36607168181326e-12
19,18566804,T,G,0.015445851685418,4.10803713662272e-13,3.89356297162819e-09
19,5839613,C,A,0.0203481419072187,6.86725664663596e-20,4.37645469346244e-12
21,39486933,A,G,0.0187263944481822,6.41263751097205e-24,5.01843928332949e-12
14,75807762,C,A,-0.0209076426535836,9.50530688970344e-19,5.04501461320565e-12
19,40220879,G,A,0.0188109067951831,1.14350406165498e-21,9.85725211650386e-12
05,98220631,T,A,-0.038517684781673,4.92112705336005e-13,1.02809953817475e-11
05,35885982,T,C,-0.0197228287084813,1.4900292429435e-19,1.04796736725573e-11
11,73778261,T,C,0.0580081914697895,5.46098844648744e-14,2.88823596428409e-13
15,50240200,C,A,-0.0175261182516949,3.14123994201456e-28,1.82094250191837e-11
03,50332697,G,A,-0.0173216353398072,1.33700999241254e-29,2.25485553273283e-11
12,27103449,G,A,0.0293166977769263,6.96658135521618e-13,6.71707578348987e-11
02,146506667,T,C,0.0294061303441852,6.47137992650997e-13,6.78300309817862e-11
20,31263342,C,T,0.0237299666474232,5.84821291160273e-14,9.63020085274384e-11
22,38199950,C,T,0.016898684105973,2.00175559335251e-25,9.92265149935923e-11
01,17652294,C,G,0.0172701381556024,1.49660447753739e-21,1.14185706775448e-10
01,153337943,G,A,-0.0188261817413322,2.90990251129924e-17,1.47246197103346e-10
15,69617237,C,CT,-0.0173539057360277,9.9264551945605e-21,2.23461236004829e-10
14,88439373,CAA,C,0.0175373587231225,1.85539033712913e-18,2.97865364787494e-10
03,128221728,G,A,-0.0321250321705298,2.12681624809729e-21,1.03753574842887e-18
03,128113329,A,AT,-0.0199389564794982,1.50147384922513e-14,1.01478268227752e-10
03,127893258,G,GT,-0.0793720898449317,2.24387707383508e-09,1.12446799874851e-07
04,103432974,G,A,-0.0166563695871468,4.31451109910565e-22,3.57547219335852e-10
21,38771206,CTTT,C,-0.0250932474436584,1.04898997541436e-12,4.31915570111202e-10
15,42586772,CA,C,0.0240315626062882,8.00365719565944e-13,5.1589372753121e-10
12,76981753,C,G,0.0320954644046499,2.46136421267688e-11,5.25024453047157e-10
07,148849355,CTT,C,-0.0174295305716091,5.36717962274269e-19,5.85323695553059e-10
16,16123048,A,C,0.0169722276985345,2.33218877096625e-18,6.34040283438583e-10
22,41404970,G,A,0.0323456856426369,4.67757803274931e-11,7.27265678243233e-10
10,114186624,A,G,0.0268611494338639,1.18205709916913e-11,7.60931454068976e-10
10,99073972,CCAGGTTCAAGCGAT,C,0.0163732439670062,2.87615918469865e-22,9.05292832612179e-10
07,5556062,A,G,-0.0160313988210191,3.42112846357721e-19,1.58473284426716e-09
07,5259084,A,AT,0.0262296191472377,2.20208072018299e-06,5.33350901608482e-06
07,48116886,C,CA,0.0159914473246862,2.26937253455085e-21,1.88456788695982e-09
06,130354973,T,C,0.070514118218386,1.28224790016896e-09,2.23137022442899e-09
10,102114463,A,C,-0.0146378509892574,2.122909812993e-10,1.05860076223345e-08
10,102075479,G,A,-0.0174183269232805,6.98127610174323e-08,2.13137068910756e-08
02,145355508,C,T,-0.02178022297817,5.2332031304476e-11,1.25672896726873e-08
08,126513197,A,T,-0.0158347837502454,1.19498931235043e-15,1.25745017010363e-08
01,118143444,G,C,-0.0199068708614886,2.54397140434553e-11,1.51060773968807e-08
14,69179971,C,T,0.0271146048820107,1.06670285718976e-09,1.73881158774998e-08
16,12085343,C,A,-0.0152787137023923,2.51408480423386e-16,1.81040868924005e-08
02,103048252,CTAT,C,0.0144870447841833,2.96131039592356e-21,2.21350674509353e-08
15,65760832,CA,C,-0.0149933380644894,1.41617754505212e-17,2.78110348648206e-08
12,66679790,CA,C,0.0148153162231553,4.71095546542798e-23,2.94328051892884e-08
11,3877113,CTCTCT,C,-0.0149315628791544,7.68983806024798e-17,3.65919115726501e-08
01,54889010,TA,T,0.0143720340096552,1.01241097901618e-20,4.12831313309098e-08
12,106661316,A,G,0.0192292801165453,6.64624661727413e-11,4.61274561714776e-08
04,185769840,C,T,0.0151508424619616,3.22096240747179e-14,4.92278526022617e-08
06,13311851,C,T,-0.0145522011743606,2.40760881172536e-16,5.29424608278291e-08
02,54787592,C,G,-0.027053726877223,3.51680093165715e-09,5.49436075805088e-08
07,28724374,G,T,0.0155665288263404,1.86210109793445e-13,5.60563598372443e-08
03,128642936,C,T,-0.0348562264117099,2.8340315156044e-25,8.89854291263233e-20
07,100366917,G,A,0.022675663099088,1.9519359125601e-09,7.49192146605463e-08
02,115466719,T,G,0.0689322272878972,4.89465394412003e-08,7.704029278121e-08
02,65709719,A,AT,-0.0146130515141669,3.92505396860125e-18,8.37896459076369e-08
02,27104131,T,C,-0.0141286564124534,3.39821918531931e-16,8.93106726959421e-08
02,65084123,G,A,-0.0309169814530622,1.73122918861182e-08,9.3052038683596e-08
07,37383637,A,ATTT,-0.015358311807827,3.64044260996578e-13,1.09148947468436e-07
16,88522556,T,C,0.0137738584066474,3.32040207933868e-17,1.33178821105019e-07
01,150276022,A,G,-0.0136296970433589,3.28277629714237e-19,1.33988584068463e-07
08,11720227,G,C,-0.0138108563586346,1.61158357069384e-17,1.41818229244928e-07
11,72761410,C,G,0.0351640151351591,1.92461540356462e-13,6.33102497265352e-12
06,31239049,G,T,0.0484211261818483,5.01821715477482e-08,1.77706983803714e-07
06,30808762,C,T,-0.0123448409770069,1.0121648066406e-11,8.04947461667766e-06
11,89654536,A,T,0.0153608218990573,5.17787488595712e-12,1.95425931744711e-07
20,30608318,A,G,-0.022302470226276,1.06146751153818e-08,2.2871327702334e-07
19,2155497,C,T,0.0137524668360882,2.29219397957031e-15,2.29909562799469e-07
20,36967370,A,C,0.0133635801214693,8.52202629123898e-18,2.67193510938258e-07
21,36789420,C,G,0.0451990479846824,1.01235714440981e-07,2.71436872812682e-07
01,29001893,T,C,0.0135500085057228,4.59299109333368e-16,2.72644842304895e-07
17,57884076,C,CA,0.0137706349264676,9.05615029055581e-20,2.76260604855161e-07
01,200289917,C,CAATAAATA,0.019193043291731,1.63824620973505e-09,2.86016365798513e-07
01,21361181,C,T,0.0191706027057854,1.73039596752114e-23,8.64178883088141e-14
01,20894618,G,A,-0.0136706546828959,4.43683123078392e-09,3.30753607350301e-07
10,126356840,T,G,-0.0138081636713455,1.4394212309877e-13,3.52606970779027e-07
01,202192583,C,A,0.0134257569758212,1.2311380028894e-15,3.63666307248127e-07
19,10807904,CT,C,0.013417035216069,7.53901904154336e-17,3.70973696045156e-07
19,10614343,TTC,T,0.023235487197489,5.43543219602957e-07,9.14501475725823e-07
17,3529529,G,A,0.0137194921173226,5.93049734820242e-14,3.80721444789407e-07
