chrom,pos,major,minor,beta,p_value,gwas_p_value
16,53806453,A,G,0.0352426049484137,3.03944462827041e-180,9.54926050683932e-78
02,417167,T,C,-0.0548507119134171,8.80144378524658e-40,2.29689646205761e-35
02,632789,CTTG,C,-0.026508166156185,7.00939403041589e-37,2.37372418536659e-25
18,58030420,AAGAT,A,-0.0733161631369372,3.27908732887163e-28,2.70766092835632e-33
18,57824038,C,G,0.0203252759378691,1.04785375770945e-21,8.98650228708774e-30
18,57955945,T,G,0.0124320956066359,4.28699312670464e-14,3.06498104854042e-21
01,177889480,A,G,0.0271366255584478,9.24097481420485e-49,1.44304017352768e-32
11,47646640,AAAAAAC,A,0.0217736865646822,3.08161110404855e-71,6.23557633414332e-31
02,25158008,T,C,0.0189291286453216,5.6768034764369e-51,1.15304667445287e-30
02,25054773,C,T,0.0166949490133993,2.5656581552653e-09,2.68937174229962e-16
02,165528876,C,T,0.021028375240774,2.0787770025126e-63,1.95133048301625e-28
16,28913787,C,T,0.0211206871458206,1.60342204978701e-56,8.64884484240661e-28
01,149995265,G,A,0.0190476570642247,2.59048517942842e-50,8.98445089143371e-27
01,219762581,C,A,0.0217459557233902,2.78406104458986e-46,2.3588617901297e-26
15,84663107,A,G,0.0154290526370391,2.69427771668873e-26,3.6780960454764e-26
15,84545685,T,C,-0.0140094788982886,1.28376192529911e-18,1.51415763067088e-23
02,227105921,T,C,0.0198970977153006,3.62226086138512e-50,9.5137424962202e-25
11,27722298,G,T,0.0182304480545717,2.90772773324906e-32,1.60813729424962e-23
11,27653220,A,G,-0.013530059471072,4.12407288317172e-15,3.01571535861762e-14
03,12396955,G,A,0.0254690064065856,3.65496770470377e-24,1.88946250221589e-23
03,12441088,T,TA,-0.0175026322496595,1.6664212746748e-13,7.2928224668593e-15
12,124409502,G,A,0.0163089793493005,8.88062460757686e-19,2.0402825226236e-23
12,124509177,A,G,0.0149993075692813,1.37011888604381e-19,3.89765864331447e-21
12,124055605,A,G,-0.0142817712888144,1.74387229693858e-08,1.15254969584599e-07
09,15911745,G,C,-0.0186782802301049,1.3679543621089e-54,2.64954737367842e-23
06,34735883,T,C,0.0224859703034759,1.85719444646317e-33,1.14467431651367e-22
12,50256063,C,T,0.0189467984171424,1.28837290545466e-47,1.72569681379722e-22
22,38599978,A,G,0.018115526674075,2.71060202865495e-51,5.31703315091878e-22
04,45182527,A,G,0.0178591597127502,2.32508496836839e-52,1.30126834783495e-21
19,18207397,A,C,0.0144531316833623,4.90804737374111e-14,1.31213125939531e-19
19,18402142,G,C,0.0104182739187973,5.73628851140026e-09,2.59190188368138e-15
19,18460956,G,A,-0.0096961940403099,2.52254382062394e-07,1.93030653100063e-06
10,96012950,G,T,-0.0169890047108382,8.70726427346237e-46,1.52801403289744e-19
05,75015242,T,G,-0.0174597789040171,1.47543832100851e-39,1.79496048186478e-19
08,116671848,G,A,-0.0183381918996039,6.54651319473786e-33,4.63492607337952e-19
12,122963550,C,T,-0.0255908631120158,5.64727844102852e-17,6.23889110754331e-19
12,123160886,A,G,0.0166338045182581,1.49787270194576e-10,5.9191218378675e-11
12,123425575,C,T,0.00995259403963044,1.19299527853933e-13,1.56398284311373e-07
16,69551467,T,A,0.0162594753272154,2.23273977916128e-41,3.88920422814572e-18
16,69202908,A,G,-0.0238418993083702,4.06828598125035e-06,1.46615382051796e-06
06,50935513,T,C,0.0215246406160118,4.42656349795245e-25,4.4350724319416e-18
19,34008600,C,T,-0.013644580862895,3.12699572970334e-32,7.38582233967424e-18
19,33883983,A,AC,0.0164985951126069,3.40541371564549e-09,4.50144137556469e-13
14,79890677,C,T,0.0188292844510937,8.01999800610776e-21,4.44605654754447e-17
14,79522736,AT,A,-0.00926886255295379,1.39921705224644e-10,6.85566685871332e-07
19,46183031,A,AT,-0.0205240139843057,2.59538287200546e-24,4.67930540229936e-17
07,130445847,TA,T,0.0155754040831178,3.2183924728489e-47,6.01873762102775e-17
16,4015729,T,C,-0.0155270292117669,6.56173741734206e-25,1.38085423666281e-16
16,4297651,G,T,0.0112379481348709,8.86346241717305e-08,6.83534001462451e-07
16,3624964,AAAT,A,0.0101674485071699,2.83646193221677e-07,1.56074475795503e-06
10,72416408,G,A,0.0172704953534083,1.97906424854175e-27,2.1622405359374e-16
17,65842016,A,G,0.0194068047397485,3.46363229215006e-21,2.29051949673178e-16
17,65398238,G,A,-0.0114918285436716,3.653122354806e-09,1.03263576161164e-06
X,31854782,G,C,0.0131837045766713,1.26918120493318e-26,4.89855961369031e-16
06,26211146,G,T,-0.0151702046255129,4.14830533773492e-15,9.61240493833882e-16
17,42290015,G,A,0.0175673486097178,1.0972489174202e-24,1.32782059774621e-15
04,89711849,T,C,-0.0123150517250726,2.05392759806396e-16,4.82081083661779e-15
04,89752276,G,A,0.0108464222159146,1.90478546430685e-07,1.92331554433294e-10
04,89228383,C,T,-0.00821861090516498,5.57599556169006e-08,3.52582286402415e-06
04,100239319,C,T,-0.0490354241471401,1.37188336640506e-15,5.64564061193663e-15
15,68089618,T,C,-0.0178296970055594,7.99542972670916e-22,6.33721265477503e-15
12,120907309,T,A,-0.0367245244737269,5.40278336842674e-16,7.40843067914893e-15
01,72748669,C,A,-0.0145968087126454,3.77457980421563e-32,1.66611321703525e-14
19,45424351,A,T,-0.0153894849990343,1.3071333597025e-11,2.94684317219075e-14
19,45412079,C,T,0.0214503536714416,2.34753102630478e-10,5.23810630600911e-11
19,45297928,A,G,-0.00974723438598995,7.51212458269267e-09,9.25507770545084e-06
08,73449940,A,G,0.0156256542495785,8.27380682095428e-25,3.50563673023619e-14
05,87969937,T,C,0.0207160303644103,8.91215552248317e-17,3.6296473063967e-14
05,87712913,G,A,-0.0135168188103838,5.78100878406412e-14,4.44354985272435e-10
11,43692384,A,T,0.0151711780997288,3.2486356342656e-18,4.13753746329475e-14
11,43551572,G,C,-0.0102159188862161,1.2569339896804e-14,6.02056100027624e-08
06,40363828,T,TAAG,0.0140373144329541,2.52853311892689e-34,5.19136404858871e-14
05,157996026,T,G,-0.0171076438638368,6.55142043642168e-21,6.28187008135679e-14
03,141180097,A,AAGAGGCTGCTGGCCTC,0.0140458077223938,6.94769844975028e-30,1.48725218446338e-13
04,103188709,C,T,0.0227720206214086,1.81319782756022e-10,1.62657778564169e-13
04,102708997,C,A,0.00897089227891827,3.6134103954817e-12,1.92058759481209e-09
09,28412223,TA,T,0.0148792126627925,8.28357434845291e-25,1.71711649840955e-13
01,110147321,C,T,0.0450676531305753,3.54755988386631e-15,4.77361803446207e-13
01,110119732,C,T,0.0143599844176221,6.84401361705944e-13,7.00920917985043e-08
17,1824305,C,A,-0.0185606192853247,2.85839427710129e-17,4.93193030055437e-13
13,54102206,G,A,0.0213442093732848,1.15586450195598e-17,6.64314485693964e-13
13,54505922,A,G,0.0140125354313159,2.70334579297922e-11,4.53204421810188e-07
X,8913992,T,C,-0.0123644584448752,2.37301061931901e-18,1.02590692591155e-12
01,150511877,CA,C,0.0141409712684089,5.82366819890654e-13,1.23794187648656e-11
18,40788387,G,A,-0.0137927137672757,3.61632268942672e-24,1.64497918673789e-12
12,89776845,C,CT,0.0134284579939078,1.31024476819177e-23,1.64891155231986e-12
12,90273927,T,G,0.0114308210231214,4.57875678570189e-10,6.25737959712984e-08
12,123097023,A,G,-0.0124783933808261,4.16893415440401e-11,5.48977184225379e-14
12,123553002,TAATA,T,-0.0116580649150574,7.57692606329651e-10,2.46982023225246e-12
12,123159750,CT,C,0.0133163207047703,1.27243587959274e-07,6.35120610005145e-11
02,58935282,G,T,0.0120658502659022,2.52207251363583e-16,4.33322309566822e-12
02,59297346,G,A,0.0125265683122719,5.57173355315006e-15,9.20633566750354e-12
02,58695399,AT,A,-0.0113433696411159,1.31018599084139e-06,2.58619545150461e-07
13,79580919,A,G,-0.0132934499209193,3.50200002875236e-27,4.78738034641381e-12
06,31595882,A,C,-0.0123073022566558,1.37310325696751e-14,7.63930404934187e-12
06,31964655,G,A,-0.0328752361221093,7.58215544747229e-07,1.10020701713103e-09
12,54420098,C,T,0.0134519351698374,6.23067697122763e-20,7.65935746645269e-12
12,54146838,A,T,-0.0117015736576955,2.37956655732954e-07,7.91030563271132e-06
11,134477893,G,A,-0.0152628566443634,6.29879573044551e-14,1.49700561505486e-11
11,134575547,T,C,0.0216282217494796,7.84448402328349e-07,8.9646426435373e-08
03,49813952,T,TA,0.0112164043365799,1.28516056427963e-11,1.81470322156385e-11
03,49333171,C,A,0.0131186056560619,1.16191891117484e-06,8.5714657087348e-10
06,26337264,G,A,-0.0145001918634395,4.55046979317625e-16,8.6434991307449e-15
01,8457648,GA,G,-0.0127533700456722,2.45166014131611e-26,2.04696800153593e-11
07,77827064,G,GA,-0.01236977832353,5.69016884079845e-14,2.08425703182024e-11
07,77422583,A,G,0.0113778822307635,1.26140952150024e-13,2.29521924318104e-10
07,78141093,TA,T,0.0097302572120214,3.90976655435716e-07,4.67974774939946e-06
10,21821274,G,A,0.0132014174598147,1.56418652168375e-20,3.23284816285488e-11
X,109888230,G,GCCT,0.0105078977944109,9.20902693794456e-20,3.6172511086375e-11
01,203519648,A,G,-0.0124832925935954,9.76121692662023e-28,3.62440871703381e-11
03,196954345,C,CA,0.0182249596770736,4.47125510508365e-14,3.82051698403301e-11
03,150066540,T,A,-0.0262459699254227,2.08630690413197e-12,4.00028911855982e-11
17,46270606,T,C,0.024479487128941,1.39600175636408e-12,4.57915010723647e-11
11,130817579,T,A,0.0122498453157365,7.85564098735177e-30,4.76014042785185e-11
16,4949528,T,G,0.012841590878363,1.17157632228084e-21,4.99449021498065e-11
10,99772885,G,A,-0.0122737979093201,3.35275623169326e-26,5.02287073638666e-11
05,55796639,C,T,0.0159480379180999,3.42550198291224e-18,5.06148777351786e-11
05,55860907,GC,G,-0.0158557023774262,5.90946355105959e-13,1.88281264929051e-08
03,138122122,C,T,-0.016664703157377,1.62934789983293e-14,5.5802352175232e-11
01,62483623,A,G,-0.0214722723983602,1.43910323864149e-16,5.83651666386116e-11
01,62579891,G,T,-0.0211024247730562,6.57609403557851e-13,1.57872973877165e-08
03,70656082,A,C,0.0127276412740552,1.82311681497145e-20,7.87486149058962e-11
01,78450517,C,A,0.0184878005133503,1.49367093653108e-13,8.12827424022718e-11
01,1564194,C,T,-0.0126535796071171,1.32689369330852e-22,8.28635050497749e-11
08,126482077,G,A,-0.0121653338996157,1.02395105427899e-18,8.70488812063416e-11
08,126328974,C,T,-0.00897438183890356,2.04934833335158e-08,9.19656997612928e-06
15,89415247,C,G,-0.0135887455416563,1.54961609305012e-17,9.43507227482994e-11
07,70045941,A,G,0.012246599595436,2.7350985711206e-24,9.48955953783092e-11
11,13349477,C,T,-0.0126555668250381,1.64161994259091e-15,9.8481301402995e-11
11,12856414,C,T,0.00876686954769007,5.02034038878676e-09,4.90314737836342e-06
12,108618630,C,T,-0.0131853727777443,1.91425515831087e-13,1.00455357010488e-10
12,108164385,G,A,0.0118020963023504,1.69961996340327e-14,5.45371705924586e-10
12,90336002,ATT,A,-0.0147437187299781,8.15907618669928e-17,1.03433090167244e-10
04,73549559,C,T,0.0237547667622025,3.64367734802967e-12,1.16783409745219e-10
22,41867105,TTGTC,T,0.0148694997276663,2.10900474060875e-15,1.17040469021255e-10
03,85906663,TGTTGCTCAG,T,-0.0128193621605216,1.61562690573448e-19,1.17585361504903e-10
05,50935903,T,A,-0.0296870534562576,1.52264984775529e-11,1.19344197985061e-10
06,26604140,C,T,-0.02092925178068,-99,1.07145307805699e-10
01,150346106,A,G,-0.0547461864277343,-99,7.2852080464702e-16
