chrom,pos,major,minor,beta,p_value,gwas_p_value
16,53806453,A,G,0.0352426049484137,3.03944462827041e-180,9.54926050683932e-78
02,417167,T,C,-0.0548507119134171,8.80144378524658e-40,2.29689646205761e-35
02,632789,CTTG,C,-0.026508166156185,7.00939403041589e-37,2.37372418536659e-25
18,58030420,AAGAT,A,-0.0733161631369372,3.27908732887163e-28,2.70766092835632e-33
18,57824038,C,G,0.0203252759378691,1.04785375770945e-21,8.98650228708774e-30
18,57955945,T,G,0.0124320956066359,4.28699312670464e-14,3.06498104854042e-21
01,177889480,A,G,0.0271366255584478,9.24097481420485e-49,1.44304017352768e-32
11,47646640,AAAAAAC,A,0.0217736865646822,3.08161110404855e-71,6.23557633414332e-31
02,25158008,T,C,0.0212991348728204,3.19128927020398e-86,1.15304667445287e-30
02,165528876,C,T,0.021028375240774,2.0787770025126e-63,1.95133048301625e-28
16,28913787,C,T,0.0211206871458206,1.60342204978701e-56,8.64884484240661e-28
01,149995265,G,A,0.0190476570642247,2.59048517942842e-50,8.98445089143371e-27
01,219762581,C,A,0.0217459557233902,2.78406104458986e-46,2.3588617901297e-26
15,84663107,A,G,0.0209572470073377,5.12995563850648e-50,3.6780960454764e-26
02,227105921,T,C,0.0198970977153006,3.62226086138512e-50,9.5137424962202e-25
11,27722298,G,T,0.0182304480545717,2.90772773324906e-32,1.60813729424962e-23
11,27653220,A,G,-0.013530059471072,4.12407288317172e-15,3.01571535861762e-14
03,12396955,G,A,0.0254690064065856,3.65496770470377e-24,1.88946250221589e-23
03,12441088,T,TA,-0.0175026322496595,1.6664212746748e-13,7.2928224668593e-15
12,124409502,G,A,0.0166881106095141,7.79221888390411e-20,2.0402825226236e-23
12,124509177,A,G,0.0145731751626726,9.23293656968096e-20,3.89765864331447e-21
09,15911745,G,C,-0.0186782802301049,1.3679543621089e-54,2.64954737367842e-23
06,34735883,T,C,0.0224859703034759,1.85719444646317e-33,1.14467431651367e-22
12,50256063,C,T,0.0189467984171424,1.28837290545466e-47,1.72569681379722e-22
22,38599978,A,G,0.018115526674075,2.71060202865495e-51,5.31703315091878e-22
04,45182527,A,G,0.0178591597127502,2.32508496836839e-52,1.30126834783495e-21
19,18207397,A,C,0.0178604140840636,6.1375903908841e-39,1.31213125939531e-19
10,96012950,G,T,-0.0169890047108382,8.70726427346237e-46,1.52801403289744e-19
05,75015242,T,G,-0.0174597789040171,1.47543832100851e-39,1.79496048186478e-19
08,116671848,G,A,-0.0183381918996039,6.54651319473786e-33,4.63492607337952e-19
12,122963550,C,T,-0.0285548187668068,1.6871862046673e-22,6.23889110754331e-19
16,69551467,T,A,0.0165664599423535,3.67703438810237e-44,3.88920422814572e-18
06,50935513,T,C,0.0215246406160118,4.42656349795245e-25,4.4350724319416e-18
19,34008600,C,T,-0.0161770380858814,9.88544895704471e-47,7.38582233967424e-18
14,79890677,C,T,0.019059186590437,9.56520587438856e-26,4.44605654754447e-17
19,46183031,A,AT,-0.0205240139843057,2.59538287200546e-24,4.67930540229936e-17
07,130445847,TA,T,0.0155754040831178,3.2183924728489e-47,6.01873762102775e-17
16,4015729,T,C,-0.0157875053621882,1.83835376950021e-35,1.38085423666281e-16
10,72416408,G,A,0.0172704953534083,1.97906424854175e-27,2.1622405359374e-16
17,65842016,A,G,0.0192328030197361,1.16896905665355e-23,2.29051949673178e-16
X,31854782,G,C,0.0131837045766713,1.26918120493318e-26,4.89855961369031e-16
06,26211146,G,T,-0.0167563419702055,2.74265304323952e-26,9.61240493833882e-16
17,42290015,G,A,0.0175673486097178,1.0972489174202e-24,1.32782059774621e-15
04,89711849,T,C,-0.0145709217041657,3.59893326743409e-38,4.82081083661779e-15
04,100239319,C,T,-0.0490354241471401,1.37188336640506e-15,5.64564061193663e-15
15,68089618,T,C,-0.0178296970055594,7.99542972670916e-22,6.33721265477503e-15
12,120907309,T,A,-0.0367245244737269,5.40278336842674e-16,7.40843067914893e-15
01,72748669,C,A,-0.0145968087126454,3.77457980421563e-32,1.66611321703525e-14
19,45424351,A,T,-0.0185435642239632,1.69690032332017e-20,2.94684317219075e-14
08,73449940,A,G,0.0156256542495785,8.27380682095428e-25,3.50563673023619e-14
05,87969937,T,C,0.0207160303644103,8.91215552248317e-17,3.6296473063967e-14
05,87712913,G,A,-0.0135168188103838,5.78100878406412e-14,4.44354985272435e-10
11,43692384,A,T,0.015109904205904,5.76496568479888e-26,4.13753746329475e-14
06,40363828,T,TAAG,0.0140373144329541,2.52853311892689e-34,5.19136404858871e-14
05,157996026,T,G,-0.0171076438638368,6.55142043642168e-21,6.28187008135679e-14
03,141180097,A,AAGAGGCTGCTGGCCTC,0.0140458077223938,6.94769844975028e-30,1.48725218446338e-13
04,103188709,C,T,0.0259962114797342,1.83668651437229e-15,1.62657778564169e-13
09,28412223,TA,T,0.0148792126627925,8.28357434845291e-25,1.71711649840955e-13
01,110147321,C,T,0.0424614871929647,1.08697923808585e-13,4.77361803446207e-13
17,1824305,C,A,-0.0185606192853247,2.85839427710129e-17,4.93193030055437e-13
13,54102206,G,A,0.0200186093381352,2.50579119383118e-16,6.64314485693964e-13
X,8913992,T,C,-0.0123644584448752,2.37301061931901e-18,1.02590692591155e-12
18,40788387,G,A,-0.0137927137672757,3.61632268942672e-24,1.64497918673789e-12
12,89776845,C,CT,0.0133339081498347,4.20322227420436e-31,1.64891155231986e-12
12,123097023,A,G,-0.013899834633985,1.46826038830814e-13,5.48977184225379e-14
12,123553002,TAATA,T,-0.0129916220645773,4.10985635716657e-12,2.46982023225246e-12
02,58935282,G,T,0.0127204807103562,1.2183137682318e-18,4.33322309566822e-12
02,59297346,G,A,0.0126674835970098,5.55062038267667e-16,9.20633566750354e-12
13,79580919,A,G,-0.0132934499209193,3.50200002875236e-27,4.78738034641381e-12
06,31595882,A,C,-0.0141570437868249,3.44606356246625e-20,7.63930404934187e-12
12,54420098,C,T,0.0132239733260889,1.08427117097867e-23,7.65935746645269e-12
11,134477893,G,A,-0.016405891954471,5.68465164142647e-16,1.49700561505486e-11
03,49813952,T,TA,0.013490784020841,2.95515798079161e-21,1.81470322156385e-11
06,26337264,G,A,-0.0145001918634395,4.55046979317625e-16,8.6434991307449e-15
06,26604140,C,T,-0.0107971574524255,3.70057762594736e-14,1.07145307805699e-10
01,8457648,GA,G,-0.0127533700456722,2.45166014131611e-26,2.04696800153593e-11
07,77827064,G,GA,-0.0124183805760584,3.25709402764447e-15,2.08425703182024e-11
07,77422583,A,G,0.0112817200511099,9.57084142769993e-15,2.29521924318104e-10
10,21821274,G,A,0.0132014174598147,1.56418652168375e-20,3.23284816285488e-11
X,109888230,G,GCCT,0.0105078977944109,9.20902693794456e-20,3.6172511086375e-11
01,203519648,A,G,-0.0124832925935954,9.76121692662023e-28,3.62440871703381e-11
03,196954345,C,CA,0.0182249596770736,4.47125510508365e-14,3.82051698403301e-11
01,150346106,A,G,-0.0577116636474106,-99,7.2852080464702e-16
