chrom,pos,major,minor,beta,p_value,gwas_p_value
19,45386467,G,GTAA,-0.169207217486589,0,0
19,45412955,A,C,-0.205004630546287,1.16175546397418e-162,1.0468350925973e-149
19,45425460,G,A,0.053973129538399,2.17795988233166e-190,2.78522151045566e-245
12,121380544,C,T,-0.0327853827772542,1.01912652289774e-17,0
12,121423376,A,G,-0.117904300255401,2.65882661679e-250,0
1,66073952,C,T,-0.0958141968326613,0,0
1,66069781,A,G,0.085215887933239,1.56578709354688e-160,6.99650314207232e-261
1,159642349,G,C,-0.074043524578295,0,0
1,159683438,C,G,-0.2025230015718,6.44762543760317e-290,0
1,159684665,G,T,0.17426546443168,2.38175381290103e-239,0
1,154428283,A,G,-0.0905294172041071,0,1.27589146929495e-267
2,27730940,C,T,0.0708320056882219,0,9.71996508223817e-162
16,51436882,A,G,-0.125044302087854,3.57209121116252e-171,1.62826001988833e-142
16,51170026,G,T,-0.116512702877187,1.35353839745188e-85,7.24960411375954e-73
8,9183358,G,A,-0.0910990270347732,2.29996290009758e-111,1.21987694608459e-70
8,9183339,C,T,-0.0423805959483951,3.24060826564185e-82,2.63218502835156e-26
1,247601886,G,A,-0.04211278270644,2.75929612458763e-122,4.37153977886153e-57
2,113867288,T,C,0.0404143719283738,8.58171285713958e-139,2.11793312966072e-55
1,159613986,T,C,0.0732637888259833,9.09864159496946e-166,2.42258139630681e-151
1,159541313,A,T,-0.107144609253279,8.00363490261277e-125,1.28773298329683e-121
1,159317442,A,T,-0.105028423463016,1.80355520892808e-73,2.06833852264855e-68
20,43042364,C,T,-0.0965848966986037,2.10435977287729e-42,6.39030426494987e-40
22,39096602,T,C,-0.0331976385926712,1.37610870256945e-82,6.41318790766072e-37
6,32603660,T,C,0.0292828318288133,3.39655841112339e-33,1.6997147262929e-36
6,32420372,A,T,0.0189179133945554,1.54066948177023e-18,2.02728572960363e-22
15,53739426,A,C,-0.131695170765912,9.3877983069633e-34,7.72481762239364e-33
14,73011885,A,G,0.0320402936980253,4.46635168500721e-66,1.54887699926667e-32
19,49206674,A,G,-0.0291421172845073,1.59056176826009e-84,5.57362368253341e-30
1,66098653,T,C,-0.113445397698974,0,0
1,66150510,G,A,0.0799277249225086,1.22598901547205e-140,2.63049168709235e-254
1,66096925,T,C,0.0279777034050065,2.52534624181882e-11,3.90560814332287e-113
15,60878030,A,G,-0.0286847970086862,1.5560326003944e-59,9.86417388375407e-28
17,76363640,C,A,0.0301241431536243,5.2279569844813e-37,1.28509533800959e-26
17,76343601,C,G,-0.0293203871775768,5.39271869692081e-27,7.3536423405258e-23
12,121096987,A,G,-0.0898300614463274,0,7.32668806655695e-143
12,121163051,G,A,-0.0667000685143379,6.44370913004906e-82,1.81465701930241e-20
12,121252145,G,A,-0.127657159203103,9.20373380614562e-61,3.04421385769156e-32
8,126500031,C,G,-0.0261010992230132,1.69397941741691e-34,6.98812836797641e-25
8,126339942,G,T,-0.0191622976954562,9.81189880526585e-21,4.71796176081956e-15
6,126927854,G,GT,0.0262471373927017,3.39858437871409e-68,1.63303528846517e-24
6,127398893,G,GCT,-0.0518208871156888,1.65091112410173e-12,2.24719765708394e-12
9,136149709,AC,A,0.0343284038315854,2.29134210788475e-34,5.84793425428471e-24
11,47337383,CTTT,C,-0.02797056422407,2.93903261172546e-44,6.6704302898502e-24
6,31572956,A,C,0.0219908111622373,1.87236437653497e-16,5.42087791774913e-24
6,31272612,G,A,0.0208740134655699,6.83965570488901e-24,1.23178724718863e-23
11,13361524,T,C,-0.0274539661078865,1.25240707238717e-42,2.43494664446152e-23
14,94844947,C,T,-0.0902227051386586,3.64597887027834e-24,2.85626023063402e-23
8,116670347,C,T,-0.0228592858558585,3.73924724055344e-17,3.97030260686947e-23
8,116963371,G,T,-0.0197487752450722,1.94373354911621e-20,1.50611873309437e-21
12,95857690,G,A,-0.0255295085483683,7.60456623735803e-55,5.38984293847909e-23
21,40466299,G,T,-0.0280233000278796,3.43418345049408e-37,3.60129124504692e-22
10,91004916,C,A,0.0259785189661597,1.26277422150849e-43,3.78576338734262e-22
6,127031550,T,C,-0.0242116564342506,1.13626631888594e-54,1.79034628528925e-23
6,127454893,G,A,-0.0528332597666299,2.57654438437079e-19,3.66657677885605e-21
1,91545826,A,G,-0.029799886188462,1.28772157814598e-30,1.10459068389821e-20
15,43820717,C,T,0.0762619643829331,1.51444289935119e-21,1.99836747957711e-20
2,27827092,C,T,0.0622561663492642,2.72155414471508e-163,2.97285472563705e-79
2,27847642,C,G,0.0541331872830326,8.10276630629912e-41,3.56439273819717e-16
1,154293925,T,A,-0.0539236864576504,2.33492411497392e-70,2.3895893637836e-46
1,154203896,C,T,-0.103823880792683,2.79503038175504e-25,1.1174450431907e-20
1,154062894,T,C,-0.099418354304769,9.08529792986076e-20,6.23415475864486e-16
18,55089715,C,T,-0.0244618183749609,1.45944187170741e-39,6.44285896331355e-20
7,22801591,CAA,C,-0.0347741567935887,7.41931572955928e-14,6.21233020048721e-19
7,22893795,C,G,-0.0192338398333329,3.02033958100866e-25,9.93953658853383e-15
7,22746564,T,A,-0.020669779074103,1.07728721639854e-14,3.16215337251006e-18
6,130370731,T,TTG,-0.0245429140512551,1.56458217012121e-34,6.55070752395653e-19
1,27180088,A,C,-0.073634839819548,8.51679910455674e-19,5.65732970196655e-18
17,72702914,T,C,-0.0242518035814705,1.49663409422007e-29,2.37719785116528e-17
17,64224775,C,T,0.0636452347229517,3.64748005355167e-18,3.36788160591811e-17
8,11665217,A,G,-0.0218423810141619,1.08512944608861e-39,3.82343552279177e-17
8,9206069,G,A,-0.0411883342854233,2.37744778984443e-85,1.64513547843795e-66
8,9207630,T,C,-0.0236731141516363,4.97482457256024e-15,1.81042265833868e-21
8,9653130,G,C,0.0207947774170705,2.11826453352415e-12,2.2714117164897e-11
16,53806453,A,G,0.0217593723439682,1.29678572651217e-37,6.73323723473373e-17
1,65731409,C,A,-0.0414155660118223,8.70189832726015e-19,7.61743832196267e-20
1,65679037,G,A,0.0622040263385707,7.39950597493152e-20,3.13000565471167e-19
1,65712161,T,C,0.0431732845480988,1.82139572098948e-14,4.28209681340727e-14
3,48854758,C,CAATAAATAAATA,-0.0214566550464149,1.78206715949604e-33,6.65707638298061e-16
2,242296449,A,G,0.0212599132621247,2.17319854766028e-32,1.07435739594352e-15
6,116384598,G,C,0.0209856515187374,7.92731222968447e-35,1.08918531166861e-15
10,94839724,G,T,-0.0205192013917173,1.46599872606394e-38,1.23721046804711e-15
15,53094375,TTTTG,T,-0.03208213152596,5.11941968061775e-19,2.12381212496911e-15
17,36073320,C,A,0.0267065562742971,4.07508706526476e-13,2.50085065879427e-15
17,36059424,A,AG,0.0174177165354035,9.81466230177701e-14,6.29426201541313e-13
20,44551855,T,C,-0.025118631226138,8.30418858913262e-22,4.6045085332799e-15
12,103522952,C,T,-0.0198281272161632,4.1391493471447e-38,9.57587964304044e-15
12,24190428,C,A,-0.0553942250590905,1.17789968337993e-15,9.82362017444454e-15
3,135932359,T,C,0.0235470383036403,1.65842982610396e-22,1.04955533375807e-14
2,214026058,TTTTTGTAA,T,0.0198991538084136,1.90692872704915e-39,1.11425115795377e-14
5,52106278,T,G,-0.0481703242558757,6.30304427749826e-15,1.23939905610758e-14
5,52193125,A,G,0.0293739308964612,8.46350195972538e-11,3.1272970807074e-10
9,139269198,A,G,0.0197598759767391,1.07064085678221e-33,1.94016693162173e-14
18,12821593,A,G,0.0200101633336206,8.65706263157203e-32,2.12210829306757e-14
7,36084529,T,C,0.0199322824309654,2.32412420900293e-29,4.18335475694676e-14
7,73037366,G,A,-0.0239809581314544,1.3006157016916e-20,4.44599400455281e-14
2,169893419,A,G,-0.0193643685696614,8.67269610328676e-35,6.95900151118676e-14
17,57911230,G,A,-0.0191963905242267,2.0344681735408e-33,7.14919832456736e-14
1,40035928,G,T,0.0240433270726856,7.01518740347057e-20,7.76166220114739e-14
14,96916476,G,A,-0.0206686892650696,9.10921629937399e-24,1.56002843463033e-13
20,62347189,T,G,-0.0256503265489812,1.01312443637546e-15,1.75714117469043e-13
20,62711459,C,T,-0.0177762976137762,1.72011573216163e-25,4.51380545010339e-12
18,58030420,AAGAT,A,-0.0637429994790047,3.79109745241387e-12,2.09119196479696e-13
18,57863234,T,TC,0.0193231354815756,2.16040796820714e-19,3.6731520648505e-13
11,72504141,C,G,0.0197656517074934,1.11482664661581e-25,2.13359346889521e-13
6,26167613,C,G,-0.0244268028635092,1.56327552939508e-18,2.16368497806794e-13
