chrom,pos,major,minor,beta,p_value,gwas_p_value
19,45386467,G,GTAA,-0.169207217486589,0,0
19,45412955,A,C,-0.205004630546287,1.16175546397418e-162,1.0468350925973e-149
19,45425460,G,A,0.053973129538399,2.17795988233166e-190,2.78522151045566e-245
12,121380544,C,T,-0.0327853827772542,1.01912652289774e-17,0
12,121423376,A,G,-0.117904300255401,2.65882661679e-250,0
01,66073952,C,T,-0.0958141968326613,0,0
01,66069781,A,G,0.085215887933239,1.56578709354688e-160,6.99650314207232e-261
01,159642349,G,C,-0.074043524578295,0,0
01,159683438,C,G,-0.2025230015718,6.44762543760317e-290,0
01,159684665,G,T,0.17426546443168,2.38175381290103e-239,0
01,154428283,A,G,-0.0905294172041071,0,1.27589146929495e-267
02,27730940,C,T,0.0708320056882219,0,9.71996508223817e-162
16,51436882,A,G,-0.125044302087854,3.57209121116252e-171,1.62826001988833e-142
16,51170026,G,T,-0.116512702877187,1.35353839745188e-85,7.24960411375954e-73
08,9183358,G,A,-0.0910990270347732,2.29996290009758e-111,1.21987694608459e-70
08,9183339,C,T,-0.0423805959483951,3.24060826564185e-82,2.63218502835156e-26
01,247601886,G,A,-0.04211278270644,2.75929612458763e-122,4.37153977886153e-57
02,113867288,T,C,0.0404143719283738,8.58171285713958e-139,2.11793312966072e-55
01,159613986,T,C,0.0732637888259833,9.09864159496946e-166,2.42258139630681e-151
01,159541313,A,T,-0.107144609253279,8.00363490261277e-125,1.28773298329683e-121
01,159317442,A,T,-0.105028423463016,1.80355520892808e-73,2.06833852264855e-68
20,43042364,C,T,-0.0965848966986037,2.10435977287729e-42,6.39030426494987e-40
22,39096602,T,C,-0.0331976385926712,1.37610870256945e-82,6.41318790766072e-37
06,32603660,T,C,0.0292828318288133,3.39655841112339e-33,1.6997147262929e-36
06,32420372,A,T,0.0189179133945554,1.54066948177023e-18,2.02728572960363e-22
15,53739426,A,C,-0.131695170765912,9.3877983069633e-34,7.72481762239364e-33
14,73011885,A,G,0.0320402936980253,4.46635168500721e-66,1.54887699926667e-32
19,49206674,A,G,-0.0291421172845073,1.59056176826009e-84,5.57362368253341e-30
01,66098653,T,C,-0.113445397698974,0,0
01,66150510,G,A,0.0799277249225086,1.22598901547205e-140,2.63049168709235e-254
01,66096925,T,C,0.0279777034050065,2.52534624181882e-11,3.90560814332287e-113
15,60878030,A,G,-0.0286847970086862,1.5560326003944e-59,9.86417388375407e-28
17,76363640,C,A,0.0301241431536243,5.2279569844813e-37,1.28509533800959e-26
17,76343601,C,G,-0.0293203871775768,5.39271869692081e-27,7.3536423405258e-23
12,121096987,A,G,-0.0898300614463274,0,7.32668806655695e-143
12,121163051,G,A,-0.0667000685143379,6.44370913004906e-82,1.81465701930241e-20
12,121252145,G,A,-0.127657159203103,9.20373380614562e-61,3.04421385769156e-32
08,126500031,C,G,-0.0261010992230132,1.69397941741691e-34,6.98812836797641e-25
08,126339942,G,T,-0.0191622976954562,9.81189880526585e-21,4.71796176081956e-15
06,126927854,G,GT,0.0262471373927017,3.39858437871409e-68,1.63303528846517e-24
06,127398893,G,GCT,-0.0518208871156888,1.65091112410173e-12,2.24719765708394e-12
09,136149709,AC,A,0.0343284038315854,2.29134210788475e-34,5.84793425428471e-24
11,47337383,CTTT,C,-0.02797056422407,2.93903261172546e-44,6.6704302898502e-24
06,31572956,A,C,0.0244151220807455,8.26366289312607e-19,5.42087791774913e-24
06,31272612,G,A,0.018656967432397,2.53678363624116e-19,1.23178724718863e-23
06,31020544,G,A,-0.0347310702882634,1.52222058827473e-06,5.9845252476533e-06
11,13361524,T,C,-0.0274539661078865,1.25240707238717e-42,2.43494664446152e-23
14,94844947,C,T,-0.0902227051386586,3.64597887027834e-24,2.85626023063402e-23
08,116670347,C,T,-0.0228592858558585,3.73924724055344e-17,3.97030260686947e-23
08,116963371,G,T,-0.0197487752450722,1.94373354911621e-20,1.50611873309437e-21
12,95857690,G,A,-0.0255295085483683,7.60456623735803e-55,5.38984293847909e-23
21,40466299,G,T,-0.0280233000278796,3.43418345049408e-37,3.60129124504692e-22
10,91004916,C,A,0.0259785189661597,1.26277422150849e-43,3.78576338734262e-22
06,127031550,T,C,-0.0242116564342506,1.13626631888594e-54,1.79034628528925e-23
06,127454893,G,A,-0.0528332597666299,2.57654438437079e-19,3.66657677885605e-21
01,91545826,A,G,-0.029799886188462,1.28772157814598e-30,1.10459068389821e-20
15,43820717,C,T,0.0762619643829331,1.51444289935119e-21,1.99836747957711e-20
02,27827092,C,T,0.0637793308765489,7.72795252272551e-171,2.97285472563705e-79
02,27847642,C,G,0.0558079122961499,2.99808504117571e-43,3.56439273819717e-16
02,28116885,A,G,0.0735477340461488,4.10980765002952e-11,8.16277552059973e-06
01,154293925,T,A,-0.0539236864576504,2.33492411497392e-70,2.3895893637836e-46
01,154203896,C,T,-0.103823880792683,2.79503038175504e-25,1.1174450431907e-20
01,154062894,T,C,-0.099418354304769,9.08529792986076e-20,6.23415475864486e-16
18,55089715,C,T,-0.0244618183749609,1.45944187170741e-39,6.44285896331355e-20
07,22801591,CAA,C,-0.0347741567935887,7.41931572955928e-14,6.21233020048721e-19
07,22893795,C,G,-0.0192338398333329,3.02033958100866e-25,9.93953658853383e-15
07,22746564,T,A,-0.020669779074103,1.07728721639854e-14,3.16215337251006e-18
06,130370731,T,TTG,-0.0245429140512551,1.56458217012121e-34,6.55070752395653e-19
01,27180088,A,C,-0.073634839819548,8.51679910455674e-19,5.65732970196655e-18
17,72702914,T,C,-0.0222826044089801,5.20894894899207e-17,2.37719785116528e-17
17,73138980,T,TAC,-0.0158692953029905,1.28852950922994e-10,1.19828814840514e-08
17,72609867,T,C,-0.0123265379995361,7.34402577975058e-08,3.66687818502236e-08
17,64224775,C,T,0.0636452347229517,3.64748005355167e-18,3.36788160591811e-17
08,11665217,A,G,-0.0218423810141619,1.08512944608861e-39,3.82343552279177e-17
08,9206069,G,A,-0.0411883342854233,2.37744778984443e-85,1.64513547843795e-66
08,9207630,T,C,-0.0236731141516363,4.97482457256024e-15,1.81042265833868e-21
08,9653130,G,C,0.0207947774170705,2.11826453352415e-12,2.2714117164897e-11
16,53806453,A,G,0.0217593723439682,1.29678572651217e-37,6.73323723473373e-17
01,65731409,C,A,-0.0414155660118223,8.70189832726015e-19,7.61743832196267e-20
01,65679037,G,A,0.0622040263385707,7.39950597493152e-20,3.13000565471167e-19
01,65712161,T,C,0.0431732845480988,1.82139572098948e-14,4.28209681340727e-14
03,48854758,C,CAATAAATAAATA,-0.0214566550464149,1.78206715949604e-33,6.65707638298061e-16
02,242296449,A,G,0.0212599132621247,2.17319854766028e-32,1.07435739594352e-15
06,116384598,G,C,0.0209856515187374,7.92731222968447e-35,1.08918531166861e-15
10,94839724,G,T,-0.0205192013917173,1.46599872606394e-38,1.23721046804711e-15
15,53094375,TTTTG,T,-0.03208213152596,5.11941968061775e-19,2.12381212496911e-15
17,36073320,C,A,0.0267065562742971,4.07508706526476e-13,2.50085065879427e-15
17,36059424,A,AG,0.0174177165354035,9.81466230177701e-14,6.29426201541313e-13
20,44551855,T,C,-0.025118631226138,8.30418858913262e-22,4.6045085332799e-15
12,103522952,C,T,-0.0198281272161632,4.1391493471447e-38,9.57587964304044e-15
12,24190428,C,A,-0.0499986863396246,1.42796688128873e-12,9.82362017444454e-15
12,24068708,T,C,-0.0139733898632355,7.20998010027626e-11,3.73508262873948e-06
12,24195419,T,G,0.0132609301981959,2.59213740636237e-09,7.70509038913046e-08
03,135932359,T,C,0.0235470383036403,1.65842982610396e-22,1.04955533375807e-14
02,214026058,TTTTTGTAA,T,0.0198991538084136,1.90692872704915e-39,1.11425115795377e-14
05,52106278,T,G,-0.0481703242558757,6.30304427749826e-15,1.23939905610758e-14
05,52193125,A,G,0.0293739308964612,8.46350195972538e-11,3.1272970807074e-10
09,139269198,A,G,0.0197598759767391,1.07064085678221e-33,1.94016693162173e-14
18,12821593,A,G,0.0200101633336206,8.65706263157203e-32,2.12210829306757e-14
07,36084529,T,C,0.0199322824309654,2.32412420900293e-29,4.18335475694676e-14
07,73037366,G,A,-0.0239809581314544,1.3006157016916e-20,4.44599400455281e-14
02,169893419,A,G,-0.0193643685696614,8.67269610328676e-35,6.95900151118676e-14
17,57911230,G,A,-0.0191963905242267,2.0344681735408e-33,7.14919832456736e-14
01,40035928,G,T,0.0240433270726856,7.01518740347057e-20,7.76166220114739e-14
14,96916476,G,A,-0.0206686892650696,9.10921629937399e-24,1.56002843463033e-13
20,62347189,T,G,-0.0256503265489812,1.01312443637546e-15,1.75714117469043e-13
20,62711459,C,T,-0.0177762976137762,1.72011573216163e-25,4.51380545010339e-12
18,58030420,AAGAT,A,-0.0637429994790047,3.79109745241387e-12,2.09119196479696e-13
18,57863234,T,TC,0.0193231354815756,2.16040796820714e-19,3.6731520648505e-13
11,72504141,C,G,0.0197656517074934,1.11482664661581e-25,2.13359346889521e-13
06,26167613,C,G,-0.0244268028635092,1.56327552939508e-18,2.16368497806794e-13
03,24520283,G,A,0.0208559022571647,2.76272905087373e-24,3.54027513966789e-13
19,19366632,C,T,0.0373899242516162,2.48986977933354e-14,1.28421227765724e-12
01,221103388,A,G,-0.0205185929808965,8.26655185407384e-21,1.52209029194762e-12
10,80819132,G,A,0.0181211749138157,1.12562092302994e-19,1.89933240040472e-12
10,81074125,T,A,-0.0154364371968119,1.0849870071673e-12,5.77438573358171e-09
09,92178472,A,T,-0.0180483686988616,3.73651101944095e-31,2.36966097345629e-12
12,56865338,A,G,-0.0221952057525923,1.25961421870256e-15,2.43399966067038e-12
12,56559840,G,A,0.0290065817242048,1.07100757949294e-08,6.40356514304238e-09
11,59936926,A,C,-0.0182069045703104,2.70871408575288e-26,3.30501189184078e-12
07,1082918,G,A,-0.0215536674974475,4.61243293165746e-18,3.64582632755019e-12
02,25193469,C,G,0.0177146612487426,1.09233648174724e-32,3.89115484073711e-12
06,41671677,A,G,0.0188591267754525,1.03643190059189e-23,4.37829980742771e-12
11,27694241,G,C,-0.0195046926945006,1.02481543853234e-12,7.92519934243007e-12
11,27632440,C,A,0.0182525577446139,4.95762498866475e-08,3.2574730560894e-09
12,47193818,T,C,-0.0222306581494544,1.19321891393332e-16,8.05704951512091e-12
19,46878989,G,A,0.017771788978638,3.61376305179526e-14,8.22891245085e-12
19,46395073,G,A,-0.0165383181805917,5.29037700698903e-14,4.49805783456568e-10
19,47104535,T,A,-0.0146680084740086,1.10740549230866e-06,5.65334234567318e-07
16,88535670,C,T,0.0189160124337655,2.54665716555869e-21,9.1493084964857e-12
16,69750849,C,T,-0.0175905229619698,1.11179214656087e-25,1.33148286082471e-11
16,27327214,G,T,0.0173985470091261,1.1514919542284e-23,3.16188165446189e-11
07,74073590,A,G,-0.0215024798726011,6.72674410614104e-16,3.5046323150276e-11
12,31997635,C,A,0.0174660914644961,7.39364561861631e-11,4.25627231460072e-11
12,32072705,T,C,0.0119928812606242,2.87201839855853e-10,7.08339273521874e-08
15,58683366,G,A,0.0172921351797832,3.57874569280604e-23,4.26092531031976e-11
19,35537706,G,A,-0.02169357271924,6.14331008922874e-13,4.5915205934875e-11
19,35553756,T,C,0.0237215496885553,7.79440781551765e-07,8.978423958167e-08
09,102281383,A,G,0.0176957294137664,2.36302422620176e-23,5.79486294840284e-11
10,30696941,C,CA,0.0176521601081075,1.29385497950166e-22,5.83182598886711e-11
12,121589199,C,T,0.0668842255936674,6.04374411761628e-81,6.51778207216044e-52
12,121593600,A,C,0.0751325301389021,2.96102635885883e-66,8.20524670750887e-45
12,121613603,A,T,0.0436955309453512,6.50678122610175e-42,1.16434189199125e-14
17,1346417,T,C,-0.0168656636046005,1.03336958363946e-18,7.16525912366803e-11
17,1618363,T,C,-0.0190331953566337,2.26540906930367e-10,3.75340701448336e-09
02,632591,C,T,-0.0226888467267331,2.90970234816369e-15,8.59629751207432e-11
02,466003,G,A,-0.0378245956223427,1.75881382422423e-11,3.93297004117168e-10
07,99197401,A,G,-0.0223759627688036,1.03909095906989e-11,9.36152128400171e-11
07,98897550,TTTTA,T,-0.0135703085868329,5.46636311033206e-09,2.82888165665182e-06
12,6440009,T,C,-0.0169037233122387,2.77599976785332e-23,9.70146336286384e-11
19,38229926,G,A,-0.0420647176949865,3.68488421730287e-13,1.76069516805231e-10
19,38027715,G,GT,-0.0201712083728841,1.10812136386986e-11,2.9670817101366e-07
01,68088439,A,G,-0.018398975367935,1.18768790333626e-14,2.11015832491818e-10
01,67592114,C,T,0.0134285885567805,2.3266506528841e-07,8.69261643918886e-06
05,72985890,ATTATT,A,-0.0178912117156649,2.98604656541723e-18,2.76707518720133e-10
X,118605577,A,G,0.0153816444167863,2.28413044822414e-14,2.90450753891449e-10
01,63025942,T,G,-0.0169098330002652,4.08006750193055e-20,3.07081161077359e-10
01,93850283,A,C,-0.0163929040980534,8.7986495285721e-22,3.60747967305298e-10
06,31266522,T,G,-0.0257347750925439,6.61082538228755e-56,5.5702034242e-23
06,126727930,G,A,-0.0251949540868644,6.33018170121343e-58,9.40005649528525e-23
14,24874193,G,T,-0.0150183305197151,2.57176203395878e-17,4.6257384675236e-10
14,24815121,T,C,-0.0141746640507575,1.46533671834757e-06,4.30493572906218e-07
05,172176886,C,T,-0.0143488668426075,9.00061787262108e-17,5.28767156762433e-10
05,172199489,A,G,0.0307089796603995,1.0911870553711e-06,1.1124910891828e-08
05,172475613,G,A,-0.0134814361192939,7.39962219745021e-07,8.82044751857862e-06
19,45734751,A,G,0.0225739006071537,1.82340209217962e-36,9.23152775379062e-23
19,45563242,C,T,-0.105789579244432,6.25870628865271e-21,1.37751683974567e-21
19,45606125,C,T,-0.0326565397012826,4.15487857217317e-15,2.89913632960175e-15
20,39179822,G,C,0.0445024619705221,9.59093426042481e-10,7.68970360978323e-10
20,39057389,C,T,-0.0161699144578644,5.81374837436931e-08,9.20024519834525e-07
02,102731596,A,C,-0.0137668634731764,1.40436850183156e-10,7.80374107773287e-10
02,102376992,ATG,A,0.0149915601885246,2.4022179828045e-13,3.18326332793936e-09
02,103060313,G,A,0.0160177086976741,9.23430988664484e-09,2.05888123910363e-08
03,170727739,T,A,0.0241598394428422,4.47252213579148e-12,1.01026146381829e-09
17,16128869,A,AT,-0.0161888712902947,5.17969536264015e-24,1.30298388459085e-09
02,37090233,C,T,-0.0155369676893428,6.01714806434576e-24,1.46786124217944e-09
19,45337918,G,A,-0.179694309095394,9.2726918097746e-161,7.69221202958964e-140
19,45360488,T,G,-0.216982450624473,1.54191682635854e-69,5.19801371498336e-62
19,45346666,C,G,-0.182370044557702,2.88093535550973e-60,3.22467669457583e-52
01,22681214,C,T,-0.0191942016468753,8.97629395829701e-14,1.57598876467945e-09
09,107559855,CG,C,-0.0165929557674931,5.34004840537837e-17,1.72010495384527e-09
04,45121873,T,A,-0.0162389981041764,1.21331513605055e-17,1.76426302382783e-09
03,141890088,T,TA,-0.0266829336382235,3.52399432137569e-11,1.8328775099775e-09
22,41409429,C,T,-0.0161312316054612,3.41602734901898e-18,2.01681322911544e-09
01,1564194,C,T,-0.0160909447514105,1.76016695845606e-19,2.03977962436948e-09
01,24471200,C,T,0.0165096656781727,9.30564025164819e-17,2.08361226269156e-09
20,61341472,G,A,-0.0158245784646847,2.49535427189303e-21,2.49402092024928e-09
01,214334246,G,T,0.0192443725293705,5.95712180379983e-10,2.61031345764467e-09
01,213890404,G,A,-0.011426443797405,2.39045668818005e-12,1.48919096616855e-06
11,61430471,G,A,0.0162758300517717,7.23892050398808e-17,2.79911389334323e-09
20,25226192,A,G,0.0151027075473748,9.28480868767784e-24,3.25537785783118e-09
09,104120896,T,G,0.0206555113479624,4.22112582138136e-12,3.58927963629337e-09
06,7010430,G,T,-0.015382997846515,2.79929072825655e-19,4.17593873998658e-09
19,51735023,T,TA,-0.0167211975036967,1.67637845653365e-12,6.14149518444357e-09
19,51627766,G,T,0.0134611341739119,6.40049411243864e-12,9.33473055180264e-07
06,33548493,C,T,0.0157733441653938,4.3150100242624e-16,6.80904678819812e-09
01,198178278,A,ATG,0.0192894690773514,7.41053796173943e-13,6.85916680859678e-09
18,60216234,C,T,-0.017024401894917,3.64898366597513e-14,7.63575064599753e-09
02,165518799,C,G,0.0227436635964093,7.3558786180151e-11,7.75674536868153e-09
16,2196339,T,C,-0.0190016353022047,6.32403803928463e-12,1.05903347893753e-08
19,41354533,A,T,-0.0466013400398941,4.01704268273326e-09,1.08781934367967e-08
21,37448312,AAAC,A,0.014957826902445,3.21809381096716e-18,1.13646062140169e-08
06,138000487,CA,C,0.0156294587041933,1.76557236398423e-16,1.18022708812647e-08
11,27730556,A,G,-0.0192701929355994,2.82031433096175e-11,6.53081523539175e-10
11,28454718,TG,T,0.0120099069536085,1.66757190648525e-11,2.30248812130406e-06
01,21824108,T,C,-0.0155526545797966,1.00212625258789e-15,1.60303163967942e-08
21,17592404,T,G,0.0147007655795246,3.14256530849592e-19,1.96533295174182e-08
07,150218101,A,AAT,-0.0171161029284235,6.61818993276216e-13,2.01902319969703e-08
08,144643169,C,T,-0.01721073902338,2.90051937882425e-12,2.37248240114261e-08
05,87703384,GA,G,-0.0171994796869363,3.62626293086147e-13,2.8445557586052e-08
11,46159633,C,T,-0.0319512498434891,4.99528630566674e-08,2.90538085715835e-08
11,46482959,T,C,-0.0224360487501327,2.30830075887693e-07,3.16814638650651e-07
20,48955424,T,C,0.0151304570118965,4.52846633624617e-15,2.95871115253097e-08
X,12979096,ATTC,A,-0.0148448779616566,1.1978477099439e-10,2.98909057394151e-08
01,153606066,T,G,-0.0997142226247306,1.30178705688694e-13,1.51825079918121e-13
01,153421859,A,G,-0.0536510602500769,3.20639990362092e-08,2.62519432024051e-08
01,153181419,C,CA,0.0164107998262042,9.25604103369376e-11,3.08593133344892e-08
02,42404073,A,G,0.0410795167209712,1.06713104306937e-08,3.15219347512425e-08
12,90419893,G,GT,0.0141805496186337,2.78664821387044e-22,3.20034408412107e-08
12,125225331,A,G,-0.0140051868090183,2.91200526329132e-11,3.82431394359821e-08
12,125334068,A,G,0.0114052718272992,4.02907399203188e-09,3.79038651849958e-06
07,22882291,C,T,-0.0241358444948239,1.72169739488166e-25,5.42106961281244e-16
02,178279625,CGTGTGTGTGTGTGT,C,0.0192471838426387,1.24591353673649e-10,4.69162047509514e-08
X,122826634,C,G,0.0125975754149486,7.46170512041931e-12,5.09881434439172e-08
21,33095946,C,T,0.0311269874758859,8.97833860369265e-09,6.37304366727612e-08
X,46593119,TAGATTG,T,-0.0126795960980858,7.15683267718056e-12,6.57274635658909e-08
11,56413562,G,C,-0.0277848141529807,8.09171131079683e-16,1.04394271085994e-12
17,54986967,A,T,0.0156297557173699,1.11001374190653e-12,6.78248520168444e-08
07,129944994,A,G,-0.0139133667153862,1.84655126381459e-17,7.16900978052784e-08
16,83980529,C,G,0.0138699433920791,1.35800265127292e-18,7.65607390891606e-08
09,15866156,C,G,-0.013802321168874,5.81165574074302e-18,8.11561494653435e-08
04,84186994,T,G,-0.0149081747796976,1.33584754529174e-13,8.2287844873761e-08
05,150441041,A,AT,0.0162886030410771,1.4251201132748e-12,8.47016494972441e-08
01,92661882,C,T,0.0226184331674762,2.82611229201395e-09,9.40741990777786e-08
19,11019581,C,A,0.0320003215886956,2.2344610853429e-08,9.74432929381255e-08
12,122686437,T,G,0.0147503301360298,2.72887119005265e-11,1.03575219722022e-07
12,122416333,C,T,-0.0322999223302833,5.95530694270605e-07,5.84932964731469e-07
11,65802874,T,G,0.0230127512002535,1.53473092224935e-09,1.04154180440825e-07
