chrom,pos,major,minor,beta,p_value,gwas_p_value
19,11186711,T,C,-0.208539425233716,0,0
19,11192226,T,C,0.232586675439717,1.97832010038445e-308,6.47916367806081e-27
19,11231203,G,A,-0.32402103867279,3.15709693644299e-184,1.13174189562891e-155
19,45296364,G,A,-0.385190404628205,0,0
19,45319631,G,A,-0.421857965193158,0,0
01,55505647,G,T,-0.421011030810056,0,0
01,55521109,A,G,-0.0491341195894672,9.30232185046687e-158,6.01521956787029e-81
01,109816863,T,TC,-0.13774327098411,0,0
01,109815368,T,C,-0.125884494317664,4.6485313456765e-95,9.73290813959897e-57
02,21290067,T,C,-0.105915544128599,0,1.25334693891279e-308
02,21266774,GGCAGCGCCA,G,0.0710004983234014,1.76437628767919e-298,1.37746632932174e-307
02,21233972,T,C,-0.123469410994949,1.05830821809797e-88,9.89374169142527e-87
08,126500031,C,G,-0.0861068423944142,0,4.39888145355847e-246
19,19379549,C,T,-0.151213474923149,1.67027722851935e-257,8.03346319910355e-214
19,19396616,C,T,-0.182625478490522,5.8361138612352e-59,1.20465402692534e-49
05,74656539,T,C,0.0759847984619125,0,2.82212232368812e-194
11,116648917,C,G,0.105190512977745,3.38866276260347e-232,1.97962552372452e-178
01,62955862,T,C,-0.072548188981716,0,3.55976801640153e-168
02,44072576,T,G,0.0597693830922006,2.0749005465753e-211,6.74608034623848e-149
02,44069772,G,A,-0.104672765428237,3.86737482519267e-105,4.24963863538968e-133
02,27730940,C,T,0.0645008874019987,0,1.08345661456076e-139
15,58723675,C,T,0.0765620303894759,3.27437921243337e-179,4.03214360916998e-132
15,58679807,CAGA,C,0.0653568304531712,1.58967554681644e-237,5.75837184478707e-129
06,160985526,G,A,0.118249214149998,8.54493419922995e-165,7.60611977050936e-126
06,161013013,T,C,0.173813720773361,4.18764856800549e-66,1.90173204184944e-55
09,136149711,A,T,0.0758312334296112,3.2833018963968e-174,2.87163568866621e-120
09,107661742,A,C,-0.0601077646514498,1.14072877979526e-145,1.22681397859827e-105
09,107647019,C,T,0.0491345377711801,3.54373466890672e-38,3.78723003858159e-33
11,61575158,A,G,-0.0540379052323453,1.17009185615962e-189,2.88868971257446e-93
16,72101525,C,G,0.0386243145202873,2.37931057265576e-45,2.15106410396312e-89
16,72144174,T,C,-0.0519376699738852,3.21573824710996e-79,2.46230499796656e-46
05,156390297,C,T,-0.051409755562255,2.18043484455186e-184,6.6641155111481e-87
08,9183664,G,A,-0.0958717106130318,2.49444317982333e-127,1.16379945582055e-86
08,9183339,C,T,-0.0342302253587191,3.34912007151299e-56,1.23577584116828e-14
20,39179822,G,C,0.130100259417209,5.16858535364833e-71,1.86112249278716e-86
20,39656342,A,G,0.0353121390190036,6.30332431209112e-75,9.48916060980602e-49
20,39192317,C,T,-0.027067447939182,1.90539536673002e-36,3.57664056602041e-38
01,234852760,T,C,-0.0463500921818391,3.62660916587931e-214,5.33728348801298e-76
19,45382675,G,A,-0.413631014714016,0,0
19,45386467,G,GTAA,0.140189817397554,0,0
19,45387034,A,C,-0.307979891483479,0,0
18,47109955,A,G,0.192904048064011,3.11510705700682e-72,1.27646314583672e-72
18,47158186,C,T,-0.0532566206857705,1.0943993657145e-85,5.95739774972927e-62
17,67081278,A,G,0.134678556833354,5.91365399899506e-61,1.46907340162001e-63
17,67082962,C,G,-0.0400236238346062,7.48412066883117e-40,2.94425240883244e-35
19,49206108,G,C,-0.0417080858102349,3.54365759027293e-177,1.19918909404313e-60
20,43042364,C,T,-0.114916463952594,2.27412308784938e-61,1.10023138795363e-57
06,32535637,G,A,0.0449736037265517,1.37370609131279e-42,3.12017426605506e-53
06,32587213,C,T,-0.0272118920198281,2.97377226248655e-53,8.38184728813723e-46
X,109840233,C,T,-0.0323285654528986,9.90762064496168e-98,2.40036465075801e-52
12,121416650,A,C,0.0410172546906689,6.35835096337584e-97,2.27914472992656e-51
20,39755154,G,A,0.0364763646230788,4.09197218303656e-116,4.06292810402592e-49
20,39301495,G,A,0.0509643683006637,6.12105356431148e-23,1.76266810979326e-21
20,39267671,G,A,0.0883359718658534,1.63515697702883e-17,8.87464020278759e-17
08,59393273,G,A,0.0357013110781448,4.59998037594624e-80,2.90716364690048e-48
08,59406545,C,T,-0.048340783769076,4.68830663646602e-16,1.16734524710018e-22
16,56994528,C,T,0.0311713882825308,8.31040858271508e-57,4.83517405514738e-48
16,56999258,A,C,-0.0322169753340541,3.74324397633543e-33,1.55204123069509e-41
07,44581986,T,C,0.0471191326579271,8.29797257486256e-58,4.25565187188541e-45
07,44599206,G,A,0.0178400314022501,2.30528385699832e-25,8.66352725907386e-10
19,45134682,A,C,-0.251562252836268,7.56910702708679e-200,2.80362554087334e-181
19,45107114,G,A,-0.150353345785269,4.48278693074308e-83,4.52036673032933e-70
19,45129089,C,T,-0.118070537576269,1.77438788173753e-35,1.006159552365e-28
19,10952958,A,G,-0.0769724883320374,9.40461229714269e-190,4.39569817149273e-119
19,10865095,A,AT,-0.164355702854593,4.23330244654973e-81,2.90952027805907e-72
19,11097709,C,T,-0.158243829236035,2.93925966156953e-40,3.364807626967e-31
06,31324194,G,A,0.0319283334803888,4.54653865587294e-40,1.78420215957066e-41
06,31569901,C,T,0.0212338134222348,1.45612391070598e-17,3.42289626809124e-27
17,45671778,C,CT,0.0342114278857579,1.52451532776644e-119,2.07753652732667e-41
01,220970028,G,A,-0.0363391859235578,1.18561055417437e-72,3.45644196072979e-40
06,26093141,G,A,-0.0652222971182367,2.80203412333321e-51,6.39375892922907e-39
06,26104632,G,T,-0.0262226309758124,3.75645491378429e-18,9.07481020503035e-09
08,18272503,CCATGAGCTGCCTG,C,0.0392022246607601,3.01752244670371e-59,1.82911725997962e-38
07,21598753,G,C,0.0330164256561379,1.46658892285318e-38,1.22430246941214e-37
07,21499857,G,A,-0.0251684875976225,2.35430327151288e-34,6.72838166491916e-31
04,3452345,G,A,0.0343094563030489,9.34978192647378e-73,6.03436233818213e-37
08,116658583,G,T,-0.0351380031696944,9.63062403488946e-64,3.37357856699912e-36
02,20372547,G,C,-0.0326203853064472,7.62482505058435e-70,1.36893569740309e-35
02,20424062,G,A,-0.0214640669027532,7.49600038035037e-23,1.87861730626387e-13
02,20852025,A,C,0.0553473748033651,3.58159684540471e-13,1.29215697961758e-11
02,203556224,T,TA,-0.0314220796634522,3.83268339548092e-93,4.50592131263056e-35
04,69373407,T,C,0.0273256227033089,2.04008051977305e-23,2.35087589217964e-34
04,69533221,A,T,0.0185743964075546,8.33680035952748e-18,5.18691291605058e-14
04,69342169,G,C,-0.0182484051385637,8.68846754829965e-18,6.7473678632934e-26
01,25769209,GA,G,-0.0306016326016527,6.08506177060163e-85,1.0649739902229e-33
11,126238633,T,C,0.0433333345012381,6.28744492590848e-36,1.960742404294e-33
11,126187837,T,C,-0.0160189894299469,3.94622072446305e-23,4.1917667541968e-12
06,160894878,T,C,0.139654659192252,8.76353477917438e-53,2.21507956863025e-45
06,160543148,C,T,0.0818385644516907,7.13461172667715e-70,3.44636008830085e-45
16,72078989,TG,T,0.0506611971765445,1.56866189407532e-75,1.32970680544244e-87
16,72067332,C,A,-0.0894067121889237,2.1344447869235e-27,2.52578701313981e-26
10,113901637,T,C,0.033698580110081,2.7882687140161e-44,2.18900810795976e-32
10,113986840,G,A,-0.0213985675792179,6.05069112937163e-14,2.4266703259678e-13
10,114124977,C,A,-0.0392979969963433,5.30375069405383e-09,2.8743176198948e-07
13,114551993,T,C,0.0316371435436541,8.86376945638974e-62,3.35610572431332e-32
20,17844684,T,G,0.0311834461211007,5.20389585298918e-63,5.12764216112594e-32
03,12239931,G,T,-0.0284562298469697,3.73687873267525e-29,1.31824745424374e-29
06,16126673,G,T,-0.0283393096413705,1.68580927355206e-74,3.09760200307469e-29
17,7080316,C,T,-0.0340034669526067,8.36733483340384e-36,1.88871887231956e-28
17,7563827,A,C,0.0227332425271873,6.42657215817988e-14,1.06463473653598e-12
19,45913250,C,T,-0.193401611327535,8.39899556350008e-79,4.11619904110325e-73
19,46380325,T,G,-0.0452815732593913,3.99144026823548e-38,6.10573818662639e-27
19,46363609,G,A,-0.0886091656669941,1.99991861229098e-12,2.9185475838254e-10
06,30073847,T,C,-0.0226599052482888,2.3999198924085e-31,8.40326697919062e-26
06,30075105,C,T,0.0235619245481457,3.37020375083272e-27,8.29431436039056e-11
06,30187290,G,A,0.0415414590411555,1.02451928760575e-19,9.80051246912451e-19
12,111973358,G,A,-0.0263344520023629,1.1518902370815e-70,1.49732462813542e-25
16,72256903,T,C,0.0521555424438874,2.70137679241234e-65,2.4271199278112e-41
16,72265795,TATACTTTTGGGAA,T,0.0293983092337676,7.27605254575579e-28,1.61922713983048e-11
16,72252600,C,T,-0.0681227179818499,5.55351045203549e-17,5.01692834616972e-23
04,103188709,C,T,-0.0474714455694198,3.04463006297368e-25,1.56291785042166e-24
04,103488491,A,G,0.0141043266154786,1.02281086520676e-16,1.94865507450947e-09
13,32976656,GC,G,-0.025932960202199,4.01159375051066e-67,3.90690395000253e-24
06,116321429,G,A,-0.0255292346205425,4.74481893588093e-56,1.06088006745324e-23
02,169831177,A,T,0.0258704420058535,4.80956284202768e-53,1.16678546247856e-23
11,122509237,A,G,0.0257017610989797,2.02540853218754e-49,4.28906114683613e-23
10,94839642,G,A,-0.0248039707254045,2.18739646663907e-57,7.01869246067584e-23
08,55436793,G,A,0.0303396231298146,7.88428930626792e-34,1.0370566603198e-22
17,76402105,A,T,0.0245075410527992,7.81860504681059e-64,1.84388002050826e-22
06,34622561,AG,A,-0.0351723478846714,1.09180790326764e-22,2.19653872526656e-22
06,34997606,A,T,0.0127111571503335,2.28402678167042e-11,3.81894650784301e-10
02,118845121,G,A,-0.0373887177836332,3.50136968041899e-23,2.37205073713678e-22
02,118860561,G,A,0.0399473442291415,1.26041170776089e-18,1.64036436823944e-19
09,15303583,A,G,-0.0351487026090081,1.52231993015902e-28,5.21429532212286e-22
10,71094504,T,C,-0.0385196304288544,9.56454349275667e-27,9.51694988631376e-22
14,24871926,C,T,0.0241685171002901,6.13673189082997e-55,1.43486611320252e-21
05,74816944,C,G,0.065055010884803,1.74926301584696e-186,5.75198975381474e-168
05,74733593,TA,T,0.0227926080793419,2.37729994297731e-10,1.68877161594682e-52
05,75605874,C,CA,0.025583238553329,1.83268790013658e-08,1.37079556569957e-09
19,19717056,A,G,-0.131077135824662,2.21957885556761e-176,1.27048457615105e-149
19,19855549,A,C,-0.0825999280763471,2.51986483372012e-23,2.10536457945367e-18
12,123761686,A,G,0.0398494582373816,4.39922914731015e-24,4.00941686122881e-20
20,34120437,CACACACACAA,C,-0.0288329943264896,2.17510924879125e-29,6.26059001472557e-20
03,132217703,G,A,-0.0552040344624962,2.51744988936604e-25,1.38483563989384e-19
03,132197995,T,G,-0.0308465954617696,2.89463497628582e-21,1.5585740635816e-13
03,142648844,G,T,-0.0247779943308132,1.74251116910194e-34,2.8350221579184e-19
02,62988169,G,T,-0.0242039608432253,3.75376943141313e-35,3.92893295442445e-19
11,103870621,ATCTTG,A,-0.0286506377078207,1.5013247463845e-27,4.1498900191108e-19
16,71437689,T,C,-0.0292593927351851,2.12264100725742e-26,1.52079909357817e-21
16,70876611,C,T,0.0430432461898546,1.28682681954831e-11,5.79418643288828e-12
16,70769812,G,A,0.0338319702859379,2.18590631277905e-11,2.53988952340881e-09
03,58398215,C,T,-0.0406141542791614,5.15591057228444e-22,6.78360400819409e-19
10,124686656,C,T,-0.0191455813880073,2.59275409065069e-31,1.04753606729207e-18
10,124712961,A,G,0.0212726729238923,2.04842094395866e-08,2.16984319475608e-12
12,9090668,C,T,0.0235673773866321,7.90273812546498e-23,1.30587999159706e-18
12,9098995,G,GAAC,-0.0219265653614128,5.8400900066882e-09,1.89421514468581e-11
08,145050358,G,A,0.0228029506035415,9.40920893526806e-39,1.98377086577435e-18
03,119697032,T,A,0.0176152588774532,1.09010001071294e-18,2.12753146501334e-18
03,119529113,T,G,0.0309031695588591,1.12686295551761e-08,1.19419153467076e-16
07,1032637,G,A,-0.0270342726113798,2.87965104152121e-27,2.32457784490627e-18
01,23795171,C,CTT,-0.0327288904060617,1.72497559266745e-21,2.40168841945572e-18
01,23357282,A,T,0.0147636401766178,1.83613149695015e-07,3.27287975078924e-06
06,135418916,A,G,-0.0249062400835174,4.17563695837903e-30,3.31857998215199e-18
06,31025713,C,A,0.0341222119460186,9.79536079070326e-52,5.23983384915054e-32
06,31089412,T,TC,-0.0276222225700017,2.61463547985485e-32,1.49601435334533e-08
06,30282332,C,T,-0.0295642057239951,3.42095942045427e-17,1.37610381051293e-16
19,58662235,C,T,-0.0316165135331782,2.69229029228833e-22,4.20616988941294e-18
19,59039829,CA,C,0.0176777944363302,1.49537111283314e-10,3.92962080968091e-07
03,32527218,G,A,-0.0380706382779671,6.6494777000758e-21,8.81168729800534e-18
05,122902603,G,A,-0.0214310574727852,4.03171328495751e-44,1.8952400061027e-17
12,110020894,G,GT,0.0221480785819549,1.46542190501855e-38,2.02914816734575e-17
12,4384844,T,G,-0.0811166776959296,3.76177423366431e-18,2.56346929845608e-17
03,122285218,CT,C,0.0229913564330301,2.24720013428549e-31,3.58403019156808e-17
19,50016759,C,T,-0.0341618276743442,8.87069614124854e-28,4.59916934598709e-17
19,49956290,T,C,-0.0209867344874127,3.47987323784969e-14,5.76220443899352e-06
19,49697896,T,C,0.0343508907443165,7.40287444585583e-09,4.74538810736053e-09
22,21916272,C,A,-0.0275133043687359,5.05120582432238e-24,6.62132172407752e-17
09,19357230,C,G,0.0335273014662698,2.63120194522619e-18,6.84448430733852e-17
09,19290794,A,C,0.0454370527725973,1.25060233739222e-10,1.68609764122878e-06
09,19355547,G,T,-0.0140122207496241,6.44442609728527e-11,4.01462851564136e-06
11,5701074,C,A,0.0389630160884823,1.88934233477323e-17,7.86810356183795e-17
11,5691506,C,T,-0.0211570345548381,4.05917990784593e-07,1.09763106959785e-07
17,64210580,A,C,0.0611248978087448,1.29171649257452e-17,1.19024327273074e-16
02,234605835,C,T,0.022596524598074,4.98768306526753e-30,1.58579026644458e-16
02,121306440,G,A,-0.0210225946718654,3.19711459883795e-37,1.9872712447381e-16
11,18640477,T,C,-0.0231736233359513,3.54205758838289e-26,5.32844432511922e-16
17,29618023,GAAAT,G,-0.0225016825157018,7.79918809134526e-28,6.02066381134427e-16
08,61405398,CT,C,0.0211412400904848,1.41184957455642e-33,7.0359320016281e-16
02,136381348,G,A,0.0236727708520419,2.26186583088963e-26,7.51222226847658e-16
02,203705787,C,G,-0.0274485201411523,4.88466819100803e-24,7.49258750323909e-21
02,203632793,G,GT,0.0172523456395896,1.99444556946803e-12,4.13014557798548e-17
02,203967982,A,G,-0.0266661611802765,2.80089413324633e-07,4.74213570752253e-06
10,17278171,C,G,0.020448663054454,2.39881485993115e-34,1.71563229362226e-15
17,46510697,A,G,-0.0189456979589832,5.12158455680982e-21,2.97493101063869e-15
17,46675240,G,T,0.0225890477398548,2.77422701439389e-08,1.74477995466826e-10
16,11706100,G,A,0.0403315715099694,7.1171324975478e-18,3.11657402434007e-15
16,11631243,A,AC,-0.0183123162770447,1.02469729077018e-14,3.53708776691742e-08
12,50650057,C,T,-0.0206381672637604,5.97892558378521e-30,4.10910672942913e-15
07,100280896,C,A,0.0260070725487107,8.77854729756709e-12,4.94759849395823e-15
07,100216773,C,T,-0.01858764873854,1.27378339878551e-13,4.28549275160467e-13
07,100715486,G,A,-0.0157462354626811,2.40572500474093e-09,1.34164932927433e-08
12,133140329,C,G,0.0263541599544572,1.46412946102173e-21,5.56459929045464e-15
07,25992323,A,AAGGCC,0.0265438811427341,6.11082388838736e-20,8.31231454418851e-15
11,116705516,A,G,0.0502168386837903,1.54164292094806e-90,1.0745640108759e-98
11,116714293,A,G,0.137146855161222,1.03393704520122e-25,1.15601004062306e-18
11,116672013,C,T,0.0381102812301613,1.72441180576354e-18,4.30887690787654e-59
07,73020301,C,T,0.0444398346998303,5.56756446145433e-14,9.09264497803313e-15
07,73010442,C,T,-0.0167445114892368,7.94076005514371e-11,1.18465988189889e-09
08,29024943,G,A,-0.0728919356859421,1.23496181516631e-14,1.41588511300903e-14
08,28950309,C,T,0.0325542262685351,1.11767890205184e-07,1.24965808348474e-07
11,48003392,T,G,0.0218918581934154,8.22838775409903e-23,2.99000424935617e-14
04,87918913,C,CA,0.0216498177002921,1.62298099792456e-27,3.01684418995088e-14
19,2787329,G,A,0.0209430063566956,7.04515741332035e-25,3.18291230409244e-14
01,183085264,CAA,C,-0.01942072413335,2.07196631310605e-37,3.35039702605552e-14
09,131575063,G,A,-0.028921690681659,8.07974134726213e-18,3.4418653736789e-14
19,54796630,G,A,0.0227804628493306,6.9786777038769e-22,3.86743969885832e-14
15,63793873,T,C,0.0184739892531208,1.42232611169803e-21,6.0018653926463e-14
15,63328962,A,C,-0.0157278329087979,4.21207209406172e-07,1.0811210705912e-07
08,6564527,C,T,-0.0203051783956722,6.39214258449128e-26,6.11023612695909e-14
14,70874146,C,CA,-0.0193454901375469,1.10573718952697e-37,6.84078712369898e-14
12,125312425,G,C,0.0308702201608899,1.63411751332883e-19,9.52885735724958e-14
12,125325010,C,G,-0.0302350194182903,1.50165996292686e-16,1.00446763826582e-08
12,125239662,C,T,-0.0273451740816274,2.06827073153794e-10,5.01799789496046e-10
07,6456091,C,T,0.0209418899353393,2.99009535209732e-23,1.09758452080518e-13
01,27021913,G,C,0.061833672556996,2.75378611056607e-14,1.13601261590456e-13
01,92971702,A,T,-0.0193994439222521,1.37367838514805e-27,1.28070723919357e-13
02,21471603,C,T,-0.0908566875916561,1.43997771186064e-223,8.13494431573363e-184
02,21463518,C,A,0.0569508498254302,3.37627523214763e-150,2.4500902623081e-64
02,21536503,G,T,0.0678073848865193,8.7167273922386e-39,4.37563035577893e-35
X,2868554,A,G,0.0158298963200771,2.42775319280983e-29,2.13862581809489e-13
02,108971030,TA,T,0.0271465941007418,5.19608725263835e-17,2.69700442049894e-13
12,72179446,C,T,0.0653833977592135,8.98544675801884e-14,2.72008262026303e-13
09,2640759,A,G,-0.0366160772376993,6.67088732429846e-15,3.48600202719631e-13
10,101993561,CAG,C,0.0162430043389265,1.42400843356676e-19,5.01373376784782e-13
10,102075479,G,A,0.0183792146887552,1.65777184338822e-08,1.82305214008605e-10
02,27598097,C,T,0.0571993538144518,6.52631527228023e-237,3.9544750480164e-130
02,27674931,AAAC,A,-0.0225690341689209,7.00123989654578e-14,1.85877460727682e-42
21,40596757,C,T,0.0148322343764362,4.08252677632646e-19,7.24560289713882e-13
21,40788127,G,A,-0.0169682544497297,4.44450911620483e-09,3.32204160555927e-11
15,57512284,A,T,0.038043605182798,2.69088044132672e-14,7.61985424189803e-13
19,44543760,A,G,-0.0949028052572602,2.17923955537321e-35,9.84932037535452e-36
19,44480979,G,A,-0.0720260767816969,4.09235647564341e-15,7.77713813169816e-15
19,44072880,C,G,-0.0155651284877568,3.52411826702924e-22,1.407952137462e-12
06,28449380,G,A,-0.0381238141913078,2.25757357868037e-21,3.00323358039395e-17
06,29406542,T,G,0.0362847153954097,1.25825591481915e-10,1.44699683646915e-12
06,29411432,T,C,-0.0223936038095613,3.04599746111225e-11,2.59119473393526e-08
03,12327431,T,G,-0.0259029071233457,2.44789751940213e-22,2.45842585999299e-29
X,20141901,G,A,-0.0186507047079268,6.47079503646761e-16,2.17732993425087e-12
06,100620931,C,T,-0.0204276022796124,6.98011286846451e-15,2.6097159092112e-12
06,37027872,G,A,0.0176368335280471,3.35820653758402e-32,2.65337927163243e-12
02,24428859,T,C,0.0188507879515724,2.44079231172332e-22,3.19857980260311e-12
06,161108144,C,A,0.0798307806948629,4.17484772318666e-95,1.4793605221283e-96
06,161111700,C,T,0.184702691447806,1.43597645576143e-69,1.3011089401569e-52
06,161073048,CA,C,-0.0303599439315255,2.29324961436146e-66,1.37246288265508e-40
12,51779544,AG,A,-0.0186813924637314,1.78140186757913e-25,3.43413551350238e-12
12,51297465,T,A,-0.0164981352441107,1.13665898190977e-12,1.39667580195709e-09
02,44322136,A,T,-0.081524411162769,9.33786134198305e-17,1.26868973201722e-16
02,44228306,G,A,-0.0847688364166353,6.91021734045752e-12,9.26618753800507e-12
02,44309075,A,T,0.0292711015469968,1.09283362973227e-09,7.01328060718608e-10
17,27653016,C,T,-0.029553857995154,1.52816966781694e-14,4.26165911208047e-12
02,118535808,C,T,-0.0390966852643682,1.28780513624432e-20,8.66873136902898e-20
02,118534146,C,CT,0.0469252065572337,5.85718996601228e-17,1.62378327790371e-17
04,100239319,C,T,-0.0477844097399247,3.38871694676967e-08,6.46618009686632e-12
04,100445786,A,G,0.0333744417169033,8.11176256419616e-08,7.40513542503923e-08
04,100506268,A,G,-0.0438749547878526,1.65070323692039e-06,1.34121959129856e-10
16,83980529,C,G,-0.0173971525738148,2.69110418405246e-29,7.11270549801074e-12
10,46018831,A,G,0.0200489235220235,2.74984024173381e-18,9.16853723494117e-12
16,68177036,G,C,0.0260005345853396,7.99533449026761e-13,9.88275320350725e-12
16,67976320,A,T,-0.0410734662534715,5.66343838633468e-10,1.63595239767803e-10
07,87130244,T,TG,-0.0221876115883648,3.47156558425148e-16,1.13421202410526e-11
02,64889908,T,C,-0.0193768925542776,4.30013754654854e-19,1.17209804440308e-11
X,99890204,C,T,0.0188974861474194,2.18184850733313e-14,1.24737814033524e-11
17,46757575,G,T,-0.0174379083768285,2.45648581524564e-14,1.460763220463e-13
17,47038434,G,C,0.0257048112297971,1.46032139757645e-09,1.29322062359708e-11
17,47287067,A,G,-0.0129280892816484,3.10337095319079e-09,3.47616263497671e-08
04,155448758,A,G,0.0764432661317894,7.03413681872451e-12,1.43587761660912e-11
02,113867288,T,C,-0.0148083673389705,7.50237220791914e-17,1.49412888781012e-11
02,113831477,CAATT,C,0.0131376683275028,3.13358054739045e-09,3.37360769456276e-09
01,224558812,G,C,-0.0223139208904605,1.4680312180206e-19,2.86858117151078e-11
01,224451838,C,A,-0.0393178669952218,4.30029490377394e-10,1.70904265232886e-07
06,53509452,A,G,0.0177886969331436,4.24695984941768e-21,3.33437628227189e-11
17,38175462,C,T,0.0172621971698209,1.99059144221605e-22,4.10874162290352e-11
03,170756985,T,G,0.0308970767729891,8.67557385597376e-13,4.54682843916058e-11
22,41314012,C,T,0.0166022526529117,2.33625390867971e-28,4.90504826596314e-11
19,15802686,T,C,-0.0164695660502826,2.77753457476118e-28,5.15207948068033e-11
02,3636478,T,G,0.0244090287810559,7.81331545705015e-14,5.62303813526407e-11
14,64236436,T,TA,0.0241295652962966,3.1556425355615e-14,6.30960481911181e-11
11,75474195,C,A,-0.0281394450955296,7.71151164130193e-13,7.52846010288801e-11
14,94768196,T,C,0.0398533867596202,1.03119894747528e-11,8.68822842632503e-11
05,52095024,C,T,-0.0409505268585486,1.40726752432609e-11,9.06596452299284e-11
20,5580789,C,T,0.0502118863327941,2.43614041644867e-11,9.14781244473054e-11
13,74735830,C,T,-0.0137821624348882,2.64802633561118e-19,1.08203847133154e-10
13,74843791,A,G,-0.0331354439240848,4.18314525091993e-07,7.71868442849048e-10
04,154191226,G,A,-0.0216841729430812,2.31874667921634e-14,1.24447968760715e-10
16,69537460,C,T,-0.0370178547189907,1.33321334409729e-09,1.36778174525392e-10
16,69669655,G,C,0.0319222269876546,7.67744775204007e-11,9.33729697378913e-10
16,69138172,T,C,0.0168860024975468,6.32562324117433e-11,7.66849591321609e-08
16,70791349,C,A,-0.0325501248145933,2.55068248692715e-14,8.08673035345094e-15
16,70752800,AC,A,0.0393994911931472,6.56270501500695e-11,1.6906481143212e-10
16,70334172,G,A,0.0318553941780211,7.17507629198717e-11,3.62414948649524e-10
11,66255515,T,C,-0.0185893433365392,3.90800157982396e-16,2.09765147029419e-10
03,160168769,C,T,0.0159734871697365,5.8422636501522e-26,2.21829083749143e-10
07,75614777,G,A,0.020521058605289,2.44358352193975e-14,2.3464393286246e-10
02,88541064,C,T,-0.0225263656893623,1.50053060804449e-13,2.99098363830913e-10
19,46436564,C,T,-0.112025120065729,6.7833237828575e-28,6.22835863298945e-24
19,46397531,C,T,-0.0406617620401902,4.2833735542267e-28,3.90867770812475e-23
19,46896217,G,A,0.0173489578708419,2.80219409204057e-23,3.2271395541225e-10
11,2963612,C,T,-0.013334211983993,2.26696559550937e-12,4.08176265954739e-10
11,2941324,GGT,G,-0.0221468716816684,4.39241720339121e-07,5.6018642163002e-10
20,62373983,G,A,0.0196752759179042,2.13395243633088e-14,4.4855914137017e-10
10,97962687,C,T,-0.0158523597370838,1.78673436833366e-13,5.29874868665802e-10
10,97502298,CT,C,0.0120090466880982,2.5524286669171e-09,1.2078689081947e-06
12,623468,AT,A,0.0178179368911541,5.20689146742942e-16,5.64426741185715e-10
14,75232306,G,A,-0.0156046794278826,1.64121639211038e-23,5.7677912313307e-10
02,165508389,C,T,-0.0158183763213522,1.24696014915454e-21,6.34566351934331e-10
22,35678256,G,A,0.0169612239055395,1.01031010705988e-17,6.52630322498469e-10
08,74904369,A,T,-0.016575580930009,6.96903577750888e-18,6.76084346995463e-10
01,16512586,G,C,-0.0160197130039935,4.7807719020439e-20,6.9572363003764e-10
12,105546172,A,G,0.0258077239078353,1.44838155779353e-11,9.1001970186675e-10
06,20404420,C,T,-0.0204141548790356,3.38119731013573e-13,1.00122038953711e-09
03,136581611,G,A,-0.0187459053901156,4.40724325365821e-14,1.15121893283614e-09
13,51082804,G,A,0.0183818109019928,5.47311547405925e-14,1.18205147733317e-09
13,51293037,T,C,-0.0162989215537597,2.17729696909017e-07,7.76624667039107e-06
09,78068052,C,A,0.0199356685242743,3.55456296071514e-13,1.27788516841194e-09
12,100789852,T,C,-0.0154997745720879,1.39548817076917e-22,1.28723988922797e-09
19,33820815,C,A,-0.0317472019300162,9.32687234102061e-10,1.34658766753938e-09
19,33757062,T,C,-0.0121218919124269,3.90066780860978e-12,1.32000357006588e-06
10,52373245,G,A,0.0473141302489897,7.57431474620789e-09,1.36606419284384e-09
10,52183063,TCC,T,-0.0130004758157125,1.2358418351295e-09,3.59085719490804e-07
09,78729176,T,A,0.0144887859060583,1.40437412879295e-16,1.45577969904928e-09
09,78748973,C,T,-0.0271270137938325,7.41522261851078e-07,1.47991365633934e-07
12,121358735,C,A,0.0232873281858067,9.54231945539876e-28,3.96010520793845e-18
12,120659997,T,C,0.0127430667906803,1.11312645218013e-09,4.38887271667022e-06
12,57650607,T,C,-0.0197272011202367,3.77672545458173e-12,1.60033817715303e-09
12,57329532,C,T,0.0215279590232368,7.87677990607503e-09,4.25583672364035e-08
20,47705763,GTT,G,0.0163878872443371,1.04158052185556e-16,1.67669368946274e-09
06,143283311,T,A,-0.016852745069389,7.69120081555858e-16,1.7370287747512e-09
11,118594669,A,C,0.016678747994516,3.70894156293074e-13,2.1703831515464e-09
11,118467590,G,A,-0.050885779170934,2.10270117336086e-06,4.24803892109648e-07
04,74177397,T,G,0.0533962488055505,1.0811357607293e-09,2.35941554368094e-09
17,73878654,A,C,-0.0161882717616195,1.76067883096894e-16,2.38314711813921e-09
19,7827830,G,A,-0.0210040588701002,3.17926028465428e-12,2.57271987598414e-09
05,71953629,C,G,-0.018177407071563,1.54829632138042e-13,2.76887539415839e-09
18,55319032,T,C,0.0225076700782506,1.6940220991873e-11,2.95360465589007e-09
22,30617585,T,C,0.0330275941827152,1.01322973631373e-08,2.97803865443967e-09
22,30725274,A,G,-0.0137841520150514,2.34369228901659e-09,2.12412556973798e-07
12,26834804,TACTC,T,0.0150579006578457,3.69324030578274e-20,3.1704125543565e-09
03,69810294,T,G,-0.0156886851805992,1.14082659178442e-17,3.23816710777167e-09
22,24618861,C,T,-0.0163177506967751,2.0768331155711e-12,3.35014939802976e-09
22,24401542,A,G,0.0112215344138059,1.45704125329269e-09,8.52843289652174e-06
09,107564741,G,T,-0.03206073542028,3.09030381546485e-16,7.73772437774112e-19
09,107609476,C,G,-0.0254675360916923,1.64077202340251e-13,2.61725200630632e-10
17,1618363,T,C,0.0190294694353974,6.99943949948451e-11,3.41958430209749e-09
17,1958536,A,G,0.0137327507786556,3.21222514090355e-12,1.87445177007807e-07
02,43987888,CTT,C,-0.0454399670119688,3.14203677759932e-22,4.18200014437248e-18
02,43938274,C,T,-0.0684241949905492,6.28710323562776e-13,3.77948838020118e-11
02,43513799,G,C,-0.0738770375334735,7.65276235307059e-09,5.20159669446748e-08
22,44324727,C,G,-0.0180046157595055,1.69062171197965e-13,3.5630542046043e-09
06,127456122,A,G,0.0148447465636374,1.32361069121224e-22,3.73133633891963e-09
22,19969075,G,A,-0.0180052294924863,2.12044170370369e-13,3.8584486946094e-09
08,21927460,G,C,-0.0189949971280486,1.69022367860781e-12,4.5307147393155e-09
01,91533297,A,G,-0.018447031848861,7.90003592862854e-13,4.68484751692931e-09
04,7212389,G,A,-0.0162866183338692,4.49617632137924e-12,4.8545075063695e-09
04,6978727,G,A,-0.0119429811673997,1.597577139139e-11,5.1706355300407e-06
06,139317827,G,GC,0.0188936843554885,7.64795474095021e-13,4.93242348379043e-09
10,114685842,T,G,0.0186593278744504,3.85974828454522e-11,5.07734616845045e-09
10,114873727,G,T,-0.0134105003513447,1.19242184717667e-13,1.29579537656872e-06
10,114206683,C,T,-0.0185251024148576,1.28604052509312e-06,2.756577145642e-06
17,27463767,C,G,-0.0456960823559379,2.46024323612987e-09,4.9482870422927e-10
17,26694861,G,A,0.0117354474451063,8.12817687648926e-15,3.37794900955551e-07
03,142019751,A,G,-0.0217189320896613,2.58352049452414e-11,5.18700755614181e-09
07,155026733,G,T,0.028036082640587,3.34677218116407e-10,5.37598855234966e-09
16,14392641,C,T,-0.0151987494720123,5.09483488492653e-18,6.06548697549158e-09
10,88550747,T,A,-0.0181389725680865,5.48311573971028e-13,6.46353393072085e-09
04,8229713,G,A,-0.0167147231773369,1.20985166833048e-13,8.27307661322839e-09
16,79504057,G,A,0.017136065878936,8.62103827915121e-14,9.13264086950179e-09
04,120141320,G,A,-0.0216286080415311,7.31228474994953e-11,9.61852795892477e-09
13,41652040,C,CA,-0.0275050936739678,6.93039073563241e-10,1.10244566865147e-08
22,46633782,G,A,0.0187877694363814,5.92866138540586e-12,1.16989484454184e-08
17,40446919,AT,A,0.0160373422982323,6.38321835977333e-15,1.18913033872706e-08
22,50866353,A,G,0.0155870343885999,1.03729368371556e-12,1.30551505481994e-08
22,51094926,C,T,0.0134822237036149,4.29733521683845e-07,7.17477043026829e-06
05,131638817,C,T,-0.0193982451971811,1.73195139136963e-11,1.35735135872593e-08
02,46166321,G,A,0.0146866434345045,1.21240693401017e-13,1.36925640538114e-08
02,46559412,GAAAAA,G,-0.0133122649712648,2.10013408779052e-11,4.73241603679301e-07
02,70423835,T,C,0.0144803116426375,3.71152779832095e-19,1.38215421163845e-08
05,141911176,G,A,0.0224520204386441,1.93693860550201e-10,1.42597653914459e-08
10,65271488,A,T,0.0142651406602682,2.16056877162346e-21,1.45340309222829e-08
03,12330411,G,A,-0.156531929689299,-99,9.07012167077235e-11
03,12628920,G,C,-0.0425759767439081,-99,5.84962896635875e-23
16,72079657,C,T,-0.110606048127403,-99,7.50899531129991e-75
06,101017321,G,A,0.0303341494660237,-99,1.5697523561177e-09
09,107589744,C,T,0.0988340787217046,-99,1.79155283840479e-45
06,160564476,C,G,0.104543638458739,-99,8.14456592836688e-44
