chrom,pos,major,minor,beta,p_value,gwas_p_value
19,11186711,T,C,-0.208539425233664,0,0
19,11192226,T,C,0.232586675439694,1.97832010050807e-308,6.47916367806081e-27
19,11231203,G,A,-0.324021038672831,3.1570969361052e-184,1.13174189562891e-155
19,45296364,G,A,-0.385190404628143,0,0
19,45319631,G,A,-0.421857965193098,0,0
01,55505647,G,T,-0.421011030810053,0,0
01,55521109,A,G,-0.0491341195894551,9.30232185212531e-158,6.01521956787029e-81
01,109816863,T,TC,-0.13774327098407,0,0
01,109815368,T,C,-0.125884494317667,4.64853134563438e-95,9.73290813959897e-57
02,21290067,T,C,-0.105915544128583,0,1.25334693891279e-308
02,21266774,GGCAGCGCCA,G,0.0710004983233938,1.76437628793512e-298,1.37746632932174e-307
02,21233972,T,C,-0.123469410994953,1.05830821808494e-88,9.89374169142527e-87
08,126500031,C,G,-0.0861068423944,0,4.39888145355847e-246
19,19379549,C,T,-0.151213474923109,1.67027722903248e-257,8.03346319910355e-214
19,19396616,C,T,-0.182625478490473,5.83611386164296e-59,1.20465402692534e-49
05,74656539,T,C,0.0759847984618956,0,2.82212232368812e-194
11,116648917,C,G,0.10519051297779,3.38866276105756e-232,1.97962552372452e-178
01,62955862,T,C,-0.0725481889817153,0,3.55976801640153e-168
02,44072576,T,G,0.0597693830922197,2.07490054593892e-211,6.74608034623848e-149
02,44069772,G,A,-0.104672765428246,3.86737482502976e-105,4.24963863538968e-133
02,27730940,C,T,0.0645008874020108,0,1.08345661456076e-139
15,58723675,C,T,0.076562030389462,3.2743792129177e-179,4.03214360916998e-132
15,58679807,CAGA,C,0.0653568304531696,1.58967554686004e-237,5.75837184478707e-129
06,160985526,G,A,0.11824921414993,8.54493420289816e-165,7.60611977050936e-126
06,161013013,T,C,0.173813720773266,4.18764856868237e-66,1.90173204184944e-55
09,136149711,A,T,0.0758312334296145,3.28330189628636e-174,2.87163568866621e-120
09,107661742,A,C,-0.060107764651431,1.14072878003041e-145,1.22681397859827e-105
09,107589744,C,T,0.0488374514274087,1.04667454781197e-53,1.79155283840479e-45
09,107647019,C,T,0.0491345377711826,3.54373466887779e-38,3.78723003858159e-33
11,61575158,A,G,-0.0540379052323313,1.17009185641965e-189,2.88868971257446e-93
16,72101525,C,G,0.0386243145203055,2.37931057243064e-45,2.15106410396312e-89
16,72144174,T,C,-0.0519376699738866,3.215738247081e-79,2.46230499796656e-46
05,156390297,C,T,-0.0514097555622376,2.18043484517281e-184,6.6641155111481e-87
08,9183664,G,A,-0.0958717106130491,2.49444317956539e-127,1.16379945582055e-86
08,9183339,C,T,-0.0342302253587067,3.34912007181612e-56,1.23577584116828e-14
20,39179822,G,C,0.130100259417286,5.16858535267251e-71,1.86112249278716e-86
20,39656342,A,G,0.0353121390190046,6.30332431203147e-75,9.48916060980602e-49
20,39192317,C,T,-0.0270674479391811,1.90539536674045e-36,3.57664056602041e-38
01,234852760,T,C,-0.0463500921818526,3.6266091648504e-214,5.33728348801298e-76
19,45382675,G,A,-0.413631014713691,0,0
19,45386467,G,GTAA,0.140189817397559,0,0
19,45387034,A,C,-0.307979891483469,0,0
18,47109955,A,G,0.192904048064053,3.11510705678791e-72,1.27646314583672e-72
18,47158186,C,T,-0.0532566206857751,1.09439936567751e-85,5.95739774972927e-62
17,67081278,A,G,0.134678556833399,5.91365399845828e-61,1.46907340162001e-63
17,67082962,C,G,-0.0400236238346138,7.48412066858603e-40,2.94425240883244e-35
19,49206108,G,C,-0.0417080858102456,3.54365758953114e-177,1.19918909404313e-60
20,43042364,C,T,-0.114916463952498,2.27412308836963e-61,1.10023138795363e-57
06,32535637,G,A,0.0449736037265597,1.37370609126677e-42,3.12017426605506e-53
06,32587213,C,T,-0.0272118920198169,2.97377226277674e-53,8.38184728813723e-46
X,109840233,C,T,-0.0323285654528972,9.90762064515275e-98,2.40036465075801e-52
12,121416650,A,C,0.0410172546906959,6.35835096154174e-97,2.27914472992656e-51
20,39755154,G,A,0.036476364623089,4.09197218243508e-116,4.06292810402592e-49
20,39301495,G,A,0.0509643683006412,6.12105356457705e-23,1.76266810979326e-21
20,39267671,G,A,0.0883359718658353,1.63515697705337e-17,8.87464020278759e-17
08,59393273,G,A,0.0357013110781389,4.59998037621592e-80,2.90716364690048e-48
08,59406545,C,T,-0.0483407837690718,4.6883066364932e-16,1.16734524710018e-22
16,56994528,C,T,0.0311713882825275,8.31040858293347e-57,4.83517405514738e-48
16,56999258,A,C,-0.0322169753340527,3.74324397635883e-33,1.55204123069509e-41
07,44581986,T,C,0.0471191326579103,8.29797257562609e-58,4.25565187188541e-45
07,44599206,G,A,0.0178400314022519,2.30528385697297e-25,8.66352725907386e-10
19,45134682,A,C,-0.251562252836439,7.56910702239705e-200,2.80362554087334e-181
19,45107114,G,A,-0.150353345785269,4.48278693074027e-83,4.52036673032933e-70
19,45129089,C,T,-0.118070537576324,1.77438788160869e-35,1.006159552365e-28
19,10952958,A,G,-0.0769724883320367,9.4046122972219e-190,4.39569817149273e-119
19,10865095,A,AT,-0.164355702854588,4.23330244659896e-81,2.90952027805907e-72
19,11097709,C,T,-0.158243829236058,2.93925966149527e-40,3.364807626967e-31
06,31324194,G,A,0.031928333480389,4.54653865587158e-40,1.78420215957066e-41
06,31569901,C,T,0.0212338134222353,1.4561239107037e-17,3.42289626809124e-27
17,45671778,C,CT,0.0342114278857563,1.52451532780464e-119,2.07753652732667e-41
01,220970028,G,A,-0.0363391859235571,1.18561055418198e-72,3.45644196072979e-40
06,26093141,G,A,-0.0652222971182548,2.80203412315696e-51,6.39375892922907e-39
06,26104632,G,T,-0.0262226309758167,3.75645491373784e-18,9.07481020503035e-09
08,18272503,CCATGAGCTGCCTG,C,0.039202224660745,3.01752244701001e-59,1.82911725997962e-38
07,21598753,G,C,0.0330164256561468,1.46658892278624e-38,1.22430246941214e-37
07,21499857,G,A,-0.0251684875976234,2.35430327150035e-34,6.72838166491916e-31
04,3452345,G,A,0.0343094563030354,9.34978192767752e-73,6.03436233818213e-37
08,116658583,G,T,-0.0351380031697133,9.63062403341006e-64,3.37357856699912e-36
02,20372547,G,C,-0.0326203853064413,7.62482505101523e-70,1.36893569740309e-35
02,20424062,G,A,-0.0214640669027556,7.496000380268e-23,1.87861730626387e-13
02,20852025,A,C,0.0553473748033674,3.58159684539712e-13,1.29215697961758e-11
02,203556224,T,TA,-0.0314220796634521,3.83268339548857e-93,4.50592131263056e-35
04,69373407,T,C,0.027325622703311,2.04008051975717e-23,2.35087589217964e-34
04,69533221,A,T,0.0185743964075529,8.3368003595836e-18,5.18691291605058e-14
04,69342169,G,C,-0.0182484051385642,8.6884675482807e-18,6.7473678632934e-26
01,25769209,GA,G,-0.0306016326016526,6.08506177060527e-85,1.0649739902229e-33
11,126238633,T,C,0.0433333345012539,6.2874449255509e-36,1.960742404294e-33
11,126187837,T,C,-0.0160189894299457,3.946220724491e-23,4.1917667541968e-12
06,160894878,T,C,0.139654659192165,8.7635347804458e-53,2.21507956863025e-45
06,160543148,C,T,0.0818385644516964,7.13461172652133e-70,3.44636008830085e-45
16,72078989,TG,T,0.0506611971765406,1.56866189411659e-75,1.32970680544244e-87
16,72067332,C,A,-0.089406712188946,2.13444478686041e-27,2.52578701313981e-26
10,113901637,T,C,0.0331248946676525,5.18939366277429e-44,2.18900810795976e-32
10,113986840,G,A,-0.0209243873232997,1.839288227736e-13,2.4266703259678e-13
13,114551993,T,C,0.0316371435436539,8.86376945640289e-62,3.35610572431332e-32
20,17844684,T,G,0.031183446121097,5.20389585316062e-63,5.12764216112594e-32
03,12239931,G,T,-0.0284562298469739,3.73687873260653e-29,1.31824745424374e-29
03,12628920,G,C,-0.0215625242623068,1.01377173188959e-13,5.84962896635875e-23
03,12330411,G,A,-0.0844390693408003,1.82898971785541e-11,9.07012167077235e-11
06,16126673,G,T,-0.0283393096413638,1.68580927368392e-74,3.09760200307469e-29
17,7080316,C,T,-0.0340034669526108,8.36733483324457e-36,1.88871887231956e-28
17,7563827,A,C,0.0227332425271881,6.42657215816627e-14,1.06463473653598e-12
19,45913250,C,T,-0.193401611327372,8.39899556599136e-79,4.11619904110325e-73
19,46380325,T,G,-0.0452815732593808,3.99144026839085e-38,6.10573818662639e-27
19,46363609,G,A,-0.0886091656669862,1.99991861230008e-12,2.9185475838254e-10
06,30073847,T,C,-0.02265990524829,2.39991989239132e-31,8.40326697919062e-26
06,30075105,C,T,0.023561924548145,3.37020375084518e-27,8.29431436039056e-11
12,111973358,G,A,-0.0263344520023612,1.15189023710587e-70,1.49732462813542e-25
16,72256903,T,C,0.05215554244389,2.70137679237197e-65,2.4271199278112e-41
16,72265795,TATACTTTTGGGAA,T,0.0293983092337682,7.27605254573703e-28,1.61922713983048e-11
16,72252600,C,T,-0.0681227179818441,5.55351045206894e-17,5.01692834616972e-23
04,103188709,C,T,-0.0488384685021428,2.34202552585812e-28,1.56291785042166e-24
13,32976656,GC,G,-0.025932960202201,4.01159375041926e-67,3.90690395000253e-24
06,116321429,G,A,-0.0255292346205401,4.74481893599208e-56,1.06088006745324e-23
02,169831177,A,T,0.0258704420058472,4.80956284230373e-53,1.16678546247856e-23
11,122509237,A,G,0.025701761098973,2.02540853230349e-49,4.28906114683613e-23
10,94839642,G,A,-0.0248039707254111,2.18739646648944e-57,7.01869246067584e-23
08,55436793,G,A,0.0303396231298144,7.88428930627909e-34,1.0370566603198e-22
17,76402105,A,T,0.0245075410527974,7.8186050469736e-64,1.84388002050826e-22
06,34622561,AG,A,-0.0383071457624144,6.55249944837204e-28,2.19653872526656e-22
02,118845121,G,A,-0.0373887177836514,3.5013696802511e-23,2.37205073713678e-22
02,118860561,G,A,0.0399473442291462,1.26041170774944e-18,1.64036436823944e-19
09,15303583,A,G,-0.0351487026089931,1.52231993023961e-28,5.21429532212286e-22
10,71094504,T,C,-0.0385196304288487,9.56454349292021e-27,9.51694988631376e-22
14,24871926,C,T,0.0241685171002883,6.1367318909431e-55,1.43486611320252e-21
05,74816944,C,G,0.065436685037562,1.91066740219578e-197,5.75198975381474e-168
05,74733593,TA,T,0.0226311813297763,3.04281386713111e-10,1.68877161594682e-52
19,19717056,A,G,-0.13107713582459,2.21957885655055e-176,1.27048457615105e-149
19,19855549,A,C,-0.0825999280763316,2.51986483376729e-23,2.10536457945367e-18
12,123761686,A,G,0.0398494582373786,4.39922914734452e-24,4.00941686122881e-20
20,34120437,CACACACACAA,C,-0.0288329943264855,2.17510924882979e-29,6.26059001472557e-20
03,132217703,G,A,-0.0552040344624989,2.51744988935254e-25,1.38483563989384e-19
03,132197995,T,G,-0.0308465954617711,2.89463497627257e-21,1.5585740635816e-13
03,142648844,G,T,-0.0247779943308121,1.74251116911279e-34,2.8350221579184e-19
02,62988169,G,T,-0.0242039608432148,3.7537694316644e-35,3.92893295442445e-19
11,103870621,ATCTTG,A,-0.0286506377078242,1.50132474636339e-27,4.1498900191108e-19
16,71437689,T,C,-0.0292593927351837,2.12264100726926e-26,1.52079909357817e-21
16,70876611,C,T,0.0430432461898558,1.28682681954663e-11,5.79418643288828e-12
16,70769812,G,A,0.0338319702859334,2.18590631279221e-11,2.53988952340881e-09
03,58398215,C,T,-0.0406141542791744,5.1559105721291e-22,6.78360400819409e-19
10,124686656,C,T,-0.0223951646175241,8.56697089109761e-44,1.04753606729207e-18
12,9090668,C,T,0.0264195645328261,9.38890136458398e-29,1.30587999159706e-18
08,145050358,G,A,0.0228029506035308,9.40920893602337e-39,1.98377086577435e-18
03,119697032,T,A,0.0228187791529722,2.34243121152377e-38,2.12753146501334e-18
07,1032637,G,A,-0.0270342726113763,2.87965104156533e-27,2.32457784490627e-18
01,23795171,C,CTT,-0.0330774791613652,3.40552699490269e-23,2.40168841945572e-18
06,135418916,A,G,-0.0249062400835236,4.17563695824529e-30,3.31857998215199e-18
06,31025713,C,A,0.02501088746806,9.30281681851918e-42,5.23983384915054e-32
06,30221891,G,C,0.0339952458954138,1.21591497759306e-23,3.77164310606411e-20
19,58662235,C,T,-0.0309295451514686,7.51173139651925e-24,4.20616988941294e-18
03,32527218,G,A,-0.0380706382779519,6.64947770031175e-21,8.81168729800534e-18
05,122902603,G,A,-0.0214310574727708,4.0317132854865e-44,1.8952400061027e-17
12,110020894,G,GT,0.0221480785819396,1.46542190518954e-38,2.02914816734575e-17
12,4384844,T,G,-0.0811166776959311,3.76177423365892e-18,2.56346929845608e-17
03,122285218,CT,C,0.0229913564330322,2.2472001342566e-31,3.58403019156808e-17
19,50016759,C,T,-0.0247136599565924,2.28396698355819e-15,4.59916934598709e-17
19,50028306,CCTGCTG,C,0.0181595745230284,1.23656958773682e-15,2.07518009964265e-15
22,21916272,C,A,-0.027513304368732,5.05120582439615e-24,6.62132172407752e-17
09,19357230,C,G,0.0350064145139112,1.45098682310691e-20,6.84448430733852e-17
06,30187290,G,A,0.0818240032378916,-99,9.80051246912451e-19
16,72079657,C,T,-0.110606048127395,-99,7.50899531129991e-75
06,160564476,C,G,0.104543638458727,-99,8.14456592836688e-44
