chrom,pos,major,minor,beta,p_value,gwas_p_value
04,77410318,C,A,0.0527206123114331,0,6.44939362806125e-137
15,45716425,T,C,0.0537481072978711,9.75820024827732e-284,4.50981803188523e-132
16,20392332,G,A,-0.0622066495237344,2.2509436666868e-178,1.95721162142179e-119
07,151411494,G,T,0.0519010074358164,8.81264375530307e-193,1.68108576647625e-108
17,59456589,T,C,0.0547169935382984,9.69659572669584e-108,2.61808618720379e-85
02,211540507,C,A,0.0432606600539709,5.57864533174105e-154,6.19918491072763e-81
02,27730940,C,T,-0.040915324380087,2.21940297787743e-181,8.55707209133994e-80
05,39394851,GGCATTATT,G,0.0405246466249532,7.2865623156199e-195,8.720464348958e-80
05,176813404,C,T,0.0434845333560016,3.14582475613215e-113,5.34140925016615e-69
18,77160235,A,C,0.0361997410345961,4.21286131991644e-186,7.04088339277319e-64
07,1286567,T,G,-0.0398401927155448,9.93944654590094e-123,1.43220059262907e-63
17,19474875,C,T,0.146670725667743,1.55534749611399e-52,1.57180600970859e-61
17,19438321,T,C,0.0223497588391457,1.65446459363564e-52,6.65618650164287e-34
06,160668186,CCT,C,0.0494428288885,2.39501748848919e-71,2.66765010641809e-60
06,160669081,G,A,-0.0442343416461667,9.1327756128944e-39,3.00464395752369e-43
06,160492181,C,A,0.0226902297166628,2.56790437062869e-43,4.66471117605906e-11
15,76246609,T,G,0.0373277607619431,6.69319302198443e-92,3.39498439801287e-60
15,76145780,C,CA,-0.0591810181293188,1.90397999619585e-19,5.77595098600481e-25
X,106501218,T,G,0.142840225768566,2.78483752662297e-60,2.26814831951571e-59
19,33358355,T,C,-0.0333691405412784,2.25651417326212e-122,9.50933481176506e-54
06,43806315,CTAAG,C,-0.0349528437782343,1.18968215659515e-97,1.33949989963203e-52
08,23715871,T,C,0.0330614105620983,6.30743009995527e-126,4.201472724482e-52
02,73850820,C,G,-0.0368660035438797,8.73669683419391e-77,7.82066010222751e-49
01,150940625,T,G,-0.0371753054221397,6.41880204435196e-75,2.01097602715247e-48
11,30760335,T,C,-0.0379032404764908,1.66238954405222e-166,7.83388110167855e-48
11,30749171,GTTCCCGCTCTGTAACTTATCAAC,G,0.0967494026384584,1.078283386562e-67,3.54598944765934e-46
17,37450083,A,AT,-0.0264973581761077,7.74494333601224e-42,4.24094037245656e-45
09,71434707,C,A,0.0281217396344345,2.70705405690931e-75,2.36281444357929e-42
09,71172306,A,C,-0.0209723222304689,4.45735372454161e-18,2.01050834578926e-18
10,899071,A,T,0.0499242181202844,1.65278794577717e-45,1.11860449902276e-38
05,53304991,C,T,-0.0401611541327391,1.97303697895618e-38,4.45876867726042e-37
20,33287782,T,G,0.0267962401012913,2.07019737116766e-80,2.17166134363677e-35
07,77515422,A,T,0.0288367989147616,6.37373167108379e-63,2.97554885941441e-35
03,141700316,G,C,-0.0272685006436789,6.46402523988592e-49,4.06424241268996e-35
03,141859885,C,T,0.0273687672004456,3.71408538899697e-14,3.08135332829291e-18
17,59435497,C,A,0.0269613103057838,1.73540321260079e-46,5.40869305342992e-28
17,59435833,C,A,0.0568548380133703,1.23262302493726e-14,3.51316077672289e-11
01,113255456,C,A,0.0399987684940088,3.05301961716565e-47,1.34371339264503e-34
01,113254648,A,G,0.0374116605401207,3.15424838820102e-10,1.28442731878183e-07
15,53975914,G,A,0.0257901862512913,1.5762353457026e-94,9.07742841200055e-34
11,2179352,G,C,-0.0303615674754919,5.52013126800417e-54,2.28701118763588e-33
15,75027880,C,T,-0.0245392646805766,1.6998027905885e-38,1.04979858432861e-31
15,75129584,A,C,-0.0523180425066421,8.10057697407408e-11,8.91259897446178e-19
08,126482077,G,A,-0.0243842987398261,1.15995078109523e-87,9.97363859608635e-31
10,52648454,C,T,-0.0310501624852233,5.46550371437439e-41,8.59282055791133e-29
05,68043900,C,T,-0.0398793400483515,3.294853793387e-30,1.37132660268938e-28
05,67741066,T,C,0.0294487779749215,9.59393436574918e-22,9.86631511851676e-21
20,52731402,A,T,-0.0201574907530558,8.66571317572504e-26,2.82948671525878e-28
20,52737123,C,G,0.0195331280092269,1.41192638298707e-22,1.94475971439569e-26
20,52788925,A,G,-0.0317012413924437,4.88476400723068e-12,2.6429907792528e-16
02,217674006,A,ACACACT,-0.0250541511360054,1.11745806128974e-66,3.18613764692582e-28
02,217975942,G,T,-0.0168116583689616,8.89160028483243e-10,7.46323449944213e-06
02,15782471,G,T,-0.0241520242537144,2.33657180694574e-57,4.45416519392095e-28
12,348785,C,T,-0.0243106345038614,4.30500011347372e-54,1.20575350535401e-27
02,176993583,C,G,0.0691359515094484,3.16264562574249e-25,1.21247236629461e-27
02,176974104,T,G,-0.0213745922970445,1.44101047489834e-36,1.72009752508986e-26
02,177351938,T,G,-0.0151514481660543,1.33311386802942e-09,1.95099183914196e-06
08,9173358,G,A,-0.0198263146199556,1.98947244632977e-30,1.48777627399686e-27
08,9013932,A,G,-0.0131329088181567,1.2974656373531e-09,1.15863983834795e-16
21,16576783,G,A,0.0225784678221975,7.40884660208757e-36,1.24703083979808e-24
21,16782627,C,T,0.0128850757343237,6.41902316238026e-11,4.66340999789637e-09
X,18597869,C,A,-0.019321449085316,9.90504025760025e-39,1.37693914698777e-24
07,46753491,A,C,-0.0223219044800639,1.92474508939696e-51,2.53454125898472e-24
02,121306440,G,A,0.0218457839015666,1.81551534526473e-53,3.17082690006272e-24
02,120936492,A,G,0.0412818704673425,2.407160460329e-14,8.89753580391616e-14
02,220353440,G,T,-0.0203362789953751,8.31203050417114e-33,8.95119862172446e-24
02,220300965,G,A,-0.0321554733892579,7.38251093734391e-07,3.96819450609996e-12
10,94839642,G,A,0.0211790969392798,4.58241075279968e-47,1.280553046512e-23
10,94926418,AT,A,0.0130265758386205,1.47593319588607e-07,1.0484474238883e-06
01,109817838,C,T,0.025122063933868,3.35977026817065e-29,1.3382326205767e-23
01,110013112,G,A,0.0198612767862312,5.82456129947642e-21,9.00486875980525e-17
07,155633556,C,T,-0.0209797281872343,4.9784331405066e-36,2.46274195790367e-23
07,155670175,T,C,-0.0591299821542586,1.53803017716712e-13,2.44528121133399e-19
07,155662382,T,C,0.0225061876057439,7.96698886268668e-13,9.74376414036807e-11
12,3390803,G,A,0.0506989437479259,2.95510503803002e-30,3.6654657554538e-23
12,3346767,CTCT,C,0.0299561942883318,4.10991908327279e-19,3.00074406669246e-14
12,3263507,G,A,-0.0173635036097234,1.13118346090315e-13,4.22462385268828e-07
01,201016296,G,A,-0.0319997025130415,2.00077200646946e-28,1.08625438414222e-22
22,40892794,C,T,-0.0327987374628933,1.00054126291755e-22,1.71763537606335e-22
22,40612156,C,T,0.0163154245177807,2.96488105838039e-13,8.837976269366e-13
15,41400563,A,G,-0.0206401702153808,5.76809372497888e-57,2.8633760064725e-22
06,31782285,CA,C,0.0199379831319596,2.52833052976629e-35,4.27880797657521e-22
06,31475624,G,C,-0.0182651361429599,1.61755198254101e-13,3.02335767192745e-13
06,31380404,C,T,-0.0249624569194537,7.25196700663737e-07,6.76788159397817e-06
02,178136077,C,T,-0.0209682877434419,2.81758097257123e-46,7.36086723631492e-22
16,89703519,C,T,0.0212157314529947,6.43670537630324e-31,9.07353093816428e-22
16,89325446,A,ATT,-0.022982719131888,2.36893471938001e-12,3.9786294745936e-12
16,89571309,C,CT,-0.0137928181270569,4.550498879599e-15,4.9969013922396e-08
07,17284577,C,T,0.020944830702624,1.14227573050682e-44,1.40941132957424e-21
19,38284699,G,GA,-0.0211876091634886,7.23552597577832e-48,2.35210301097843e-21
06,7132602,CT,C,-0.0208345029595337,2.68418923396093e-35,3.60426006554969e-21
06,7307817,C,T,0.0125353776849852,7.25266279612795e-09,3.75009442541456e-07
02,148941091,T,TA,-0.0201744551012524,3.82604289075842e-52,4.1946327944542e-21
07,75615006,C,T,-0.0219766837523889,1.80472023971e-36,4.81521256042554e-21
X,125602945,A,C,0.0169389914907841,5.83365023453823e-39,5.72259880771879e-21
16,51736894,CT,C,0.0235884286980613,4.32316158775032e-33,7.55173041878069e-21
13,50565104,ACT,A,0.0682812760235103,2.57153231612059e-19,2.42284838263093e-20
13,51064533,CCT,C,-0.0161735057974752,8.43995643622419e-18,6.48524335699964e-13
04,103684014,A,ATTAAGAAATAC,-0.0196075986948088,1.13409874154033e-55,2.93869389235662e-20
13,51145989,C,CAA,0.0166102258481616,1.43638442464488e-25,4.45432242648721e-20
13,50655989,G,T,0.0600700309002378,3.26236047136064e-14,1.60243501440562e-19
13,51254196,A,G,-0.0128939034365497,4.2552160271702e-14,3.00771520511553e-14
19,45392254,C,T,-0.0256236201289887,1.5055132380963e-27,9.14054000465373e-20
11,65143892,G,A,-0.0518165883956119,4.26236805105278e-20,1.05057278437316e-19
11,65557116,T,TG,0.0188144343143378,6.04548449105001e-33,1.59667359858477e-18
11,65169319,C,T,-0.0551274117542183,2.42478016210658e-07,2.93813208068254e-07
12,15321921,T,G,-0.0239233354234054,6.29530445552664e-29,1.08263933366003e-19
18,59350507,T,G,-0.0229030090315791,4.98851094589218e-30,1.3293773085948e-19
21,35356706,G,A,0.0263677479961067,1.07530437051774e-25,3.3132827650867e-19
02,26023496,A,G,0.0524887109306582,2.07765536713439e-19,3.40559416308884e-19
02,26054731,T,C,-0.0264570610298881,1.6609575899088e-08,1.10817885161902e-08
06,130349119,T,C,0.0219730721941755,4.70397884829319e-30,5.01497238037163e-19
06,108962642,C,T,-0.0257417627503606,2.41324170316036e-25,7.28155384385974e-19
03,38487802,A,G,-0.0196697850842893,6.04152240125991e-35,1.80866782624726e-18
01,184672098,G,A,0.0621486535853281,2.13887905302361e-16,4.5075890085685e-18
01,185028360,T,TA,-0.0113381160983135,3.78258245749618e-19,5.33663213015327e-10
15,77247554,T,C,-0.0727498132292541,2.25314672045299e-20,5.71440829468628e-18
15,76881047,C,T,0.0544919245716165,1.19443416399424e-12,1.72960470188384e-11
15,77312095,CGGGTGCAGGCT,C,0.0169054964673914,3.68435771012362e-15,8.28542729037625e-07
02,43517088,C,T,0.0236336074681675,3.11275503942318e-12,1.25691177481011e-17
02,43439332,C,T,0.0161039515429324,3.22510195514496e-18,1.17433710023309e-13
02,43796865,GCT,G,-0.0117155697527689,1.04502971371166e-11,6.23542254379401e-12
03,185327942,CTTTTTT,C,0.0178020390457819,4.25970987787052e-23,1.68470217120249e-17
03,185818559,G,A,0.0192324589732657,8.56710814539595e-11,4.04282758159522e-13
03,186452885,A,G,0.0185830110238051,3.17594786367317e-36,1.89427763868153e-17
02,170012199,C,T,-0.019058487394981,1.19159517986162e-21,2.80656436847137e-17
02,170089092,A,G,0.0230629364383912,9.42597711281591e-13,1.66339032307957e-12
02,170205123,C,T,-0.0551469387759265,2.6244755903929e-09,3.44253548936475e-11
06,51509617,T,A,0.0167485333949686,1.62475291631654e-20,4.6757342437803e-17
06,51688071,A,G,0.0124110057456944,2.58890457370297e-13,1.05845148855998e-10
06,51497503,C,A,-0.0371000417256491,1.97233663714782e-07,7.6843928913009e-11
06,32491969,T,G,0.0174348893140592,6.38039865076921e-26,5.42808003452618e-17
06,32117971,T,G,0.0149778398872615,3.11587360353601e-10,1.43027210756319e-12
06,41681622,T,A,-0.0177303967820811,2.99284501580449e-43,6.03985375909188e-17
02,18676276,A,G,0.0189024413033862,7.69018656545934e-31,7.56898852146543e-17
12,57696677,G,A,-0.02052801389933,1.69851648737373e-26,7.82062788606316e-17
01,221001142,A,C,-0.0296413604565914,6.11878975688963e-20,1.15411199800421e-16
11,15879946,G,A,0.0183990592053093,2.23136246878097e-33,1.35425394061409e-16
08,145018354,C,T,0.0373385685124875,1.99180538573339e-15,2.18986427069156e-16
08,145504343,C,T,-0.0105219855118276,5.13866710980479e-12,1.56024828617531e-08
08,32327546,ATTTT,A,-0.0177556826814086,3.3926878406772e-41,2.28596032175538e-16
18,46469962,G,C,0.0179986650604962,1.53949561426938e-37,2.34721315089382e-16
18,46312960,C,G,-0.0171543781968922,6.95857903629318e-09,2.05410797273597e-07
11,2798804,A,C,0.0185273052894836,1.14846894890961e-28,2.38869486762389e-16
11,2662265,C,T,-0.0125724045177082,1.99910125339684e-08,4.42783796027987e-06
11,3090644,A,G,0.0119966150421026,9.68793417649989e-07,8.2876850591539e-06
15,83461873,G,A,0.0212175512258799,4.20850684859267e-24,2.94260932772702e-16
01,82957845,C,T,-0.0179469812522353,3.0718074817195e-33,3.26644559593776e-16
20,62470872,C,T,-0.0148609337726598,3.45201248169022e-22,6.06216301239962e-16
20,62152519,C,G,0.020973411892763,2.62375888488991e-13,1.13372072025941e-13
20,62383074,T,G,0.0235606825929775,3.76298587136021e-10,3.36716295682552e-13
18,5575354,T,C,0.0173941307974416,1.71494008907073e-42,6.57819027021829e-16
02,54871277,A,T,-0.0178622075443126,4.93742906558997e-23,7.1417387663296e-16
02,54573489,A,G,0.0160154426621548,1.03913391612944e-11,1.77156283125532e-10
03,136243345,A,G,-0.0179475848733735,1.24478072204165e-30,7.6413089907242e-16
01,46276838,CT,C,0.0213344486877785,1.38482202078637e-25,8.22128280090157e-16
X,131236475,TG,T,-0.0152833367657914,2.15332792698322e-24,9.96780159210999e-16
01,78148776,C,CGCCGTCGCA,-0.0208920964980565,1.99881429611416e-23,1.0131948090356e-15
09,119309525,G,C,-0.0170278974811002,4.01060181006213e-43,1.06842396056765e-15
01,56617947,T,G,-0.0173991532247028,2.83348863009966e-31,1.0868884062595e-15
01,56911299,T,C,0.02464312337546,2.38797800350026e-06,3.63941540351948e-06
10,126483094,AC,A,-0.0194698405046415,5.49065667480108e-19,1.48554830831795e-15
10,126617456,C,T,-0.0163582027016798,6.47075119198228e-07,5.78444622499006e-08
06,31692163,A,G,0.0168972676740479,8.74031464984481e-24,4.18665606504498e-17
06,31270530,A,G,-0.0168810070989596,5.82862663609317e-18,1.71193727634948e-15
02,293688,T,C,0.0176741007810138,1.39718169427507e-30,1.78246446760334e-15
02,233707891,A,G,-0.0175588024193013,6.6878257784721e-33,1.81978782368678e-15
X,133840471,T,C,0.0162336881280759,1.51996919476743e-21,1.89099509562077e-15
X,152907479,T,C,-0.0140708129996121,3.232674134272e-32,1.90057199811387e-15
06,34234953,C,CA,-0.040175643450087,6.12331048888594e-17,2.74401001264965e-15
06,34549997,C,T,-0.0236696872590414,1.41969028875656e-08,2.61540709945369e-07
06,33784833,C,G,-0.0103082439480911,6.93682601688315e-12,4.11374623974626e-06
16,73024276,C,T,-0.0176302384001061,8.39125624179924e-30,3.87680256776314e-15
16,53240285,AAC,A,0.0188404951004403,2.98606957882213e-26,4.05067042309936e-15
11,5575976,C,T,-0.0190439311968865,1.56210987880002e-24,4.26941959071325e-15
02,122001267,A,G,-0.0173732269105348,1.18052614786406e-30,4.70971269168668e-15
03,121641329,T,TA,0.0166534499077443,1.97526153939821e-40,5.29395602359438e-15
01,243449881,A,G,0.016600081074319,1.28652065829546e-37,5.68340373922668e-15
02,40680149,T,G,-0.0186403586882963,6.62104238443291e-18,6.00154802969693e-15
02,41103527,C,CT,0.0117031432210196,4.12824033240175e-14,8.24441852281212e-09
12,121416864,C,T,0.048845930897482,1.31349691684648e-15,8.08400393504245e-15
15,63492027,A,G,0.0163358349216788,7.93896595785846e-38,1.14737985038739e-14
09,136146597,C,T,-0.019012403535274,3.03590168395385e-24,1.22034498796414e-14
09,140358556,C,T,-0.0298785086770934,8.10937871930344e-16,1.37138075295556e-14
09,140130606,T,A,0.0180076724810424,1.92814562243611e-13,7.71548450270312e-11
17,54749000,C,A,0.0173372558852196,1.8070614357423e-27,1.4318875576846e-14
03,195635432,G,A,0.0529557572485545,5.08140904416398e-17,1.46707912065671e-14
03,195599085,T,C,-0.0118829919025023,7.60153996088022e-19,5.87178120557683e-06
19,36342212,C,T,-0.0175022272390261,2.64790072984149e-26,1.54065981161082e-14
15,39278107,C,A,-0.0163717823208578,5.09331858288437e-34,1.58544994496495e-14
13,72345089,T,C,-0.0166396078505215,5.96183246102987e-32,1.64599014250195e-14
17,37686115,A,AT,-0.0254035617383746,5.09392552829154e-39,3.30782929740852e-43
17,37768684,G,A,0.0547806603086818,3.29242214531597e-08,1.11353400066271e-15
04,144355290,G,C,-0.0480605467957454,2.65047412239336e-12,2.0033699245802e-14
04,144036457,G,A,0.0126464264949664,6.60894802048076e-21,6.54260353535679e-12
11,68872843,C,T,-0.0327776820205474,1.43386934156026e-23,2.06933936706512e-14
11,68855595,A,G,-0.0140417758091647,4.95482372514163e-23,3.20633786122606e-06
11,68879915,T,C,0.0305721868073298,6.72259609614831e-07,3.9571658444764e-10
14,73395685,AG,A,0.017131316894329,9.56349869183862e-19,2.32148035344818e-14
14,73079464,A,G,0.012589007081552,1.04992350794708e-15,2.03374007891355e-09
06,134214525,C,G,0.016165362069142,1.64051509465711e-20,2.99624001111298e-14
06,133794511,G,A,-0.015696592072875,6.22467820153868e-17,3.65444173845453e-14
06,133921101,G,T,0.0219148158294097,1.36027051838144e-06,3.7771015446554e-08
13,48658188,C,G,0.0176605983592428,1.6479791823016e-24,3.0810411069284e-14
06,2503335,T,C,0.0160773992206906,4.20075749875746e-38,3.16134975667249e-14
08,22525980,C,T,-0.0167566436819988,5.65569972543208e-28,3.44489798336403e-14
07,128576086,T,C,0.0133676145406587,5.12458124670214e-13,3.86744746646002e-14
07,128739949,C,A,0.0122796303660582,3.43010108720383e-11,5.70307854842946e-13
06,25957426,T,C,-0.0267303453417907,3.74757305846089e-15,3.90883153664723e-14
06,26316118,T,TTTTCTTTC,-0.0153873383711532,2.35274258044226e-24,5.95601128161435e-13
14,100771531,TCCGACGCCA,T,0.0166361469795819,1.34367824823486e-23,6.46300165511394e-14
14,101198609,C,T,-0.017053902561695,5.61642891901089e-08,1.55005902560937e-07
05,40144892,T,C,0.0147207592226058,3.63218369025908e-14,7.5879036890459e-14
05,40175615,C,T,-0.0507700949372804,5.77103511296443e-09,7.03698518393193e-09
05,40218050,A,C,-0.0123308709842477,1.13799928478519e-11,5.63601144812481e-09
03,48887063,C,CT,-0.0253391233927302,5.8786525850212e-16,8.83133067514394e-14
03,48632756,A,C,0.0445405458354559,2.50322118599387e-07,6.29300791556877e-08
22,42386949,T,G,-0.0195539380600724,3.34493534615041e-20,9.14857400335695e-14
07,101824199,G,T,-0.0178974474373058,2.06376793501523e-39,1.09097341578202e-13
07,101516234,C,A,-0.022430724190975,6.07509023805461e-10,2.57237075316196e-06
15,74817689,A,G,-0.0175037623006413,2.91399664431895e-25,1.72722883673195e-18
15,74656895,C,T,-0.0568036533325059,4.80352650847603e-11,7.60438429879129e-16
05,676962,A,G,-0.0134959367738142,5.94180362868029e-21,1.25128700216266e-13
05,498235,A,G,0.0137312570524348,1.65416698401515e-13,5.0625772318201e-13
22,30382653,C,CT,-0.0160774063109332,9.04414866638626e-29,1.42613228542583e-13
16,1997004,C,T,-0.0444598462886471,9.2718935815352e-14,1.62650101143419e-13
16,2285853,C,T,-0.0226981628265655,2.32055636541806e-06,2.98418403159729e-06
01,214744893,C,T,-0.019170272232368,5.66372795627135e-20,1.65745871081201e-13
10,69951841,C,G,0.0150245071047336,5.40191555756392e-25,1.73299891668106e-13
10,69761940,AC,A,0.0222481757973541,6.49669085096343e-08,3.41547364886701e-06
10,70380498,C,A,0.0140196262672544,4.31650287307426e-07,2.60528013357327e-08
04,81170475,CT,C,-0.0171444933057943,1.49242768746542e-23,1.83634289157867e-13
14,50655357,G,C,-0.0736119717878187,1.04494772398808e-13,1.95462773342251e-13
06,30323110,A,C,0.0231357421785242,6.80742240144147e-19,3.00425512861969e-14
07,32913395,T,C,-0.016090900490901,1.0758712679233e-21,2.69086270932552e-13
07,33107285,C,CACTT,0.0133954558875553,2.09501740662978e-12,1.31375545940806e-08
16,68384010,G,A,0.0169996614696991,1.42676603928621e-22,3.13660558986852e-13
01,15869899,A,G,0.0165839379059585,4.91227042138575e-24,3.13902197518194e-13
07,129465609,A,T,-0.02445305888591,2.90321725760801e-12,3.20021469849207e-13
07,129663496,C,T,-0.0127603535287691,1.06526762575635e-16,9.7734233308102e-11
01,207240289,A,G,0.0156690375668339,2.01829565090154e-29,3.68728363379139e-13
01,23699340,A,G,-0.0174796043503049,2.3898790659851e-21,3.87201655070942e-13
16,21065501,A,G,0.0163994594927451,2.01895902476933e-30,3.93151551771776e-13
16,20757942,T,C,-0.0456487869020735,3.29368353711307e-10,5.20074993546614e-07
16,20741105,T,TA,-0.0162217304090805,1.98985105582127e-09,6.69552746660619e-09
22,43115576,C,T,-0.0153029597325251,8.7949464742728e-22,4.11640494765981e-13
22,42670740,C,G,-0.0156307775783504,7.32698017009938e-13,7.65588217123235e-11
15,99274326,T,C,0.0156713915580849,2.77396475005796e-24,5.38381124544567e-13
15,99499354,C,T,-0.0227996109710534,4.54914345145564e-06,3.87946540298937e-06
01,27180088,A,C,-0.0507004941468012,1.67047770866589e-13,6.25720049590839e-13
08,87449180,A,AT,-0.0178944818529197,1.45789872977032e-20,6.32795701335319e-13
06,20428432,A,C,0.015346705609498,1.55190148906948e-31,7.3132550862655e-13
02,113967075,T,C,0.0163800176829619,1.28501750068939e-24,8.02906338644259e-13
17,66433181,G,A,-0.0174814609578866,6.57295217363494e-14,9.25036517856672e-13
17,66262756,G,A,-0.0106285810811389,1.81373445346383e-12,7.63149660077663e-08
02,103136559,T,C,0.0217104954933374,9.55763860207979e-17,9.33551626423195e-13
17,17585146,C,T,-0.0152597086013192,1.64488153759701e-32,9.41882293802201e-13
19,14175884,AG,A,0.0153901946685442,2.02894308606727e-14,9.66667915578371e-13
19,14643268,T,C,0.0121766185479868,3.88465543831163e-12,1.08264008394038e-08
19,14083761,T,C,0.0096249090940883,1.26512158755995e-07,2.19221214957204e-07
03,25419675,G,C,-0.0152773083353183,1.32593558408151e-30,1.04640403099639e-12
06,154986664,A,G,0.0221788800809943,8.59912612544197e-16,1.09059851749199e-12
06,154875787,T,C,-0.014141488867172,2.63666181854567e-09,1.13815064847519e-06
15,85305142,T,A,-0.0159990637862331,4.7728185242503e-24,1.48908649449536e-12
13,111025118,A,G,0.015813036012401,9.07924991106761e-24,1.58008358200596e-12
X,100826096,A,C,0.013080623500803,3.64059019846964e-20,1.82953834621484e-12
01,172316593,G,A,-0.015285214040747,3.03882357725494e-22,1.98524642437669e-12
01,172083093,A,G,0.0108430138632578,1.29131607059046e-07,9.82598120317574e-06
06,52050063,G,A,-0.0630994509128351,7.95147707146071e-12,2.76233444615115e-12
06,51684250,C,A,0.0126768184986136,4.42470413854724e-14,6.44627637179461e-12
06,51554847,G,A,-0.0116843535626187,4.60789232725991e-11,5.83529188831252e-09
05,53295546,C,T,-0.0400757582366247,2.47103731243632e-38,5.38880893950155e-37
06,43352980,G,A,-0.0127896451259818,1.46723297760803e-11,2.2469996646605e-13
06,43338771,CAT,C,0.0232188475817879,3.23798490806053e-11,1.72635553769191e-11
06,42897074,C,T,0.0100651989564851,3.18038237272065e-12,1.21228744364723e-06
05,132404947,T,A,0.0172996519180902,1.76027048033325e-19,3.02218495745821e-12
10,105012994,T,C,-0.0174392321437987,6.19626067653563e-19,3.11782387217018e-12
01,171478706,T,A,-0.0147276628134599,3.55906027112732e-31,3.71533376618846e-12
X,16940544,A,T,0.0126737903305862,4.81627819954785e-20,4.14080550080671e-12
09,139107879,C,T,-0.0149883823408651,1.48609845616786e-25,4.4396168613414e-12
20,57468807,G,A,-0.0153117124491542,2.55442287788566e-24,5.47844605175e-12
07,156263365,T,C,-0.0201082329306064,3.21786258691864e-13,5.9481812240333e-12
07,156402519,A,T,-0.0130135080842688,4.9324481891893e-09,3.97271072887258e-08
07,156124437,A,G,-0.0116591811298232,4.413905852165e-09,2.05612857805377e-07
18,24449049,T,G,-0.014438247557103,1.5839831571873e-22,6.38642427286547e-12
18,24393213,C,A,0.0172304666624135,1.58160122316421e-06,1.44048231117358e-06
05,131664516,T,TTATATA,-0.0132768478200816,9.45628709122082e-19,6.84251935279135e-12
05,131671662,C,G,0.0315211606535751,9.21521745727308e-10,7.48451608443582e-12
07,127595077,G,C,-0.0167269944973438,9.82135863031188e-19,7.9719016617081e-12
03,12845426,C,G,-0.0148257199979039,1.85472636275385e-25,8.48424431753232e-12
22,38572526,C,G,-0.0145391207068617,5.81735610960505e-28,9.08729403198286e-12
11,111191090,A,C,0.0138095469995205,2.19471580103239e-16,9.72314703135004e-12
11,111560028,G,A,-0.0113072597401801,8.75231290430192e-11,8.19050608945632e-09
17,37745676,C,T,0.0392008470898063,-99,9.91704275041972e-39
05,52820009,T,A,-0.0348412786535539,-99,2.38885492973082e-11
05,53275370,A,G,0.0624991855267363,-99,6.20788462009159e-20
17,59237376,CAG,C,-0.0813247779576122,-99,3.21036267362674e-51
