chrom,pos,major,minor,beta,p_value,gwas_p_value
12,111884608,C,T,0.0942990875104516,0,1.02904338947387e-283
09,6197392,C,T,0.0917177599233645,0,1.60154976300301e-204
03,128315725,G,C,-0.124216680250044,5.83248692019449e-232,6.52471410715968e-188
05,131785684,C,T,-0.0583307106707726,1.17191835058489e-239,5.06117750859714e-152
05,131903928,G,A,0.0591378296933467,2.32120290535951e-92,5.00292074248652e-117
02,102971200,T,C,-0.071161545548046,9.98791813098029e-167,1.00107597930184e-151
02,102966067,A,G,-0.036389230582577,1.56499530423027e-71,2.28731665883541e-63
06,32587213,C,T,-0.0563589464176784,1.10832285307541e-176,4.26766959263583e-105
04,38674728,A,T,0.0684206126504114,2.63204159643564e-156,1.95852828831075e-101
02,213817219,A,G,-0.0584106190837363,1.70131579346864e-137,4.27826324265204e-85
02,213895738,C,G,0.0513805551580652,6.53218984303699e-27,4.69365825960473e-24
06,29912494,T,C,0.0459823436752104,8.9994269010612e-114,1.00561993559601e-83
21,36395974,G,A,-0.0967122891206016,1.18783391179927e-86,1.41798174358258e-79
21,36715761,T,C,-0.0315443660604524,1.35082118003694e-61,4.50930741237663e-30
17,4535314,G,A,-0.17891672363606,4.20351045947734e-89,2.16477950930079e-79
17,4534608,G,A,-0.0422056212495601,4.15301282971639e-43,1.76165179658863e-25
19,40222688,AT,A,-0.0512822448762371,4.20382639680616e-149,1.28828400168366e-75
07,20503965,T,C,-0.0540721775151797,1.27316740369946e-115,1.42481033942031e-70
19,16426657,A,G,-0.0657774058008548,3.62901684993688e-101,5.10918546684119e-65
19,16428398,A,G,0.0400845322533239,8.02988403408295e-53,4.73862610962461e-17
16,11182134,C,G,-0.0449639839968193,1.44603086864502e-124,2.37882744274285e-60
02,97201682,G,A,0.0434155749041904,7.12576260116914e-132,1.36555526912309e-58
06,30990958,C,T,0.0281590747965834,1.98731166366617e-21,2.78867511611036e-25
10,9043404,G,A,-0.0416360019484403,1.42226340631449e-74,3.71798427435222e-56
10,8855244,G,A,0.0211020420015188,7.12438824749674e-20,8.70608941717618e-15
05,110404999,A,C,0.0351543780917443,3.73847781051627e-75,4.57010907506909e-56
05,110434261,T,G,-0.0372957818719992,4.835667895618e-29,9.76157093878737e-43
10,64402433,G,A,-0.0370722434234269,1.75556337400779e-87,1.98147444234457e-54
10,64439393,C,G,0.0685912648668554,5.30688806081784e-33,2.88930165965633e-43
11,76293726,G,T,0.0352435607659676,1.04109252882921e-96,4.88793444998247e-54
11,76248630,C,T,0.0535475698284902,3.11769026411417e-18,2.29171599000304e-33
06,135428537,A,C,-0.045518620099504,7.70205510318995e-93,1.01754272463899e-53
06,90956409,A,G,-0.0416570901096071,3.44487991190147e-106,7.12374827771304e-52
02,242698640,G,A,-0.0451686829751095,2.06294739282501e-78,1.80826920356542e-51
04,83545976,C,T,-0.0500427567812414,1.69586116952548e-71,1.26588763976277e-49
18,60920854,C,T,-0.117362033506355,1.92657026369411e-53,5.3363316701552e-47
18,60902328,A,C,-0.0346720409672376,1.35929175111798e-18,8.208530049495e-15
18,60874413,C,T,0.025592655363088,3.24423179608985e-21,3.59021157600155e-15
14,75975648,G,C,-0.0406765854216183,2.11457132091669e-77,3.59095099159879e-44
05,148198999,T,C,-0.0371559232812135,3.82336737083363e-115,5.7808644795177e-44
07,148870026,G,A,-0.0370017188930102,5.24194975341598e-94,1.01856025121256e-42
05,141525305,G,A,-0.0340707522968083,7.97634477777124e-54,2.08157687304778e-42
05,141406997,T,C,-0.0200143990875494,6.2364316895549e-15,1.06509385083214e-18
07,75454152,A,T,-0.0543344556367544,2.26525506409384e-49,1.02430747189225e-41
07,75469451,C,T,0.043292924907111,1.72255574247805e-28,2.30194303166831e-36
07,75448883,C,T,-0.0345529632888302,1.79388440722623e-18,4.97953513733052e-14
01,150595537,G,T,-0.0421705073535675,3.02234303859971e-63,1.63736179073815e-40
02,111876613,G,C,0.0668338887114816,9.45537162929151e-44,1.98511914845751e-40
02,112376294,T,C,-0.0183807500841279,2.08259630658267e-21,1.70704803695729e-11
11,65641033,C,G,-0.0340338272301202,5.08000714121445e-103,2.57226181167106e-38
17,7742601,G,A,-0.0833323956386496,1.49636014816452e-41,5.36770405833533e-38
06,32592219,G,A,-0.0555420575879259,4.41263063245739e-171,7.44346257595236e-85
06,32596145,G,A,0.0776719373130139,1.16909410151982e-21,2.93863063568865e-09
13,41250739,AAGAAGAAG,A,0.0396202750361347,1.21495779892069e-62,1.42924092246808e-37
08,130599247,C,T,-0.0355185214612623,1.97970844774447e-71,2.42869303050181e-36
08,130699861,G,A,-0.0582257547354708,1.31798956688966e-12,1.41360987324492e-11
09,113638236,T,G,0.0337874685961044,6.08196095528904e-79,6.37596522333138e-36
10,26727238,A,T,0.0332540882834427,8.12108634899785e-81,1.94246685124759e-35
05,35846815,G,T,-0.0339730829612785,5.46286886032367e-69,1.11599865775221e-34
17,38764524,T,A,0.108435214889772,3.15658415966512e-34,1.70340415717014e-32
08,129002419,G,A,-0.0325313776194062,2.47754803600412e-63,6.8040701846262e-32
03,12334991,A,G,0.0233488673020037,3.68133684153341e-36,1.72185093064608e-31
03,12235723,G,A,-0.0199449114894883,2.10480610503428e-20,1.25777618546957e-26
07,92408370,C,T,-0.0535649386401896,1.83256024127145e-34,8.54370349774857e-31
07,92244630,TATACA,T,0.0330832671133967,5.76800861648066e-37,2.9664043159796e-16
07,92408329,C,T,0.020321954955966,2.45041332260076e-13,1.92225659320072e-09
10,967295,C,T,0.0351014005573392,4.53331897762164e-48,4.68884805102282e-30
06,107442431,C,T,-0.0311556861887196,1.74606202375378e-64,5.3013076035937e-30
08,22964719,A,G,0.0330157924140601,3.80436170158238e-53,6.36005116055889e-30
10,94468643,T,C,-0.0270657754854789,1.60991093772953e-46,5.13690944566374e-29
10,94542446,G,A,0.0179995573088897,2.41723711320929e-18,5.21577303248717e-16
06,577820,A,G,-0.033200307294701,7.5764998921109e-81,1.23252148547034e-28
06,246178,T,C,-0.0469284330901872,6.16209207074681e-22,1.03922835671175e-21
06,563210,G,A,-0.0570714511253021,4.12669043710192e-17,4.13003696787977e-09
01,199012478,C,A,0.0330162677087088,1.07949627536568e-42,1.76269637617131e-28
01,198666232,A,G,-0.0370409318100197,1.30937869464935e-25,4.06049054710411e-22
14,23589057,G,A,0.0241496014014066,4.18295542452676e-52,1.84354018390634e-28
14,23596621,G,A,-0.0247914886168206,1.85269969271005e-12,1.42582097642168e-19
03,3153339,A,G,0.03035094558741,3.81549993743186e-43,1.97804410941867e-28
03,3117498,G,A,-0.0176587567682004,9.222433457489e-17,3.83349687107485e-10
11,57146225,A,G,-0.0482381426247448,3.07573370885172e-26,2.415449761467e-28
11,57175798,G,A,0.0198523973625699,1.55663226314904e-18,3.97881000062391e-17
02,102882345,AT,A,-0.0942521018982288,9.32656346474334e-162,2.36916825357229e-112
02,102907630,C,T,-0.0301021635881376,1.5587562691544e-51,3.8198283347569e-11
02,102897739,T,C,0.0221386872718898,5.97739504882895e-16,4.18964527006481e-54
09,135877278,T,A,0.0584065367947901,1.84195873477336e-29,9.94001706448647e-28
09,135857646,C,T,0.0829741436682861,1.47017239183193e-15,6.01824951368794e-15
09,136145404,C,A,-0.0225061741546869,3.27094956881366e-24,4.98674239789688e-17
10,28785408,C,G,-0.0338648474564658,2.79908428277804e-43,1.7096866696061e-27
16,27349168,C,T,0.0277776140905799,3.90123332422535e-39,3.02235741433438e-27
16,27371424,C,T,-0.0402659317259579,2.09009264452815e-14,1.43398121251379e-18
15,80189805,T,G,-0.0267819707771118,1.27437415455057e-41,5.74355259764945e-27
15,80260014,T,C,-0.0223594685402093,1.88264007307065e-16,6.36686630028542e-17
11,309127,A,G,0.0344676853441946,9.72343627973914e-49,1.38989143161055e-26
11,327334,C,T,-0.0327068040676112,9.51304668494984e-30,9.84722722485136e-18
09,5016455,A,T,0.0327639411261353,2.66578079287695e-35,2.9754170730284e-26
09,4850613,G,A,-0.0193132127551225,5.26355162952141e-21,6.61141044815255e-11
16,2838000,T,C,0.0320549767678568,2.73714011634511e-41,9.99577855074303e-26
17,43691377,T,C,-0.0357594108786073,6.41016999318946e-38,5.03953326580092e-25
01,101656441,T,C,-0.0349633631927894,2.77370040164504e-20,2.08224333764311e-24
01,101643722,T,C,0.0232819430320299,8.59807107647586e-28,1.16889174781902e-23
21,45660835,C,A,0.0272542247263278,1.65606981082319e-59,2.5033690604879e-24
03,188441161,C,T,0.0290686367984722,2.53849021208777e-43,3.95255945758032e-24
16,86013551,G,C,0.0313602598393182,3.71096704370092e-30,6.82060308114053e-24
16,85810349,A,G,-0.0228494051457031,2.38654464568373e-12,2.74971020945162e-12
22,41404939,T,C,-0.0521857589310794,3.24074017410065e-25,6.94494271335327e-24
22,41752944,A,G,0.025942689325071,9.14081491162574e-26,6.82915748022102e-18
02,8438693,C,T,-0.0280338340378802,8.57895413670142e-46,7.70340802071367e-24
19,1079959,G,A,-0.0482346151265685,4.59546901377158e-31,9.3533424997921e-24
19,1104078,G,A,-0.0263472447572104,3.28591712880748e-18,7.82720153684858e-11
02,98391117,G,A,-0.032489298438668,2.57743091987199e-36,2.24991431236714e-23
13,40355913,C,T,-0.0259282638968668,5.70357309679032e-27,2.41917432452742e-23
13,40514426,A,T,-0.0157654303714949,3.90982430308723e-15,1.25609282202966e-11
10,89698190,C,A,0.0269138017569122,1.742385671166e-51,2.70670441402365e-23
03,42906116,T,C,0.0456441476537423,1.4228182205461e-18,3.32198064901341e-23
03,42876729,C,T,-0.0201270471675785,2.88892722531988e-30,2.72622017728281e-20
17,47448346,G,A,0.0269777456479191,1.91964633411114e-47,5.32584341637355e-23
15,67442596,C,T,0.0299138330348858,2.13679397338002e-31,7.56287793763012e-23
15,67413624,G,A,0.0641995153596472,2.69022632776934e-11,3.18189493287624e-09
15,67475488,C,G,-0.018361332910124,3.07968579663367e-13,1.72894623511026e-12
17,37946972,C,CT,-0.0707065576194005,5.64740518277493e-24,1.77330420587427e-22
01,42370787,T,C,-0.025987261295466,2.15828439100546e-51,2.09469580900146e-22
19,3179517,C,T,-0.122966033028814,6.53700749948282e-23,2.14643511582157e-22
14,94417531,T,C,0.0478854209074251,3.18323323948637e-21,2.43098789243812e-22
14,94444787,G,A,-0.0241850601858761,7.73504292732672e-19,1.12128464254747e-16
01,9711760,G,C,-0.0261303342951938,4.20431978779427e-32,3.54656437590424e-22
01,9341128,T,C,-0.0182504489965803,4.76835998493768e-18,5.62473250282374e-12
19,45751157,G,C,-0.0314446921646386,3.91340982116064e-31,3.86958467888726e-22
19,46219145,G,C,0.0227531503505579,1.3922592640901e-25,6.89697249178016e-14
19,45251806,G,T,-0.073849197835894,8.03238729532266e-17,1.69036538237925e-16
16,88558164,G,A,0.0299609758913481,1.17929780939783e-34,7.06443650646912e-22
09,117695634,CTTTTTTTTTTTTTT,C,-0.0260767359193515,3.94849918668519e-54,8.30501169029654e-22
06,42197707,C,T,0.0340924570249375,7.10063090829763e-25,8.58932314677128e-22
06,42515791,C,T,-0.0218562758828602,1.90834640971119e-13,5.54147249004881e-11
06,42284605,T,G,0.0177640387320663,4.76661996539159e-14,3.61576710893323e-10
08,145158607,G,A,0.0516147875510613,3.69368489215311e-25,1.07009161783751e-21
11,128185850,G,C,0.0250719620934339,1.64287322043167e-38,1.11403573117063e-21
11,128601198,TG,T,0.0300220578204705,2.69553330227869e-20,2.2833723655569e-16
11,128326602,CAA,C,0.0212114569787504,2.26635290071198e-16,1.17338676875289e-11
13,100040979,A,G,-0.025704118207056,7.70340913162397e-30,2.34758147333973e-21
13,100072054,TTCC,T,0.0218204354985089,6.09092669657136e-15,1.57300162865503e-13
17,65880537,CT,C,0.0318461280877411,3.89443314039916e-31,3.53751568312614e-21
16,30082508,G,T,-0.0247342046605577,5.27743709273364e-57,4.05395051134745e-21
09,94121330,G,A,-0.0316278968345937,2.03281725134084e-29,9.30040001892917e-21
03,33046480,C,T,0.0255070351139967,8.77364202924636e-43,1.23158710171846e-20
03,112055793,G,A,0.0218548562679515,1.63018310172408e-24,3.89266318261946e-20
03,112152272,A,G,0.0342756461396194,3.09331721703754e-11,1.93597555705605e-14
03,112521519,T,C,0.0165802698494291,1.42010226993466e-16,1.31668004913227e-09
22,24621826,A,G,-0.0260922990744042,2.18997437016728e-36,4.51120833617335e-20
11,61569830,C,T,-0.0252850133101229,1.89899851161782e-39,5.04045179691854e-20
08,61709187,TC,T,0.0241991237213965,7.64473430270091e-24,5.68477373660391e-20
08,61688492,A,AT,-0.0319034199451056,4.46713833650181e-14,7.45396817893193e-17
02,234115629,C,T,-0.0312774635146964,1.20491461885375e-27,8.33867477051095e-20
12,56396768,G,C,0.0248700507534197,1.27554493757334e-37,2.62222778802427e-19
07,22784486,T,TTATATATAAATATATATATATATATA,0.0241498584763473,1.49766291503418e-43,2.69400613624319e-19
01,23836364,A,G,-0.0230730021200114,3.34915196686725e-32,4.99336930764208e-19
01,24199363,C,T,-0.0183851859429293,3.07778658592633e-17,1.23082944083258e-12
02,28689261,A,C,0.0233563916473575,1.59472673908703e-51,6.61464083977562e-19
X,153730465,T,C,-0.0281163802706121,1.28399756150578e-22,7.88415892073377e-19
14,55731103,CG,C,0.023561162373544,1.07654321953287e-45,8.14821787724541e-19
01,87758358,A,C,0.0359799621027359,5.08534873218871e-23,2.05986157247138e-18
03,50771624,G,A,-0.0301333400972513,6.3161569415295e-18,2.09200531870295e-18
03,50904642,G,A,0.0299354722298754,7.60586169582749e-18,2.97925756576651e-18
03,49002631,CA,C,-0.0249727493165844,1.51406480943366e-40,2.14555884613516e-18
02,242682029,T,C,-0.0411922401122978,1.48128540194166e-63,6.10390793117837e-42
07,37382465,T,G,0.0379941548163243,5.99038705603426e-22,3.63819569629238e-18
22,37531436,G,A,-0.0233909085329868,5.42030404771821e-30,4.44217388831373e-18
22,37311858,G,A,-0.0278832099614496,2.04608035304056e-17,8.90170939007642e-18
22,37258503,T,C,0.0212986697687276,4.42061321002942e-18,7.71361739002024e-18
07,50329697,G,A,0.020709210207074,2.48056432173692e-26,5.16073794710399e-18
07,50444152,G,T,0.0824694960499451,6.57663862047034e-15,1.23837985682716e-17
07,50734418,G,A,-0.0273649052671089,4.55607697173305e-10,6.27307569025977e-09
01,65423447,G,A,-0.0352001519713078,1.06785618348536e-19,5.19532846480236e-18
01,65440769,G,GTT,0.0412348139536804,2.7109952549762e-15,5.80842777330205e-17
01,65314212,C,A,-0.0820870609569561,1.58402542973442e-12,4.03996164371172e-12
20,42656310,G,C,0.0255577386708445,2.56100622559957e-30,6.45686111564526e-18
10,6093139,C,T,-0.0782818870714773,1.63262582419238e-15,9.54730736355797e-18
10,6106552,T,C,0.0177239145102572,7.67168511181694e-25,6.15809032540648e-14
01,93595306,C,G,-0.0246281801029677,1.29325663713803e-31,9.59809207420459e-18
14,35881966,GA,G,-0.0236099647795208,8.05122413181789e-36,1.22009999947934e-17
01,8504421,A,C,-0.0229112382947206,1.45819137747342e-40,1.49587503421586e-17
14,93014929,G,A,0.0212001337467182,7.23966086891418e-34,1.66578619414889e-17
14,93118229,C,T,-0.0230504627841999,3.35916610508788e-14,9.62460216456203e-14
03,112677529,G,A,-0.0218930640207593,4.26244208530814e-41,3.16936510777175e-17
03,112180816,T,C,0.0379502020676002,2.85506656650722e-14,6.21464454936652e-14
12,92540731,CA,C,-0.0231899991100126,1.44017082322798e-48,3.29456293977192e-17
01,12102311,T,C,0.0234236252056,9.30774788250776e-19,3.89132091110869e-17
01,12175658,G,A,-0.0838101740675353,6.414564117153e-15,2.61418875262959e-15
01,12246175,C,T,0.0221340143114603,1.41381062029975e-14,4.26830972642236e-12
19,49458262,T,C,-0.031159451340695,1.48158833715952e-22,3.95429280273798e-17
08,48651633,A,G,-0.0532307965221345,1.23606960084103e-16,7.30939526911103e-17
08,48411885,G,A,0.0266928243700314,5.65144347129432e-11,5.12717948610061e-11
03,16908186,A,G,-0.0264912293264756,2.07849587893987e-25,7.78158381545526e-17
22,41853928,G,A,0.0295169035126078,1.95488191841255e-25,1.09354060194904e-19
22,41423148,T,TA,-0.0643938907351526,7.75373928077775e-14,6.31103947754589e-15
19,45742011,C,G,-0.029980295463259,6.50692117097201e-35,6.64513821476333e-22
19,45242173,G,A,-0.0410430808409014,1.93804481893937e-17,1.54812223344418e-16
19,45372329,A,G,0.0318482827965891,1.05378528289954e-09,3.77598483166141e-09
05,10624866,T,G,0.0257227603484323,1.15499954965066e-25,1.57011737486752e-16
17,55465771,C,T,-0.0494878392986894,7.23372010627126e-18,2.70499088473335e-16
05,176780545,G,A,0.0233950293823577,1.51693598804591e-29,3.02519444532083e-16
12,110928448,A,G,0.0455394750682252,1.47897876913212e-23,1.87760765463357e-16
12,110441868,C,T,0.0300989174631363,3.77253534943509e-22,1.87965090517642e-12
03,27758274,G,T,0.0216286970644328,1.0925683615217e-40,3.58189433091258e-16
04,123184411,C,T,0.025541535956889,1.06607582192867e-36,3.61780895542338e-16
04,123564274,C,T,0.037262769638495,5.1790922599856e-13,5.63077362085919e-09
04,123577665,T,G,0.0218695460587105,3.49095888328455e-10,2.68418905378685e-11
19,46370381,G,A,0.0223633810085838,5.24677699955544e-32,4.71301972837242e-16
03,101281534,T,C,0.0214049936239372,6.91686523218652e-39,5.9833469615976e-16
02,111916868,A,C,0.0551979609690391,4.32192344135845e-42,1.77237731361575e-37
02,112388532,T,C,-0.0245870295488545,4.59787494016824e-22,7.53355412103724e-16
11,126197026,G,T,0.0248741223993044,1.47506056869656e-24,1.07488386861096e-15
06,35519493,A,G,-0.0347421779417177,2.85238523294117e-20,1.5699220968641e-15
06,35689869,AC,A,-0.0224013943693575,5.53192279231349e-17,1.68507158609946e-10
11,108100105,GT,G,-0.0223357561065991,1.2129572241628e-45,1.73904204807899e-15
20,30294682,T,C,-0.0702348480911358,4.59873709736584e-16,2.01299744034025e-15
11,116793619,TTC,T,0.0430235607607192,3.12637554317374e-15,3.44252860547212e-15
11,116623213,T,TA,-0.0239226751273182,4.93373614483906e-13,1.21062114926017e-11
16,68608511,C,T,-0.0249970894779519,5.98550921920902e-23,3.75503037420062e-15
05,129926042,C,T,-0.0429152949029184,1.91330581075832e-104,5.8752650858818e-53
01,172795086,A,G,0.0198764087703853,9.21681778391645e-22,1.04711660500704e-14
01,173231898,C,T,0.0181899245552763,1.27494222410727e-17,6.62921368417503e-13
04,153256845,C,T,0.0221841702777693,1.76111412162726e-25,1.4577977046857e-14
03,196368191,G,C,-0.0251767493156221,1.6248237662195e-17,1.53738564584031e-14
03,196513236,C,G,0.0186890139470488,4.47244994111463e-12,6.4081751808432e-10
22,31725634,C,G,0.0200031923951354,2.07206982701052e-38,3.11180722310821e-14
07,17010964,T,A,-0.0204849066488933,3.92898364608843e-31,3.28363590520775e-14
09,136897976,TTA,T,-0.022538103656018,2.24917634215355e-23,3.48345491972612e-14
10,9058671,G,A,-0.0378380595571824,8.26061973914471e-101,4.3538568269789e-56
10,9172233,C,T,0.0270357022547211,3.45792698845897e-18,8.07651346127229e-26
07,135316476,AT,A,-0.019706305407411,6.41636326568087e-38,1.22537486129962e-13
12,32138924,C,T,0.0234653876595011,1.58931852817998e-20,1.25498544571783e-13
03,52607511,C,T,0.0295462553700383,4.03894648844566e-17,1.28760429194928e-13
12,57493727,T,G,-0.031409795251727,1.5896445193179e-16,1.40277007357402e-13
03,128542368,T,G,-0.087276410071438,1.10932064534487e-91,2.04037046300784e-77
07,3157702,G,A,-0.0195839681516813,1.48721514248392e-35,1.72277875650688e-13
15,91181567,T,C,-0.0225252347951734,6.84315240574346e-21,2.20844687553707e-13
09,16885017,A,G,0.0199451795307975,1.22778156927502e-28,2.61492997840564e-13
10,25223367,G,C,-0.0199485672224986,3.01828141457753e-27,2.67103795220977e-13
11,47468569,G,A,-0.0211498100420549,9.53070638192737e-23,2.9851693318804e-13
20,17630045,T,C,0.0190716120722485,3.50888660732206e-29,6.93498229797153e-13
10,44871346,G,A,-0.0314382255015142,1.85546948467817e-15,7.34242635043593e-13
10,8114388,G,A,0.0191577599201892,2.66629001794205e-19,7.79391478633072e-13
02,211540507,C,A,0.0202063759656262,2.93115199811946e-23,8.47090852661786e-13
20,49184546,A,G,-0.0340096372016028,7.02135961471376e-15,8.53543781191104e-13
16,48696528,G,A,-0.0202258433382013,6.47993813543973e-23,9.17034464645409e-13
03,169489312,A,G,0.0213677026739289,4.61652617817459e-22,1.10063059925664e-12
09,139387676,G,A,0.0210232735058679,1.61003285180933e-21,1.1298345642584e-12
05,150461049,A,G,-0.022041854082681,1.26186182836645e-19,1.26317294876609e-12
X,153546556,G,A,-0.0344259355204945,8.40919024750114e-21,1.67809944258227e-18
01,221058846,T,C,-0.0271398243478903,4.71869418127194e-16,1.53974432529372e-12
12,4333203,G,T,-0.0257709248267981,5.74086099932596e-17,1.55580731708298e-12
12,4318723,C,T,0.0208715474502275,1.66075987587764e-17,3.2372652921459e-11
12,4071901,T,G,-0.0155918708989479,4.09961810946943e-14,2.970713864953e-09
09,6155865,C,T,0.0478347381006484,2.47885482767275e-61,4.6258774673843e-92
09,6153708,C,A,-0.0891185361998121,1.75404786489959e-66,3.01529582442562e-12
09,6146441,G,T,0.0457762185206603,6.90641456902517e-28,9.9760152937715e-81
02,163110536,G,A,0.0189166656599153,1.90268232129025e-26,1.83059706722016e-12
19,52317248,G,C,0.0273305183231811,5.72935601466967e-14,2.24599365099217e-12
19,52132020,CGT,C,-0.0186232166470073,1.41407421934384e-17,1.06298806890283e-10
21,34439206,G,A,0.0213819162385628,1.0923296707506e-19,2.45190967407425e-12
03,10229160,C,T,0.0392944400804191,9.31684795387238e-14,2.45319460453091e-12
21,38781748,T,C,-0.028412612780989,5.17816586412951e-15,3.5857094557167e-12
10,8605076,T,TAC,-0.0462626514472077,-99,7.34192767385503e-17
06,30319154,A,T,-0.100754010974295,-99,3.45656043681014e-57
06,33039686,T,C,-0.105059258358103,-99,2.80574421941639e-42
02,242294913,A,G,-0.0806794556404507,-99,3.52935887459919e-20
