chrom,pos,major,minor,beta,p_value,gwas_p_value
12,111884608,C,T,0.0942990875104221,0,1.02904338947387e-283
09,6197392,C,T,0.0917177599233607,0,1.60154976300301e-204
03,128315725,G,C,-0.124216680250021,5.83248692135133e-232,6.52471410715968e-188
05,131785684,C,T,-0.058330710670773,1.17191835057582e-239,5.06117750859714e-152
05,131903928,G,A,0.0591378296933496,2.3212029053115e-92,5.00292074248652e-117
02,102971200,T,C,-0.0711615455480425,9.98791813135948e-167,1.00107597930184e-151
02,102966067,A,G,-0.0363892305825838,1.56499530413675e-71,2.28731665883541e-63
06,32587213,C,T,-0.056358946417687,1.10832285293872e-176,4.26766959263583e-105
04,38674728,A,T,0.068420612650433,2.63204159584309e-156,1.95852828831075e-101
02,213817219,A,G,-0.0584106190837515,1.70131579318676e-137,4.27826324265204e-85
02,213895738,C,G,0.0513805551580607,6.53218984310351e-27,4.69365825960473e-24
06,29912494,T,C,0.0459823436752114,8.99942690096382e-114,1.00561993559601e-83
21,36395974,G,A,-0.0967122891205994,1.18783391180871e-86,1.41798174358258e-79
21,36715761,T,C,-0.0315443660604598,1.35082117995028e-61,4.50930741237663e-30
17,4535314,G,A,-0.178916723635998,4.20351046005881e-89,2.16477950930079e-79
17,4534608,G,A,-0.042205621249569,4.15301282954891e-43,1.76165179658863e-25
19,40222688,AT,A,-0.0512822448762371,4.203826396804e-149,1.28828400168366e-75
07,20503965,T,C,-0.05407217751522,1.27316740320328e-115,1.42481033942031e-70
19,16426657,A,G,-0.0657774058008497,3.62901685006547e-101,5.10918546684119e-65
19,16428398,A,G,0.0400845322533365,8.02988403348855e-53,4.73862610962461e-17
16,11182134,C,G,-0.0449639839967972,1.44603086904414e-124,2.37882744274285e-60
02,97201682,G,A,0.0434155749041911,7.12576260110017e-132,1.36555526912309e-58
06,30238884,A,G,-0.0306410445975352,1.44368579968377e-36,1.61978523032685e-06
06,31172937,A,G,-0.0333555458268665,1.13088289460951e-23,1.29568150767032e-07
10,9043404,G,A,-0.0416360019484342,1.4222634063835e-74,3.71798427435222e-56
10,8855244,G,A,0.0211020420015188,7.12438824749592e-20,8.70608941717618e-15
05,110404999,A,C,0.0351543780917401,3.7384778106677e-75,4.57010907506909e-56
05,110434261,T,G,-0.0372957818719984,4.83566789562901e-29,9.76157093878737e-43
10,64402433,G,A,-0.0370722434234329,1.75556337389404e-87,1.98147444234457e-54
10,64439393,C,G,0.0685912648668495,5.30688806088352e-33,2.88930165965633e-43
11,76293726,G,T,0.0352435607659693,1.0410925288064e-96,4.88793444998247e-54
11,76248630,C,T,0.0535475698284932,3.11769026410028e-18,2.29171599000304e-33
06,135428537,A,C,-0.0455186200995176,7.70205510222601e-93,1.01754272463899e-53
06,90956409,A,G,-0.0416570901096179,3.44487991147232e-106,7.12374827771304e-52
02,242698640,G,A,-0.0451686829751249,2.06294739257618e-78,1.80826920356542e-51
04,83545976,C,T,-0.0500427567812482,1.69586116945112e-71,1.26588763976277e-49
18,60920854,C,T,-0.117362033506372,1.92657026362898e-53,5.3363316701552e-47
18,60902328,A,C,-0.0346720409672372,1.35929175111902e-18,8.208530049495e-15
18,60874413,C,T,0.0255926553630921,3.24423179604234e-21,3.59021157600155e-15
14,75975648,G,C,-0.0406765854216386,2.11457132054981e-77,3.59095099159879e-44
05,148198999,T,C,-0.0371559232812139,3.82336737080815e-115,5.7808644795177e-44
07,148870026,G,A,-0.0370017188930005,5.24194975400272e-94,1.01856025121256e-42
05,141525305,G,A,-0.0340707522968152,7.97634477738334e-54,2.08157687304778e-42
05,141406997,T,C,-0.0200143990875501,6.2364316895413e-15,1.06509385083214e-18
07,75454152,A,T,-0.0543344556367917,2.26525506375255e-49,1.02430747189225e-41
07,75469451,C,T,0.0432929249071225,1.72255574242058e-28,2.30194303166831e-36
07,75448883,C,T,-0.0345529632888247,1.79388440724849e-18,4.97953513733052e-14
01,150595537,G,T,-0.0421705073535604,3.0223430387447e-63,1.63736179073815e-40
02,111876613,G,C,0.0668338887114687,9.45537162964064e-44,1.98511914845751e-40
02,112376294,T,C,-0.0183807500841281,2.08259630658101e-21,1.70704803695729e-11
11,65641033,C,G,-0.0340338272301221,5.08000714108409e-103,2.57226181167106e-38
17,7742601,G,A,-0.083332395638656,1.4963601481434e-41,5.36770405833533e-38
06,32592219,G,A,-0.0555420575879288,4.41263063227656e-171,7.44346257595236e-85
06,32596145,G,A,0.0776719373130076,1.16909410152876e-21,2.93863063568865e-09
13,41250739,AAGAAGAAG,A,0.0396202750361497,1.2149577987915e-62,1.42924092246808e-37
08,130599247,C,T,-0.0355185214612605,1.97970844777681e-71,2.42869303050181e-36
08,130699861,G,A,-0.058225754735468,1.31798956689296e-12,1.41360987324492e-11
09,113638236,T,G,0.0337874685961035,6.08196095534606e-79,6.37596522333138e-36
10,26727238,A,T,0.0332540882834536,8.12108634802692e-81,1.94246685124759e-35
05,35846815,G,T,-0.0339730829612849,5.46286886000341e-69,1.11599865775221e-34
17,38764524,T,A,0.108435214889776,3.1565841596471e-34,1.70340415717014e-32
08,129002419,G,A,-0.0325313776194043,2.4775480360444e-63,6.8040701846262e-32
03,12334991,A,G,0.0233488673020063,3.6813368414694e-36,1.72185093064608e-31
03,12235723,G,A,-0.0199449114894914,2.10480610500549e-20,1.25777618546957e-26
07,92408370,C,T,-0.053564938640211,1.83256024116078e-34,8.54370349774857e-31
07,92244630,TATACA,T,0.0330832671133957,5.76800861650672e-37,2.9664043159796e-16
07,92408329,C,T,0.0203219549559661,2.4504133226003e-13,1.92225659320072e-09
10,967295,C,T,0.0351014005573369,4.53331897768461e-48,4.68884805102282e-30
06,107442431,C,T,-0.0311556861887293,1.74606202359717e-64,5.3013076035937e-30
08,22964719,A,G,0.033015792414059,3.80436170161066e-53,6.36005116055889e-30
10,94468643,T,C,-0.0270657754854736,1.6099109377942e-46,5.13690944566374e-29
10,94542446,G,A,0.0179995573088893,2.41723711321327e-18,5.21577303248717e-16
06,577820,A,G,-0.0332003072947087,7.57649989146462e-81,1.23252148547034e-28
06,246178,T,C,-0.0469284330901855,6.16209207076721e-22,1.03922835671175e-21
06,563210,G,A,-0.0570714511253011,4.12669043710727e-17,4.13003696787977e-09
01,199012478,C,A,0.0330162677086963,1.07949627544256e-42,1.76269637617131e-28
01,198666232,A,G,-0.0370409318100118,1.30937869468043e-25,4.06049054710411e-22
14,23589057,G,A,0.0241496014014062,4.18295542454551e-52,1.84354018390634e-28
14,23596621,G,A,-0.0247914886168156,1.85269969272919e-12,1.42582097642168e-19
03,3153339,A,G,0.0314000681237488,9.83724397182421e-43,1.97804410941867e-28
03,3117498,G,A,-0.0173185941268187,2.0412157287732e-14,3.83349687107485e-10
03,3142876,AAAAG,A,0.0181580835856806,2.56823377526975e-11,2.9175842065339e-07
11,57146225,A,G,-0.0482381426247389,3.07573370889372e-26,2.415449761467e-28
11,57175798,G,A,0.0198523973625803,1.55663226308496e-18,3.97881000062391e-17
02,102904244,A,C,0.0470897369758233,7.98583078410325e-117,7.23765105922992e-07
09,135877278,T,A,0.0584065367948206,1.84195873465022e-29,9.94001706448647e-28
09,135857646,C,T,0.0829741436683262,1.47017239178595e-15,6.01824951368794e-15
09,136145404,C,A,-0.022506174154682,3.27094956888764e-24,4.98674239789688e-17
10,28785408,C,G,-0.0338648474564669,2.79908428276145e-43,1.7096866696061e-27
16,27349168,C,T,0.0269910869483264,7.07203486811347e-33,3.02235741433438e-27
16,27371424,C,T,-0.0435276682183655,7.69474471407686e-16,1.43398121251379e-18
16,27414378,G,T,0.0213554638060201,4.62068515324343e-09,3.0582583493839e-07
15,80189805,T,G,-0.0267819707771111,1.27437415455623e-41,5.74355259764945e-27
15,80260014,T,C,-0.0223594685402029,1.88264007310764e-16,6.36686630028542e-17
11,309127,A,G,0.0344676853441929,9.72343627984255e-49,1.38989143161055e-26
11,327334,C,T,-0.032706804067605,9.51304668518129e-30,9.84722722485136e-18
09,5016455,A,T,0.0329088515929451,1.11455042163662e-33,2.9754170730284e-26
09,4850613,G,A,-0.0194624658882659,2.97642550523255e-18,6.61141044815255e-11
09,4763491,G,A,0.0165240349117977,7.20591162079492e-11,3.67810783876381e-08
16,2838000,T,C,0.0320549767678786,2.7371401160065e-41,9.99577855074303e-26
17,43691377,T,C,-0.0357594108786117,6.41016999305915e-38,5.03953326580092e-25
01,101656441,T,C,-0.0358920066025681,1.76743718431163e-19,2.08224333764311e-24
01,101643722,T,C,0.0231805307308365,1.95829149295724e-20,1.16889174781902e-23
01,101168196,A,G,-0.0152121506418509,3.10184867935552e-14,5.5835991325914e-08
21,45660835,C,A,0.0272542247263232,1.65606981089812e-59,2.5033690604879e-24
03,188441161,C,T,0.0289986666035057,5.00987813454524e-33,3.95255945758032e-24
03,188019535,A,G,0.0137928868041473,2.96556679898812e-10,4.46456723761425e-07
16,86013551,G,C,0.0311112648217019,6.13973286956208e-25,6.82060308114053e-24
16,85810349,A,G,-0.0253721019417223,6.86296414912836e-14,2.74971020945162e-12
16,85699201,T,TACA,-0.0148465574128346,2.17240177135225e-15,1.43939424702106e-06
22,41404939,T,C,-0.0521857589311074,3.24074017391166e-25,6.94494271335327e-24
22,41752944,A,G,0.0259426893250734,9.14081491153236e-26,6.82915748022102e-18
02,8438693,C,T,-0.0283586804215212,2.73956475312319e-45,7.70340802071367e-24
02,8760364,T,G,-0.0428365107717975,8.13390711034553e-09,6.36427349986019e-08
19,1079959,G,A,-0.0484455694400188,4.07993928408437e-29,9.3533424997921e-24
19,1104078,G,A,-0.0261737880040514,8.21818365816046e-16,7.82720153684858e-11
19,795457,G,A,0.0158373723761437,1.18280952063613e-13,1.7139408793082e-08
02,98391117,G,A,-0.0324892984386598,2.57743091997563e-36,2.24991431236714e-23
13,40355913,C,T,-0.0259282638968738,5.70357309660914e-27,2.41917432452742e-23
13,40514426,A,T,-0.015765430371498,3.90982430303871e-15,1.25609282202966e-11
10,89698190,C,A,0.0249154965103697,9.1941336083498e-44,2.70670441402365e-23
10,89743247,C,G,-0.0339189295151049,1.20011250375714e-07,1.15377981434933e-10
03,42906116,T,C,0.0456441476537351,1.42281822056369e-18,3.32198064901341e-23
03,42876729,C,T,-0.020127047167576,2.8889272253667e-30,2.72622017728281e-20
17,47448346,G,A,0.0264621600191933,2.64938676752179e-31,5.32584341637355e-23
17,46993948,T,TTTTTGTTTTG,-0.0128020440111339,4.06473395706488e-11,2.63559326175245e-07
15,67442596,C,T,0.0340210180315666,2.45250787796369e-32,7.56287793763012e-23
15,67413624,G,A,0.0632141906269574,5.55846086892773e-11,3.18189493287624e-09
15,67621636,C,CA,-0.0170481497246399,6.64877570590658e-17,1.51140304376134e-07
17,37946972,C,CT,-0.0763619240664111,8.38786893323469e-26,1.77330420587427e-22
17,38184580,T,C,0.0176757375000612,6.36215468306162e-21,1.45735244845752e-07
01,42370787,T,C,-0.0259872612954524,2.15828439126381e-51,2.09469580900146e-22
19,3179517,C,T,-0.123536941642117,8.48182350706408e-23,2.14643511582157e-22
19,3353622,T,C,0.0135526102664834,8.04528710351945e-16,6.04110296865702e-07
14,94417531,T,C,0.04788542090745,3.18323323933694e-21,2.43098789243812e-22
14,94444787,G,A,-0.0241850601858837,7.73504292713464e-19,1.12128464254747e-16
01,9711760,G,C,-0.0261303342951934,4.20431978780546e-32,3.54656437590424e-22
01,9341128,T,C,-0.0182504489965824,4.76835998489753e-18,5.62473250282374e-12
19,45751157,G,C,-0.0314446921646267,3.9134098213622e-31,3.86958467888726e-22
19,46219145,G,C,0.0227531503505602,1.39225926407485e-25,6.89697249178016e-14
19,45251806,G,T,-0.0738491978358919,8.03238729533945e-17,1.69036538237925e-16
16,88558164,G,A,0.02996097589135,1.17929780938677e-34,7.06443650646912e-22
09,117695634,CTTTTTTTTTTTTTT,C,-0.0240964480643366,6.25283599484453e-38,8.30501169029654e-22
09,117691558,C,T,-0.0323972608262391,4.13710842131397e-07,1.03012946254968e-09
09,117926732,T,C,-0.0205893876879063,1.41365604369227e-06,1.50475770435887e-06
06,42197707,C,T,0.0340924570249303,7.10063090845904e-25,8.58932314677128e-22
06,42515791,C,T,-0.0218562758828588,1.90834640971785e-13,5.54147249004881e-11
06,42284605,T,G,0.0177640387320655,4.76661996540587e-14,3.61576710893323e-10
08,145158607,G,A,0.0523919446802789,2.54763623636538e-25,1.07009161783751e-21
08,145180624,T,C,0.0224152024434225,2.5833254662439e-08,2.21688161218675e-06
11,128185850,G,C,0.025071962093429,1.64287322048655e-38,1.11403573117063e-21
11,128601198,TG,T,0.0300220578204706,2.69553330227752e-20,2.2833723655569e-16
11,128326602,CAA,C,0.0212114569787504,2.26635290071205e-16,1.17338676875289e-11
13,100040979,A,G,-0.0257041182070485,7.70340913191431e-30,2.34758147333973e-21
13,100072054,TTCC,T,0.0218204354985113,6.09092669652981e-15,1.57300162865503e-13
17,65880537,CT,C,0.0318461280877398,3.89443314042045e-31,3.53751568312614e-21
16,30082508,G,T,-0.0186679943067581,2.01027067495845e-12,4.05395051134745e-21
16,30150001,C,CTTT,-0.0162063437433102,5.26336527149198e-09,9.20879408280334e-16
09,94121330,G,A,-0.0316278968345967,2.03281725131571e-29,9.30040001892917e-21
03,33046480,C,T,0.0241564122815216,2.36833022544578e-35,1.23158710171846e-20
03,33146256,C,T,-0.0207309472987493,7.43507464210249e-08,6.16465498062379e-09
03,112055793,G,A,0.0257463718088589,2.70592907544539e-34,3.89266318261946e-20
03,112103919,C,T,0.0205332578315422,2.29160692136704e-12,1.55731743986986e-08
03,112521519,T,C,0.0160788087832456,2.39592394130627e-14,1.31668004913227e-09
22,24621826,A,G,-0.0260922990744059,2.18997437014335e-36,4.51120833617335e-20
11,61569830,C,T,-0.0252850133101199,1.89899851165666e-39,5.04045179691854e-20
08,61709187,TC,T,0.0241991237213933,7.64473430280369e-24,5.68477373660391e-20
08,61688492,A,AT,-0.0319034199451064,4.46713833649526e-14,7.45396817893193e-17
02,234115629,C,T,-0.0273876863964353,2.15821149882756e-15,8.33867477051095e-20
02,234002163,C,CT,-0.0142159236459157,5.45264090444668e-13,8.6196885751827e-12
12,56396768,G,C,0.0248700507534208,1.27554493756421e-37,2.62222778802427e-19
07,22784486,T,TTATATATAAATATATATATATATATA,0.0227737501393121,2.79398591023746e-26,2.69400613624319e-19
07,23044939,G,A,0.0129993866785755,1.31968212112075e-07,2.4858110770615e-08
01,23836364,A,G,-0.0195305252425663,2.61525879593663e-16,4.99336930764208e-19
01,24199363,C,T,-0.018140341170785,2.8764197266673e-15,1.23082944083258e-12
02,28689261,A,C,0.0233440192620552,2.09736724523137e-34,6.61464083977562e-19
02,28516271,G,A,-0.0175706182661701,8.56636081352194e-07,4.43167626517542e-06
02,28862274,C,T,-0.0130407566417724,4.53938451059036e-07,1.36681014308108e-06
X,153730465,T,C,-0.0238128870560683,1.03074605496665e-13,7.88415892073377e-19
X,153414584,G,A,-0.0126390468593223,2.10222802704658e-09,5.08622780491235e-13
14,55731103,CG,C,0.0235611623735442,1.07654321953164e-45,8.14821787724541e-19
01,87758358,A,C,0.035979962102709,5.08534873256338e-23,2.05986157247138e-18
03,50771624,G,A,-0.0301333400972415,6.31615694168299e-18,2.09200531870295e-18
03,50904642,G,A,0.0299354722298824,7.60586169569411e-18,2.97925756576651e-18
03,49002631,CA,C,-0.0229315306797165,3.78527487328052e-34,2.14555884613516e-18
03,49250358,C,T,0.0418840808020526,2.83813245626772e-08,9.46643051001619e-11
02,242682029,T,C,-0.0411922401123024,1.48128540189447e-63,6.10390793117837e-42
07,37382465,T,G,0.0379941548163398,5.99038705580486e-22,3.63819569629238e-18
22,37531436,G,A,-0.0233909085329802,5.42030404791892e-30,4.44217388831373e-18
22,37311858,G,A,-0.0278832099614491,2.04608035304309e-17,8.90170939007642e-18
22,37258503,T,C,0.0212986697687293,4.42061321000231e-18,7.71361739002024e-18
07,50329697,G,A,0.0207092102070736,2.48056432174206e-26,5.16073794710399e-18
07,50444152,G,T,0.0824694960499513,6.57663862043986e-15,1.23837985682716e-17
07,50734418,G,A,-0.02736490526711,4.5560769717257e-10,6.27307569025977e-09
01,65423447,G,A,-0.0352001519712857,1.06785618354128e-19,5.19532846480236e-18
01,65440769,G,GTT,0.0412348139536867,2.71099525495004e-15,5.80842777330205e-17
01,65314212,C,A,-0.0820870609569576,1.58402542973298e-12,4.03996164371172e-12
20,42656310,G,C,0.0255577386708369,2.5610062257003e-30,6.45686111564526e-18
10,6093139,C,T,-0.0782818870714747,1.6326258241958e-15,9.54730736355797e-18
10,6106552,T,C,0.0177239145102602,7.67168511167709e-25,6.15809032540648e-14
01,93595306,C,G,-0.0246281801029665,1.29325663714641e-31,9.59809207420459e-18
14,35881966,GA,G,-0.021057000661645,5.86450235149804e-26,1.22009999947934e-17
14,35645219,C,T,-0.0343072767007285,1.50569486890201e-06,2.69011951797524e-10
01,8504421,A,C,-0.0229112382947254,1.4581913774197e-40,1.49587503421586e-17
14,93014929,G,A,0.0212001337467203,7.23966086880884e-34,1.66578619414889e-17
14,93118229,C,T,-0.0230504627841994,3.35916610509263e-14,9.62460216456203e-14
03,112677529,G,A,-0.0218930640207605,4.2624420852666e-41,3.16936510777175e-17
03,112180816,T,C,0.0379502020675929,2.85506656653961e-14,6.21464454936652e-14
12,92540731,CA,C,-0.0227677067757675,6.10811159866287e-28,3.29456293977192e-17
12,92758273,A,G,0.012569583676835,8.21617524389716e-10,4.74769617894994e-07
01,12102311,T,C,0.0234236252056056,9.30774788233293e-19,3.89132091110869e-17
01,12175658,G,A,-0.0838101740675083,6.41456411728065e-15,2.61418875262959e-15
01,12246175,C,T,0.0221340143114592,1.41381062030378e-14,4.26830972642236e-12
19,49458262,T,C,-0.031159451340685,1.48158833720517e-22,3.95429280273798e-17
08,48651633,A,G,-0.0532307965221567,1.23606960080509e-16,7.30939526911103e-17
08,48411885,G,A,0.0266928243700228,5.65144347137431e-11,5.12717948610061e-11
03,16908186,A,G,-0.0264912293264689,2.07849587899795e-25,7.78158381545526e-17
22,41853928,G,A,0.0295169035126003,1.95488191846755e-25,1.09354060194904e-19
22,41423148,T,TA,-0.064393890735152,7.75373928078308e-14,6.31103947754589e-15
19,45742011,C,G,-0.029980295463252,6.5069211712018e-35,6.64513821476333e-22
19,45242173,G,A,-0.0410430808408956,1.93804481895933e-17,1.54812223344418e-16
19,45372329,A,G,0.0318482827965898,1.05378528289867e-09,3.77598483166141e-09
05,10624866,T,G,0.0257227603484286,1.1549995496688e-25,1.57011737486752e-16
17,55465771,C,T,-0.0542518226190345,2.77692795338796e-19,2.70499088473335e-16
17,55362972,A,G,0.0168476029003731,6.39024506024878e-18,4.525412105724e-07
05,176780545,G,A,0.0233950293823533,1.51693598808271e-29,3.02519444532083e-16
12,110928448,A,G,0.0445309945169947,1.39604657568641e-22,1.87760765463357e-16
12,110441868,C,T,0.0292720449874005,5.57149440819655e-21,1.87965090517642e-12
12,110975429,G,C,-0.056602389400341,1.3618374028348e-06,5.39186392672583e-08
03,27758274,G,T,0.0216286970644318,1.09256836153069e-40,3.58189433091258e-16
04,123184411,C,T,0.0265343561429929,1.89453096340834e-39,3.61780895542338e-16
04,123032356,T,C,0.0359307975895849,5.2876503332155e-15,2.43365246991891e-08
04,123577665,T,G,0.0229128071554929,3.8892716417861e-11,2.68418905378685e-11
19,46370381,G,A,0.0220124874727701,3.11621588425136e-23,4.71301972837242e-16
19,46870302,T,C,0.0201684677124061,6.39636828615795e-09,2.05954080521527e-08
19,45958486,AT,A,0.0167307002280941,6.56627094792163e-08,1.31623727303915e-06
03,101281534,T,C,0.021404993623933,6.91686523241905e-39,5.9833469615976e-16
02,111916868,A,C,0.0550523452403316,6.68636295524251e-40,1.77237731361575e-37
02,112388532,T,C,-0.0247821518151969,2.45900485971849e-19,7.53355412103724e-16
02,112220359,C,T,-0.0164249240329455,4.81631901312e-11,1.74949121560218e-07
11,126197026,G,T,0.0248741223993119,1.47506056864944e-24,1.07488386861096e-15
06,35519493,A,G,-0.034742177941698,2.85238523308045e-20,1.5699220968641e-15
06,35689869,AC,A,-0.0224013943693521,5.5319227924073e-17,1.68507158609946e-10
11,108100105,GT,G,-0.0223357561065968,1.21295722418738e-45,1.73904204807899e-15
20,30294682,T,C,-0.0702348480911104,4.59873709747712e-16,2.01299744034025e-15
11,116793619,TTC,T,0.0430235607607155,3.12637554319091e-15,3.44252860547212e-15
11,116623213,T,TA,-0.0239226751273121,4.93373614490555e-13,1.21062114926017e-11
16,68608511,C,T,-0.0221851306556309,1.84747782913763e-17,3.75503037420062e-15
16,68393405,C,T,0.0227578150741887,1.31865151706911e-08,8.36198360466595e-08
16,68138091,G,T,0.0286362776517928,2.04307907892707e-07,1.56025655515035e-07
05,129926042,C,T,-0.0420844909209014,4.26458656560756e-100,5.8752650858818e-53
05,129570665,T,G,0.0599567828287711,6.03730884005089e-06,4.46047277086276e-08
01,172795086,A,G,0.019876408770394,9.21681778354321e-22,1.04711660500704e-14
01,173231898,C,T,0.0181899245552758,1.27494222411004e-17,6.62921368417503e-13
04,153256845,C,T,0.02218417027777,1.76111412162045e-25,1.4577977046857e-14
03,196368191,G,C,-0.0251767493156216,1.62482376622196e-17,1.53738564584031e-14
03,196513236,C,G,0.0186890139470478,4.47244994112598e-12,6.4081751808432e-10
22,31725634,C,G,0.0200031923951333,2.07206982704622e-38,3.11180722310821e-14
07,17010964,T,A,-0.020796080277128,1.60453225492344e-22,3.28363590520775e-14
07,17176784,A,G,-0.0127747604085812,2.43572145583772e-09,5.61170379360155e-06
09,136897976,TTA,T,-0.0225381036560233,2.24917634210053e-23,3.48345491972612e-14
10,9058671,G,A,-0.0486422041645983,4.34247655777052e-65,4.3538568269789e-56
10,9172233,C,T,0.0336558334765356,3.82224228963861e-27,8.07651346127229e-26
10,9132408,CAA,C,0.0230093238395852,2.63377026678087e-13,4.68404630286558e-06
07,135316476,AT,A,-0.0197063054074152,6.41636326545523e-38,1.22537486129962e-13
12,32138924,C,T,0.0234653876594993,1.58931852819081e-20,1.25498544571783e-13
03,52607511,C,T,0.0272059595337251,1.49075720270207e-14,1.28760429194928e-13
03,52848207,C,T,-0.0191215043875291,2.19127181263634e-07,4.28457154633565e-08
12,57493727,T,G,-0.031409795251742,1.58964451926511e-16,1.40277007357402e-13
03,128542368,T,G,-0.0863585827781403,1.1195781575587e-89,2.04037046300784e-77
03,128629328,T,C,0.0475402884140321,1.01827305618799e-06,3.3310361866729e-08
07,3157702,G,A,-0.0195839681516838,1.48721514245333e-35,1.72277875650688e-13
15,91181567,T,C,-0.0225252347951674,6.84315240590541e-21,2.20844687553707e-13
09,16885017,A,G,0.0199451795308034,1.22778156923027e-28,2.61492997840564e-13
10,25223367,G,C,-0.0199485672225014,3.0182814145287e-27,2.67103795220977e-13
11,47468569,G,A,-0.0211498100420572,9.53070638182989e-23,2.9851693318804e-13
20,17630045,T,C,0.0162272226096061,3.9704966991311e-17,6.93498229797153e-13
20,17786871,A,T,-0.0134980335894833,3.06655237927168e-10,6.85709770579822e-10
10,44871346,G,A,-0.0314382255015043,1.85546948471555e-15,7.34242635043593e-13
10,8114388,G,A,0.0192792730223732,2.75813786419582e-17,7.79391478633072e-13
10,8447148,C,G,-0.0139543347770162,8.06106590575691e-09,1.51688782677672e-07
02,211540507,C,A,0.0190639869818083,3.09461277647318e-18,8.47090852661786e-13
02,211682987,T,G,-0.0158464752317881,9.30711672513311e-09,4.33575816092442e-08
20,49184546,A,G,-0.0325426489592478,2.87199596198354e-12,8.53543781191104e-13
20,48894872,C,T,-0.0118739451099807,2.13290220234412e-11,8.43563303399473e-07
16,48696528,G,A,-0.0202258433381846,6.47993813596522e-23,9.17034464645409e-13
03,169489312,A,G,0.0202487963983204,1.23304241527757e-18,1.10063059925664e-12
03,169833107,AAGG,A,-0.0181426672322087,4.56980458428476e-07,2.82881451446388e-07
09,139387676,G,A,0.0210232735058672,1.61003285181446e-21,1.1298345642584e-12
05,150461049,A,G,-0.0220418540826882,1.26186182833223e-19,1.26317294876609e-12
X,153546556,G,A,-0.0344259355205139,8.40919024708086e-21,1.67809944258227e-18
01,221058846,T,C,-0.025006121676603,1.46681883902603e-13,1.53974432529372e-12
01,221270965,C,T,0.0182077856441769,4.86504410452904e-08,2.98318569602032e-08
12,4333203,G,T,-0.0257709248267956,5.74086099936546e-17,1.55580731708298e-12
12,4318723,C,T,0.020871547450224,1.66075987589847e-17,3.2372652921459e-11
12,4071901,T,G,-0.0155918708989484,4.09961810946065e-14,2.970713864953e-09
09,6155865,C,T,0.0478347381006734,2.47885482731772e-61,4.6258774673843e-92
09,6153708,C,A,-0.0891185361998238,1.75404786483131e-66,3.01529582442562e-12
09,6146441,G,T,0.0457762185206504,6.90641456920432e-28,9.9760152937715e-81
02,163110536,G,A,0.0189166656599152,1.90268232129186e-26,1.83059706722016e-12
19,52317248,G,C,0.0265927906468,5.70268216123047e-13,2.24599365099217e-12
19,52278669,T,C,-0.0143603992137918,1.35763126959641e-08,1.261022089805e-06
21,34439206,G,A,0.0214824237187446,8.91722819547958e-15,2.45190967407425e-12
21,34398178,G,C,-0.015214483553836,2.52814841956448e-08,7.70314899208974e-08
21,34618285,A,G,0.0130033283380024,9.99568279525445e-12,1.30984577446199e-06
03,10229160,C,T,0.0392944400804041,9.31684795407242e-14,2.45319460453091e-12
21,38781748,T,C,-0.0284126127809846,5.17816586417933e-15,3.5857094557167e-12
12,54685880,C,T,-0.03584729138759,9.42253215213648e-14,3.98906789034224e-12
02,231161026,T,C,0.0203891266614827,4.36961810388666e-20,4.69304292441692e-12
02,145412271,G,A,-0.0199686580818852,1.58948735513916e-20,5.60688152864823e-12
01,167426424,G,A,-0.0186433416584433,2.75430593163706e-25,5.88169424723185e-12
13,50954721,A,G,-0.0185277156879589,7.46224364625637e-25,7.08593609627744e-12
03,25341796,C,A,0.0190333346250486,9.95252358885593e-23,7.38479043384293e-12
03,121977282,G,T,0.0189545424693965,5.31746464600673e-17,7.69500793451365e-12
03,121781951,T,A,0.0145898443644661,6.45009998256152e-07,2.19895624857239e-06
17,41926126,C,T,-0.0492724381000563,3.15562555039204e-11,8.09183155463985e-12
17,41438626,G,A,-0.0146011838273799,3.53297351453677e-09,1.20792020205681e-07
17,42318314,G,A,-0.0255086765511056,1.31940133082236e-06,8.24771562580143e-06
11,3008150,CACCCAG,C,0.0211991799720218,1.28451944942686e-19,8.26157345226703e-12
09,6322729,G,A,0.046392549527443,2.55752646315294e-95,1.00312383816843e-79
09,6375915,C,A,0.070762556624643,1.49676302352938e-25,1.91997276515086e-56
09,6483444,G,A,0.052207531928175,2.03603156620045e-14,2.69125131172247e-06
12,6502742,G,A,-0.0176871806812395,8.88009794186708e-17,8.72837961213031e-12
12,6445982,C,A,0.0137997347715172,2.73314139752876e-12,5.20687891601727e-08
16,30760364,G,C,0.0160345046890331,5.69818337142193e-14,9.17855938115027e-12
16,30337208,T,A,-0.0176432712055459,5.17600529003971e-14,1.9058266873475e-10
06,35929821,G,A,-0.0823224295261546,1.63479798156819e-14,5.24952166482815e-13
06,35546866,C,T,-0.0278141602033279,4.73044220781856e-12,2.36882625470109e-08
06,35535076,C,T,-0.0360639397296273,5.08753838410474e-10,1.61204285913063e-07
06,34517229,A,G,-0.0229156958082295,1.09352570896653e-12,1.01991710699371e-11
06,35008678,G,C,-0.0182214845663024,2.55285818536412e-12,3.20882726615613e-07
06,34862972,GT,G,-0.0153328470121701,2.14769810738343e-07,2.35043974365795e-08
02,182324186,C,CTT,-0.0193103372289912,7.52253489666655e-19,1.17850413375912e-11
02,181826233,G,T,0.0141554294103703,5.94017045829929e-11,4.27699337503993e-06
14,103190362,A,G,-0.0196349970149118,6.70808854569549e-20,1.29654629713548e-11
13,43057478,A,G,0.0193453735664503,3.64393778506074e-20,1.50719363610531e-11
06,135419631,A,G,-0.0414312382327061,2.52492586557973e-59,1.05123516525622e-53
06,135399427,TA,T,0.0213641957275819,7.32261434846324e-18,2.1078814917993e-25
06,134899931,T,C,-0.0184132542072991,4.82528115119742e-11,1.70481670592918e-10
05,109878459,C,G,0.0297840418137798,1.3815039765884e-12,2.28300734976227e-11
05,110003627,T,A,-0.0407301185191506,3.62789015797174e-06,1.26354615518143e-06
19,18391171,C,T,0.0143491057839009,9.57327901577565e-12,2.40303930856221e-11
19,18228945,A,G,-0.0129228094145311,2.25993695950209e-13,1.30808974210426e-10
01,28600911,C,T,-0.0359474741940344,4.84959585656242e-12,2.55349980572569e-11
01,28208327,G,A,0.0133836871134299,7.79454863528883e-12,1.16034566998994e-06
02,61768239,A,ATATAT,0.0179361130913642,4.09654011176743e-25,2.5559384370307e-11
16,57077810,AT,A,-0.0176901515697529,1.60525455446535e-22,2.7493429292574e-11
16,57421050,A,AC,-0.0214919235519339,8.10253646944075e-10,3.93536859708101e-09
02,65656969,T,C,-0.0176716670498525,5.30617737472393e-25,3.19702765970273e-11
02,204584456,A,T,-0.0461391563138387,7.82869369954462e-12,4.36333632040319e-11
13,114961483,G,A,-0.0175830847337201,1.31319594410147e-24,4.47970994177554e-11
12,121349342,C,CA,0.0177572602808797,5.1525422870303e-31,4.69597596795859e-11
19,38899999,G,A,0.0437585481544033,6.99554832052791e-12,4.80426386135276e-11
19,38444695,A,G,-0.012906019418431,3.42558580724757e-13,5.10013856523498e-06
07,101859945,ACACT,A,0.0195645079903275,5.86271560772607e-18,5.59816839189606e-11
03,183740350,G,A,0.0171941367185553,3.88153624675062e-29,5.97254406409817e-11
15,68336811,A,G,0.0172892392183024,6.1695618231585e-27,6.26361806297488e-11
06,138227364,T,G,-0.049149958302405,1.43017145562368e-11,6.46777847725036e-11
03,159637678,C,A,-0.0264868692480152,2.13997010153963e-13,7.76783526360645e-11
21,16438793,A,G,0.0197698788264126,7.19721708337626e-17,8.60948016372151e-11
21,16931347,T,C,0.0177994721310028,2.61065160729514e-10,4.56729518085652e-08
07,128579666,G,A,-0.0169922428188852,8.2706619436304e-27,1.09511337574392e-10
03,98455672,C,T,0.0195172653162161,4.46404323045196e-17,1.13661678588306e-10
11,2324347,T,C,-0.0276685891591322,6.89959439754633e-14,1.25959300332017e-10
11,2325427,T,C,-0.0459647262613649,8.7426757452695e-07,7.66268002373647e-06
X,48646906,A,G,-0.0176050935501674,1.0443987835944e-13,1.30334108541065e-10
02,96151574,A,C,0.02720186209836,1.58905130534768e-41,6.18609370970407e-16
02,95883100,C,T,-0.071291193200582,1.41188063302052e-16,4.34105139552153e-11
14,103783597,A,G,-0.0171643829431673,7.34367565744749e-17,1.72203817524426e-10
14,103284879,G,A,0.0130315644176127,4.22912449921617e-10,1.36558626566696e-06
14,38065251,CT,C,-0.0169509084557305,1.61784343383736e-24,1.78008611267315e-10
10,111691599,G,A,-0.0234203013248916,1.32786192866803e-13,1.97324275397397e-10
17,68288119,C,T,0.0201543307579856,1.35140292283759e-15,1.97808974879202e-10
02,85780536,C,T,-0.0177464711512681,3.15166723487627e-19,2.10423706530296e-10
22,46624296,GT,G,-0.0270251117192261,1.2825108860559e-12,2.36302817291416e-10
16,68140639,T,G,-0.0134995810265025,4.48602267577228e-11,5.91118442969379e-11
16,67658034,A,ATATG,0.0298584000599561,3.1338349880736e-10,2.44330327679047e-10
16,67680806,G,A,0.0270335002687572,2.2050666182861e-07,1.03205701658007e-07
07,112782556,G,A,-0.0169086124580224,1.83928377703962e-22,2.75138922577282e-10
02,43672508,T,G,-0.0316931778094777,1.03444172199846e-11,2.76361481099445e-10
05,98265807,G,T,-0.0180093218717383,4.94514033709668e-18,3.0370358098387e-10
09,86401456,C,CA,0.0170115409826262,2.03668205938735e-21,3.33809785471895e-10
02,158520905,T,C,-0.0244908981227264,4.41790651542246e-13,3.43279619659764e-10
12,94536803,G,C,-0.01717912332081,4.90552412046143e-21,3.53667846813677e-10
16,79647524,T,C,0.0197694924573555,4.13943447276254e-12,3.53773493440075e-10
16,79744134,T,G,-0.0162298142001908,1.83154294933596e-15,6.04221719652258e-10
16,79346177,A,G,-0.0403020788011622,4.86238740431262e-08,6.52263300051235e-08
16,20915247,C,T,-0.01883444056357,3.35926788763505e-16,3.85066896847234e-10
19,7415064,G,A,0.044821883476233,8.09463585806702e-11,4.32836671186128e-10
19,7827830,G,A,-0.0207733801750409,7.91674001287573e-11,2.49371927700564e-08
03,71771215,TG,T,-0.0184722335776042,5.64222400749311e-15,4.981625099045e-10
03,71446084,C,T,0.0147810820278019,3.5414858562564e-11,5.54159185940658e-07
05,127606403,G,C,-0.0229508909198271,2.91056784266936e-13,5.02059378967217e-10
21,43850713,C,G,-0.0208320245060644,5.81605106490006e-10,5.25463512098804e-10
21,43856122,T,C,0.0181956025285214,3.39483463655484e-08,1.34869999845478e-08
15,86294109,G,A,-0.0166844076567951,8.30960317387703e-21,5.95433200594859e-10
18,56213390,G,A,0.017266130807195,5.29414400917222e-09,6.73541514235637e-10
18,56389822,G,GA,-0.015224924156197,3.65375452646903e-12,1.52438062045072e-08
18,56288009,C,T,-0.0228156613278695,1.48049936003701e-07,6.57699261213764e-08
14,73414316,G,A,-0.0176637612426207,2.86348731889676e-17,6.87415339534879e-10
19,33726578,C,A,-0.0330898412867846,3.80563477242055e-11,6.88971582999979e-10
X,122735221,G,C,0.0147616597222089,1.04884923877586e-14,7.20693227589016e-10
03,128224191,TATA,T,-0.0619819697242144,8.73145578534232e-84,5.23742889774028e-63
03,128235966,C,G,-0.111235615851336,2.35479070255477e-17,5.22770093529984e-15
03,128202943,G,C,0.0364448463466816,1.8904497383019e-06,1.94476613452757e-09
05,14633912,AT,A,0.0310479513297966,2.36966656742531e-11,8.00373835046232e-10
01,229668671,T,C,-0.0193052468369538,8.61885762234954e-15,8.65046059525729e-10
05,142455701,T,G,-0.0180038660353482,1.77703579202002e-16,8.84293473687814e-10
07,77337702,A,AT,-0.0169503496729868,7.85476551942839e-24,9.13060708879228e-10
05,156664205,A,G,0.018628080213435,4.89838243000481e-12,9.87647521286712e-10
05,156478023,T,A,-0.0124494165279202,1.00576652930685e-11,6.27598836528965e-06
13,31079184,T,C,-0.0192291324489355,8.55804319967418e-17,1.03814229374603e-09
03,150943539,T,C,0.0175030394147588,2.58918320990806e-17,1.0619066708094e-09
12,123470586,C,T,-0.0176075682597853,7.73544571694979e-11,1.1218500961853e-09
12,123879445,T,C,0.021838850790521,1.44891149176544e-07,1.77062085994305e-08
19,42516376,G,GTGTA,-0.0351790760761262,3.3344413922706e-09,1.12933026160547e-09
19,42658914,T,TCA,0.0219395436544769,1.67474301766514e-10,1.37252053228289e-09
04,57761417,T,C,-0.0163361231614874,1.50137906517985e-21,1.21281563590079e-09
11,18301840,C,T,-0.0161336341205821,9.40514723957917e-23,1.29273874534497e-09
06,144441671,C,T,0.03851547330312,3.83198403635494e-10,1.36103759421595e-09
06,144155966,C,G,-0.0155332399441176,3.82037241060267e-08,3.74626101886994e-06
10,99073972,CCAGGTTCAAGCGAT,C,-0.0163927243595496,9.65043781557964e-22,1.37408827641569e-09
17,81012749,A,G,0.0183637414907742,5.97590356195837e-15,1.37881988544393e-09
17,81098461,G,A,0.0173905431462158,6.93413479271444e-15,3.81306149590184e-08
17,80527800,AG,A,-0.0139984741144043,7.68560751015097e-09,4.22415934100018e-07
05,135244002,G,A,-0.0243262524589688,6.93254520926544e-12,1.46425332653761e-09
18,46469650,A,G,-0.0241831742619609,9.2800579453152e-12,1.80227001955418e-09
08,119939940,C,T,-0.0271465825317346,2.51723161507246e-09,2.0315242540615e-09
08,120167195,G,A,0.0171576670038831,1.31019524875357e-09,3.9406754395479e-08
01,206968955,C,A,-0.0206744648761506,3.12447729246793e-08,2.12380805689175e-09
01,206655331,C,T,0.0171677095421676,5.17862726924093e-10,6.71778310839707e-08
01,206814790,G,GTA,-0.0123543753312897,2.50985423323192e-08,7.05439043384765e-08
07,75481660,C,T,0.0572228017629127,2.22222171755922e-43,6.29238713871393e-33
07,75486872,C,T,-0.0560990713070149,5.00968936127604e-17,5.22596232169112e-22
07,75484696,C,T,0.0277444390279383,8.27147103594609e-22,6.22765438835729e-12
15,61047926,G,A,-0.0231712739644208,7.99830209549081e-12,2.33669005633445e-09
18,67531642,C,T,0.0156925985740243,1.80649418688344e-23,2.36363268119729e-09
17,76258403,G,A,-0.0172103234140309,2.22893629115279e-16,2.55515227139624e-09
07,8107922,G,A,-0.0335095848509398,2.87240322950241e-10,2.68750449462465e-09
18,48519151,CT,C,0.0161285431564843,7.10476235363834e-19,2.69129602661283e-09
01,25250919,GT,G,-0.01572718172164,1.66796077270333e-13,2.84453088966103e-09
01,25291010,A,T,0.0120336916383016,1.66892103624526e-09,3.75891145322373e-06
14,25445362,G,A,0.0159705538665261,1.81544528193846e-19,2.88862707130015e-09
01,161168189,C,T,-0.023831513955728,2.94456374301363e-09,3.07661866869136e-09
01,161599168,G,C,0.0132047584926388,9.96280883294302e-14,2.2066215150799e-07
07,45116468,C,A,0.0187901465234186,1.28729162174837e-12,3.37016696824498e-09
07,44865064,A,G,-0.0151610050697134,1.94091111951563e-14,1.88291914391827e-07
17,45826407,GA,G,-0.018817354132246,3.70444810078415e-10,3.39000745916664e-09
17,46019901,G,A,-0.012304024038156,2.593138027125e-11,1.3020432254129e-06
08,66861738,C,T,-0.016238723964413,1.06588093747467e-17,3.69146251975038e-09
X,65260525,C,G,0.0177298421444449,4.34594484122177e-11,3.81397139957727e-09
12,9066613,T,C,0.0167202428544598,2.35297964133263e-17,3.92252239935712e-09
12,8813927,A,C,0.0485144878407736,4.66504954642875e-06,9.75520967218907e-06
16,1252441,T,C,0.0164654347316732,1.79073329402532e-16,4.15201775672634e-09
02,37565062,A,C,0.0344827677407906,5.3167156282785e-10,4.21511275009612e-09
14,35826370,T,C,-0.0213120037067742,1.63914380365771e-18,5.31586055165872e-12
01,212907866,C,T,-0.0161679608280908,2.11442830447964e-17,4.27937781995144e-09
10,6175372,CAAA,C,0.01999544813059,1.85056034868266e-12,1.45528724580939e-10
10,6232971,G,A,-0.0646538668612429,1.53481857643629e-09,3.93177316951909e-10
10,6626214,G,A,0.0192577364232074,1.38265831981139e-11,4.76748217544019e-09
22,42010623,T,C,0.0233152566064943,9.33392633233713e-16,2.46094476990813e-12
22,42553582,T,G,-0.0163312776713027,1.30874045158547e-10,6.07180079837576e-09
22,41998660,G,C,0.0537766536446978,3.70891872909554e-07,2.83112803080208e-06
02,71283467,A,G,-0.0162320246547056,7.57175669090698e-17,4.92495534710996e-09
08,10956707,C,T,0.015977362160293,4.45191176409688e-19,4.93321230494852e-09
11,64006907,G,T,-0.0168148613865111,1.27758841101104e-15,5.14896881242913e-09
17,58049925,T,TA,-0.0194433198863566,2.76595308476627e-13,5.19411308413393e-09
19,37453238,C,CT,-0.0167980834915013,1.03589247817386e-18,5.59550541034258e-09
02,136812931,T,G,0.0211216861037341,4.98056536002946e-17,5.66154267621984e-09
02,136946230,G,A,-0.0319928078680134,8.21066808882064e-09,6.69122753838544e-06
19,19750822,C,T,-0.0158154397342688,9.4423139208246e-19,5.8577666608502e-09
15,44720011,C,T,0.0417536973552763,1.88081740616068e-09,6.46014164428483e-09
01,33838721,CT,C,0.0152860227379928,3.26329603048979e-21,6.8110279161215e-09
04,55552330,T,C,-0.0158802889156962,2.29048123248196e-17,7.45598991444643e-09
09,21981630,CT,C,-0.0173740283841313,3.98420945324896e-15,7.55661302248501e-09
03,148607919,G,C,0.0350211671103904,1.32305514056931e-09,7.86795493710904e-09
10,115348046,G,A,-0.0373972025778689,1.66255166477245e-09,8.4057547080619e-09
17,74496217,T,C,0.0247835494349522,1.56415384856601e-10,9.24655397878267e-09
02,38290743,T,C,0.0153877431189449,1.41554185554584e-19,9.32967229852901e-09
08,95960511,C,T,-0.0150569033243351,1.16488370739698e-22,9.58809927890671e-09
10,35492832,A,G,0.0159594334981155,5.66445706970734e-16,1.01860478273493e-08
15,70379236,G,C,0.0301542782692674,4.51527747560303e-09,1.0217169187039e-08
15,70758806,A,G,-0.0150875426038855,2.25423955805115e-11,3.49206203410537e-08
15,70050992,G,C,0.0122790274445709,2.29249178255617e-09,6.26160406228941e-06
04,139089463,A,G,0.0152758781904702,7.64451678867401e-19,1.03622937657569e-08
19,5898613,G,A,-0.0164613782795924,8.40894808403462e-15,1.05541198515921e-08
11,69981591,A,C,-0.0154122883492071,3.43049721602121e-18,1.10046382799189e-08
17,7595379,C,T,-0.0575605195959097,2.82956677169312e-14,3.23393273251283e-13
17,7177872,A,C,-0.0162660552073376,1.27669033316342e-15,1.16184582587334e-08
17,7545310,G,C,-0.0579383185059116,3.13488992477882e-06,9.20606029556621e-06
01,226909233,G,A,-0.014973711376279,1.17687040148766e-22,1.17855178124437e-08
11,111247942,C,CAA,0.0162670038237442,5.99084371098352e-15,1.22643313389791e-08
09,2607430,A,G,0.0179773479224267,2.21241908266536e-09,1.2800618191878e-08
09,2621482,G,C,-0.0159421277485337,5.07840193489755e-09,1.49843597180406e-07
09,2208793,C,T,-0.0166924268989454,6.20880880271825e-07,7.68318163986139e-06
01,28469369,A,T,-0.0317931520633712,1.41516377127674e-09,3.71060900806189e-09
01,28002091,T,C,0.0333941685374181,7.19728352440705e-09,1.2862897843433e-08
19,46893810,G,A,0.0214447055787971,2.98778599081203e-10,1.37310794512927e-08
19,46432714,C,CAG,0.0141934161575156,3.60647943611559e-09,2.62474369449337e-06
19,47223949,G,A,-0.018270306415519,7.53607748879281e-07,5.66935331293734e-06
05,133451683,C,A,0.026729419750893,7.10866402717998e-13,1.44527650857751e-08
05,133432632,C,T,0.0247818566032579,7.72718374903117e-12,1.36990875875302e-07
05,1313242,G,C,0.0161579390010989,6.55368577231534e-09,1.4994665260482e-08
05,1285974,C,A,-0.0129804354071669,1.01524357624133e-09,1.03837770053914e-07
05,76549688,T,C,0.0148736299289504,8.25420518494168e-22,1.61578296055775e-08
02,74292747,G,GTCCT,-0.0198672521912015,8.71050302631554e-13,1.7274201211244e-08
17,73799103,A,G,-0.0178333116067625,6.97041355005601e-14,1.99097525125255e-08
07,92237533,A,T,0.0250272986291436,1.21790399944536e-16,2.93758083520092e-18
07,92266198,C,T,-0.068214748640163,1.03724620238185e-11,1.56936653554994e-13
07,91874686,C,T,0.0122811036633362,2.91269645173053e-09,2.25629198074272e-08
01,26719231,AG,A,0.0298381491092068,3.97848151287146e-09,2.05586209094957e-08
01,26646726,G,A,0.0155702270697365,3.79447620986209e-10,6.0217590492163e-07
08,79753010,T,C,0.0152239476730997,1.58766937131319e-17,2.06646823263321e-08
16,51231804,A,G,0.0147889436618299,2.54030038039934e-20,2.14136092539286e-08
15,43702964,A,G,0.0177689517789743,2.20163263930456e-12,2.14163849571202e-08
19,51727962,C,A,-0.0155771737836148,1.21574847967214e-11,2.43714474726014e-08
11,56104645,T,C,0.0142439128727658,2.44948163531527e-14,2.54411800056387e-08
11,56170944,G,A,-0.0595919050848777,3.4533845448971e-06,5.29180034895975e-07
06,137098952,CA,C,0.0151448408350203,7.81052280828413e-17,2.62346927642766e-08
17,2865789,A,C,-0.0169104034470878,6.79265129344783e-13,2.70194160716931e-08
22,18171650,T,C,-0.0145249609140889,1.37577589614182e-21,2.84955640685856e-08
19,4090113,C,T,0.0157039098041639,6.13205037194141e-15,3.01720046448977e-08
01,101637851,G,A,-0.0340446843093662,3.73717807814232e-18,1.05199245033583e-22
01,101630273,G,A,0.0225226669077831,1.49000653182162e-19,1.65840077123673e-22
01,101147149,T,C,-0.0155255263086034,2.45009649786478e-14,4.61933458331875e-08
02,12965748,G,GTG,0.0156497403973202,1.63276013464297e-18,3.21286912079098e-08
03,39724375,G,A,0.0429861825714438,1.06381867452825e-08,3.27244976206771e-08
17,79400621,C,T,-0.0198382985753005,7.53867912577442e-11,3.49790224216219e-08
11,95311422,T,C,0.0191225448038113,5.98978109685388e-11,3.80179881824895e-08
10,70805381,G,A,0.0404085369418218,1.24940727251202e-08,3.80824980073992e-08
15,41787585,G,T,-0.0142483116724473,1.54393909618931e-11,3.93740414214853e-08
15,42222390,G,A,0.0124071794721913,8.36995439809487e-10,2.74097611807161e-06
12,7111062,T,C,0.016509701771426,1.22220971449932e-13,3.9594377812166e-08
10,43997236,CT,C,0.0181445944434248,1.28828377329949e-11,4.03125702532775e-08
01,23698120,C,G,0.0242137327953357,1.21028002973853e-06,9.22066267030941e-09
08,126616848,G,C,-0.0148349750116767,9.90866217296392e-13,4.16348911811737e-08
08,126500031,C,G,0.014395054132969,1.02975792274816e-10,4.17117240694588e-07
08,126173545,A,T,0.0201453037336873,8.41161494301069e-08,5.33578453213397e-07
04,103449131,A,G,-0.0466452362555694,1.72086092897398e-08,4.68992589180732e-08
01,200293042,T,C,0.0159465673326754,2.95546862426494e-13,4.72634929622527e-08
07,98756597,T,C,0.0162081492165739,6.7744852525603e-13,4.91859917372269e-08
05,132001386,G,A,0.0518545943460222,3.07225502276419e-26,1.42998315315509e-36
05,132004531,G,A,-0.0554866178994664,1.02893747934452e-48,3.51850940388895e-33
05,132069706,G,A,-0.0414257666903241,1.90350039441392e-47,4.38775241236143e-26
12,89908218,A,C,-0.0154450613983159,1.22577216508181e-11,5.92346053247382e-08
12,89624206,A,G,-0.016966440033481,1.47117725008362e-06,4.6120934665478e-06
11,118718729,C,T,0.0181162759654848,2.97442691076289e-11,5.94552586552088e-08
22,41242026,T,C,-0.0415605024110934,2.19156109041e-14,9.47639534229845e-15
22,41240461,AT,A,0.0382321769699172,3.92391310548955e-07,2.91773473607456e-07
22,40344529,GA,G,-0.0146786672547244,3.00527256915234e-09,4.63805860241075e-06
01,92013320,TA,T,-0.0186618735669449,2.42173984654231e-25,6.25190098826254e-08
01,92057446,G,C,-0.0197829922501036,3.59335366097956e-12,3.69567332731788e-06
06,87949399,TGCC,T,0.0146733489376424,8.75429504304325e-20,6.67973955534967e-08
01,169662978,A,G,0.0151577228496875,4.33454692320403e-14,7.12924237112602e-08
05,159879258,A,G,-0.0212770770096782,8.44601467913527e-13,7.31823098055876e-08
05,159913283,CTTTAGA,C,-0.0201059236300258,2.3711103616389e-13,1.49511999944561e-07
05,159487323,G,A,-0.0130815577034726,3.39964510867633e-10,6.01089017382877e-06
10,90848076,ATAG,A,0.0181091721351191,6.62682820153117e-11,7.8790588028662e-08
02,71671116,T,C,-0.0163042539547137,2.36834670960691e-13,2.74195655420744e-08
02,72077960,T,C,0.0224071482345298,4.95959301244231e-09,7.9691228718696e-08
20,10647951,G,A,0.0177858252389921,5.0840783799794e-10,7.99476883001322e-08
20,10948825,G,GA,-0.0157972128401292,6.11410531877162e-10,2.85505008226094e-07
01,38240901,A,T,0.0140835216198861,1.48507769121528e-19,8.13142708571363e-08
01,155030557,C,A,0.0141467304876165,5.93786210710457e-19,8.13492923725401e-08
02,148631232,A,T,0.0149497307566974,3.29278722400615e-16,8.31831858891281e-08
02,7728766,G,C,-0.0140631388548122,6.24225191626257e-20,8.9697372381599e-08
07,138794618,T,C,0.02358688823021,3.07022523180393e-09,9.00261652308957e-08
03,101349644,A,C,-0.019398061099171,3.93487543100237e-27,2.36876409977072e-13
03,101813179,T,C,0.0176378222875748,9.03771819030805e-09,9.63475928844156e-08
05,169691627,T,C,-0.0280346750363182,1.188243919401e-08,9.90999221964589e-08
14,69306299,T,A,0.0162201862215706,4.42879640395313e-08,9.92041090353898e-08
14,69148127,G,A,0.0120980751634801,3.85424941859438e-10,1.1698552959753e-06
10,8605076,T,TAC,-0.0457806385824545,-99,7.34192767385503e-17
01,23710475,C,T,-0.0338690591437608,-99,2.0155529779202e-14
06,30319154,A,T,-0.118993415846716,-99,3.45656043681014e-57
16,30458720,C,A,0.0372546373653555,-99,1.48712714885285e-07
06,33039686,T,C,-0.105059258358101,-99,2.80574421941639e-42
19,52132020,CGT,C,-0.0377816276671664,-99,1.06298806890283e-10
02,242294913,A,G,-0.0806794556404529,-99,3.52935887459919e-20
