chrom,pos,major,minor,beta,p_value,gwas_p_value
04,145445694,A,T,-0.0291466983587339,1.36613333387529e-140,1.48368151988858e-52
04,106819053,G,A,-0.02919088720164,3.16011945497427e-67,3.58493235898185e-49
04,106810547,A,G,0.0344583199933621,4.68352797976318e-22,2.0393699295485e-28
02,56096892,A,G,-0.0334858296437469,2.30325812151354e-76,1.01468817240572e-48
17,43810896,C,T,-0.0316126464020726,2.02923176811076e-67,4.73773601463263e-43
12,66371880,T,G,0.025188130144446,1.06233705394471e-84,9.6257760594249e-37
12,65962636,G,T,-0.0204146680153565,9.02025210560097e-20,6.18709605773931e-15
15,84274591,G,A,0.0236676061104143,6.23826771715506e-100,2.79400736854055e-35
11,66899619,A,G,-0.0425311612274541,2.5910442473322e-41,3.60141380832952e-35
13,50565104,ACT,A,0.0763257662250797,2.38492239934125e-27,2.22866165467121e-32
13,50507737,C,A,0.0161230953191545,7.93961819793873e-21,1.02549056235091e-17
06,34183026,T,C,0.0305156958490001,4.01160129376004e-40,2.30145939001385e-32
06,34163292,G,A,0.0633751838582149,6.96653897770264e-15,3.04466585474429e-12
15,100692953,G,A,-0.037851935271453,3.86695814793868e-40,3.06185983539931e-32
15,100781430,G,C,0.0140435554230477,3.1473410163587e-14,1.81025329535829e-09
15,100514063,T,C,-0.0133685842925009,1.36973986137015e-16,1.13577085990423e-07
04,17931318,T,C,-0.0274443392741225,2.60843010983596e-32,1.11835550451276e-30
04,17941795,G,GTA,0.0163984015647933,9.8665412905546e-24,2.9588199412064e-20
10,12252217,A,G,-0.0220516357224745,2.04853357641369e-82,1.28352742598536e-30
06,32553740,C,G,0.0300387778122638,1.05251444082193e-43,1.81246206397214e-30
19,8670147,C,T,-0.0607189785733339,9.76708783794246e-33,2.55646229098267e-30
04,106066982,C,T,-0.0205548400315103,2.8709077907413e-51,6.76301672581311e-29
04,106564290,G,GTT,0.0359471191958424,2.71706727283916e-21,3.4797062437336e-23
06,27607111,T,TA,-0.0254428560552275,3.82552832214348e-40,8.33325023390346e-27
06,35395010,T,C,-0.0229461572520355,5.36669819440919e-27,2.36227426241256e-24
06,35687249,T,G,-0.0130521911138991,6.76410089866169e-14,3.61337669732279e-12
15,74234902,T,C,-0.0198394304827001,3.39983964295431e-40,4.15128147047949e-24
15,74336633,T,C,0.00999857667524837,9.58651518800763e-11,3.24416483256931e-06
01,218597297,C,G,0.0235426734076045,4.21396742011008e-34,7.00456194231654e-24
01,218844022,C,A,-0.017907053135289,2.08914947274727e-36,5.08506516816995e-16
06,130341235,T,C,-0.0169024188114954,1.08089037030065e-23,7.93199816389897e-24
06,130349119,T,C,0.0151517186550127,1.75084430238205e-17,6.7053320027022e-21
05,147856232,T,C,0.0191814864068005,5.92099780835223e-47,2.08572355298958e-23
05,148355944,A,G,0.0125017777474062,6.39584597104225e-09,2.68636493864486e-07
16,69867835,A,G,-0.0175371451710559,9.8234676740885e-31,4.27547590451554e-23
16,69575435,CT,C,-0.010616843357668,1.38885387846504e-08,2.31155824569831e-10
06,109723017,T,TCC,-0.0184594514046605,8.47359462990621e-39,8.29751576350501e-23
06,31605976,T,TA,0.0240366858097704,3.71774329339926e-24,3.67073410667042e-25
06,31275289,A,C,-0.0135730861576674,4.20994740190716e-25,9.89066057966425e-23
06,31655438,G,A,0.0184272181881502,9.63026486571735e-07,6.76452561838905e-06
06,126851160,T,C,-0.0187005052310047,3.80029627651731e-65,1.02141248245477e-22
08,57138676,T,G,-0.0268090006566798,2.73546283609864e-22,5.30635026256538e-22
08,57087545,G,C,0.0182540380635229,3.05217061706903e-14,5.38247406728319e-15
06,140256669,A,G,-0.0199384814280128,2.3039117193644e-30,4.06450470403323e-20
06,140012772,T,G,0.0369546304102629,2.81828669742901e-06,3.21182830328889e-07
02,23964130,A,C,0.0172807440159725,9.88997203047458e-49,2.40814328350897e-19
03,98801671,C,T,-0.0188540421062349,9.00353141690707e-35,2.6813263085902e-19
05,77396400,T,G,-0.0197856707593448,5.25546181298112e-30,5.64363474108093e-19
01,41509674,C,T,0.017974075747338,2.71552047482339e-41,6.31860631681709e-19
12,93994827,A,C,0.0189375856919631,8.02422881680541e-22,1.18538299085142e-18
12,94207802,A,G,0.00985126572099168,5.14957450703174e-14,7.23119613874152e-08
22,30591254,CA,C,0.0288345289917274,4.31301309259071e-22,1.85530874653261e-18
09,139097773,A,C,-0.0177744867840861,1.11201417870281e-34,2.71249480371104e-18
17,61996255,C,A,-0.0219362359533073,2.77264192120811e-52,5.85196829219449e-18
17,61996273,T,C,-0.0264291846982766,2.12855205297252e-20,6.37558407579655e-08
02,218683154,G,A,-0.0160301440991717,2.58485735934251e-26,5.99043104727365e-18
02,219147928,T,G,0.0212014206651253,3.8603120722038e-08,3.8129466944285e-07
02,218604356,A,G,-0.0106614100631676,1.15402802886338e-06,1.86929836293651e-07
01,26819053,GGTT,G,-0.017877406888662,1.5607915531355e-23,7.91866838799679e-18
01,26387423,G,A,0.0123780180280605,6.13998698150548e-10,2.60061879938735e-09
20,45486817,C,T,0.0184282363693722,1.45421443901128e-29,1.66871980795915e-17
03,185490184,A,G,0.0256548533923019,1.59871566407512e-20,1.77899571332465e-17
03,169297333,C,G,-0.0212646406752183,2.91099731193474e-18,2.97196176681249e-17
03,168834886,T,C,-0.0183484908830165,1.37074418460619e-17,4.25713122280994e-14
14,93116351,T,C,0.0207436277919052,5.27846853122491e-21,8.20871035492397e-17
14,93503386,T,C,-0.0191952896952934,3.06383161466331e-12,4.70090914928532e-11
14,93407535,G,A,-0.0120883292648629,4.49751254733376e-13,1.52537205088123e-08
07,156127246,G,A,-0.0160453677387404,2.09792539177182e-40,1.04758288746761e-16
07,156368456,C,T,-0.035790744994125,3.54449866451764e-06,5.84811536192544e-06
02,25176277,A,T,0.0139780523992733,2.4932409117818e-27,2.29018102807911e-16
02,25458100,C,A,-0.0108232909273159,7.20948776804341e-11,6.01730705844487e-11
01,2176561,C,T,-0.0310342709382754,1.51618370582647e-18,2.38156758001214e-16
01,2245570,G,C,-0.0113678435168841,1.97018289124327e-11,6.54876014926051e-07
07,23591862,G,A,-0.0171278206376904,1.03176724287866e-24,2.41271015483999e-16
07,23648542,G,T,0.0199060340172925,3.95156392388827e-10,1.08109941619351e-10
07,23208302,G,T,-0.0394095166365822,7.33759023649054e-06,9.90627656876595e-06
18,8801351,G,A,-0.0180035039786622,1.4815440696469e-26,2.46122555232764e-16
03,158175538,T,G,-0.0173367798193612,5.62176774223703e-30,2.97251555578303e-16
03,169261384,C,T,-0.0198792729723781,5.75501264454996e-17,1.66271272096105e-16
03,168782421,G,A,-0.0186798795890185,4.45402890671782e-20,3.73068584835834e-16
15,89415247,C,G,-0.015282015828668,5.92250965767851e-19,3.95331431021256e-16
15,89388905,C,T,-0.0299578938763199,1.9292308261326e-07,2.05138976110713e-11
07,19062775,G,A,0.016254932679851,6.42224261966389e-19,4.38129573532753e-16
07,18891259,G,A,-0.011626288658245,8.91287678113156e-13,2.3924511531256e-08
07,19021073,G,A,-0.0107559932847261,2.2969688305419e-07,2.92642544028614e-07
17,79959703,G,C,-0.0172650734944811,4.45839153962945e-27,5.50867228323301e-16
10,78315224,G,A,0.0154739593033833,3.09320477296317e-45,6.33691005327022e-16
09,4125010,A,G,-0.0156763740703914,7.22204391080144e-36,8.90579827030597e-16
12,4384844,T,G,0.0589886504458781,1.27847083448105e-16,1.33488305010826e-15
12,4033760,G,A,0.0217177658294434,3.03438817324512e-07,1.91187578073223e-06
17,69185195,T,G,-0.0151564222158677,3.94836182697995e-42,1.80542923781412e-15
20,47755162,C,T,0.0175541465186435,9.02790709209283e-25,1.92617168841136e-15
06,142560307,T,C,0.0154832373765429,3.23867686870035e-18,3.86636271685718e-15
06,142169481,C,T,0.0128600418108245,1.75804605032076e-09,1.64514961276555e-09
06,142809983,A,G,-0.0342422624111671,5.27556753158819e-06,8.41625858355167e-07
02,242498497,G,A,-0.0150995189945326,5.76940633498937e-38,3.91076064754178e-15
X,78657693,C,T,-0.0126991182276887,3.49948360540378e-25,9.83352106783587e-15
09,23589354,G,C,0.0149300359786979,3.73203106734051e-39,1.20236231173988e-14
02,100564025,GAGAA,G,-0.0235042754176662,3.23883825732912e-18,1.86344430211469e-14
11,45244903,G,C,0.0208115128830761,1.39724469767138e-18,2.3403873518257e-14
09,119295104,G,A,-0.0141206338381949,1.61693365413726e-23,2.87324282238483e-14
09,119122342,T,C,-0.0113583921724371,1.11967230769297e-09,8.71472689324311e-09
04,124921046,T,C,-0.0194553369764696,3.16554719880558e-19,3.45317861782018e-14
01,150587279,G,GTTTTTTTTTTTTTTTTTTTTTTT,0.0113877544893552,7.0424544525669e-21,5.58064541713411e-14
01,150192450,T,C,0.0257668189571375,8.82944034164254e-07,3.42945574249357e-09
03,128992047,A,G,-0.0169070924614803,3.35234506049309e-20,5.62201199547534e-14
03,128550887,G,A,0.0412084129333469,6.85186707859832e-06,2.11331229552395e-06
05,156926442,T,C,-0.0127270945889665,8.54966844367887e-18,6.46928704425285e-14
05,156925696,GTA,G,0.0125288320600888,4.65663839064581e-09,7.96131725560304e-11
03,172168507,T,A,0.015818187824959,4.25999107264811e-24,6.72871315849729e-14
03,57882601,C,T,0.0158098622475885,1.42416941733423e-19,6.94566535223006e-14
03,58019880,G,A,-0.0200797874040732,1.84631077980421e-06,2.51744794853948e-07
11,62370155,G,A,0.0148085827919202,1.31092015520907e-28,7.19469330522771e-14
12,56396768,G,C,-0.0150435010345102,1.30405004859785e-26,7.36397569591905e-14
06,109653825,C,T,-0.0181577462078669,1.94185379073885e-25,2.54325252776842e-21
06,108738491,A,C,0.00918362262332522,2.81604833578567e-10,2.42338756336749e-07
18,50762061,A,ATT,-0.0148465027048641,8.31366815931791e-28,8.54379698477395e-14
02,239872704,C,T,0.0178705918074876,5.24066743277202e-18,1.23885487298422e-13
02,239429671,A,ATGG,0.0159292268989781,1.25489673660051e-13,1.65184078534985e-10
07,92283098,G,T,0.0151662747312058,3.55733462793359e-25,1.23942526246332e-13
02,15906778,C,T,-0.0141241801660098,1.39127919013489e-36,1.40090981432715e-13
06,116723086,TA,T,-0.0142721280020147,4.983647403903e-14,1.47307983562956e-13
06,117185072,G,A,-0.0126918020144096,2.42010664801866e-06,1.85717726850306e-09
14,24835500,T,C,0.027945865210436,3.01923606562218e-15,1.85058471597403e-13
19,10819967,T,C,0.0146782431398281,1.84307225343514e-33,1.95835412258841e-13
19,10600418,G,A,-0.0343737501061267,6.10409292712089e-07,5.12009217664824e-06
06,105468219,A,AT,-0.021018292398918,2.18172205215307e-18,2.18909547625375e-13
09,96986078,C,T,0.0260527466252959,9.96129202623535e-12,2.38399318564295e-13
09,96907452,T,C,-0.0132888140880364,1.36859643228015e-12,1.65528722704071e-10
09,97482717,G,A,-0.0185476301943551,8.98312213435252e-07,5.36080255724664e-06
02,227368066,C,T,-0.0555936343014644,9.91219425612909e-14,2.5824227373981e-13
01,51450144,A,G,0.0245260455752466,1.40574645295213e-15,2.73144202329649e-13
09,16986112,C,G,0.0154621665757165,5.79309335510467e-20,4.51332083463515e-13
09,16619009,C,T,0.0121145001676977,1.343436197644e-17,3.58699620421e-09
01,172227532,A,G,0.0183824308601434,9.20883291273266e-18,5.9259893557522e-13
08,120596023,G,A,-0.0294507249712563,2.86831499057459e-13,9.64366576697411e-13
08,120476552,C,G,-0.0110790475927534,4.69978339373726e-10,3.86242575575854e-07
01,204502910,CT,C,-0.0146263355704644,1.87034347953646e-24,1.00484182292686e-12
06,19842497,C,T,0.0136547245961621,8.79268168353862e-31,1.08918133039924e-12
08,135572297,C,T,-0.0107740217277207,2.076848825575e-10,1.21168183524816e-12
08,135807710,C,CAA,-0.0117950557911141,3.56395362109487e-10,4.35162708587469e-09
08,135649848,G,A,-0.0108742133170882,1.7353388322908e-07,1.40117120318482e-08
04,57823457,A,G,-0.0135777107551628,3.55597222065483e-32,1.27479246120324e-12
07,46577056,G,A,0.0135819474908211,1.35837466311801e-29,1.82073636743875e-12
03,141106954,A,T,0.0136033537925439,5.59468055773947e-29,2.36133687989428e-12
12,46783217,G,GACAC,-0.0138196499471514,1.98106346416925e-19,2.71639477392064e-12
08,130725652,TG,T,0.0134356156002849,4.15972426594595e-35,2.73336800602543e-12
05,158387561,G,A,-0.0136182289968812,1.86676494163749e-27,2.86631237488865e-12
15,99194896,C,G,-0.0210195239447589,2.73943658920385e-15,2.92578516859877e-12
15,78826180,A,G,-0.0140340961005707,7.58822534837187e-23,3.71071480814879e-12
02,169485639,A,G,0.0152852597041451,4.43640945048901e-19,4.31717704576026e-12
14,74815239,T,C,0.01320035025229,3.74993599748352e-31,4.47976851645458e-12
09,98273305,T,G,0.0216191017196477,4.23597082043259e-12,4.7697146158127e-12
09,98316094,G,A,-0.0164003516606399,6.56989495055794e-07,6.05957602433923e-09
09,98456958,G,A,0.00899038924060555,1.47627591946648e-11,7.71160068811454e-07
06,81052297,A,G,0.0169932250081741,1.34135214816909e-12,5.94636834014274e-12
03,13806135,A,G,0.0132783097753013,7.84378857437998e-27,6.34609396768643e-12
02,199713344,T,C,-0.013667089668953,3.60256401849319e-28,6.82591244161583e-12
05,56008916,T,C,-0.0162065975686037,1.69397369381326e-17,7.60345980071461e-12
07,140747728,CCCTT,C,0.0147125581997826,5.13534261895417e-20,8.72688275817763e-12
10,104791594,GC,G,0.0137672022513865,1.10471560822805e-23,8.8797480437713e-12
20,10624190,A,G,-0.012714011607386,1.08157286206085e-18,9.44110159272556e-12
20,10709171,T,C,-0.012107248179524,6.59754143312386e-09,1.33416757922254e-08
04,107232695,T,C,-0.0327727845974125,4.63414343818351e-17,9.13517192369826e-17
04,107257421,A,AAC,0.022792428306736,1.21785292865023e-10,6.37102340927157e-11
15,83503457,C,T,-0.0129318690938697,3.92789508653653e-31,1.31596904174589e-11
06,22093021,C,T,-0.0134144633405027,3.56908665761314e-23,1.40369650230558e-11
05,122681834,C,T,-0.0122872359422424,4.58891809822647e-16,1.44874958163201e-11
19,55995841,C,G,-0.0480432461752445,5.42796643818459e-12,1.45668634898176e-11
11,68320405,G,A,-0.0178422985004203,3.05544814583043e-15,1.5969841616483e-11
06,144867081,A,G,0.0152466760167142,2.14785416624408e-17,1.81508014554151e-11
20,33470514,T,C,0.0158334559021871,8.71558531823567e-12,1.83168562738239e-11
20,33942199,C,CT,0.0103744637523208,3.27274455228806e-12,2.79866546982085e-07
20,33704755,G,A,-0.030713252438929,4.02679420407626e-06,2.4514140067886e-06
20,30960748,C,CTT,-0.0191632121809146,1.39303224311746e-14,1.98770074768384e-11
20,32188142,C,T,-0.0177116833284419,4.25093348097945e-15,2.29150902535822e-11
12,30917965,GA,G,0.0129615064284996,2.21929568537764e-31,2.39005865673482e-11
11,69457547,C,T,-0.0223524847803103,1.74669378387938e-13,2.58518675725966e-11
11,69937161,G,A,0.0334062087814259,1.19421243419164e-06,1.30857007648156e-06
17,43525166,C,CT,-0.0321084966599001,6.47075525070805e-48,1.40831885923792e-36
17,43232566,A,G,-0.0104979122789697,1.48482544630817e-11,6.23271193791843e-06
19,4954455,G,A,-0.0159738789106589,3.57967343529267e-16,2.94530205298902e-11
16,88795044,A,C,-0.0232241819083806,1.39293379904736e-13,3.33222306654582e-11
03,32937008,C,A,-0.0129819188454731,5.14807020946414e-18,3.42840438082198e-11
03,33360267,C,T,0.0251016248307941,5.00849009534968e-06,2.80207947532976e-06
02,18287623,T,C,0.0158331421079866,7.09273098439805e-12,3.45693334755181e-11
02,18713455,A,G,0.0129611542399621,4.74544450516054e-15,4.53795599651263e-11
05,88317008,G,GA,-0.0131665573466786,1.43068278998497e-22,3.72785396087672e-11
17,30191954,C,G,0.0191060945733214,6.89763141165347e-14,4.01373678502117e-11
06,34094919,A,G,0.040898403078129,4.58767256204599e-16,1.96971681082283e-15
06,33634085,T,A,-0.0263277862479014,3.13675064660702e-08,6.0268914563822e-11
06,158670121,C,CA,0.0133858545944331,1.77988085316444e-15,5.34590576867517e-11
06,158897222,CTAAAT,C,-0.0217981374914301,2.43090321880139e-08,3.24309628026998e-09
09,92177897,G,A,0.0126809135430304,1.24863318304202e-29,7.15867336287459e-11
15,84557676,G,T,-0.0230919128521962,1.36260156493539e-95,1.00582006729654e-33
12,20827579,G,A,0.0129035170327755,1.00779671280709e-21,7.54557643685955e-11
10,124232915,C,A,-0.0199521873629097,3.99505612603937e-13,7.73504439753026e-11
10,105645725,A,G,-0.0127329602996998,9.8812896848185e-23,7.94203320141165e-11
12,116196316,CAA,C,-0.0156071445619461,1.36757908799996e-15,1.1319192650574e-10
12,28488991,C,CT,-0.0117627697583335,2.20052746645345e-20,1.15015288659729e-10
12,28093114,C,T,0.0288281075211437,3.18913616424775e-09,3.66444732503718e-09
12,28074433,C,T,0.0156200652153928,1.30292648251452e-07,3.82339409765983e-06
08,8578811,C,T,-0.0123357442453924,2.84146359784581e-26,1.23421787007654e-10
05,176516631,G,A,0.0154528063684895,2.43606941322041e-19,1.29294377026085e-10
05,176527177,G,A,0.0321543778419148,1.1672611506074e-08,1.19276578100201e-06
15,71673185,C,T,-0.0148888419095986,1.05658043144213e-13,1.30433210732131e-10
15,72148520,T,C,0.0100817915560824,1.15731452384305e-08,3.00956622005522e-06
01,22542023,C,CT,0.0128258662891932,8.25297062141079e-16,1.32243318445273e-10
01,22653884,C,T,-0.00956204282122436,1.04949611704575e-08,1.11348749469958e-06
02,161767255,G,GA,-0.0149440152804545,3.78274899473786e-12,1.32962173943403e-10
02,161337589,TA,T,0.00947246939327609,6.92419533838906e-13,4.45668591401237e-07
16,89571309,C,CT,-0.0113347190142796,3.23119467323287e-13,1.4232378321449e-10
16,89740873,A,G,0.00975357936166284,2.79178021197212e-11,5.35325209671393e-09
16,89278727,T,C,-0.0128012783033117,6.35569564650542e-07,1.97129225841757e-07
09,78513924,A,G,-0.0179871533949398,2.19017352179179e-13,1.42697880769142e-10
02,36768447,C,T,0.0132068763077483,6.19293012508787e-19,1.47775173462189e-10
05,32841934,A,G,-0.0126843102308949,9.83758129935116e-22,1.82747554025001e-10
02,178367135,A,ATTTT,-0.0180269886993644,1.09814471763128e-11,1.88559872521732e-10
01,111736594,C,T,0.0129297303721546,2.4896097635518e-19,1.96654630947667e-10
09,108989399,G,A,-0.0123273962643601,9.14041077158644e-27,1.97591350130411e-10
22,18452843,G,C,0.0135028153601107,3.96258546948943e-17,2.43431829696909e-10
05,170855335,C,T,-0.0142984666362479,6.59042127328872e-12,2.73049624795848e-10
05,171180432,C,CA,0.0129191117625985,1.25317905704638e-11,2.38625144408677e-09
05,171335293,T,C,-0.0093531143302786,1.71835352835113e-10,4.91691999921627e-06
07,73474825,G,C,0.0205426100810993,2.25868829214571e-12,2.73141140614149e-10
06,117177489,G,T,-0.0188022701039611,3.57496158684779e-09,1.11248278144277e-10
06,117507326,C,A,0.0099387247898128,2.18337971810887e-15,3.88558359694655e-09
08,123985708,A,G,0.0120730913358273,4.25405409567086e-24,3.04221032129759e-10
22,32141311,G,A,0.0306963709475179,5.60106971302049e-11,3.20491294955156e-10
20,21242161,A,T,0.0131380755098276,7.77492904864235e-18,3.24170876313508e-10
17,54287565,T,C,0.0121964015217089,4.69143334044802e-22,3.43027533038736e-10
12,114668618,C,T,-0.0119682261039062,2.50052661828161e-25,3.54236041704627e-10
02,156999883,CTGTTT,C,-0.017532793497717,6.80624486470257e-13,3.70205984786714e-10
22,28063227,G,A,-0.0127338189603649,3.9621276532956e-16,3.71440591369167e-10
22,28181399,T,C,0.0128021315656381,2.05375805632163e-16,7.79999954817292e-10
12,115500691,A,T,-0.0133027179233269,2.1070749862218e-12,3.81287894834276e-10
12,115202304,TA,T,0.00987134409921019,1.10578094666839e-08,1.33703593426246e-06
12,115949328,C,T,-0.0090335338384735,1.93498141993099e-07,6.34661880655352e-06
03,72397279,A,G,-0.0122468621349905,2.81957121911619e-22,4.30262833879495e-10
09,136328657,C,T,-0.0175524869846495,6.67948168486516e-13,4.33158536012398e-10
01,17315425,A,G,-0.0120241671077459,3.93246734724891e-23,5.11447856817451e-10
02,172372701,TCA,T,-0.0148270166154993,2.21019839185112e-14,5.15849994055152e-10
X,49382706,TA,T,-0.0298765571888842,2.15216434572123e-10,5.28958640000186e-10
12,66017461,G,C,-0.0172223593941696,1.70563029970394e-17,3.65048237375291e-15
12,66120654,T,C,0.0175182730610876,6.02117945914427e-13,1.87395272440858e-12
12,66180277,G,A,0.0272119396935755,3.6439428255385e-06,6.90779440251007e-06
01,178903766,T,C,0.0131208679870894,1.32971528679822e-16,7.01516095210288e-10
11,47646987,A,AAT,-0.0136550816527616,8.69139520784338e-20,7.1508133665108e-10
07,150542515,G,T,0.0125679049234002,2.75624225698485e-18,7.47685716316238e-10
10,75538651,C,G,0.0132485827964514,3.05697600484765e-16,7.67600780618416e-10
01,208007277,T,G,0.0141416531468447,1.35408289362624e-14,8.29065635221176e-10
12,3351932,C,T,0.0210301759851147,2.33584003343846e-11,8.54359585233195e-10
12,3367776,C,CCCT,0.0204991684994006,2.28340550876118e-11,9.06510633533365e-10
05,148651395,A,T,-0.0118375249559339,4.81268870281993e-17,8.6332390536686e-10
05,148407893,C,A,0.0122410679158833,1.04849059458283e-08,1.02587135508e-07
03,49709912,C,CT,0.0131489046654219,8.77251585630898e-17,8.71295443624466e-10
20,33595300,T,C,0.0121572108593535,3.44219246112647e-14,2.06592459294327e-11
20,34008850,C,CAA,0.0112839478855324,4.87420564016628e-11,1.1049821375815e-09
17,1663847,A,T,0.0130128431043601,5.49447597788296e-19,9.54715899492072e-10
06,152596878,A,AT,-0.0127560013238003,8.14056735172892e-16,9.60337837952005e-10
06,152144503,AATGAC,A,0.0199859564723021,4.71215824960668e-10,2.63024245142369e-09
06,169644408,AACAC,A,-0.012749109715455,2.45826990554452e-14,9.95448904445996e-10
06,169566123,T,C,0.00909861169193457,9.25140020901266e-10,4.06235110661929e-06
03,67456125,A,T,-0.0130478672247061,1.61744805797061e-16,1.09316120137647e-09
01,227564847,G,A,-0.0153786213564229,6.09432744166242e-13,1.42565774406347e-09
05,150598765,G,C,-0.0153725450400978,5.89543758865986e-13,1.42834477101856e-09
12,58347345,G,A,0.027846830194693,6.68304250672218e-09,1.44292571288968e-09
12,58709649,G,T,-0.0114763133234392,1.963256705506e-11,1.20393818673385e-08
11,86448704,A,C,-0.0159240188001845,1.59562670523497e-12,1.48694618057231e-09
11,30510594,TTC,T,0.0123400967418986,5.05085001711007e-18,1.67311204224422e-09
01,9441477,C,T,0.0114306613296546,1.59048760147478e-17,1.6737024277273e-09
01,9300962,G,C,0.0131906396029959,3.51420308904689e-07,7.3211165668411e-07
20,35072641,A,G,-0.04352419378237,8.08959687971584e-10,1.72787085071188e-09
03,196956367,A,G,0.0123711934278163,7.17674879709092e-17,1.77582961738823e-09
06,142416317,C,T,-0.0159657236112603,4.45238990098049e-14,1.42236210527853e-12
06,142021883,G,A,0.0106895161682661,7.52484911522991e-17,2.70419442316515e-09
03,64416021,A,AC,-0.0115245927643792,1.2582114475952e-24,1.94383458273212e-09
17,36860927,G,T,-0.0146137113452677,4.5012272736325e-11,2.06105786258048e-09
17,37349710,G,C,0.00887476003619236,1.71617835678984e-10,9.80519874359186e-06
16,75311828,T,C,0.0134961676774859,9.81008790134893e-17,2.12863951262468e-09
16,75178561,C,G,0.0118633503254052,1.14312969353555e-17,7.84574892923916e-08
14,101218652,G,A,-0.0188649978377513,6.71280188767627e-12,2.16814891747664e-09
14,101349454,G,T,-0.0324216277158027,1.87055723386714e-08,1.17378236711885e-07
01,239897705,C,T,0.0114017894633155,1.36281159801214e-24,2.28486803145454e-09
04,144247827,C,CA,0.0105055371326997,4.61654683267489e-19,2.48604736987549e-09
04,143895587,G,A,0.0217563847766762,1.78079863684487e-06,4.00700967135308e-07
04,144510733,C,G,0.0262635473280099,5.15955591282877e-06,7.49511361024901e-06
17,79361668,A,G,0.0113214394071178,1.60002967139682e-10,2.60125574132071e-09
17,79779264,T,C,-0.0105135208230352,8.14859736202658e-11,1.73028065894677e-08
17,79184231,A,G,-0.00915717220077757,2.44030241797189e-08,1.13661954515603e-06
06,140300384,C,T,-0.0192860381737129,3.052546877409e-28,6.45031220219186e-19
06,141233206,T,C,0.0432446209937086,1.69131440626837e-06,1.72316930653883e-07
04,143468231,C,G,0.0173304663274641,1.00976062113834e-10,2.71515605233906e-09
04,143777025,T,C,-0.032785496889433,4.09070113253235e-06,1.89300914552262e-06
07,135194201,G,T,0.0132035573928613,2.40166123849811e-14,2.74287884865108e-09
13,71700407,A,G,-0.0119058555429496,1.9201422860321e-17,2.8881434626826e-09
01,155155608,A,G,-0.0114057521902435,5.23197578974682e-22,2.9225671891559e-09
10,95725628,T,C,-0.01308577401254,1.73733028682438e-15,2.97832949963933e-09
06,21397715,A,G,0.0145412052576842,6.64450461856431e-13,3.09275250124933e-09
01,78191727,C,T,-0.0117358590002163,8.14552808698633e-10,3.25538125932866e-09
01,78450517,C,A,0.0139907977662031,7.81942437304922e-08,1.30537369985471e-08
05,52274101,C,A,0.0147657453822142,2.85755768391585e-12,3.70816691003971e-09
05,52187038,C,A,-0.0128452193651264,2.88740881012822e-12,2.92817514629541e-07
X,54745971,C,T,0.00961261194079315,2.09479068429254e-15,3.94596769771623e-09
17,7571752,T,G,0.051820305530619,2.53043813280409e-09,4.03418408657902e-09
10,121429633,T,C,-0.0135887032625441,2.55675527255159e-13,4.14856001556313e-09
X,78547353,T,C,-0.0117870385306787,2.47428946687257e-09,1.48254313534612e-09
X,78050655,C,T,0.0124513808256291,2.02213773196826e-08,4.35185236240466e-09
08,70357113,A,AT,0.0125314203088032,1.01283216699564e-14,5.04059944948452e-09
17,64315084,AT,A,-0.0115377475968508,4.94350438310186e-23,5.14634734546824e-09
01,180905694,C,T,0.0119635964299523,5.71854577173162e-16,5.34488390480963e-09
20,6883596,G,A,0.0120751475405155,5.66682824344038e-13,5.67444286681449e-09
20,6392520,A,T,-0.010388376071688,7.90976157401372e-08,3.28379453325733e-06
07,900959,C,T,0.02093579673032,2.84847696847418e-10,5.85627244028868e-09
X,123045109,C,A,-0.0118019085389446,1.65934158598965e-11,6.06420613360297e-09
05,52820013,T,A,-0.0246399019319225,6.70514130333855e-09,7.90618383860429e-09
05,52320749,C,T,-0.00914768485022795,5.57190460143655e-12,1.49886216967207e-07
16,3647098,G,A,-0.0134609906340724,5.41772192536947e-13,7.91473345534885e-09
X,30422589,GCTCTCTCT,G,-0.0100882886757822,8.36163043581972e-14,8.13423097553418e-09
04,7901584,A,AAAAT,-0.0125239268893426,1.98375267593527e-14,8.15913322401454e-09
03,186083483,G,A,-0.0134457562003309,1.20355744692084e-13,8.19627944723182e-09
09,140258412,C,A,0.016846431728167,3.25979469140779e-10,8.35219836216315e-09
09,140072666,ACGC,A,-0.0106295648075579,3.34331317739563e-09,2.29984947793734e-06
13,92011832,T,C,0.0111153037401512,1.45473805532465e-19,8.78498775953013e-09
12,65118323,C,G,-0.0109695415413892,5.81041895361948e-22,9.4831096984677e-09
07,2228379,G,A,-0.0142960698988306,5.04513813013961e-12,9.63877098385627e-09
13,115060597,A,AAC,-0.0191772873853593,1.81699552131478e-10,9.71565031966978e-09
21,36060668,C,G,-0.0137280848403387,1.12020646543355e-10,1.02599130266994e-08
21,36223886,G,A,-0.0122822916140002,4.1041356754228e-14,1.23233737835711e-08
02,241845397,T,C,-0.0120286948558939,2.50038352167301e-17,1.05185714349346e-08
02,242059907,C,CAAAAAAAAA,0.0245076707960018,7.78562852734346e-07,6.36619427245885e-06
05,43484257,C,T,-0.0172778788258685,6.97260420457856e-09,1.1063973509733e-08
14,21572642,C,G,-0.0156509261578331,4.30273805844226e-10,1.13239015176179e-08
14,21810508,C,T,0.0106333276438378,1.34463248611748e-08,2.93157665698551e-06
02,47002473,C,T,-0.0110009227343294,5.27278414661304e-21,1.15391820702614e-08
13,44811032,G,A,-0.0132035499586879,7.33700308455003e-13,1.1554604841241e-08
06,7231843,G,A,-0.0175537431747846,1.16313832390893e-10,1.17031095806004e-08
10,77659733,G,A,-0.0156136755782141,4.46643535226242e-10,1.18902574951591e-08
10,78057746,G,A,-0.0121700144063234,3.71456385205863e-07,4.15207975434461e-06
09,16033443,C,T,0.0110634763214488,9.11613783826382e-14,1.19621871803318e-08
09,16514375,C,A,0.0104366741431454,6.35260566552198e-11,1.49883440668803e-07
05,524772,A,G,-0.013650565409516,2.75037463489083e-12,1.2053058579771e-08
11,2165576,G,A,-0.0142293779380632,5.49791864268506e-12,1.21906747220154e-08
02,229583850,A,G,0.0198421103983446,5.79809087628576e-10,1.22223117682489e-08
06,131287181,T,G,0.0116519414488325,1.21240893442534e-16,1.24083158348433e-08
05,133934927,AAT,A,-0.0167053119971873,8.8531148474969e-10,1.28979175388196e-08
05,134422299,C,G,-0.010905689878229,2.42571496534361e-12,1.59572148400505e-07
02,233071691,C,A,-0.012670899118227,2.31608272394142e-13,1.35015549833754e-08
03,33265262,TACAC,T,0.0119630142938828,4.43223722517691e-09,7.90167905114036e-08
14,68397634,C,CT,-0.0139689170970049,5.25511047925991e-12,1.39447139637772e-08
14,57337417,G,GT,-0.0184642605389233,2.27957545051577e-10,1.42595468903942e-08
04,3469826,A,T,-0.0123777963838187,1.05599879282303e-13,1.54022715917551e-08
02,220295167,T,C,0.0113941787713714,4.54617578101501e-16,1.54983014265783e-08
17,46669730,G,T,0.0303271407441591,5.19430059418945e-09,1.59754882446776e-08
01,38403967,A,AAATAAATC,-0.00970976362438594,1.01858623106155e-14,1.64781521901763e-08
01,38047391,C,A,-0.0163993204077723,1.35240194256633e-06,6.12066590782399e-08
07,18385738,A,G,-0.0112601967861182,1.40590218493023e-12,1.66208734290055e-08
07,18883690,G,A,-0.0101370459663103,5.70904687020724e-10,7.57051330393233e-07
17,12309130,T,G,0.0108554041996626,1.73889135240025e-21,1.72613361610538e-08
05,140133864,T,C,0.0112874961735857,2.42397397865512e-22,1.79182756525266e-08
04,75676596,C,G,0.0122783645603559,1.46506905275472e-13,1.81413877090664e-08
11,126028787,G,A,-0.013264533112188,9.4978032034396e-12,2.03306841537657e-08
11,125904580,T,C,-0.0196506970236389,8.85053477497577e-08,3.84190488290561e-07
19,42680118,T,TC,-0.0183401312886391,5.9496682595668e-10,2.08035521138382e-08
01,73282691,T,G,-0.01085113782088,9.59400088697472e-21,2.10016933957045e-08
01,235463888,G,A,-0.0112240505073608,7.15806290012909e-16,2.1487498096908e-08
13,78474468,C,A,-0.0126452787814849,1.05932677628758e-12,2.16228248618365e-08
04,1804276,G,A,0.027255329761277,5.19645648687673e-09,2.33120808097797e-08
03,53104639,G,A,0.0174329258803067,7.192540035662e-10,2.73074274056017e-08
10,62177839,A,G,-0.010728205805081,6.56612899912935e-19,2.78316403947733e-08
03,156338528,C,A,-0.0273102932960817,6.81837587957008e-09,2.80660508849493e-08
03,11667766,C,T,-0.0207995354009262,2.16427624433777e-09,2.81717538011047e-08
06,23667724,G,C,-0.0108446426710856,7.31338455639657e-18,2.82480818444126e-08
04,82195772,C,CACTTCCTGATT,0.0115569700527756,1.86179112487168e-14,2.84218874456487e-08
10,64598621,C,T,-0.00972428888672976,1.77923383118399e-09,2.94166240520562e-08
10,64902062,G,GT,0.0236710404987123,6.67353939498286e-07,4.75281315301581e-07
10,64287981,C,T,-0.00892662370759475,1.57294628667183e-08,3.8529716438487e-07
11,89304946,T,C,-0.0106383339600376,2.22631748584869e-19,2.98820265594812e-08
06,155284317,C,G,0.0111878715418062,1.46101377123975e-15,3.13903336274562e-08
06,56291176,A,G,-0.0106361248651303,8.8246497793747e-22,3.14081202678924e-08
10,131441249,G,A,-0.0118880041462108,1.18465917263465e-13,3.17554339646274e-08
18,42826077,TA,T,0.018095351880488,9.72751041181993e-10,3.29215951267617e-08
X,66069119,C,T,0.0166980180906346,6.12855548054279e-09,3.33711708376151e-08
12,85729739,T,C,0.010859512034671,7.45423007755179e-17,3.36398205026408e-08
05,172779475,C,T,0.0115974566317409,1.67459951159057e-10,3.64661041452124e-08
05,173279112,A,T,-0.0131703957624153,4.70807873150118e-08,3.40211091786232e-07
05,172826672,T,C,0.0152527314934325,1.6797381797219e-07,3.34809323531555e-07
08,13372120,G,A,-0.0218642615224867,3.63807295209585e-09,3.65463319713e-08
12,102738993,T,C,0.0166665088162085,6.13946093694901e-08,3.70762906640423e-08
12,102740904,T,C,-0.0140566249126138,4.10684518845354e-08,5.1242507564568e-08
12,49930366,G,A,0.0220683044686033,5.20887437421617e-09,3.84652693455536e-08
X,107877443,C,CA,-0.0117623657093599,3.46750553004669e-10,3.88865056719358e-08
01,150571590,CA,C,0.0135093557622374,1.64012615583702e-20,1.79827943486949e-12
01,149906413,T,C,0.010133994305326,2.09168219826242e-11,8.6589336085362e-07
06,81793261,CT,C,-0.00956675910076363,1.28292656808704e-15,4.01874943964076e-08
16,19277493,T,A,0.010573762647952,4.34001804191116e-19,4.10098470241544e-08
05,98158524,G,A,0.010638368032393,6.43646589150778e-18,4.13920760403227e-08
18,35152563,A,G,-0.0111507351602345,8.78809930918458e-15,4.1760107767437e-08
19,41353107,C,T,0.0106321487222496,1.14455558896638e-17,4.2150042551105e-08
19,41074162,G,A,-0.0341962179269291,7.77175842681006e-07,1.27531146650602e-06
06,129811074,T,TA,-0.0115252167213459,9.62654097453447e-12,4.47143053751127e-08
06,129521296,C,T,0.0174952445983213,8.61901397104654e-07,6.67983934908962e-06
06,129753153,G,C,0.0435152579433164,4.26864178742126e-06,9.55319811602458e-07
12,96363946,G,A,0.0290525175372674,1.38760727543378e-08,4.62404201790934e-08
15,75634599,A,G,0.0121172746622474,2.1886971171634e-12,4.67064076071069e-08
05,131794069,G,A,-0.0118172344682981,8.99861294612701e-13,4.90607701051049e-08
02,42433247,C,T,0.0116016542462038,1.11091846129828e-12,4.91879576379815e-08
02,42302863,C,T,0.0343293086093929,3.8375272156017e-06,4.25669479446879e-06
01,221204299,A,C,0.0116897019383811,5.04045180353124e-11,4.9248359366149e-08
01,220969049,C,T,-0.00930574706063372,9.80011762771015e-09,6.56622946875022e-06
16,81515722,T,G,-0.0105206385708101,7.83621507594632e-14,5.14556220131655e-08
16,81707789,G,A,-0.00924679696690365,1.39740799811986e-07,7.96352201664264e-06
02,189888422,G,GATATATATATATAT,0.0293899263781246,1.55670851788859e-08,5.17465487855023e-08
11,35427425,A,C,0.0105308132157765,5.47710651364481e-17,5.22227813714131e-08
03,25548555,C,T,0.0112289865075692,2.10897153088494e-12,5.22496393571035e-08
03,25181575,G,GT,-0.0100378054850339,1.46960657979022e-08,4.38983357245178e-06
05,129336285,CT,C,-0.0112373529032469,1.58047289061302e-14,5.3303243579439e-08
19,5908488,G,A,-0.0111419208318729,4.21744717547977e-14,5.35356292222014e-08
15,75020250,C,A,-0.0171920256001112,1.60856438028568e-09,5.57559257632874e-08
03,71525563,CTCTT,C,0.0107658492415106,8.86572685002285e-16,5.7500830593689e-08
02,178496937,A,G,-0.0142864026528378,7.22546560397359e-09,5.32034174666581e-08
14,40983091,A,G,-0.0118127143112647,1.19872683689115e-12,6.5838186409764e-08
22,42229092,G,C,-0.0178951566805054,2.66910001906593e-09,6.91076692945049e-08
13,30172751,G,T,0.0122603732834623,9.26376757233284e-12,7.00541095099893e-08
17,73523248,CA,C,0.0125065732668745,1.30719442102674e-11,7.61077117198765e-08
X,82187693,G,A,0.0100321613756497,1.4829427154651e-10,7.75327455404323e-08
20,62348907,G,A,0.0102570861910443,3.01062488350302e-12,7.8302832359547e-08
20,61997500,T,C,-0.0179018335253209,1.30777263206774e-07,1.32539525987636e-07
08,28301547,G,C,0.0139923475183829,1.39496845066235e-10,7.90958093114059e-08
11,33041338,T,C,0.0106212280571464,2.90434027232431e-15,8.2591977554378e-08
11,14296329,G,A,0.0219429203352438,1.32156562745421e-08,8.28971163022668e-08
08,130130604,A,C,0.0171916329701639,3.29121806820079e-09,8.31510983221939e-08
10,102660281,G,C,0.0105850264337927,1.14612536935408e-17,8.4268054648827e-08
10,102599003,A,G,-0.026276601782781,3.89053003757905e-06,9.26727669334025e-06
18,46500936,G,C,0.0105648527023947,3.44733971402777e-16,8.77489289579588e-08
07,99332948,T,G,0.025227755823107,2.35954622427531e-08,8.90210931665343e-08
02,67071400,G,GA,0.0130808305069517,6.62048289068067e-11,9.58479624979845e-08
10,52752880,T,A,-0.0150383606211118,3.74993575766334e-17,9.76852524943993e-08
10,52761719,A,AT,-0.017809401642931,1.15991391541809e-12,1.21705158212321e-06
05,73044170,A,AT,-0.0109236625661518,6.29160100368709e-10,9.99295652383607e-08
05,73461072,T,C,-0.00939495999167808,6.54373927648457e-11,9.97492764689595e-07
09,101651476,A,G,-0.0102051435750242,6.39030262770263e-18,1.01110697900193e-07
03,33263149,G,A,-0.045341527316509,-99,5.05054314167607e-09
06,33784140,C,T,0.0283924262990996,-99,3.83695183810065e-14
05,43976162,G,A,0.0296152044650795,-99,1.11328941748588e-08
12,46429309,T,C,0.0515991972929932,-99,3.42313236514695e-09
05,52742381,T,G,-0.0573456391312927,-99,6.360227735761e-06
17,62483931,C,T,0.0487041167523243,-99,7.9890651569075e-12
06,81457545,A,C,0.0442392301505611,-99,9.02669793878357e-11
06,109266255,T,C,-0.0453392420081068,-99,1.96040113238551e-22
05,122341654,T,A,-0.0204720250118248,-99,5.4951119873441e-08
05,148206885,C,T,-0.0868388915347341,-99,5.10762181736552e-08
01,150425376,C,A,0.0870024562777739,-99,1.91624827670738e-10
03,169152230,G,GT,0.0239339073281579,-99,1.31165853235817e-07
02,178565913,T,C,0.0516499607419248,-99,9.26113616227779e-09
03,185631924,C,G,0.0501284149674525,-99,1.79694577427519e-07
