chrom,pos,major,minor,beta,p_value,gwas_p_value
22,24985736,GCC,G,-0.0596697402347807,8.82066003929976e-44,0
22,24992266,T,C,0.216570633541291,0,0
22,25029782,A,C,-0.275130967835782,0,0
12,121380544,C,T,-0.0989226482231236,0,0
14,103563195,G,A,0.0937767994685129,0,0
01,16505320,G,A,-0.0811140993238722,0,7.88634975438067e-242
04,146821410,C,A,0.103981626056889,2.41599987197582e-299,3.53203462319918e-218
22,18440026,C,T,-0.0730374627379278,3.37727059138908e-234,1.98457907599929e-145
15,60883281,A,C,-0.0590004912767773,4.71461743056873e-280,1.68693019514109e-125
18,56084054,C,T,0.0711577826729499,3.16278935774048e-184,5.11907147313842e-123
02,27730940,C,T,0.0576331381789621,2.45690784229568e-274,9.12235431898993e-121
10,79680434,A,T,0.0625684104984236,2.00608035205299e-187,9.47630240791038e-113
01,155086571,C,T,-0.05439675248322,1.71873268790106e-279,1.0855615622517e-110
05,31021358,A,G,-0.0565193306580051,7.45785240716419e-174,2.63648914021337e-98
07,73026378,C,T,-0.0605713175002061,2.02954205269083e-105,1.73049625905039e-76
19,49227443,T,C,-0.0439096107183264,6.41089387433651e-196,5.13274367611132e-73
22,24806282,G,A,0.151004424481135,1.28611022915889e-65,1.05020707394469e-79
22,24336531,A,C,0.0384829184494565,2.73914937866032e-128,3.6316144516256e-71
22,24698898,CGAT,C,-0.105431159416946,8.32017124514086e-52,3.23962040656325e-57
16,80497341,C,G,0.0482895537741664,2.74831602085406e-122,6.52478599793674e-71
03,170727739,T,A,0.0623600597646766,1.00067601522861e-79,9.37518300582837e-63
05,52193125,A,G,0.0718334555197184,1.07272818518258e-63,6.23665787176168e-55
17,79480686,T,C,0.0381955379557234,2.25548211912232e-131,8.48205366852552e-55
08,21918089,A,C,0.0477680462950785,3.25095470194582e-72,6.34362063601111e-51
02,192112652,A,G,0.0377646512555628,1.24319587934487e-94,7.88693376002497e-49
11,62200176,C,T,-0.0354628979035681,1.16269038437897e-39,1.3659467955782e-47
11,62201458,G,A,0.0222530566109634,5.90859992422618e-40,1.16961327669893e-38
15,73979507,C,T,0.0352678482568854,4.74262290656453e-115,2.34922212250342e-47
06,21926992,G,A,-0.0381930242970187,3.57407335548732e-85,3.26269169724877e-47
13,28440007,G,A,0.0345597006594183,4.44750906006606e-115,8.40820236785022e-45
06,53902843,A,G,0.0365756903289599,6.84029907919913e-83,3.1388060177133e-44
11,12072213,C,G,-0.0377608216349266,2.61187947233087e-68,8.78858630418044e-42
12,21046951,G,A,0.0454751470872526,1.6770651352209e-54,8.52014016452307e-41
19,807442,C,G,-0.0326567610235574,2.16502693835545e-90,4.28809052784602e-40
08,126500031,C,G,-0.0326976848599575,2.57430198965478e-96,6.08752362056918e-40
07,26022414,C,A,-0.0395105252928315,1.22112752131143e-59,1.80479046972722e-39
09,131465481,C,G,-0.0444928487404769,1.77403393098365e-51,9.715321011241e-39
08,55440068,C,T,0.0386446030254748,1.69664895193125e-58,1.25478874541133e-38
19,33887160,A,C,-0.0292057094161795,1.88631643891157e-91,6.20410925369826e-34
19,33524604,G,A,0.0506868374216749,1.35876419761017e-18,2.38794299927412e-18
09,136149709,AC,A,0.0384506634310311,1.33291156453165e-47,1.88337113698096e-33
03,37024256,T,C,-0.0287238292367672,2.58034687389669e-84,2.21173406262561e-32
17,70074148,C,T,-0.0306324556180485,2.23042059005021e-62,3.40037222541573e-32
04,69533221,A,T,-0.0309724536027528,3.30483912407678e-57,3.69155550006335e-32
04,69491284,A,T,-0.0280836653223521,6.9095644857294e-27,2.77038101269747e-16
04,69988453,T,C,-0.0216386548306667,1.47158484346026e-30,1.84745397954291e-09
05,106878792,G,C,-0.0378499401547531,1.87649266067142e-37,5.07785642125799e-32
05,106626406,C,T,-0.0342304558027145,1.09542267869493e-20,3.2837441690498e-16
05,106888783,C,A,0.023994813440709,9.82614836061721e-19,1.06371808616126e-19
18,55319030,AT,A,-0.0426421426267866,7.34522654176996e-40,2.1890915148091e-31
12,111515020,G,C,0.0559648933506875,2.29252280036131e-35,4.38139079899645e-31
01,178572978,C,T,-0.0277384800895943,1.24761356419499e-80,3.43064791071045e-30
03,172294500,G,A,0.0828888579340636,3.95759951102699e-32,4.22519927077925e-30
01,89146852,G,A,-0.0276439603854839,6.13603232567245e-74,4.99038499215157e-30
17,36077099,G,A,0.033109527901874,4.16768155870917e-45,1.27601853753073e-29
04,3443931,G,A,0.0282309865991767,2.79022070947169e-64,1.96292349198076e-29
10,101603522,T,C,-0.0501123404950126,1.28817471967679e-23,2.56385806574965e-29
10,101686064,C,T,0.0188831633981685,2.80951208390392e-38,7.47755639919227e-23
02,233509851,C,T,-0.0269937825477177,1.10669198199569e-58,2.19210015734941e-27
16,58098724,CA,C,-0.0302018233838335,2.69594855903145e-43,1.4832183767606e-26
19,18223350,A,G,0.0285381955059954,3.92162376716716e-35,1.78637159876142e-26
19,17862267,TC,T,0.0248588972073106,4.12465812787948e-46,8.02921965046981e-24
20,39656342,A,G,0.0257589299923022,9.76759005012916e-71,2.65496090897154e-26
01,82264317,T,G,-0.0290005161469307,3.04646196920566e-44,4.91044743076919e-26
01,161653480,C,CCTT,0.0437011548717514,7.6722494372126e-31,2.02849314468896e-25
01,101620526,A,G,0.0299982909712233,1.3857559316001e-39,2.02990758398667e-25
20,3692345,T,C,0.120436312927695,1.57832557328757e-26,4.99683092218998e-25
20,3679928,G,A,0.0384747478417153,1.82829600285093e-16,9.43098271309516e-14
03,124341806,T,C,-0.0248054694730965,9.34820934218085e-69,1.21952207337782e-24
06,32607140,T,C,-0.030471477566304,2.32031177117616e-38,1.29415412992629e-24
08,9173209,G,A,0.0246731874671426,2.09027685279893e-65,3.78189462810575e-24
03,160066896,A,AT,0.0277588986796615,2.84719016594847e-40,5.70335826651709e-24
02,169902917,C,A,-0.0219890120815663,1.06100463867797e-46,1.84459306838045e-23
02,169876963,T,TA,0.0437930506446498,3.21601591047043e-12,4.12135913968267e-16
22,39096602,T,C,0.0246516930170396,1.02114524867695e-51,2.31692053874662e-23
01,150618632,C,A,-0.0233148089909735,3.43438786934808e-30,4.05887199105285e-23
01,150292561,C,T,-0.0595882846597868,1.18738926291261e-09,6.18316595836158e-15
16,51436882,A,G,0.045311517352315,1.20111271606996e-26,1.93574055850349e-22
16,51170026,G,T,0.039365594757377,2.54098839332461e-12,1.22496258256686e-10
05,166830170,AT,A,0.0259193378587793,9.86740865123659e-39,3.78557224153904e-22
16,2154537,G,A,-0.0936553724379113,1.61280113505e-23,4.10517070500938e-22
16,2153765,G,A,-0.0911597981439637,1.04904937050989e-14,8.19071087302144e-14
05,156709342,A,G,-0.0509670208444349,1.74452604539917e-24,4.38282528641385e-22
10,52642500,C,T,0.0201539765151442,1.8664109542434e-32,9.11141383799047e-22
10,52582768,G,A,0.0734376282343636,2.24172245714014e-15,1.47912993230689e-21
07,116409675,CT,C,0.0247153450452155,1.6062544629763e-42,9.24119826165872e-22
20,14670904,T,TTTA,-0.0264841782145626,5.31919023789381e-35,1.68810922982286e-21
01,23747996,G,GA,-0.0258453509319956,2.93176482361698e-36,3.74858051910565e-21
08,10571491,A,C,0.0233133535594628,1.26008964229123e-46,4.67891237876281e-21
03,12396588,A,G,0.0175717520279662,1.70297639953213e-29,4.81814372115866e-21
03,12393125,C,G,-0.0253718703994843,2.42358305635208e-14,3.38756877035319e-20
02,64909796,TAG,T,-0.0255884969960721,3.60343586531148e-34,1.69725530489048e-20
02,27836605,C,T,0.0519948638037126,3.97025806337229e-128,1.08272901462351e-63
02,27847642,C,G,0.0415360799783304,1.75029679163994e-27,2.26043061045906e-10
12,109167803,T,C,-0.0243072109203546,1.19259437936998e-36,3.03721798102348e-20
19,41825191,C,T,0.0295460836048998,1.00526053214916e-27,3.86848691704234e-20
03,4758244,T,G,-0.0220819596400633,8.03805803422636e-56,6.51944107747612e-20
02,133193729,GAGC,G,-0.0236318904639345,2.08837220803598e-37,8.34688718414997e-20
16,11644842,A,G,0.0238413327850053,1.14723466878426e-36,1.13736927607168e-19
03,136243345,A,G,0.0231303016852933,1.76610077120526e-38,1.14933693975193e-19
03,47091287,CTA,C,-0.0229505547846763,1.77272514233349e-45,1.4271238097112e-19
16,30538419,G,A,0.022253532618153,3.87197516954331e-44,1.67775902904992e-19
13,27784873,T,A,0.0405650197589975,1.26817870460781e-22,2.09699794793588e-19
07,143092269,G,A,0.0492742533930914,2.60496017210423e-21,2.50220002024138e-19
06,34622561,AG,A,-0.0336388708373586,1.58062213751024e-23,6.78707503866692e-19
10,94839724,G,T,-0.0221940025896048,2.84902994737076e-41,1.81812552591306e-18
10,95333063,A,G,-0.0193080540120022,1.14678216753362e-12,4.81806125235222e-09
17,65880537,CT,C,0.0271678689637321,5.0798281918536e-27,1.93987225786695e-18
21,46271452,T,C,0.021090419789459,1.12870149119844e-47,2.7759545429905e-18
05,55861464,C,T,0.0260758860769978,5.07504641837594e-25,1.80193959419642e-17
X,20217046,C,T,-0.0234173357706678,1.80004712465969e-21,2.37729572860239e-17
01,107619244,C,T,0.0215962817089643,1.40750987798513e-34,2.84182190026955e-17
12,121115227,TCTCA,T,-0.0578749320654553,4.17258758518542e-81,2.60341529412661e-110
12,121230332,G,A,0.0609716103883106,1.4260949972966e-76,4.3939908787014e-56
12,121309442,C,G,0.0512427462107509,2.31459090054135e-88,8.31547632748238e-62
08,95830969,A,C,0.0265044187649017,1.74551506788033e-23,7.13026250166064e-17
02,3640142,T,C,0.0263025048601384,1.97616238702166e-23,1.08691284967134e-16
07,1019249,G,A,-0.0252075959617135,6.15114633119236e-24,1.5145035594406e-16
07,1515133,A,C,0.0447528620371455,1.40616670431072e-11,9.44432981538172e-11
17,75376455,T,C,-0.021879815538023,1.99518484512193e-29,1.56182269657192e-16
06,158413426,C,G,0.0239665815680876,9.14562978410274e-26,1.88218328800634e-16
05,132388960,G,A,-0.022693665300283,2.00719558101887e-26,2.69969813794321e-16
10,60314554,A,AT,0.0200581091968003,9.52011775655519e-41,2.70417451644286e-16
04,79544527,C,A,0.020187654382105,1.03758232859949e-36,7.06088441818398e-16
