chrom,pos,major,minor,beta,p_value,gwas_p_value
10,71086822,G,A,-0.143467016140981,7.08155228811097e-217,0
10,71091648,T,A,-0.104919693725036,8.946926882014e-186,0
10,71118821,AAG,A,-0.224231049765561,1.22831487265633e-216,0
02,169763148,C,T,-0.10391829053132,0,0
07,44240407,C,T,0.10583364320546,0,9.21588621785946e-242
01,158612548,T,A,0.0772412309892037,2.87587000911719e-296,1.15580972429237e-172
08,41630447,G,A,0.0724308005429657,1.74420315556284e-213,5.79888390087119e-164
08,41543675,G,A,-0.129016845660611,4.17098965254949e-88,1.07715756783931e-99
08,41589736,T,G,-0.167451618226893,4.39435910939608e-45,2.81077616051093e-50
17,76124865,C,G,0.0859752864999348,1.94027183586688e-240,1.35300993849789e-163
06,26093141,G,A,-0.139374675632049,5.09049870503174e-240,2.04460663095983e-163
06,26104632,G,T,-0.093159130677914,1.68507822394626e-220,5.78350105698245e-122
17,80690014,G,A,0.0698728785943558,7.05461566265574e-293,1.86541988686164e-154
22,37462936,G,A,0.0636054922382725,0,6.86202485805376e-146
10,114754071,T,C,0.0681108703558773,3.60849620772767e-255,5.3885399189237e-141
12,48499131,T,G,-0.0608502081204306,0,4.65942779359797e-136
11,92708710,C,G,0.0638114317909294,2.10535071801553e-210,1.31222954406e-120
16,88856084,G,C,-0.0575672203937454,7.41372888310727e-286,9.61023056085499e-106
16,88752602,C,T,-0.217971195236404,9.97296210459196e-64,2.83724277718949e-52
08,118184783,C,T,-0.053582075510661,2.13633897562374e-172,1.92047616210901e-91
12,4384844,T,G,-0.187328657285746,1.31396014483881e-93,5.12651809868847e-89
04,144945184,G,T,0.0480243401310105,4.47199555950377e-137,1.42680075591492e-88
04,145026126,C,T,-0.105384821904635,5.84675345050505e-59,1.71245129887481e-70
09,91392686,TTC,T,-0.108868909016686,9.91771880383049e-97,1.45922189881684e-86
19,17252151,T,C,0.0380838939668703,1.53707143095621e-114,7.26180016876831e-76
19,17252041,G,A,-0.052766402877836,8.93361950500091e-41,2.73738463107389e-59
03,123065778,A,G,-0.0521243011180688,8.83798134038088e-123,6.63446463373315e-75
13,113352916,A,G,0.076890761752294,2.35974787313027e-80,1.4521808507872e-74
13,113479820,G,A,-0.0266538239791247,3.61886040294384e-36,1.07892211148457e-25
03,170733076,G,A,-0.0432374745295984,1.56760276477954e-103,8.36143120951252e-58
09,136146597,C,T,0.0455388075045689,4.92787753047822e-94,8.98559658609316e-57
09,135861502,C,A,0.0485757327863793,5.31915211100464e-23,3.02609492895139e-19
03,12268570,A,AG,-0.0387149491767947,1.569832567979e-131,1.11875446275851e-54
06,20686573,C,A,0.0431337727741524,5.64626062551048e-92,2.13646752754053e-54
09,22134068,G,A,-0.0483309013447709,4.23755250591207e-65,2.6857429697741e-54
09,22136440,G,C,0.0230366221243125,7.07652214900269e-24,2.01593818905162e-20
02,43532524,C,T,-0.0538932325589144,1.77224863635281e-67,9.94129530538294e-52
06,135419636,C,T,-0.0419185754893257,3.52250736012825e-85,1.45161414114844e-50
13,114551993,T,C,0.036111695996501,2.40337455155057e-71,1.89384787007178e-47
13,114599514,C,G,-0.0323809854649672,2.97247340395184e-36,1.38309134582755e-31
08,42400679,A,G,0.0349085080078995,1.66674639876079e-104,8.11341866082241e-45
11,100460037,G,A,-0.0577793554240271,1.32818862736452e-53,2.00059795696788e-44
01,3691528,A,G,-0.0409272118304494,7.78312970375824e-70,7.39111476060901e-44
06,32592582,T,C,0.0366498859315871,5.04855687382492e-49,1.45716639634755e-41
06,32112626,G,A,-0.0296739285149731,1.71115869879228e-23,3.58796124341101e-28
01,214145731,G,C,-0.0294803548696488,3.63280519829269e-67,2.31975668152843e-40
01,214150821,G,C,0.0749897554833733,6.32824166772506e-31,2.9561092357569e-38
02,175261148,T,C,0.0348983684880852,3.14301411376967e-77,2.45809238789313e-40
11,9769562,G,C,0.0339578288693315,1.12419571966603e-82,2.87329162640258e-40
02,24209968,G,GA,0.04209325227313,1.03850892561118e-39,4.00906382578326e-40
02,23933356,G,A,-0.0205139087173688,4.1466654822553e-22,3.85303646590398e-23
02,27742603,C,T,-0.032982987359196,1.49380229478062e-85,3.03053834162689e-39
12,111865049,G,C,-0.031128880151679,2.8925676997207e-102,1.31669442806705e-36
11,234451,T,G,-0.030283149853176,2.06610048718802e-90,8.1019555655689e-35
03,49355005,T,C,0.0315855874301205,3.93661317060022e-29,2.40114861240387e-34
03,49760431,G,C,0.0579492951154308,5.85188861180942e-12,4.04687626127897e-16
03,49650935,T,A,-0.0199929595367544,1.46176389047484e-22,1.18936833415285e-26
10,71002040,TG,T,0.0530374433341236,8.4983840805712e-239,2.54047180168927e-157
10,71013976,G,A,-0.134128112423621,4.26015945827984e-76,1.0115296831494e-90
10,71014798,G,A,-0.0986376122977098,5.77271269885186e-71,1.13210938764554e-89
10,12316768,C,T,0.0375540804407027,8.14505646308563e-48,4.93648112975134e-33
09,140100317,C,G,-0.0431167846407463,6.54225306048593e-42,1.70084104044068e-32
09,79977312,A,G,0.0358381810629893,8.26288019997086e-46,2.15731417546485e-31
17,17751478,G,A,0.0308904293364509,2.19268340301898e-59,2.50827576277242e-31
13,28459876,T,A,0.0347788634542594,1.29001794384212e-48,3.32160715602952e-31
09,139245460,C,T,-0.0337151925266656,2.95215842706216e-43,6.1816660034073e-31
09,139505720,T,C,0.0176831770200925,3.44332238068788e-16,1.83726703105945e-08
06,31178644,CA,C,0.0274079833119788,4.410690079608e-60,9.57170119207264e-37
06,30921417,G,GA,-0.034511695177976,1.85912073170263e-23,9.00039511032516e-31
10,50248924,G,A,-0.0323667735813417,1.37096346603133e-46,3.32089222350575e-29
03,171778354,T,C,-0.0276812321142682,6.66317436846107e-56,5.02468320570259e-29
03,171522584,T,C,0.026762318779086,1.54897808949509e-19,4.37299647325272e-17
17,7549681,T,C,0.0271388834562888,5.1007134049489e-67,2.24932399876818e-28
17,7629068,A,AT,0.0773993841774821,1.96955134927324e-09,3.96630236304143e-10
11,2856658,C,G,0.0280893544960887,5.99803427529147e-41,2.37913889173186e-28
11,2691471,G,A,-0.0210623033429018,2.20540895293828e-30,3.27404428081111e-17
07,123423923,G,A,-0.0492995169678545,2.38266572838294e-32,8.70640165047707e-28
19,33081333,A,G,-0.0256566402129296,6.28427156240695e-33,5.70699595181741e-27
19,33105446,C,T,-0.0421966227716619,6.91017022236788e-08,3.17819238992331e-15
10,94467287,C,T,-0.0267062975239373,7.25966416606481e-37,1.08101039070866e-26
10,94839642,G,A,-0.0149292892950141,2.10434207900361e-15,2.988841413539e-10
08,126500031,C,G,0.0264862554225249,3.60442955690175e-62,4.31606456665393e-26
22,43113793,C,A,-0.0256430951497167,3.82262434256121e-68,1.36042534227807e-25
01,25657076,AT,A,0.0218793030437828,1.60692768181952e-14,2.52690778178869e-25
01,25677605,G,A,-0.0345408131381387,1.19125753821832e-25,5.36063038789353e-16
01,25600747,C,A,-0.0211325078006622,5.30390139424246e-35,5.72624859165447e-13
04,144884690,C,T,0.0500593727709748,4.03200978355974e-152,4.99047430668669e-88
04,144592286,G,A,-0.0830011410108543,9.77389744519836e-24,2.04173788598678e-31
16,31404571,T,C,-0.0284795882421558,6.53851127624275e-58,7.62460590682847e-25
16,31418975,C,T,0.0504516706102094,1.30658960757289e-11,8.84920539711076e-09
16,30936081,G,A,0.0176242607516121,1.00639203586129e-11,1.01902407505825e-13
07,28198677,C,T,-0.0251641617526904,3.0835843501709e-71,7.98177757525218e-25
07,15065300,T,C,-0.0251027320185034,1.08163797243326e-50,3.41199912824109e-24
07,14898282,C,T,0.0266535683708383,9.25809770505064e-19,2.59247987137769e-16
03,187741842,G,A,-0.0253789383994096,1.63342353414496e-52,7.22313947506747e-24
09,110530324,G,A,0.0262950898291149,9.11211481508253e-34,1.12095884687207e-23
09,110913154,G,T,-0.0201821433755997,3.70326612701643e-14,2.40109518082746e-12
20,55991637,A,G,0.0245971290402378,1.7121851763499e-65,1.29745339354335e-23
11,47293799,G,C,-0.0277173013166767,2.78625894599412e-39,1.74543123618805e-23
11,10493321,G,T,0.0351202004557478,1.34151405538685e-35,2.48421928888647e-23
11,10286755,A,C,0.0282429512255528,1.27851829056317e-23,7.85332408245617e-17
11,10481179,A,C,0.051604839526266,5.31655047906741e-11,1.43525844621692e-08
17,57504920,G,A,-0.028959038816883,2.78108882098769e-29,3.82224363685915e-23
17,57384444,G,A,-0.014668398126004,6.41920293598721e-13,3.52499389836539e-08
22,30238074,A,G,-0.0242222471036287,6.92022095906991e-52,7.28235069867692e-23
22,29939336,CAAAAAAAAAA,C,0.0192281311834589,4.12516112074062e-08,3.48316792901838e-07
17,27098024,A,T,-0.032341798136276,8.98864132541556e-39,1.18606683187765e-22
17,27588806,C,A,-0.0223960364623529,1.49166698105585e-16,3.57732823734955e-08
19,51728477,C,T,-0.02854964758324,1.73535712635835e-40,2.2365944184549e-22
19,51729103,CCCGG,C,-0.0647961548464931,7.44536630989345e-22,1.26510055880437e-15
19,52132020,CGT,C,-0.0174878808942649,4.36647502001356e-15,1.38051359860498e-10
11,2177369,C,T,0.0298457022719189,1.27146504708543e-29,2.83291397737078e-22
11,2118860,G,T,-0.0152114237803496,1.59882503875963e-12,2.07861878156699e-06
11,2672191,AATCT,A,0.0225254993180991,5.71523214069022e-07,1.35355083739531e-06
01,150937405,C,T,-0.0296478873656963,1.90841271063345e-36,3.72669269249064e-22
01,150972959,A,T,-0.0700633260351951,5.35628462522082e-11,4.74295461274692e-09
01,248039451,C,T,0.0234025717933074,1.95403325839243e-34,4.56033083767532e-22
01,248018210,G,T,-0.0338420504760317,1.66515044244473e-10,9.30015941071365e-15
01,247719769,G,A,-0.0272950816168836,4.14874442954542e-09,2.13533346101813e-10
11,72470915,GGTTT,G,-0.0306403344813986,4.74196912643461e-22,5.37937274071531e-22
11,72946140,G,C,0.0224221550221327,7.26619332344437e-19,1.24018044556138e-12
11,72539199,AGTCT,A,0.014313623816242,9.2690829809962e-10,3.52219356146778e-11
15,77782335,G,A,-0.0257827318741776,2.22258151417846e-37,1.69359568138896e-21
19,13000550,G,C,-0.0237632491375458,1.06011318350711e-46,2.05819187419063e-21
06,7249460,G,A,-0.0364699983265932,9.37356973081017e-42,2.36347570063914e-21
06,7231843,G,A,-0.0349725146050861,4.59845400926293e-23,2.00928775616521e-11
06,7143859,C,A,-0.0706561785220646,1.97403723251644e-12,3.86249598693907e-09
05,76435004,A,G,0.0248966456747321,7.03114756501576e-40,3.03148628668653e-21
06,110762453,A,T,-0.0274101208543096,1.90630333970571e-33,3.33706258868208e-21
14,65272857,G,A,0.0223956290036449,1.17965815638501e-33,6.18750196367086e-21
14,65107216,AT,A,-0.0380164617785195,1.56593692497387e-13,2.85853318755966e-15
01,118141511,CCT,C,0.0220316879259103,4.24400872049153e-29,9.02602026035215e-21
01,118251143,C,T,-0.0166136415374612,1.23526232652764e-08,1.33832171568513e-11
11,17418477,A,C,0.0237730194261423,5.40734288105644e-42,1.67091723751502e-20
17,8158273,G,A,0.0235634344704369,1.21510816605668e-13,2.66646202585368e-20
17,8214427,G,A,0.0137333361564425,2.04674326903015e-11,1.43161926841864e-15
17,7816486,CT,C,-0.0121545978152406,7.09950450840138e-09,2.24550727330649e-06
13,33554773,C,G,0.0298018686198706,4.49732446677599e-24,2.80957278843218e-20
13,33770383,G,A,-0.0134402361077117,4.78568036713636e-10,1.88553619090677e-07
11,61581368,A,G,-0.0242295990185102,1.66279313213312e-36,5.48674694659887e-20
04,185713595,A,AT,-0.0334612033317491,9.39684433870168e-26,6.45118261377595e-20
16,68796746,A,G,0.0238949919113016,3.51624423712579e-35,2.42429783611115e-19
19,46164672,T,C,-0.0201615735540059,3.66580229273944e-30,2.66210682681328e-19
19,46157748,A,G,0.0195665880497736,1.92417805635048e-07,2.38940667494214e-11
01,229672955,A,G,0.0227860081350627,1.73059560473885e-39,3.91415743896157e-19
16,295795,T,C,-0.0276849653644951,4.29575737617731e-23,4.74567444812798e-19
16,281299,A,G,-0.0183700025874635,1.50664850850717e-11,1.15067455296319e-09
16,295445,C,T,0.0513776259574843,6.2077823295597e-06,1.915912160436e-07
06,43757896,C,A,0.0225976043060475,7.98101609065903e-29,7.47358760344484e-19
06,43736537,TG,T,-0.017588235738559,2.20464850406771e-19,1.27761130023215e-11
06,43801905,C,CT,0.0182816786092167,2.0012406944644e-08,1.00300513729324e-08
16,84582965,C,T,0.026142791843493,6.94243937874139e-29,8.10674437687653e-19
03,49322027,T,A,0.0330107559273533,1.39111844112222e-32,4.16871605600604e-34
03,49260646,C,T,-0.0206741397700032,4.70732287303055e-22,2.27189890209967e-24
03,196504902,G,C,-0.0218940258478558,4.14907684504732e-33,1.12077509654012e-18
03,196037139,A,AT,0.0157451698140224,3.68433866257145e-09,2.33143190691941e-07
19,45416478,G,A,0.0197880168868806,4.11624391622418e-22,1.55729910754053e-18
19,45448465,T,G,-0.0154757995160705,6.60110854283662e-13,1.66135519743763e-10
19,45394336,T,C,-0.017244885715825,7.55423882366296e-08,7.9767089767746e-11
02,8563029,T,A,0.0265838231721976,5.9444359630159e-27,3.07415441526021e-18
12,51073523,G,A,0.0227195330214503,6.55064316960328e-33,6.20983487630964e-18
16,30800551,C,CA,0.0253798120360416,5.04780133777191e-29,6.49179072429575e-18
01,149996474,CCTT,C,-0.036585247766168,3.71550622463894e-21,9.84387583384632e-18
05,156373637,C,G,-0.0217544243950345,1.33882685805415e-35,1.8452898720846e-17
20,8604593,A,G,0.0208270500341396,2.12561443319099e-48,1.90900301097559e-17
16,11383519,C,T,0.0218878251859258,2.91094708492255e-28,2.24669405302213e-17
16,11873983,C,CT,-0.0156186559747429,4.4733368204133e-07,2.29541113433562e-06
08,10571591,C,G,-0.0223110094266143,9.93862364111074e-32,3.23355431927057e-17
09,4844265,T,C,-0.0254669489611034,2.03200149796742e-25,4.05708791589111e-17
17,21206440,C,T,-0.0243804718225784,2.03841726023686e-27,7.02926182926779e-17
21,45746102,T,C,0.0959383805014077,9.01210704053504e-18,1.20434446086037e-16
21,45721710,T,C,0.0171584636856294,1.19572385024101e-15,1.39786160061884e-10
21,45722811,A,C,-0.0282253153521117,1.46280495535923e-07,9.74625838811968e-10
03,138077176,C,CTCA,0.0262173466289848,1.20421628577987e-23,1.21881072240785e-16
03,141102560,G,A,-0.0474312508162637,2.64293375768128e-17,1.55931681033776e-16
03,141563276,G,A,-0.0110649173110063,8.34169674533537e-13,9.81803733928421e-06
07,89864930,CA,C,-0.0205350559170777,1.26303407458485e-41,1.6995543223171e-16
06,109858630,A,T,-0.0179851026562313,2.79161879562073e-11,2.02004955144094e-16
06,109634599,C,T,-0.0122797927187911,1.56942628821739e-09,1.53998738830238e-12
15,66012444,G,T,0.0202128576923806,5.61412253208219e-38,2.24887840847519e-16
08,116667539,G,T,-0.0201737011717726,2.58574439969911e-20,2.42600060105962e-16
08,117079063,G,GT,0.0166251186537499,1.15006769164005e-12,3.00365184896418e-11
12,54698408,G,A,-0.0362888772117769,1.98942703385822e-22,2.43864295131636e-16
12,54685880,C,T,-0.0310065617756044,5.41723170271598e-12,2.06713298755533e-08
X,152904739,C,T,-0.0201835306802082,5.63382169634317e-22,2.73172003482667e-16
14,90046070,A,G,0.0209971653525422,1.79528006907251e-32,2.83185203878774e-16
06,25526319,C,T,-0.0850172390064422,1.00579132817562e-117,2.00790646232538e-88
06,25528452,A,G,-0.0515675078339884,2.109683566295e-16,3.18797853257032e-10
06,25431665,C,G,-0.0565268898877821,2.83878897202184e-14,1.29964771637879e-09
18,43802778,G,A,-0.0230589402428205,2.86433693838327e-26,3.02064076069726e-16
09,124093997,G,C,0.0501992038346576,1.65107703190486e-17,3.07411611505807e-16
12,27955071,C,CT,-0.0250436630752076,6.5850304382238e-19,3.29469235332114e-16
12,27789239,A,C,0.0143386272885321,6.34647380121539e-17,2.7324767459479e-08
02,60725451,G,C,-0.0201060516739324,3.26173915546989e-38,3.87825325372206e-16
01,51205760,T,C,-0.0348452631139249,6.38869972438074e-19,4.48177934418153e-16
15,90448376,C,T,0.0221432961703522,1.02335629700944e-19,5.07495005659789e-16
15,90658366,C,T,0.0153514708643485,2.26070227905006e-17,7.65525122006103e-10
16,28513403,A,G,0.0211128557487781,1.34202876350041e-30,5.22474847964718e-16
01,207231751,T,A,-0.0199895390860375,1.13699167909905e-40,6.20819600570757e-16
15,52576408,A,T,-0.0471214416049723,1.82153165467951e-17,6.29422028419604e-16
12,48712932,T,A,-0.0539133295983693,2.58471728607123e-231,2.35941603772277e-114
12,48559868,G,T,0.0723512377999088,3.07608012637623e-17,5.00455667649031e-06
12,48567979,G,A,0.0251136000380541,5.43076158235533e-16,1.47330019622484e-42
X,40811712,G,A,0.0163206509946238,1.94483789559924e-24,8.79551778193587e-16
X,40757858,A,G,0.0103274318588266,2.74633695777544e-07,1.12809176498761e-06
12,7154363,G,A,0.0368953535905237,4.12264650990793e-18,1.47484671949958e-15
11,14802481,G,T,0.0449523905431552,2.09937816731334e-10,1.49833452843967e-15
11,14492492,T,A,0.0153950412740951,8.76064044593862e-09,1.39644811845427e-11
01,203649423,C,T,-0.0338280585947661,1.32384724403201e-18,1.53003118435415e-15
06,126717064,G,A,-0.0195390642820181,5.56768687252318e-44,1.71346596159529e-15
03,185512426,C,CTTT,0.0219917141673321,6.40799021945556e-27,2.26673305248926e-15
07,73020337,C,G,0.0304491524384046,2.06951870502804e-21,2.45453424957004e-15
07,73020439,C,T,0.0344870119967597,1.62866684577627e-08,1.95210346389302e-06
07,98975258,T,C,0.049275537450358,5.99056853464996e-16,3.03980033162495e-15
07,98841021,C,T,-0.0763186304916676,5.10865750844526e-09,3.76562967113928e-09
03,152388733,A,AAACT,0.0189765996211336,2.67546172119227e-22,3.72787685255749e-15
03,152040390,A,C,-0.0243488313496543,2.41267683378591e-10,3.91926747212935e-09
03,152406724,TTGAAAGAGCCACCTCC,T,-0.0352678058781468,3.59382577452068e-08,6.23692105769519e-10
14,38789023,ATAGT,A,-0.022053321291509,9.95667678389906e-25,4.35170075790464e-15
03,186649103,G,A,0.0203800731776251,8.26478830570098e-19,4.99852465588542e-15
03,186731157,A,T,-0.0118420694871135,3.48235184718021e-10,1.00728249876802e-07
06,139835418,T,G,0.016451771701628,2.41845954488638e-21,5.04115980488172e-15
06,139841653,C,T,0.0337175990602538,4.64802012985641e-07,1.3831564912679e-11
22,30506372,CT,C,0.0221581948468773,6.11792952008328e-36,1.13855588028071e-19
22,30887555,C,T,-0.0712303262959598,2.28527070197155e-16,5.71740515352072e-15
22,30756493,C,CA,-0.0160630297510115,5.71550892403375e-10,2.38616848027325e-08
01,46602844,A,G,-0.0202993540507091,2.08041832786296e-28,6.35453542671745e-15
02,45192080,G,C,0.0267227799484602,3.89736202907836e-22,7.23901764805672e-15
02,45143927,TAAAC,T,0.0399931896623487,2.34307795435613e-07,6.99301373715233e-06
12,118734094,G,A,0.0194879954916867,3.06876717138812e-19,1.16032330545993e-14
12,118412373,G,A,0.0182985351635618,1.46845044728968e-07,9.43603183716616e-09
02,219160749,C,T,-0.0189930172380341,6.81454754015592e-35,1.39030778104792e-14
12,97860592,G,A,-0.0424630783226316,1.62519742685357e-17,1.47585241489102e-14
12,97854404,T,C,-0.0145129777952513,1.3493478102237e-13,2.60863469757388e-06
17,2203167,T,G,0.0181061636751728,4.2425212512679e-20,1.53292098339117e-14
17,1999941,A,G,-0.0212261456238343,8.04318285173751e-08,6.8701415299837e-10
04,106115708,A,G,0.0288005336533511,3.15834870079832e-18,1.5824324671072e-14
05,14798600,AT,A,0.0150810330032512,1.23618275902113e-22,1.70516329766327e-14
05,14786749,T,C,-0.0763032730105014,5.77198382897619e-12,4.05765123760855e-14
05,14768766,C,T,0.032774959564697,3.35974211121917e-06,1.6456433348802e-09
05,1104938,T,C,-0.0188311478791686,1.73904850572899e-32,3.09636585787924e-14
04,146016257,T,C,-0.0248456348755247,1.48723413756125e-11,4.42556740482558e-14
04,145556462,A,AG,0.0145898394931184,3.81794147312718e-17,4.60993117677807e-13
X,129249132,T,TCC,0.0152341385264358,3.46571879479962e-30,5.45037103169155e-14
10,89726745,T,C,-0.0188159322399504,9.14447592893132e-30,6.79775455507153e-14
03,195910628,A,G,0.0245895566524261,1.30043668452876e-13,7.85541463293499e-14
03,195838613,C,T,-0.0146715957146156,1.56645096676378e-20,3.07265957036364e-11
09,131882540,G,GA,-0.0200998398029787,2.55613845129558e-24,1.01481514275311e-13
09,4292083,G,A,0.0184859209654157,1.07096643200074e-25,1.43321775220854e-13
09,4764332,G,C,-0.0217321641264798,1.23318752096355e-10,1.47817093607725e-09
14,20939589,G,T,0.0207801416523589,5.41889509554967e-22,1.69222086257742e-13
05,131821558,A,G,0.0194383951635328,2.92154792604098e-25,1.75335597450853e-13
20,32188142,C,T,0.0232430752942789,2.17496494573156e-15,1.83585568400242e-13
20,32538391,G,C,-0.0201275182205837,1.13020219259418e-07,2.59972763827906e-08
14,23495048,T,C,0.0201491610993167,9.51568548430459e-23,2.23919229823771e-13
11,45207183,G,T,-0.0280151487770613,3.35093733875801e-16,3.31215277053385e-13
17,57711948,C,T,0.058195131289407,9.69052542667933e-10,2.30623684866282e-06
17,57580837,T,TA,-0.0148951831509011,7.63962118816502e-12,9.05412262008014e-07
09,91497782,C,T,-0.103393819395248,3.08932419735773e-87,3.3370111976692e-83
09,92011310,T,C,0.0115098187656596,5.33240085183541e-11,1.799918333178e-07
10,79664904,C,A,0.0193230811790593,2.16038214674679e-25,3.89005209520663e-13
04,89039082,A,G,0.0277890960359575,9.40415210243056e-16,4.03771704991447e-13
04,89299962,G,A,-0.046341107949747,3.18273705595196e-06,2.02596546269031e-06
11,118971251,A,G,-0.0178555224193533,3.59803188298319e-30,5.32036055795518e-13
22,32339185,A,G,-0.0273507198529812,2.60282249539495e-13,5.3513644538877e-13
22,32361444,C,CAAAAA,0.0138703479061703,1.40630844583526e-09,5.21985872950765e-08
02,227083411,G,A,-0.0179033242320667,9.72340225991287e-16,5.65081443023206e-13
02,227555534,A,G,-0.0115252836972555,3.63733154094234e-10,4.5082178476107e-07
11,78127914,A,G,-0.0236261069140331,1.58334959372161e-17,6.55773579567126e-13
07,80303700,AGCACAAATAAAGCACT,A,-0.0261955573282037,3.88084635254068e-17,7.3662109904651e-13
02,37132112,CT,C,-0.0179130904862612,4.03306580140152e-29,9.28025737938429e-13
15,86252892,T,TTTTATTTTATTTTAC,-0.0205630664765936,1.12021579514568e-20,1.09211869158155e-12
21,35098664,CA,C,0.0183994229964097,9.74563034801673e-25,1.09804718580325e-12
01,39615407,CGATAT,C,0.0188884024008724,2.04953855367477e-22,1.26512213888107e-12
02,48283779,T,C,0.018831124394102,7.07418818293279e-22,1.77483789849883e-12
19,41755238,T,G,-0.0266296691807767,2.71185676794422e-17,2.06582842634331e-12
19,41353107,C,T,-0.0138601717568245,6.08925361569323e-15,1.96602995411352e-07
19,41905677,C,T,-0.0224378545237616,7.56935509151163e-08,6.85331452691608e-06
14,100793431,G,A,-0.0214313514924285,7.52455126497899e-18,2.17018850510963e-12
14,101162047,A,G,0.0189719389639337,6.51293026033646e-17,1.3556897850675e-10
16,16130524,C,G,0.0195369661793275,4.83675274056327e-22,2.34608588045141e-12
16,16259596,G,A,0.046231308051116,3.44927486405287e-10,8.47816532721408e-09
16,16038212,G,A,-0.0217179725560714,4.54148591085334e-09,2.50753982704954e-08
01,155197462,T,C,-0.0171730419877564,1.14459294758063e-33,2.35689955235239e-12
01,42368339,C,G,-0.0173413504609667,1.44880288331179e-29,2.4092332736814e-12
12,49399132,G,C,-0.0492126256782662,7.23909896380899e-15,1.84450918872536e-13
12,49213791,C,T,-0.0686422306437528,1.49111869320384e-09,6.16856197905995e-09
X,74452661,C,A,0.0313401670177614,2.57014846689327e-13,2.63002108174856e-12
16,53822169,AT,A,0.0181093025575421,8.80650477782679e-24,2.67423399858303e-12
X,73369060,T,A,0.0167548221009374,8.08005212915907e-17,2.77830589006959e-12
X,73797412,G,A,0.0302348969049301,1.9873088070819e-12,6.34259284779444e-12
01,224616444,C,CA,0.0217429610193265,4.36515376974955e-19,2.79775108069723e-12
01,6604607,A,C,0.0242299201160822,1.93551572698516e-17,2.91967878397106e-12
01,154428283,A,G,-0.0173297629876668,4.06677735592097e-27,3.08276591056272e-12
17,44623789,C,T,0.0206712497788884,1.66550823213926e-20,3.2982502334137e-12
11,64004643,C,G,0.0405025581857902,2.9451117777714e-13,4.62433496056884e-12
02,234305095,CCAAAGTTTCAAT,C,-0.0162757760477951,4.51131462852586e-20,4.85712215060206e-12
02,234107368,G,A,-0.0178688373240423,1.20267568157465e-09,1.04725784403173e-09
13,80708732,C,T,-0.0187373651050269,1.03972033823132e-20,5.05495513707157e-12
12,123188364,A,G,0.0219742492377602,1.33913173502672e-14,6.08319303588618e-12
12,122938466,A,G,-0.0145404399278229,9.50261180870327e-11,1.40696103748392e-07
03,160154747,G,A,0.0169189785476455,1.18514558668111e-30,6.32573686028113e-12
03,47087837,T,A,0.0172258528818218,5.16065022594166e-26,6.9924981965343e-12
14,50655357,G,C,-0.0790963482500543,6.24493502516403e-12,7.96171499794092e-12
14,50923249,C,T,0.0218872982244977,7.95393563605501e-07,3.28809977247094e-06
01,51371609,T,A,-0.035877707486086,6.94342766427116e-18,6.80338414407852e-16
01,51847377,C,T,0.0478618800270642,5.46689000164334e-07,2.04209168719987e-07
08,145545949,T,C,0.0171990028126176,2.35621396350911e-24,8.16439681630812e-12
05,158246650,T,C,0.0221467896020172,7.20370907073683e-16,1.09578621578134e-11
04,110901198,G,A,-0.017965347141953,3.01199121211448e-26,1.16502937736725e-11
04,110465025,T,C,-0.0475826662950168,4.69156129547817e-07,7.3125276904389e-06
05,75590283,T,C,0.0275809821629002,1.29491484802531e-12,1.41743686838811e-11
05,75146775,A,G,-0.0194959840361198,1.7662126572255e-07,6.47310795071787e-07
05,75996909,G,A,-0.0276789832776527,1.02366201106324e-06,1.61693699518523e-06
20,45590658,C,T,-0.0189227001378249,4.75994040034743e-19,1.59501846194193e-11
08,131024701,G,A,0.0164739065910643,1.48239125677804e-28,1.90191584987247e-11
12,66221060,A,T,0.0268343960559891,9.28420656908713e-14,2.07032202548162e-11
02,169730872,C,A,-0.0697927097936688,3.86515769497947e-263,5.87772658952901e-82
02,169703751,T,A,-0.0459551157599399,2.48657599891294e-111,2.06060844455957e-10
02,169717123,G,A,-0.107893258667503,5.84661967413048e-24,6.10128317830902e-11
19,806256,G,A,0.0164881258063163,6.90207238782645e-18,3.08384892335483e-11
19,1033410,G,A,0.016119918650713,1.06683131421542e-08,1.88956924026699e-07
19,689204,A,G,0.0150683089622456,5.62665940777618e-07,1.56203054777231e-06
17,43925297,C,T,-0.0154518113339324,5.39890643451905e-12,3.70161525747871e-11
17,44369749,T,A,0.0146227716341588,1.34871899583942e-10,1.21299355645589e-09
11,65256332,AT,A,0.0183851658825788,8.59959868651812e-19,4.2147392664669e-11
04,6301628,TTGTG,TTGTGTG,-0.0181011259275737,8.31866248259647e-19,4.82043269836175e-11
02,96981369,A,C,0.0267083952768472,2.08222262244441e-13,5.12159941448598e-11
06,126931822,T,C,0.0169225782004783,6.09465863883141e-25,3.37851991485242e-14
06,127417035,G,A,-0.0139334621201384,1.06235351418697e-09,1.31533679696523e-09
17,36099840,T,C,0.0161093701470505,5.59793480414701e-29,5.71240203523883e-11
18,74579119,A,G,0.0164879558795039,9.0749674893617e-17,5.98634135642923e-11
18,74382405,T,A,-0.0117249012345426,9.77917753657189e-08,9.18261801188877e-06
17,4901982,C,T,-0.0422286355413773,1.15096233799372e-11,7.42285427804502e-11
04,18205102,C,T,0.0160563601331958,1.03411153616511e-25,8.35341001553222e-11
14,94838142,G,T,-0.0554932488436497,3.30358289473216e-11,1.0601187661084e-10
X,45783140,A,C,-0.0140253804163109,5.60406402127016e-17,1.16382113217867e-10
02,111807677,G,A,0.018968221953465,5.94986014780286e-16,1.4033695838772e-10
02,111940147,G,A,0.0156189586762843,3.92674952890406e-18,7.6683280257371e-09
09,97271019,G,A,0.0165446134013164,5.02627788603855e-21,1.42006302286819e-10
10,65295110,A,G,0.0164556253382926,2.18577254556413e-20,1.53582454842825e-10
07,65184686,C,T,-0.0156578827776661,1.18941217850809e-28,1.77812519297345e-10
07,156934329,T,C,-0.0164231965564202,6.96980709199836e-20,1.79598145441731e-10
17,27880128,T,A,-0.0156535316338071,2.57528776378253e-11,1.80990749028919e-10
17,27545117,G,A,0.0120678875908726,2.40909499066001e-11,3.21547408929029e-09
01,53297142,T,A,-0.0162808974703868,6.09768512489535e-21,1.91617448913016e-10
03,23454790,A,G,-0.019246672955295,5.83302984415571e-15,2.20008224149821e-10
14,64239629,T,G,0.0212185761490971,8.83122884292078e-14,2.73310444412849e-10
16,18788519,A,T,-0.0164484880387589,1.05762064988745e-30,3.58677579892013e-10
16,4236887,T,C,0.0211876278531139,8.82784543290053e-11,3.73314979625891e-10
16,3737375,T,C,0.0164462424429532,1.08732878402025e-09,1.21447778844475e-07
16,4015729,T,C,0.0118502838939522,1.05129414687137e-09,5.13543707908151e-06
02,202123430,T,C,-0.0165334352458241,4.49320346723723e-18,3.75697911818846e-10
05,95704204,T,TA,-0.0182608187919794,6.91823587025396e-17,4.03328887001868e-10
20,33446974,T,TA,0.0158749113699436,3.61772647893038e-21,4.51952017654904e-10
17,56845247,C,T,0.0313103497870501,2.78811406715554e-11,4.54870152762655e-10
X,19443722,T,C,0.0542906418683041,3.98295204474121e-10,4.59482364708752e-10
X,19119584,C,T,-0.0464982686716355,6.10837854498964e-07,6.41191245955258e-07
07,18201223,A,G,-0.0197502942770051,1.01092469839198e-15,5.00558898121003e-10
07,17848942,A,C,-0.0206923889995619,4.45138289694765e-09,1.28330211282828e-06
20,42816845,G,A,-0.0140787836591715,9.53964891451577e-12,5.08757045065189e-10
20,42990953,G,A,0.0169915579843106,6.55519420825711e-09,9.80650263452624e-10
17,67886796,T,TA,-0.0214710015002984,5.24673894648195e-13,5.25961556845267e-10
02,239069196,C,T,-0.0153697345999378,1.22007363509987e-23,5.32616081609843e-10
12,115556307,T,G,0.0159351706419991,4.93220978228586e-21,5.90245156881602e-10
12,122483139,C,T,-0.0167721998791454,8.23687239160943e-22,6.11713462265694e-10
11,16301175,G,GAAA,0.0275309800998976,1.80007694723084e-11,6.76479935821557e-10
03,177152753,G,A,-0.022456488697144,3.37474996701576e-11,7.42580420581393e-10
03,176753226,C,G,0.0135659512515144,8.45559490048213e-15,1.06817761911631e-07
07,142572463,C,T,-0.0760892837975361,5.80515471455983e-10,8.8124929590219e-10
06,160766183,T,A,0.0149582766199074,1.60502825628494e-25,1.02309316834848e-09
10,121641533,CA,C,0.0160668655894508,6.59944790037155e-18,1.12192810989088e-09
08,59402702,C,CTAAA,0.0259652415042439,1.04422200431724e-11,1.1654759635399e-09
16,75247767,ATT,A,-0.0222543305310038,2.77417797771226e-09,1.17842469803385e-09
16,75223491,T,G,0.0153022820309851,2.07168212444309e-09,1.58612155933693e-08
06,153395344,T,C,0.0161819634272274,8.95534133199833e-17,1.5165005222579e-09
10,120560979,C,T,-0.0150835945411084,2.72085898912178e-23,1.6926540276412e-09
17,66393181,C,G,0.0146591516930557,2.26183691295038e-19,2.00477362911907e-09
17,65960854,T,C,0.0149736202320432,1.77437540678106e-07,8.56454059794836e-07
03,124921920,A,G,-0.0123408532130625,6.02077793670463e-09,2.01883341581895e-09
03,124861189,G,C,-0.0119525453092687,1.34666659332592e-08,3.40336606465815e-09
03,38207038,T,TGGGGCTGGGGTGGAGGGCGGGACAGA,-0.0430504533033204,5.01160691763286e-10,2.34420699376781e-09
19,3404143,A,C,-0.0228005734224515,2.98443644860505e-10,2.38422700549907e-09
19,3341451,A,C,0.0183181974233553,5.94752721120049e-11,5.45835214748336e-09
17,20181940,C,A,-0.014857227143611,9.28063285634667e-21,2.42079363773921e-09
09,125614617,T,C,-0.0207710942054672,4.69980948510987e-12,2.42330500316769e-09
17,74376428,G,A,0.0308505756737987,2.16982369091142e-10,2.53787763745913e-09
20,1930704,C,T,-0.0166206643472802,6.03704519522146e-15,2.54802702142232e-09
17,76800182,C,G,0.0145979400061393,3.55260647188383e-14,3.12008612702249e-09
17,76346122,A,G,-0.0142806937587096,1.5809074815149e-12,2.37720429686932e-08
02,191049403,G,A,-0.0647232270011049,3.1437675490499e-09,3.37204654054327e-09
02,191050068,A,T,0.0383740757286443,1.92597187343483e-06,1.97641268126223e-06
11,92807099,T,C,-0.0181084818093285,2.78452519586639e-17,1.40720262011273e-11
11,92753620,T,C,0.0634604812405801,1.00506551112873e-11,6.69254153306731e-09
11,93216751,G,A,-0.0114483577968635,1.67413008990872e-06,4.5168867483071e-09
01,206626875,G,C,-0.0151824858481742,2.20125846260351e-23,3.72213297690359e-09
12,121380541,G,A,-0.0401947831570001,9.52843874962097e-10,3.76382560905277e-09
08,41397963,G,C,-0.129108653632259,1.43221051815328e-60,2.49413107613252e-53
08,41472970,T,G,-0.0195633978413494,1.68012037763193e-20,1.31534598340766e-07
08,41224744,G,A,0.0266023868958916,3.72975872319958e-12,1.84153075182671e-12
17,9766448,C,CA,0.015524417888006,8.97482553035941e-17,4.01718897214201e-09
17,57992145,TATC,T,0.0398799826669666,-99,2.73861167335323e-13
