chrom,pos,major,minor,beta,p_value,gwas_p_value
06,26093141,G,A,0.154524941256512,0,4.46047691216201e-297
06,26104632,G,T,0.091871404726053,0,2.67139765719139e-164
22,37462936,G,A,-0.0730783193362726,0,2.61898361793852e-277
10,71094504,T,C,0.108480700941222,7.31619433330819e-304,3.05993510738415e-244
02,46353166,A,G,-0.0530077763457569,3.8076737346734e-268,4.2682167070666e-134
12,111884608,C,T,0.0487583114347697,0,1.49091972255875e-127
09,136139907,GAAACTGCC,G,-0.0614146331732943,3.38089637110428e-197,5.59729902325982e-118
09,136152547,C,T,0.0374941647622524,1.40814509153361e-35,3.96363730004497e-09
07,151415256,C,T,-0.0477736203987306,6.38206681316625e-178,4.90896089945594e-100
06,135419018,T,C,-0.0395205994082332,7.98875502549256e-109,1.39322443949263e-64
16,88856084,G,C,0.0339838307513432,1.64859059469155e-146,1.2692430815815e-59
17,43669491,A,G,0.0399713649898302,2.03383514996494e-91,4.38240020872267e-58
07,100205706,G,C,-0.128801750459257,1.17600268007421e-44,1.61715636235387e-55
07,100265347,C,G,-0.111753807946332,7.53855781520307e-28,2.07518710929392e-34
07,100324836,C,G,-0.0219841294401397,1.25468572132528e-47,2.34913605756314e-45
06,32559076,A,G,-0.0296797611851104,1.44958323754828e-48,4.22981684170991e-53
06,32190217,T,C,-0.0181283663124546,3.99455680137404e-21,3.34248332013169e-34
06,32224875,TTTTC,T,-0.0313694593194415,7.7146428308836e-15,1.69562428259338e-13
06,44030011,G,A,-0.0501107724436733,7.67245239060168e-55,1.25077136160255e-51
06,43737486,T,C,0.0285024455230136,6.03206502346449e-80,1.81588876353055e-38
06,43805362,A,T,-0.0301419813340867,1.29550766888808e-51,1.47395504953385e-36
06,29840185,T,TC,0.0183830857788541,2.14061341508114e-31,1.15913471472993e-50
06,29510630,G,C,0.0417372275589326,1.89532310181954e-30,7.08458455758692e-48
06,29348297,T,C,0.0470221548787062,7.57377250507012e-20,1.17211253136012e-25
X,8906695,T,C,0.0283010095397971,2.83846968394784e-74,3.3155343814051e-50
11,10174447,C,T,-0.0346847620900888,1.50548372520639e-78,1.58709476255389e-48
04,55408875,A,T,-0.0339323652337689,5.90390875552908e-77,1.15973470457442e-46
01,214176797,G,C,0.0312144914169345,2.85370928742595e-58,4.54846275270292e-41
01,213966887,T,C,0.0198275265315469,8.27778140896914e-25,9.84441427833102e-17
12,48499131,T,G,0.0268430879987873,6.99769726030683e-111,9.1016375353504e-40
15,76298132,G,A,0.0237332175339864,7.40507687562512e-82,2.45745506949895e-38
15,76142291,C,A,0.0501663579271157,1.62041536101555e-14,2.76332993493051e-22
01,231562228,A,G,0.0890967220124481,1.26649301749769e-35,3.29409163567588e-38
01,231541911,C,CA,-0.0220058102413017,2.67346484461339e-31,8.19018691009647e-24
01,155178782,T,A,-0.0238367596738536,5.50736159762459e-65,2.30290615724655e-33
01,154976518,A,G,-0.0478756076398222,3.47884092612162e-15,2.82467908608968e-18
19,41305138,G,T,-0.0839630452745494,4.09692200863259e-35,3.46272602254027e-33
19,41306650,C,T,-0.0679737611399612,1.32095323304295e-16,1.6418630705556e-15
19,41157448,G,A,0.0576494462605665,8.49031507992196e-11,3.149364106752e-11
19,2163771,T,G,0.0235448766420544,3.20329777096992e-83,1.0808068405536e-30
15,43726625,A,C,-0.0736065632684345,1.53658180395597e-30,3.74957945953123e-29
11,61557803,T,C,0.0235731293937998,1.09834975863527e-57,1.53698404537226e-28
22,46377008,T,G,0.0230409630441984,3.71923393073291e-31,5.11122412435853e-28
22,46318479,A,G,0.0162825987276701,2.43395521182978e-18,3.17656206876334e-18
22,46004023,C,T,-0.0156484802712904,5.02069361132975e-22,4.04522370649726e-16
06,25536591,A,C,0.0842429532474346,9.9845893176977e-225,1.03646869099476e-154
06,25497896,C,T,0.0689612571020185,2.50924648364953e-33,9.64565498358906e-21
06,25528452,A,G,0.053443294462206,1.30427508409913e-24,7.66629767645541e-13
07,1286567,T,G,0.0238983460150991,6.74928200799868e-49,7.49162502043433e-26
03,12379351,A,G,-0.0247563809450922,2.21202221929314e-28,3.06612526285793e-25
03,12608345,A,G,0.0134787700614876,2.09465164254003e-24,7.06595823889537e-13
17,42329004,C,A,0.0231471327332805,2.9575934509947e-45,4.71638891148673e-25
08,42367068,T,C,-0.0209703298464481,8.32032106761946e-52,8.13664628593526e-24
19,4502201,C,T,-0.0207676909023649,6.21977180409268e-57,1.20714693119702e-23
21,16576783,G,A,-0.021155928989063,4.01792998129111e-34,1.78043127254485e-23
21,16793057,G,GC,-0.0214492900102635,3.16797948233666e-30,7.91162284639381e-23
07,641927,A,AG,-0.0209302889701696,1.6659880994602e-53,2.17153334723387e-23
01,3691528,A,G,0.0241382659138705,3.88739740575191e-35,3.0300455950288e-23
01,3332212,C,T,0.0387196648155767,3.67582573614633e-11,4.91296345504611e-11
22,43114551,G,A,0.0201672503332784,2.00694192763579e-61,3.81100850902333e-23
22,44324727,C,G,0.0243754606239956,7.18596817108019e-35,5.48875256533497e-23
09,13976285,G,A,-0.0219359669019006,1.61386845652024e-41,8.72858568691741e-23
09,130622946,C,T,0.0265587598373507,2.18365767319748e-31,1.02399347811643e-22
11,8866146,A,AAAT,0.0198075442820154,2.74709771761241e-22,2.73323731220729e-22
11,8736695,T,C,-0.0136967722936285,1.70670747467299e-25,2.22778252929304e-17
01,46497500,T,A,-0.0198954686341393,4.50819052946937e-54,2.84216590196892e-22
17,67081278,A,G,0.0653998622618575,4.86076608491654e-23,4.53229937257174e-22
01,203667409,C,T,0.0330402598480212,1.48831176955461e-26,4.65387212035864e-22
19,807442,C,G,-0.0198799910206681,3.39141984869313e-48,9.01368675279399e-22
17,59456589,T,C,0.0257044551346786,4.85609640329951e-27,1.32807383392453e-21
17,59242764,A,T,-0.0206573110337684,1.45016073486921e-19,2.14338768133349e-15
04,77373079,C,T,0.0193892372069646,6.38543952399962e-62,1.4433668263092e-21
01,248039451,C,T,0.0204905688020317,1.88018774780658e-41,1.49465125173843e-21
03,56780003,C,T,-0.0211114574454264,7.13286800552877e-40,1.63907853730682e-21
06,2050791,G,A,0.0194961381618665,7.17803085016179e-43,3.8675689746552e-21
06,2522808,G,A,0.0159423716768271,2.46306581045692e-13,1.15401628990225e-10
08,96072196,A,T,0.0242149979530246,1.11743128415818e-30,6.09268601916277e-21
04,103188709,C,T,0.0363342415420258,3.71385204994054e-24,7.13558426083837e-21
02,176974104,T,G,-0.0203396150877022,3.1773503132326e-43,7.92706962308674e-21
12,121431300,C,T,0.0208137300820997,4.5314859278445e-36,1.65387641255238e-20
12,2520538,T,C,0.0194758590592022,1.19078149220053e-42,1.93144488972002e-20
15,78555792,A,AC,0.019128622403748,9.50132706861136e-49,1.94584147076057e-20
16,158324,A,T,-0.0209558880158495,4.07541931661908e-64,6.7358093286371e-20
16,215106,C,A,-0.0252114036029498,1.59612575729607e-15,8.22769128613682e-09
09,4118111,T,G,0.0190363671424146,8.11894874956307e-44,1.52025190662732e-19
16,89729025,A,G,-0.0183220678407224,6.7223261347784e-53,1.84657795502172e-19
04,88064431,A,G,0.01856515654311,7.30503254400173e-42,3.83484835836259e-19
02,113975066,T,G,0.022228253016659,7.68679797228419e-29,4.3509293536315e-19
02,121985759,C,T,0.0258653134463063,3.30675253695968e-24,1.27327837588455e-18
05,176797343,G,A,0.0200942784236852,1.10513620857941e-30,1.9257823373167e-18
12,13046211,C,T,-0.0247490857695822,2.1586507401779e-24,2.33795400264164e-18
11,30749090,T,C,0.0223587960401475,2.18126249184538e-62,7.20036570359945e-18
11,30749171,GTTCCCGCTCTGTAACTTATCAAC,G,-0.0534996246435398,4.6603447809499e-23,2.47030424636686e-14
06,52665977,T,C,-0.0176441805463493,5.46010645739357e-42,7.61240035703034e-18
02,145638365,A,G,0.0191441569256313,3.48997320123558e-32,7.70112174040118e-18
06,7229619,G,A,0.0191306691120964,1.14295266025927e-31,8.04830691027061e-18
21,35346855,T,TA,0.0185234773447517,8.41594992111167e-31,8.84276056685146e-18
21,35356814,T,G,-0.0136231556602629,1.15095552466333e-13,5.80046889724523e-09
16,67940350,A,G,0.0272449771661593,7.77007614411488e-22,1.13670779849315e-17
X,56930978,G,A,0.0187156945956731,2.22392926594561e-22,1.34423411811073e-17
