chrom,pos,major,minor,beta,p_value,gwas_p_value
10,71094504,T,C,0.111003668505528,9.46100415823861e-308,2.31020285514616e-247
06,135421176,C,T,-0.0639079416586283,8.11855682652891e-276,4.36978663042729e-162
02,46353166,A,G,-0.0567528088624147,4.21074984481087e-297,1.67187897909104e-148
22,37462936,G,A,-0.0527517554135289,0,1.47966501737806e-140
06,26093141,G,A,0.107008544979093,2.43827523340031e-198,7.84346194299697e-140
06,26104632,G,T,0.0618440714238813,7.15783261587538e-137,2.70762635244835e-72
07,151414329,T,C,-0.0523034022123233,4.1031928248313e-209,1.11929124500279e-116
12,111932800,T,C,0.0462783192018113,0,4.1645258275066e-111
09,136139907,GAAACTGCC,G,-0.0516332451855709,6.87912498094017e-174,6.62670286621996e-104
07,100317298,A,C,0.0283697933881858,3.48136316384376e-94,2.3246018053804e-57
04,55408875,A,T,-0.038177311410575,8.26214182706496e-94,9.33066301584835e-57
11,10195282,G,T,-0.0384382960341416,1.4189788461377e-88,2.90294077885275e-55
17,43669491,A,G,0.0389757655194956,3.10354115990764e-84,1.30604656249581e-53
06,44030011,G,A,-0.051487873950314,5.70915909010783e-56,1.1116369665916e-52
06,43805362,A,T,-0.0319971130240651,4.2144609601362e-56,3.22776242349084e-40
06,43737486,T,C,0.0281199798937975,2.17129092383626e-75,7.07940971449568e-36
X,8913826,T,C,0.0274223847642098,5.43116438740805e-68,6.93589511896439e-46
01,214176797,G,C,0.0335807337610376,5.08365817733926e-65,7.29516398023233e-46
01,213966887,T,C,0.0195283178645846,2.21442676852722e-23,1.02339252117811e-15
12,48712932,T,A,0.0291512312370176,1.454524471407e-107,2.32017854636889e-44
01,155178782,T,A,-0.0273967505853266,1.60166931989853e-82,1.51371537116578e-41
01,154976518,A,G,-0.0456967061050633,1.45858019433789e-13,6.78126698889364e-17
15,76298132,G,A,0.0241758153245184,3.67791784379586e-82,8.47462859897539e-39
15,76142291,C,A,0.0532210268540016,1.13651087032999e-15,9.62682665604737e-24
01,231562228,A,G,0.0876775089114241,2.01961441263522e-33,5.62197221178489e-38
01,231521149,A,T,-0.0216271692660456,3.11267249882147e-50,7.14054904161626e-30
06,32611406,A,G,-0.0305760981059108,4.17206156168059e-57,1.72982242310968e-36
06,32164869,G,C,0.0158350924789603,2.19011446836563e-14,1.6173835879196e-09
22,46364161,G,A,0.0252302360632431,9.06492814027081e-35,4.66204165129052e-36
22,46004023,C,T,-0.0185819238022587,8.42541071749812e-30,1.24536700066126e-19
22,46325744,C,CCATTCATA,0.018517727511558,3.02755693373066e-19,1.31310910786474e-23
06,27858421,A,G,-0.0255390148346004,2.21017704582711e-32,4.87125475754319e-35
06,27712526,A,AT,0.0421577036812659,2.47340558594787e-34,1.0182141748059e-34
06,27575802,A,G,0.0436295127226472,3.21575047421346e-15,4.98607984157498e-15
07,100264825,CT,C,0.0265242149312539,2.44575096850938e-88,1.71493615451818e-51
19,41305138,G,T,-0.0816927330396999,3.47997824944722e-32,7.06665201383795e-32
19,41306650,C,T,-0.0625265723642544,7.69219603276303e-14,1.2500901575277e-13
19,41147134,C,CT,0.0213599080145679,1.44815383429668e-14,3.36732272035807e-14
19,2159571,T,C,0.0243991246174516,3.63875599128284e-70,8.48803115900897e-31
06,29840185,T,TC,0.0207422420574446,2.67452902482598e-50,1.28859891058127e-29
06,29911356,G,A,-0.015762625516445,2.54800267239771e-13,1.06106395348616e-16
16,88858646,G,T,0.0238338207632148,5.37810274471055e-70,3.97522428314418e-29
21,16793057,G,GC,-0.0243268709943841,3.38170874017309e-37,6.79182731369157e-28
21,16576783,G,A,-0.0213157450421898,1.52887317554516e-33,3.62012633870555e-23
07,1286567,T,G,0.0252190049848449,1.55373938542517e-52,1.1070305928093e-27
03,56780003,C,T,-0.0235503735904038,1.21651790587821e-47,1.50584461407676e-25
15,78535437,C,G,-0.0221399416046899,5.62379949359106e-57,1.55089992632778e-25
01,46497500,T,A,-0.0211622726345988,5.21954543639789e-59,3.15931924225765e-24
02,176974104,T,G,-0.0223305092358018,4.17378571557428e-50,5.09988103451809e-24
04,77373079,C,T,0.0207727593507648,1.50681423576577e-68,8.83071923037949e-24
09,130628500,C,T,0.0330433668966442,1.8096025709954e-29,1.02270700301876e-23
09,13976285,G,A,-0.0224565389830529,4.55645076074256e-42,4.83341201301057e-23
12,2489183,C,T,0.0212583149213893,1.62273202705589e-45,1.10616438518912e-22
15,43726625,A,C,-0.0652649842003484,1.28136779867897e-23,1.46326790603084e-22
07,671593,CA,C,-0.0208406035981383,9.04489606959183e-53,2.66747318236369e-22
19,807442,C,G,-0.0160484614422382,4.07755694873778e-30,3.08750245092129e-22
19,814680,G,T,0.0219486521975346,1.6619724012799e-14,3.56445797438126e-20
08,96072196,A,T,0.0252986084612012,2.6786741244356e-32,5.08405795532512e-22
02,219523433,G,T,-0.0200080975474138,4.16062089860282e-52,9.65847451846044e-22
06,2050791,G,A,0.0198781133119332,4.21690107439574e-43,2.89247270398457e-21
06,2522808,G,A,0.0149266387091087,1.56619065212705e-11,3.3241831895384e-09
11,8866146,A,AAAT,0.0196553006712618,2.6396390272856e-21,5.50489740742128e-21
11,8736695,T,C,-0.012826739258371,7.1348462361678e-22,2.6306558010683e-15
04,103188709,C,T,0.036913116389942,4.03135336073889e-24,7.76042603633849e-21
02,113975104,T,G,0.0235594236770858,8.57812723026258e-31,2.18695125822953e-20
02,121985759,C,T,0.0274224280095829,3.52920260859229e-26,4.5199274118183e-20
04,87984331,A,G,0.0196172819012647,1.04066569735255e-42,4.79654416517623e-20
22,43114551,G,A,0.0189568853825354,9.14955272378984e-53,5.1544041673044e-20
05,176788570,T,C,0.0198618681281957,1.2717684970616e-37,1.30207849542021e-19
12,13046211,C,T,-0.0260870809492304,4.28676009420894e-26,1.33306056697088e-19
16,89717211,C,CA,0.0192839715614336,3.07467622321091e-44,2.48330041804193e-19
20,43042364,C,T,0.0527881157331731,2.87191753119877e-20,3.98886368473057e-19
11,30951674,T,C,-0.0110200965871697,6.32860708154343e-10,6.4865802544118e-19
11,30749171,GTTCCCGCTCTGTAACTTATCAAC,G,-0.0522642363355615,9.77169728873374e-21,6.39821615569522e-17
11,30749090,T,C,0.020367884478944,4.5242643075361e-43,3.79032104943682e-18
17,59450441,C,T,0.0243222248319204,3.5719658182296e-23,1.21933580637736e-18
21,35346855,T,TA,0.0193286345341626,2.36243602625942e-32,1.37049223326475e-18
21,35356814,T,G,-0.0143679509042669,1.36780085057969e-14,1.49973883998132e-09
16,67812039,G,C,0.0306298070875243,9.7949689784128e-22,3.38642097915527e-18
06,7229619,G,A,0.019588313093584,4.29207136938981e-32,4.69216786940568e-18
X,152892836,G,A,0.0167907963337436,3.1234525067683e-26,5.0724346071527e-18
03,12395958,G,A,-0.020215715574643,1.59263661913631e-20,1.21705692571544e-17
03,12598839,G,C,-0.0122833891133692,5.17526915465639e-18,9.20520343745454e-10
20,49087012,G,A,0.0180395401336656,2.16326115229853e-39,1.34788424030074e-17
01,172140548,C,T,-0.0178382962968458,1.30190247386612e-40,1.71687093505314e-17
02,27730940,C,T,-0.0179499511163567,6.08352868031691e-38,1.93556408759857e-17
11,61557803,T,C,0.0183673990670715,1.33295217941267e-34,2.02958391129368e-17
17,67081278,A,G,0.0583932641575978,3.94328465422649e-18,2.21778022420747e-17
01,161612578,T,C,0.0181435938094743,7.49095598185192e-47,2.58255433439026e-17
19,45734751,A,G,0.0180290930057108,3.13684375343417e-38,2.71387877793849e-17
21,37834258,C,T,-0.0210966583174909,1.38231363061332e-22,2.91256230736013e-17
21,38065224,C,G,-0.0197069009145631,3.02626991010184e-24,9.35792400734829e-17
21,38168446,T,C,-0.0236537331682121,1.79474594101515e-11,5.19253388781397e-09
01,217440700,G,T,0.0243600981144545,1.30430589428678e-22,3.83058831508279e-17
09,4118111,T,G,0.0180081520961361,3.64250255505945e-38,3.8605804723699e-17
02,145881714,T,TTGG,0.0181155798466666,1.70167052465071e-32,1.36673289399457e-16
06,130379852,G,A,-0.0183042144798915,8.22531477235573e-30,2.32642930518193e-16
14,64703593,G,T,-0.0169029292917545,8.17723430424607e-43,3.28466877071082e-16
01,48022107,C,T,-0.0288618287749304,1.87050814333963e-19,3.47985022247205e-16
22,44324727,C,G,0.0204435656230436,2.94642972239142e-24,4.09929658574419e-16
03,69841906,T,A,0.0170767841102823,1.72173645387805e-37,5.38938059031564e-16
03,194681871,C,A,0.0170789889874084,8.07092350391864e-25,7.03155714437235e-16
03,194506427,A,G,-0.014497455814577,9.11313629268933e-18,2.16424319179285e-11
16,51187951,G,GA,0.0179287300480348,3.82677657610394e-32,9.25780124916289e-16
06,127446610,G,C,0.0165825199665056,1.56468314728403e-43,1.03876588902529e-15
02,12891476,A,C,0.01695251570249,6.58902967174188e-36,1.04743145287088e-15
01,16375210,G,A,0.0174316181221536,7.98157313863974e-33,1.04853065056614e-15
09,116294658,AAG,A,-0.0279136210323468,6.16601727640715e-19,1.07549108907912e-15
19,33754548,C,T,0.0271712788311601,5.76471723231283e-14,1.43715364852119e-15
19,33360369,A,C,-0.0144063825189996,1.74354674999517e-20,1.46898224378517e-13
19,33751129,C,T,-0.020452434471386,4.67454994834487e-10,5.83251196381199e-13
12,121431300,C,T,0.0181516893963184,5.56608568367335e-27,1.69318818698381e-15
09,2622134,C,T,0.0173869171672429,2.88225112171014e-33,2.16277396380057e-15
06,37027232,T,C,0.0164508459145063,2.10526897657166e-42,2.63740909627392e-15
16,30103160,C,A,0.0166547693940833,1.18054614053024e-33,2.78496557103058e-15
19,50051561,T,TTTGG,0.0220557704725235,1.25127011855153e-24,2.92869266566966e-15
19,50035161,C,T,0.0712837587758552,9.77105722203183e-12,3.19568041284445e-10
03,58340872,AAG,A,-0.0168274786687923,4.30224495009741e-32,3.76525767372517e-15
12,110697448,T,G,-0.0168620660131881,3.25620808013278e-31,4.51282863069897e-15
17,8161149,C,T,-0.0164208477576484,6.96429407829916e-27,4.81976533136488e-15
17,7794202,C,G,0.0162286976496812,1.18528886417742e-20,2.7083394368043e-14
13,29230581,A,G,-0.0169549070138402,4.58345920920555e-30,5.85665039624155e-15
08,116557955,G,C,-0.0161909842084531,1.64055725952641e-36,7.18131341070538e-15
19,33231025,A,G,-0.0233927200798869,4.7006235045298e-20,1.24219553489327e-14
01,53320865,G,GTAGTCTTGTTT,-0.0161775272559316,4.09985191440062e-32,1.52560563308236e-14
18,46460903,G,C,0.0161853355795642,2.15377328418083e-38,3.56033651446723e-14
18,46207268,G,A,-0.039178673777488,1.49321978407617e-11,1.14393465103579e-10
03,37987856,C,A,0.0261582032548496,6.83298288156637e-17,4.65889849182639e-14
02,208010353,G,C,0.0166002045978608,1.49258499481659e-26,5.75680860484929e-14
01,147290790,G,A,0.0213656192319582,1.26357187225413e-18,6.61787808981895e-14
06,39151425,G,T,-0.0187004139439229,1.3620162578039e-20,8.28925721388568e-14
17,57938041,G,A,0.0155051245450944,8.85336135228975e-36,1.02219816667474e-13
01,10483167,G,A,0.0235076162192026,7.39530538872254e-18,1.15055013547916e-13
17,61940804,A,G,0.0159317140384059,1.10980121743445e-29,1.33102158381175e-13
05,34504382,A,G,-0.0165182995140761,8.74296511399505e-26,1.35432893712624e-13
05,34661066,T,C,-0.0135469008782043,3.09265120712427e-17,2.27790972715962e-09
X,56908295,C,CAA,0.0160913381203461,5.5876545368549e-18,1.595607197766e-13
19,47596073,CAATA,C,0.0169252502507523,1.11333104382234e-22,2.11286682917168e-13
X,149024124,C,A,-0.0629028244372543,1.59235267656781e-13,2.43816702462066e-13
06,52665977,T,C,-0.0152414771946251,8.74041630274948e-31,2.65224873576367e-13
20,56137807,A,G,0.0151565568570079,1.04811437248219e-37,2.78751129126759e-13
06,25526319,C,T,0.0621496479092956,5.99130048074766e-88,5.6338937026015e-74
06,25466943,T,C,0.0292508147191863,3.40486126273908e-15,1.43622471556313e-10
06,25514179,G,A,-0.0267693525389355,1.35874617948382e-15,6.86123659573582e-23
10,44858681,C,A,0.0171112374442544,1.68828015576808e-22,3.12281000526041e-13
18,42807859,T,TAAATTTC,0.0228546381227809,1.30782193896448e-15,3.1491054422163e-13
18,43086180,G,C,-0.024889661381369,1.28887315530058e-14,5.16341258630813e-13
02,43441169,T,C,-0.0151501658966953,5.10802848559867e-35,4.24461471210343e-13
17,46683800,C,T,-0.0201016390964281,1.39260147851151e-17,5.12923300151978e-13
09,32450187,T,C,0.015558665661422,8.74061965573448e-27,6.68184714907463e-13
04,81181072,A,T,0.0162989062272198,3.91719449585378e-22,8.92523387748438e-13
05,76478418,C,T,0.0221546363682769,4.32892921091597e-16,9.83403610558294e-13
03,169096900,C,T,-0.0148209467076121,1.23774136653953e-30,1.03814876223049e-12
14,34646269,T,C,-0.0160435436957085,5.69152336885388e-18,1.10152745410528e-12
14,34278781,T,G,0.0138574960266503,6.16767281470505e-16,2.62734191033964e-10
22,29338656,G,C,-0.0202696504188854,8.96606679135961e-17,1.41430397052751e-12
02,47030363,A,G,0.0147666652638161,1.08797326226558e-33,1.49126643017519e-12
07,100751970,C,T,-0.146608477416207,2.1027445225174e-50,2.07919055315871e-49
07,100492412,C,T,0.025603522623839,7.36931902877733e-25,2.34079971115976e-20
07,100660113,G,C,-0.0406787055643605,1.49875675197233e-11,5.51272560490528e-11
06,22130601,C,T,0.0146476125228379,8.81070768366557e-31,1.57121760126416e-12
13,114541617,C,G,0.0152047419888873,1.47917185390342e-25,1.75104992045447e-12
03,141091595,T,A,0.0151773300441822,1.54203098656128e-26,1.82842968774495e-12
06,136198594,T,C,0.0146539623382733,1.18745978285079e-33,1.91680494258399e-12
17,37552849,C,CAA,0.0252851564944359,2.38461990892487e-15,2.06674509851834e-12
15,72108307,G,T,-0.0169828446577218,4.03997330146306e-18,5.76874068879021e-12
02,23897725,G,A,0.0235555647402237,2.35184947338741e-14,6.70059245867172e-12
05,477634,G,A,0.0144790923765324,1.8331723360848e-25,9.45016529943503e-12
06,139839960,C,T,0.0140839979626772,1.63792835542081e-30,9.98807985319691e-12
18,12857002,T,G,0.0141166356178273,1.84580843699607e-28,1.00554090034557e-11
19,32585186,C,T,0.0153013104911744,1.25404690984557e-20,1.15361510316948e-11
16,86356582,G,A,-0.0250181533185974,1.10814738143573e-13,1.32136344851324e-11
17,17007351,AG,A,0.0158719688091822,4.82259965489176e-19,1.34333741362493e-11
01,43761651,T,C,0.0146493710485819,1.1975159826059e-24,1.62701303244194e-11
15,58723426,A,G,-0.0168029747532969,3.57328076014262e-17,1.74323282133815e-11
09,109618474,T,C,0.0211097627892233,2.36261900370006e-14,1.82869097202663e-11
07,91820987,A,G,-0.0138552949834657,2.7772021201549e-29,2.13944970802816e-11
06,12294258,G,A,0.0211921925926449,2.77768692672817e-14,2.32947726946243e-11
12,4330068,TTC,T,-0.0169056319258112,1.09715007899962e-16,2.45049551827732e-11
02,242644728,C,T,0.0138545929397943,7.21094793394043e-28,2.48182948399554e-11
15,67166007,C,A,0.0648296381471803,4.97792701586541e-11,2.49208830731095e-11
15,66948197,G,A,-0.0167496151584362,3.75930165796752e-13,3.5979443088903e-10
06,126707845,CT,C,-0.0138579881115347,6.61196763613168e-28,2.82235706327261e-11
17,43573061,T,C,0.0369652258980439,8.21368122670128e-79,5.00704505865646e-50
16,55311471,C,T,-0.0137202030947483,4.57798321953769e-29,3.1170822818989e-11
05,127255127,A,ACTC,-0.0178874556381399,6.81519083508395e-16,3.25628593666841e-11
10,82049603,A,G,-0.0207390474958002,4.52283267105286e-14,3.25762617381948e-11
06,109562589,T,C,-0.0137783842714189,2.23002785611408e-25,4.14132461125254e-11
19,4366219,A,G,-0.0149083962168697,3.17528583260885e-19,4.26971102464602e-11
15,33324519,T,C,0.0177444951609368,2.86984664516481e-15,4.43389527438156e-11
07,44790988,A,G,-0.0137649839719243,2.11766192767032e-26,4.53344447071122e-11
12,46330198,T,C,0.0135600196405241,3.31893896310432e-30,5.17808502494442e-11
02,112247747,T,A,-0.0207718186240043,5.85434246540904e-14,5.86228489830997e-11
16,69693035,T,A,0.0145642807921728,6.84066707814801e-20,7.32374813786051e-11
07,150497496,C,A,-0.0219315226295055,2.66470818528274e-13,8.88083349992168e-11
07,150947689,C,A,-0.0209489983406239,1.66142000691733e-12,3.93292886455253e-10
03,52567617,G,A,0.0133932243483587,1.16853971573568e-26,1.0673175998268e-10
04,23744268,C,T,-0.0164466494972723,2.94053398381472e-11,1.11182714044446e-10
04,23888619,A,G,-0.0125963947465617,5.04119205273162e-20,2.97954671631289e-10
01,198994619,T,C,0.0149205899966113,6.29937791802649e-18,1.12957086176304e-10
02,27779565,T,A,0.0194717997611077,1.81115156889845e-17,1.94733627725563e-12
18,55313997,C,T,-0.0200926907718582,2.88316524443608e-13,1.25522638336933e-10
20,61038214,C,T,-0.0260514117316275,4.09818360326229e-12,1.3212071297368e-10
03,41877473,C,CAAA,0.0195242557411866,6.0649846794207e-14,1.38633863952359e-10
15,75930300,ATAATAAG,A,-0.0164386407436469,1.6288404877467e-15,2.92505398600877e-11
15,75187612,G,A,0.0143383463657738,3.05498335180284e-14,1.39983378521809e-09
01,3318435,G,A,0.0138068843402077,1.3643036182067e-20,1.75066422539046e-10
22,21911220,G,A,-0.0185892879512009,2.00934400494918e-14,1.9179249889935e-10
08,126506694,G,A,0.0136323114681247,2.55217389611421e-22,1.93186148029421e-10
14,21542766,A,G,-0.0175371294138645,4.60629785366697e-14,2.00644240723483e-10
08,42367068,T,C,-0.0134535247692577,1.22664211970935e-21,2.17215822814238e-10
20,10609594,C,T,-0.0139095856861096,2.13187631304379e-19,2.32489543267038e-10
09,114900718,G,A,-0.0156893268236468,2.43781388524347e-15,2.45092035328355e-10
11,75448805,A,T,0.0173939691259367,5.95807259609533e-14,2.49202872470809e-10
01,12663329,A,G,-0.0173898860873481,4.66154420252495e-14,2.62636141850945e-10
02,25950158,CT,C,0.0141284861034822,4.6313970494928e-18,2.86444505385233e-10
06,143142313,A,C,0.0137412126845893,6.54308822290098e-20,3.23823826028713e-10
01,29486128,C,T,0.0285023910342195,4.4685103570578e-11,4.32695305566548e-10
10,60329166,A,G,0.0130176211602921,3.16129223644415e-25,4.81263646235949e-10
17,59242764,A,T,-0.0423641878016398,-99,1.50380060783003e-15
07,100205706,G,C,-0.266885152723436,-99,6.19617907420235e-55
07,100265347,C,G,-0.255376722515324,-99,1.92361439861948e-40
