chrom,pos,major,minor,beta,p_value,gwas_p_value
06,26093141,G,A,0.154524941256475,0,4.46047691216201e-297
06,26104632,G,T,0.0918714047260566,0,2.67139765719139e-164
22,37462936,G,A,-0.0730783193362628,0,2.61898361793852e-277
10,71094504,T,C,0.10848070094121,7.31619433441023e-304,3.05993510738415e-244
02,46353166,A,G,-0.0530077763457498,3.80767373529293e-268,4.2682167070666e-134
12,111884608,C,T,0.0487583114347734,0,1.49091972255875e-127
09,136139907,GAAACTGCC,G,-0.0614146331732873,3.38089637143289e-197,5.59729902325982e-118
09,136152547,C,T,0.0374941647622601,1.40814509148699e-35,3.96363730004497e-09
07,151415256,C,T,-0.0477736203987317,6.38206681304131e-178,4.90896089945594e-100
06,135419018,T,C,-0.0395205994082369,7.98875502512877e-109,1.39322443949263e-64
16,88856084,G,C,0.0339838307513474,1.64859059455621e-146,1.2692430815815e-59
17,43669491,A,G,0.0399713649898238,2.03383515009763e-91,4.38240020872267e-58
07,100205706,G,C,-0.128801750459224,1.17600268013165e-44,1.61715636235387e-55
07,100265347,C,G,-0.111753807946266,7.53855781573578e-28,2.07518710929392e-34
07,100324836,C,G,-0.0219841294401362,1.25468572136752e-47,2.34913605756314e-45
06,32559076,A,G,-0.0296797611851136,1.44958323751457e-48,4.22981684170991e-53
06,32190217,T,C,-0.0181283663124522,3.99455680142064e-21,3.34248332013169e-34
06,32224875,TTTTC,T,-0.0313694593194398,7.71464283090855e-15,1.69562428259338e-13
06,44030011,G,A,-0.050110772443662,7.6724523910282e-55,1.25077136160255e-51
06,43737486,T,C,0.0285024455230095,6.03206502378391e-80,1.81588876353055e-38
06,43805362,A,T,-0.0301419813340871,1.29550766888512e-51,1.47395504953385e-36
06,29840185,T,TC,0.0343072347484158,2.37017099607918e-61,1.15913471472993e-50
06,29510630,G,C,0.0476079888692587,1.15468834301429e-35,7.08458455758692e-48
06,29902064,G,T,-0.0264640743847415,1.14847436689623e-17,1.01520460379618e-06
X,8906695,T,C,0.0283010095397983,2.8384696839094e-74,3.3155343814051e-50
11,10174447,C,T,-0.0346847620900982,1.50548372506252e-78,1.58709476255389e-48
04,55408875,A,T,-0.0339323652337641,5.90390875581079e-77,1.15973470457442e-46
01,214176797,G,C,0.0312144914169396,2.8537092873048e-58,4.54846275270292e-41
01,213966887,T,C,0.0198275265315455,8.27778140903077e-25,9.84441427833102e-17
12,48499131,T,G,0.026843087998776,6.99769726178829e-111,9.1016375353504e-40
15,76298132,G,A,0.0237332175339816,7.4050768761793e-82,2.45745506949895e-38
15,76142291,C,A,0.0501663579271286,1.62041536099058e-14,2.76332993493051e-22
01,231562228,A,G,0.0890967220124172,1.26649301756617e-35,3.29409163567588e-38
01,231541911,C,CA,-0.0220058102413019,2.67346484461063e-31,8.19018691009647e-24
01,155178782,T,A,-0.0238367596738546,5.50736159755799e-65,2.30290615724655e-33
01,154976518,A,G,-0.0478756076398325,3.4788409260747e-15,2.82467908608968e-18
19,41305138,G,T,-0.0946759674491452,2.64062112295425e-40,3.46272602254027e-33
19,41306650,C,T,-0.0633897156881806,1.34781014560595e-14,1.6418630705556e-15
19,41293522,A,AG,0.0143618433089474,1.51797463240058e-21,3.90568149969449e-06
19,2163771,T,G,0.0235448766420562,3.20329777087517e-83,1.0808068405536e-30
15,43726625,A,C,-0.0736065632683692,1.53658180413711e-30,3.74957945953123e-29
11,61557803,T,C,0.0235731293937876,1.09834975878093e-57,1.53698404537226e-28
22,46377008,T,G,0.0230409630442088,3.71923393050387e-31,5.11122412435853e-28
22,46318479,A,G,0.0162825987276699,2.43395521183198e-18,3.17656206876334e-18
22,46004023,C,T,-0.0156484802712903,5.02069361133375e-22,4.04522370649726e-16
06,25536591,A,C,0.0842429532474199,9.98458931944294e-225,1.03646869099476e-154
06,25497896,C,T,0.068961257102042,2.50924648352455e-33,9.64565498358906e-21
06,25528452,A,G,0.0534432944622049,1.30427508410205e-24,7.66629767645541e-13
07,1286567,T,G,0.0238983460150966,6.7492820081512e-49,7.49162502043433e-26
03,12379351,A,G,-0.0247563809451027,2.21202221917746e-28,3.06612526285793e-25
03,12608345,A,G,0.0134787700614902,2.09465164249751e-24,7.06595823889537e-13
17,42329004,C,A,0.0179881726954969,2.76778731033993e-20,4.71638891148673e-25
17,42338248,A,G,0.0206498358513251,1.01552784639473e-09,1.03588757106553e-20
08,42367068,T,C,-0.0209703298464443,8.32032106796146e-52,8.13664628593526e-24
19,4502201,C,T,-0.0193344832633054,5.12119155900207e-35,1.20714693119702e-23
19,4423419,C,T,-0.0124647368632357,1.66855634242173e-08,8.62156217610159e-11
21,16576783,G,A,-0.0210791004803318,2.0056034213203e-32,1.78043127254485e-23
21,16793057,G,GC,-0.0217853637081842,1.60741730812868e-30,7.91162284639381e-23
21,16339172,G,C,-0.016000909947595,5.5968371558611e-07,5.28224500580759e-06
07,641927,A,AG,-0.020930288970169,1.66598809947159e-53,2.17153334723387e-23
01,3691528,A,G,0.0241029136085361,5.90003740342215e-29,3.0300455950288e-23
01,3332212,C,T,0.0346611789226406,8.52263268342474e-09,4.91296345504611e-11
01,3318435,G,A,0.0104835216402402,4.70827050782279e-10,8.03067216859737e-09
22,43114551,G,A,0.0201672503332908,2.00694192729659e-61,3.81100850902333e-23
22,44324727,C,G,0.0243754606239937,7.18596817116509e-35,5.48875256533497e-23
09,13976285,G,A,-0.0219359669019045,1.61386845646788e-41,8.72858568691741e-23
09,130622946,C,T,0.0265587598373495,2.1836576732112e-31,1.02399347811643e-22
11,8866146,A,AAAT,0.0198075442820137,2.74709771763542e-22,2.73323731220729e-22
11,8736695,T,C,-0.0136967722936301,1.70670747464985e-25,2.22778252929304e-17
01,46497500,T,A,-0.0186158222735364,1.75627692014482e-39,2.84216590196892e-22
01,45998579,T,G,0.0138350057008237,6.30313857750984e-11,2.6439102851266e-11
17,67081278,A,G,0.0653998622618296,4.86076608512106e-23,4.53229937257174e-22
01,203667409,C,T,0.0330402598480278,1.48831176952048e-26,4.65387212035864e-22
19,807442,C,G,-0.0160910547786349,3.13159772247645e-31,9.01368675279399e-22
19,814680,G,T,0.0188624701692095,2.00554052697141e-11,5.49587117922092e-17
17,59456589,T,C,0.025704455134679,4.85609640329011e-27,1.32807383392453e-21
17,59242764,A,T,-0.0206573110337707,1.45016073485569e-19,2.14338768133349e-15
04,77373079,C,T,0.0193892372069658,6.38543952389033e-62,1.4433668263092e-21
01,248039451,C,T,0.0204905688020327,1.88018774778909e-41,1.49465125173843e-21
03,56780003,C,T,-0.0211114574454221,7.13286800578168e-40,1.63907853730682e-21
06,2050791,G,A,0.0197736378972594,2.94610127983554e-33,3.8675689746552e-21
06,2522808,G,A,0.016280049210334,4.99201587528637e-13,1.15401628990225e-10
06,1750576,C,T,0.011288180143054,6.90203010590739e-12,3.42418265065663e-07
08,96072196,A,T,0.0252976925282724,1.80670068130495e-29,6.09268601916277e-21
08,95986927,G,A,0.0130072068311829,6.86173098716156e-14,2.52147261377789e-07
04,103188709,C,T,0.0363342415420238,3.71385204996167e-24,7.13558426083837e-21
02,176974104,T,G,-0.0203396150876995,3.1773503133138e-43,7.92706962308674e-21
12,121431300,C,T,0.020813730082107,4.53148592759598e-36,1.65387641255238e-20
12,2520538,T,C,0.0194758590591966,1.19078149226463e-42,1.93144488972002e-20
15,78555792,A,AC,0.0189805103703799,4.16114949855882e-35,1.94584147076057e-20
15,78230929,G,A,0.0114251161065332,6.20326434301503e-09,2.16214872602748e-07
16,158324,A,T,-0.0196185928479782,3.73908465923207e-49,6.7358093286371e-20
16,215106,C,A,-0.0268966978080543,2.76346977938229e-16,8.22769128613682e-09
16,204126,A,G,0.0140361770155034,1.74962487481704e-08,2.22391573656476e-08
09,4118111,T,G,0.0190363671424105,8.11894874990599e-44,1.52025190662732e-19
16,89729025,A,G,-0.013363067619098,6.08555061689837e-19,1.84657795502172e-19
16,89236329,C,T,0.0379107511827314,3.39487062434127e-12,1.7226988332974e-10
16,89704365,G,C,-0.0159132106496283,1.84069864627857e-10,3.31951922011405e-09
04,88064431,A,G,0.0168616930886855,6.32099755789465e-22,3.83484835836259e-19
04,88160252,A,G,0.0107424321447212,5.1369142863167e-09,1.64470619838937e-10
02,113975066,T,G,0.0222626200060589,2.57966745205589e-26,4.3509293536315e-19
02,113913248,A,G,0.0135547889892464,1.18801005133223e-07,2.26017898184976e-06
02,121985759,C,T,0.0258653134463099,3.30675253691082e-24,1.27327837588455e-18
05,176797343,G,A,0.0200942784236873,1.10513620856418e-30,1.9257823373167e-18
12,13046211,C,T,-0.0245704425879522,1.50479046746763e-20,2.33795400264164e-18
12,12604777,A,G,0.0105423760146002,2.75343708341925e-14,1.4642878995451e-07
11,30749090,T,C,0.0196073913729898,2.56295699726006e-41,7.20036570359945e-18
11,30749171,GTTCCCGCTCTGTAACTTATCAAC,G,-0.0473861530187721,7.50249338189655e-18,2.47030424636686e-14
06,52665977,T,C,-0.0176441805463486,5.46010645743031e-42,7.61240035703034e-18
02,145638365,A,G,0.0185253906383903,2.279512991731e-27,7.70112174040118e-18
02,145225071,A,G,-0.0151336724830705,4.98537132440036e-09,9.69617938138258e-09
06,7229619,G,A,0.0160675615336298,1.37450043976085e-13,8.04830691027061e-18
06,7222093,G,T,0.0102586274703159,1.27673249238365e-09,2.90506048688904e-12
21,35346855,T,TA,0.0185234773447508,8.41594992116299e-31,8.84276056685146e-18
21,35356814,T,G,-0.0136231556602628,1.15095552466339e-13,5.80046889724523e-09
16,67940350,A,G,0.0272449771661687,7.77007614386442e-22,1.13670779849315e-17
X,56930978,G,A,0.0187156945956801,2.22392926586652e-22,1.34423411811073e-17
20,43042364,C,T,0.0488846239861784,1.08791427815972e-17,3.04994474594803e-17
20,42542602,GTT,G,0.0115889290180532,3.74445233467681e-11,3.04267461085082e-07
06,16289908,G,GTC,-0.0176361741444192,2.32404854399099e-36,5.48288168665287e-17
06,127446610,G,C,0.0170119387565966,3.30997275458127e-47,5.59363841545039e-17
X,152892836,G,A,0.0156924009833153,1.76284720306491e-20,6.96455760884374e-17
X,152600239,G,A,0.01037746026092,1.19567113471348e-12,1.58993656482159e-09
01,172140548,C,T,-0.0178422848254658,3.85765071948473e-27,8.52170409690641e-17
01,172415351,GA,G,-0.0114028122289735,1.49709453364875e-14,4.41872194622413e-07
19,45745052,C,CCA,0.0160156970932327,7.77151441546359e-13,1.27047576561953e-16
19,46219958,CA,C,-0.0102719930706716,1.73746565293883e-11,1.94296477184157e-09
19,45715976,A,G,0.0109368405488042,2.35904562351496e-08,5.80388180533456e-12
09,2622134,C,T,0.017795352018742,6.97416673924552e-36,1.52526897793773e-16
02,219602819,G,A,-0.0167597559385498,1.16265484500973e-44,1.85283428734524e-16
06,130379854,C,T,-0.0180288068121787,6.82844549045838e-30,2.02200084844947e-16
17,7794202,C,G,0.0177859310840471,1.66851188564126e-24,2.0591523808897e-16
17,8240800,G,T,-0.0138252592019386,1.22088027352518e-13,1.26775479359851e-09
17,7692588,G,T,-0.0117012543244794,1.53354262719815e-09,5.23548194475285e-07
01,161600592,G,A,-0.0177211231999581,7.5280473141815e-32,2.11996281876757e-16
01,161507924,A,G,0.0144109951889613,4.25590974273192e-13,3.2511271724789e-09
01,161675155,A,G,0.0192528364305035,3.52896408649205e-06,4.34513809724344e-07
19,50051561,T,TTTGG,0.0231078161880897,1.12911991274707e-27,3.18156754173315e-16
19,50035161,C,T,0.0651916672658891,2.41629797036627e-10,1.14861846654308e-08
19,50026735,G,A,0.055631470802892,1.05378549911234e-08,3.2505186260631e-07
21,38065224,C,G,-0.0190112015070799,2.19115453588609e-23,3.32643404478653e-16
21,37834258,C,T,-0.0198275605927454,9.2230875823827e-21,6.45376878677894e-16
21,38168446,T,C,-0.0214625601196776,5.60745494942548e-10,7.87163209566267e-08
19,33231025,A,G,-0.0212882128981106,1.14248440664443e-16,3.42733958217299e-16
19,33087390,C,A,0.01191546364585,1.58053554146832e-10,8.94244824225454e-11
14,64720264,T,C,-0.0165322593417175,1.90605131577968e-39,5.71217448070305e-16
20,56137807,A,G,0.0165020060450167,8.20340063827036e-46,5.98381458780905e-16
03,69841906,T,A,0.0167799640262233,2.01074802201169e-37,6.01191721882775e-16
18,46463756,T,C,-0.0161936651572945,3.05493544493898e-33,9.32455406580413e-16
18,46207268,G,A,-0.0462214054130012,1.07094156230254e-15,1.16386074308193e-12
18,46343221,T,C,0.0166837702402017,2.66879529921546e-08,2.34966827026971e-06
03,194681871,C,A,0.0165109701450071,4.92672532427677e-24,2.06962158633227e-15
03,194506427,A,G,-0.0141985214046661,1.24932128964471e-17,2.79644398972364e-11
01,16368892,G,C,-0.0161750171157273,7.18510250252105e-24,2.1720510558016e-15
01,15913121,A,G,-0.009691039731803,2.49686834751106e-09,1.52262858094156e-06
01,43879393,GTTAT,G,0.0162104909218633,5.86769875902108e-35,4.72567571041542e-15
02,43441169,T,C,-0.0160424507044612,2.57570483256024e-40,6.05151445772784e-15
01,217472265,G,A,0.0223404006771324,1.11773609328873e-18,6.10332778782277e-15
01,217009230,G,T,0.0118846451730538,3.98202320260005e-08,5.66660986945319e-06
01,48022107,C,T,-0.0257382567966134,6.73363577197956e-15,6.87007205075261e-15
01,48153140,A,G,0.00961704333258433,4.04532382081578e-15,9.79746967534383e-08
13,114541617,C,G,0.0163383037122015,3.48168135705527e-30,1.27513014798329e-14
22,29203314,C,T,-0.0200235177779301,3.43221939766375e-20,2.22470666535913e-14
04,81181072,A,T,0.0171095890679806,5.47074291863846e-25,2.50790145797196e-14
15,58723426,A,G,-0.0190576941847723,6.40070990084216e-18,2.73779140244526e-14
15,58674308,G,A,-0.012155840245495,1.04622154287012e-13,8.71089877603859e-10
15,58574958,T,C,0.0144561754445658,8.31742345255718e-07,1.08422716049534e-07
20,49087012,G,A,0.0146411533684728,3.07540027376246e-19,2.98606476191752e-14
20,49232359,A,G,0.0118112722547208,2.55960053810483e-09,1.56742493905574e-09
02,25939099,A,G,0.0161371828999221,4.38293954369325e-20,3.01726502573789e-14
02,25513316,T,C,0.0142376353850845,3.52032442337473e-09,1.00277400198957e-08
06,37027232,T,C,0.0156676250829577,5.69665629702585e-27,3.16449594037971e-14
06,36581706,AT,A,-0.0114847633539551,7.77231824596284e-09,8.95214655537168e-07
19,44273516,T,C,0.0182782731834554,3.62490216935935e-16,3.68668771419074e-14
19,44757205,G,GA,-0.00968117784478602,9.14012738377968e-13,8.41553822466644e-07
03,37987856,C,A,0.0257590752958779,6.26700071695869e-17,4.01653805861989e-14
17,46683800,C,T,-0.0203152996560131,1.70015930080326e-15,4.08157695921563e-14
17,47047596,A,G,-0.0113769326587837,1.44548454611453e-14,1.66985430321302e-08
01,147290790,G,A,0.0211568435557203,7.39177530544541e-19,4.63758782920934e-14
19,47623080,CT,C,0.0170337316779097,1.26932978293573e-24,6.68396692386085e-14
03,58340872,AAG,A,-0.015742193086328,3.40600374929835e-29,7.5200794438856e-14
13,29230581,A,G,-0.0159380950764951,1.31481033533028e-27,7.8211467300558e-14
16,51187951,G,GA,0.0146632287451604,1.76865297961453e-22,8.33774751076198e-14
16,51170026,G,T,-0.0231293496572434,1.08890882806673e-06,7.15832854406045e-09
17,57938041,G,A,0.0152874850581514,6.01656228836875e-36,8.89825432612682e-14
10,44858681,C,A,0.0171609959777765,2.49486737443571e-23,1.0659007019849e-13
09,116281959,GT,G,-0.0253645385890896,3.21851583273144e-16,2.05807005193715e-13
12,110697448,T,G,-0.014087017237931,2.07077992463485e-22,2.41706582103599e-13
12,111048047,C,T,0.021115965797809,2.52441501128514e-07,6.1964821995835e-09
18,43086180,G,C,-0.0248355116254574,5.33544474108793e-15,2.48018003771337e-13
18,42807859,T,TAAATTTC,0.0215828429113261,1.64959107708901e-14,2.48655621152389e-12
01,199010721,T,C,0.0165398769169339,6.75838756975199e-22,4.272049856306e-13
16,30103160,C,A,0.0149233682330992,3.22606406412405e-28,6.14269110827973e-13
17,37552849,C,CAA,0.0252964924109172,7.90498883147431e-16,7.75131192372961e-13
02,208010353,G,C,0.0151129591927037,9.70228733789308e-17,7.85379047742419e-13
02,208503558,A,G,-0.00965579685404866,9.35769721836599e-11,5.01016242790122e-07
15,72108307,G,T,-0.0173337770479261,2.15300977583971e-19,9.15750643561636e-13
06,22130601,C,T,0.0144001653094529,9.3477995843904e-31,1.60682781159828e-12
08,116557955,G,C,-0.0143431744926739,2.53916250813747e-22,1.6428178334674e-12
08,116667539,G,T,0.010397173981598,1.19250692213642e-07,2.57747115237047e-06
17,59244101,C,A,-0.0184512536281161,1.2340251493165e-14,2.14289386005649e-15
17,58629823,T,C,-0.0150106089252883,8.65166693951225e-07,1.11800897754276e-09
06,39151425,G,T,-0.0173411604012968,1.76447916213574e-18,1.93879457149882e-12
18,12857002,T,G,0.0144505999694167,1.32545034519415e-27,2.67711746680548e-12
18,12546603,G,C,-0.0208724973510349,2.51498026002548e-09,1.50265928395009e-08
09,32450187,T,C,0.0148396724393287,2.7538248190305e-25,3.05774452807827e-12
X,149344237,T,TTC,-0.0633939742825981,5.11639755201052e-13,3.12748205768081e-12
X,149312528,T,C,-0.0103616486362889,1.44855037539254e-08,4.02865452480506e-06
03,52567617,G,A,0.0142039491432707,1.00172886561195e-30,3.54967232093517e-12
19,33398577,C,T,-0.0156230056917599,1.22818889054692e-20,5.7814058450102e-15
19,33754548,C,T,0.0230825793641778,6.92424945635642e-11,5.05096318574142e-12
19,33751129,C,T,-0.0168240322177409,1.70947737975288e-07,4.16192148475186e-10
02,27730940,C,T,-0.01157290053093,2.62504191686815e-15,5.3988949173512e-12
02,12891476,A,C,0.0142254549736772,1.3576035713489e-26,7.29894066482849e-12
09,114900718,G,A,-0.0153575482235759,3.58366286145086e-12,7.78923572970437e-12
09,114805849,T,C,-0.0111346602347445,2.0057746186945e-09,1.50620287172172e-08
17,61940600,T,C,0.0143925792920974,6.54451536714281e-26,7.87524699965536e-12
17,17007351,AG,A,0.0156273734854044,8.02645630240653e-18,8.01703569601252e-12
17,16866777,C,G,-0.0161046513798443,4.0062481906297e-07,1.52086989888734e-06
17,43573061,T,C,0.0377540037532982,7.71898298041855e-85,8.81308676166229e-54
02,165528876,C,T,-0.0141850838888166,4.2654960238446e-25,8.97250269049272e-12
17,76124810,A,AG,0.0172054874526084,5.17164255325446e-15,9.64044150617016e-12
17,76405736,C,T,0.0104740403375921,1.14158716345008e-10,7.02426057867779e-07
17,75995829,C,T,0.0215437248447962,5.6025639759031e-07,2.96598520994226e-06
05,76478418,C,T,0.0208544088148947,2.19309331975155e-14,1.05797802320118e-11
05,76514625,G,A,-0.0178771929849184,5.3096844854061e-07,3.14320177719252e-06
21,30722440,G,A,0.0138188372260004,4.24762849022613e-31,1.0654008032399e-11
18,55313997,C,T,-0.0208504320861669,1.34182016660607e-14,1.14030002978853e-11
05,483057,C,T,0.0156210256515946,4.60485031764104e-19,1.22401897321058e-11
02,23897725,G,A,0.0228802023908384,4.88210029755589e-14,1.22715281238752e-11
16,55311471,C,T,-0.0137433117213151,4.37297707678698e-30,1.34746720013936e-11
01,53320865,G,GTAGTCTTGTTT,-0.0139640407623362,4.08369428665956e-25,1.56172129343323e-11
05,111304403,C,A,-0.0259974271997967,1.6537313620328e-11,2.06199815524086e-11
05,111244895,C,T,0.0152403395179277,5.63715612515054e-07,4.16151763028548e-07
15,66020908,A,G,-0.0158119705101208,5.8840864387766e-18,2.1273576333239e-11
15,67166007,C,A,0.0659566755343147,1.17579947755568e-11,3.02850803363217e-11
15,66921963,G,C,0.0141432718342026,9.61635961072025e-19,5.80618496922914e-10
15,66943404,G,C,-0.0169460491459704,1.11490174393146e-12,1.15752320374456e-10
02,47030363,A,G,0.01407855276566,1.13352803759929e-21,3.88080425242279e-11
02,46567276,G,T,0.0112980603493457,1.58681191248975e-10,6.26254455253981e-07
08,61175880,TA,T,0.0136682050084396,1.5470175591501e-25,4.05229363497549e-11
01,10359125,A,AT,0.0207417027966437,6.29598453986467e-14,4.13078953506908e-11
03,141091595,T,A,0.0139344958572093,2.46645781998904e-23,4.62206891301157e-11
16,72144174,T,C,-0.0210605062166085,2.56703158325623e-20,4.92216452389471e-11
16,72052957,C,T,-0.0227781945926346,1.8105633423802e-06,3.2062440614797e-06
06,157313129,A,G,0.0150551904163568,4.0261630715e-18,4.95088052182956e-11
20,61038214,C,T,-0.0233517058478482,3.85876361405939e-10,5.09305524239067e-11
20,61030580,T,A,0.0102407657544815,1.27684342675166e-09,4.80559209568593e-08
03,195771990,C,T,0.0149838835857144,1.17278289588351e-13,7.42611828919209e-11
03,196186327,C,T,-0.0107275472063173,3.24117075213138e-09,1.23335043826043e-06
03,195624393,G,A,-0.0290353045784193,1.226597570551e-06,1.31747104527045e-07
07,150502468,AT,A,-0.0210185429533833,8.67347432999253e-12,7.59342839411989e-11
07,150947689,C,A,-0.020066893903029,5.05387494981316e-11,4.78789113264443e-10
07,150491084,G,T,0.0100956977020048,2.50669282898391e-12,1.24035797482493e-07
03,172294500,G,A,-0.0397648752540941,1.77214399659003e-11,8.69455462032228e-11
04,23737782,T,C,-0.0146597685837202,1.92354559105403e-09,9.04217305718983e-11
04,23888619,A,G,-0.0128470302823939,3.78783902682285e-20,3.1388939523384e-10
04,23747377,A,G,0.0279741620926907,3.37497920705693e-09,4.57633927632519e-10
11,75448805,A,T,0.0163605213504525,7.99186595302119e-13,9.49117996072513e-11
11,75806513,C,T,-0.0345872585666461,2.02590693296327e-08,3.4656368435073e-09
14,34646269,T,C,-0.0150802395821049,5.73233681787147e-15,1.0182973734561e-10
14,34278781,T,G,0.0118958458810447,2.69427635685125e-11,1.34600102524335e-08
14,34741677,T,C,0.0115262088947231,2.65200820993315e-08,1.62332801137119e-06
05,72088591,C,CT,-0.0143497812936743,1.18147569053007e-19,1.04102156976237e-10
15,75431795,T,G,0.0134401207120824,1.58622274365184e-15,1.26663136024439e-10
15,75930300,ATAATAAG,A,-0.0118495209320672,1.70939913632727e-09,6.48680205672759e-10
15,75632280,C,T,0.029139592410963,1.88943043946548e-06,2.39515529183866e-06
08,129072966,G,A,-0.0136414092145963,6.56755859766577e-15,1.36898866786846e-10
08,128973665,T,G,-0.0127535489619949,6.95741726143819e-18,7.16735758107861e-10
12,57807114,C,T,0.0151043247550508,1.68432210339458e-16,1.4184638808161e-10
16,69693035,T,A,0.0133371471267247,2.89494271844948e-16,1.74632438988936e-10
16,69437951,G,A,-0.0254614158307365,5.68587378077715e-07,3.21934491852707e-07
16,69459262,T,A,0.0296730615684037,6.09407818093355e-06,5.04960288820549e-07
14,36099366,C,T,-0.0227865983942531,3.29144413371397e-12,1.80781958019589e-10
11,3978724,C,T,0.0129318365945747,6.37720964390227e-28,2.01288396623191e-10
14,65892694,CA,C,-0.0152789442561596,2.42746460404952e-13,2.11498037523594e-10
14,65502012,G,A,0.0158080112073483,2.12855073057903e-09,1.39158363786041e-08
12,64901246,G,A,-0.0130805574585238,1.74974230733629e-24,2.33399376998005e-10
13,33756903,C,T,0.0142618028574846,1.46576246667258e-17,2.38142282381858e-10
02,242644728,C,T,0.0129293057657699,2.97203451090089e-25,2.40642438486814e-10
05,34492562,G,A,-0.0142063439548659,1.59175017271755e-14,2.45027546170791e-10
05,34661066,T,C,-0.0121011352989751,4.92338082326367e-16,8.90741150741026e-09
05,38869035,G,T,-0.0190902536650405,5.88274075882545e-13,2.74464646951244e-10
14,76588486,T,C,0.0130076393739059,8.44477163107128e-26,2.90269548841341e-10
05,154027482,GT,G,0.0186171172604757,3.1519299134636e-13,3.0958928583657e-10
09,109618474,T,C,0.0187615552734371,2.01092900384075e-11,3.26548127842677e-10
09,109505998,C,T,0.0168619809209352,2.19728201249481e-07,3.17826878984551e-07
03,41867621,A,G,0.0182680622600233,2.41390026485621e-13,3.56808687592449e-10
16,86356582,G,A,-0.0227655412665287,6.34613421002164e-12,3.69827077372221e-10
03,23310462,A,C,0.0134764902984442,5.5512693485035e-19,3.8128529541266e-10
07,91863700,G,C,-0.0127213048050978,1.00448882525599e-25,4.13188834472339e-10
01,29486128,C,T,0.0280308696744856,4.4852400252153e-11,4.40345701324489e-10
08,23422146,A,AC,0.013486970258395,1.60013378276655e-18,5.33272499822046e-10
06,126707845,CT,C,-0.0128069184044814,3.18841813230127e-15,6.13752507731776e-10
06,126223944,G,A,0.00983586718146772,4.25401449154321e-10,2.15490101465891e-06
03,49654710,AATACATTATATATATATATAT,A,-0.0138313673541982,2.2668267644069e-17,6.19484269309245e-10
07,129663496,C,T,-0.0120821638611853,2.83651996642599e-14,6.67745546262159e-10
07,129450457,T,C,0.0103051888592085,4.57468855355427e-09,2.11797923458704e-07
X,50144889,G,A,-0.0114213582732064,1.17312786174671e-14,6.76446517870534e-10
05,127255127,A,ACTC,-0.0163170240845905,6.98336195893277e-14,7.46890267113406e-10
03,169096900,C,T,-0.0125955374592807,2.74471932438595e-23,7.61182934468152e-10
14,74204476,CTTTTTTTTTTT,C,0.0390022542649282,3.04155618269918e-10,7.81454840462566e-10
14,73825310,CTTTTTTT,C,0.0140008459329464,5.53819922940478e-12,2.54394823235217e-08
13,51395868,TA,T,-0.0124918047570066,2.85598193384881e-15,8.45759672478769e-10
13,51151861,A,G,-0.0110323101109047,3.3137033207794e-11,6.799872886615e-08
01,40427975,C,T,-0.0142579256563133,5.49269747827587e-16,8.8009247547202e-10
18,43845880,C,CTT,0.0125165324983621,3.55843042891118e-23,9.2174158548511e-10
04,187796936,T,C,0.0226976215443157,4.64701125047311e-10,9.26304764464754e-10
04,187980183,C,G,-0.0109021648389216,1.52071567536068e-14,7.3291829888666e-08
06,143097569,C,G,0.0110473581700286,1.56664808013807e-07,1.00153069276779e-09
06,143232276,TA,T,0.010428304232536,6.15014314416606e-10,1.09610656496912e-09
11,13333851,G,A,0.0127316124968085,8.38351231991055e-20,1.11377048030269e-09
16,16259596,G,A,0.0378579245757012,4.18198917361504e-10,1.21228749002635e-09
06,166190484,C,T,0.0132797920106542,4.36599122093703e-16,1.21358656143262e-09
06,166074760,G,C,0.0114742528096169,3.91044388901802e-09,1.28963797557587e-06
05,88110363,T,C,0.0145605873817988,1.00459351304342e-14,1.22279766853589e-09
06,12294258,G,A,0.0187977618909094,6.81369832191029e-12,1.66255874334752e-09
21,40465901,C,T,0.0138822186513441,1.98880171395127e-15,1.67800745221956e-09
12,46384030,T,C,-0.0124783880098998,2.63341483799792e-25,1.74136573649076e-09
21,36450841,C,T,0.0174184088358173,3.00306000882699e-12,1.7855480197082e-09
10,5336631,G,C,0.0146780829044966,4.28530592545093e-14,1.80905436652754e-09
15,33324519,T,C,0.0159155380726174,5.97529125212335e-13,1.87201927198425e-09
11,111196937,C,T,0.0122176409553452,5.06506160155269e-25,1.89350050019153e-09
01,12663329,A,G,-0.0162402854650161,8.04658963451809e-13,1.95785951704195e-09
01,31572571,T,C,0.0176830265455478,4.76975395236202e-12,2.076687367491e-09
17,81057834,G,A,-0.0128562649873745,6.14828935151629e-18,2.12825414790225e-09
10,88866851,C,CAAAAA,-0.0169451056725758,2.41407851688877e-12,2.18964350797296e-09
05,40489386,C,CA,0.0124581672974927,1.59874382683593e-19,2.19143964832754e-09
11,10179849,A,G,-0.0342055307840008,1.80022219051207e-60,4.45025963901132e-48
11,10387833,C,T,-0.0178064676666588,3.93626114091485e-09,5.35249054972851e-09
11,10679441,C,T,-0.0118058610737798,2.4410138411636e-11,2.35769310084406e-09
06,139839960,C,T,0.0109925217962831,3.26644631097786e-16,2.41363730554763e-09
06,140153194,G,C,0.0158489350211914,1.19544280421077e-07,8.42724168168747e-09
19,33084103,C,T,0.0149372638279886,1.42263962307206e-14,1.24266421710399e-10
19,32585186,C,T,0.0133565589838602,1.13636495422006e-13,2.53421359532933e-09
16,72009121,A,AT,-0.00984481372777724,4.41879928994537e-08,2.32308816894989e-10
16,72054200,G,GTA,-0.024604983829322,3.68625451748983e-08,5.48299448871261e-07
06,134241797,T,C,0.0147159167266289,2.60617967350139e-14,2.77341896854418e-09
10,104621474,CA,C,-0.012914388321504,5.01551744670503e-17,2.78227086075697e-09
10,60329166,A,G,0.0121828144480079,5.40123323459373e-23,3.15483543798385e-09
12,115366182,T,C,0.0122475990295703,3.93552411320731e-14,3.23437276261659e-09
12,115541297,AG,A,-0.0103489412753215,2.29380090806608e-09,8.49434747426571e-07
20,57594684,C,T,0.0269463265848741,1.13255579427634e-08,3.23461976384831e-09
20,57237670,G,A,0.00949835657149274,7.48739812681045e-11,1.15372996660074e-06
05,55807370,T,C,-0.0155919649695217,1.06571684152198e-14,3.31844298639208e-09
05,55857025,G,GT,0.0141000812113069,3.74972523641595e-09,7.30466018865318e-06
21,39865855,C,T,0.0141837497888519,5.14548254195792e-14,3.35885965425174e-09
01,26183738,A,AT,-0.0120885001886076,1.4881985590344e-22,3.67294124201781e-09
10,81888694,T,C,-0.0222041670235492,1.3968989698073e-10,3.68002802573272e-09
06,43729755,G,T,0.0233700077509931,1.23246386674016e-21,6.34355201580148e-18
06,43623858,T,C,-0.023578154714835,5.63709421439508e-11,2.49131079334249e-11
X,19957543,C,T,0.0134563057173569,4.9724208602286e-11,4.92179053716264e-09
06,33607103,T,A,0.0136801633413103,8.59846268561856e-09,5.11203694267393e-09
06,34094919,A,G,0.0249633863797207,3.58828627382285e-06,1.27147415726405e-06
06,33187355,C,T,0.0105722148645345,7.27717228975581e-08,3.74733062022191e-07
01,66077590,T,G,0.014983680482855,1.04932749101986e-12,5.14979707490852e-09
01,213079400,A,G,-0.0127118196712034,4.50798544850154e-16,5.17674526164694e-09
14,102980993,C,G,-0.0123807474521468,2.54367457122209e-17,5.7398341519072e-09
15,86314744,A,C,0.0119454476502447,1.69038725637968e-20,5.83744400727537e-09
X,46310140,CT,C,0.0107946752760466,6.33717452076314e-15,5.93555296515313e-09
22,30362715,CGTGTGTGTGTGTGTGT,C,-0.0120448678266383,6.77751080909871e-09,6.08802584195187e-09
22,30135928,T,C,0.0174782463178271,3.14169147658867e-08,2.19379907736273e-08
22,30715202,T,C,0.0209767308944113,1.22372519759197e-06,3.90314016494716e-06
02,27989909,C,T,0.0272640523414752,-99,4.55083427158248e-11
11,30945167,T,A,-0.0292373174057537,-99,1.19026073453901e-17
16,72114002,C,T,-0.0351199323144555,-99,2.15452439850168e-09
