chrom,pos,major,minor,beta,p_value,gwas_p_value
7,120954908,G,T,0.169470113724872,0,0
6,127459552,G,C,0.0849103193130872,5.36044154270449e-239,1.01276775497983e-85
2,54659707,G,C,0.081745434755245,1.34409676314536e-128,6.20457921697607e-73
2,54855137,C,T,-0.0473658486026773,2.4026490624636e-28,1.17296397910158e-19
10,54424184,A,G,-0.140028385919785,1.28873489235549e-104,9.09437649473239e-66
10,54412481,C,A,-0.0583132015073315,3.75492188278122e-68,6.63818678189289e-17
6,151907958,T,C,-0.0738613526295044,1.47711311819618e-75,6.72633193240585e-64
6,152010370,AT,A,0.0629788462490647,1.48007204446564e-88,1.65663049537035e-56
22,19677948,CG,C,-0.11261371603361,1.88275412281196e-69,2.25008482899089e-55
1,240586695,C,T,0.0822733034344613,4.04931554165897e-74,1.27644237280353e-50
2,119510493,G,GC,0.307269135223764,1.99978776940358e-39,2.12543488394685e-48
2,119602304,C,A,0.0360878251879187,1.46468113616917e-31,2.2725745993343e-18
11,86857360,AGATCAGCCTGAGGGAAT,A,-0.0674322619589745,8.04501138609681e-84,2.4075048399923e-45
11,112437007,G,A,0.0610379035669041,1.45654602885308e-103,1.66784825921611e-43
14,54419106,A,C,0.0628077147737391,1.4424916052461e-102,2.65709546816527e-43
19,33527677,T,A,0.103425111332225,3.65896775347766e-49,3.30418768668731e-41
7,38153747,C,T,0.0493630093113177,1.46472661919133e-25,2.50913582350256e-37
7,37946958,A,T,0.0531710396929523,1.09993317357902e-22,1.99484915992075e-18
7,38111941,G,A,-0.0445512546730717,1.67777954265009e-35,2.54423115773209e-33
6,133575875,A,C,0.0485048338529473,5.9070186412539e-43,6.13519643649382e-37
6,133339485,G,GA,0.0312351193767049,4.6243415615557e-13,1.05570113520175e-20
4,994414,G,A,-0.0723728050800195,9.9337376869543e-44,3.69384329262533e-33
4,1192775,T,C,-0.0867157025180044,8.1022106974737e-19,8.68360467513806e-15
4,997488,G,T,0.0711799622585227,2.13699365394946e-15,2.30278563902307e-20
13,42973283,T,TA,-0.0507316965392738,1.10533294819192e-87,2.1446873277329e-31
12,90564295,A,G,0.0517466446726897,2.03763560098606e-70,3.34502269045347e-31
10,31053282,C,G,0.04913784179964,7.27947373370153e-83,1.10543340672898e-29
2,202832130,C,T,-0.0566321435105304,5.87095106927208e-34,4.40434975877909e-27
2,202956731,C,A,0.0265516287978181,1.04399447221645e-15,9.69126707753677e-09
6,45386202,T,C,-0.102814834452105,1.9213259433672e-28,8.53658472283245e-26
11,27276450,T,C,0.0451365923961974,9.65155672186288e-48,2.40105464039998e-23
3,41123735,T,C,-0.0431249401056553,2.67257668414047e-57,3.47658420555936e-23
20,6405923,GT,G,0.0447946198650005,4.66894426266112e-46,1.05847269722714e-22
2,42267135,C,CA,0.0499718165853239,6.04911090765987e-35,3.29743665517099e-22
12,49379537,G,T,-0.192729737290246,1.11483156453865e-22,3.5334137896137e-22
8,9086392,T,A,-0.0417116210673647,2.38206928552483e-63,6.1017364431637e-22
17,41826839,G,C,0.0746296918895025,1.50155512771368e-23,6.9187589622338e-22
17,42162694,C,CT,0.035688425648286,2.74956674797215e-17,9.62751308135816e-12
21,40350120,G,A,0.0463744480064227,2.04630607143524e-38,7.09366882758787e-22
22,29477841,G,T,0.043348115422475,3.55690831403916e-43,1.15425812297232e-21
17,2026417,G,GA,-0.0440145418788029,2.35065401887714e-39,3.71981659212964e-21
11,68174189,G,A,-0.0785755563802719,3.63669491830895e-15,6.43820794581913e-21
11,68404647,A,G,-0.0318508027606022,3.80722256349822e-15,5.84780826705367e-16
20,10629525,T,C,-0.0705784312248377,1.57519424709325e-20,3.0157231263278e-20
20,10984360,T,C,0.0390141658358805,1.03802460989065e-43,3.90057262992713e-18
17,58958686,T,G,0.0565980458848278,2.84392495914658e-26,4.79093217715619e-20
1,22710877,G,C,0.0408517812363468,7.06286701113276e-17,5.69745288316416e-19
1,22531542,G,A,-0.0523171387419943,1.06501507146235e-10,4.38223264556289e-13
1,22663920,CCCATCCAT,C,-0.0344941847072194,9.17513855048014e-15,2.09121395235911e-17
12,13328208,C,T,0.116730325951866,4.90754331323839e-20,6.45052828629482e-19
7,96133531,C,T,-0.039811643221127,1.00097649945457e-34,4.767108214617e-18
8,116663898,G,A,0.0413611320895795,9.22195539417279e-31,7.61235323570033e-18
18,13659019,C,G,-0.0385746715244439,2.28662575235004e-35,1.4958153998125e-17
16,410178,G,A,-0.0949833604195302,3.77531477922538e-19,3.03944821565315e-17
15,51516055,C,A,0.0417984097048874,6.60224513952907e-28,3.98154893547849e-17
12,1637130,T,G,-0.0687477654377771,2.92031349717565e-19,7.94180338381973e-17
4,88831249,A,G,0.0387898888916594,2.36601941380938e-31,8.15922082957597e-17
7,120932447,A,G,0.152298011611389,0,8.68843992798253e-254
1,68664755,GAC,G,-0.0343229300012087,1.94565662928134e-32,1.80150805745677e-16
1,68725704,A,G,0.0362971441907623,1.80797633723672e-11,1.16754608128784e-12
16,51903981,C,A,-0.0647525939140333,8.27642615986876e-14,3.0084034063948e-16
16,51786107,C,A,-0.0259369517218472,4.532389936015e-17,9.13927319767233e-12
14,103895020,T,C,-0.0371729925762225,1.73865541562249e-31,3.5243314209909e-16
11,115044850,C,A,0.0354080235697101,5.3416187691524e-36,8.72977004150435e-16
11,47119875,T,A,0.0374220417588073,1.430073716742e-29,8.87646625746394e-16
13,99536215,T,C,0.0388952934907784,1.76958809864476e-25,2.04705525519349e-15
7,30955539,G,T,-0.0408824036766653,1.22937483754057e-23,2.46981277684967e-15
13,22812173,A,G,-0.0358947379726777,7.55791687480648e-29,6.14893213399568e-15
2,119161638,A,C,0.128687221465186,-99,1.59491639197519e-37
