chrom,pos,major,minor,beta,p_value,gwas_p_value
07,120962164,A,G,0.155931156095785,2.1619370070736e-295,0
10,54437901,G,T,-0.150562954199022,9.92175867308895e-215,5.51822272206441e-135
10,54412481,C,A,-0.0638012502047194,4.40207552477425e-139,7.07628878960963e-34
06,151901409,C,T,-0.0758147748030253,6.91390306595352e-137,1.43215447512796e-115
06,152010534,T,C,0.0689185603130933,3.05531328431023e-181,1.14056955989289e-113
06,127468274,A,C,0.0741311792031043,0,1.92264691482594e-112
02,54683711,C,T,0.075241608057521,2.15745933909059e-164,2.04823632648442e-100
02,54871277,A,T,-0.0472356001255855,7.51269591457165e-54,1.2325593383113e-34
22,19679303,G,A,-0.108656288925387,5.34610251980536e-114,2.24534686262223e-91
11,86887931,A,G,-0.0688572970688531,3.13274724553463e-160,1.45035425676079e-84
01,240586695,C,T,0.0807661546842318,3.22171077032496e-123,4.89983922379123e-84
02,119510493,G,GC,0.300250594004665,5.01422623518496e-60,3.57332331721398e-79
02,119613117,A,G,0.048319652508927,8.12038123738656e-56,4.43499984693056e-50
07,38108665,A,G,0.0524628102439723,9.01807783242812e-45,1.13676376844058e-71
07,38110626,C,T,-0.0496241568881021,1.02482189413187e-74,1.78148665973663e-68
14,54419110,G,C,0.0582757504903452,7.73471837228843e-152,7.8355605924424e-63
13,42952145,C,T,-0.0514392757814105,4.71592284351043e-158,2.43982599389752e-55
11,112396795,G,C,0.052564253451347,1.08558379612033e-126,1.0630958736516e-54
19,33544187,G,A,0.0879190255627679,1.54553596019252e-64,6.55831911564299e-54
17,2026417,G,GA,-0.0542099342162357,1.0701226100883e-100,6.0653696246354e-53
12,90533915,C,T,0.050451586347491,1.29811627817162e-117,2.74598734474026e-51
06,133575048,G,A,0.049382890020355,5.61231877137281e-134,1.37573388639323e-50
04,1003022,C,T,0.0348702573568306,8.36376434796521e-40,1.0525096295457e-49
04,1004864,T,C,-0.059600115108616,7.32409261910304e-49,8.41313621975632e-48
04,1012300,T,C,-0.0776771662040563,5.5487854206343e-26,1.01729786460971e-24
12,13328208,C,T,0.141824009403289,3.10818039724236e-48,2.06016782341697e-45
01,22702077,C,A,0.0607141486143296,3.71306771416401e-56,2.30026286970636e-45
06,44847529,G,A,-0.0968952345318299,1.10005142178773e-40,7.8092187576628e-45
06,44727789,A,T,0.026831401763317,1.91042065331393e-40,1.08199991369394e-23
02,42220572,GTTT,G,0.0561924818398611,2.65557219965641e-68,1.24573212517383e-44
11,27317383,C,A,0.0447417986719798,3.85279131027477e-86,8.32570682981026e-40
18,13719510,G,A,-0.0444451106497861,1.15401623368621e-79,1.15523449065738e-38
08,9085295,T,A,0.0421421337944762,2.35710714410726e-107,1.04910001829357e-37
03,41167702,C,CA,-0.0427353900457673,1.73366283357367e-97,4.16209600367829e-37
02,202832130,C,T,-0.0471378460246058,9.07991809750514e-43,3.13344644264026e-32
02,202793520,G,A,-0.0362583718179343,8.2950034562803e-12,4.97252261283901e-10
11,68228962,TG,T,-0.0342099377526487,2.36891894280135e-27,6.95125734000126e-32
17,41798621,G,A,0.0704413269153046,1.11780604783959e-33,9.99357747145384e-32
21,40340996,ACAGCCACC,A,0.0434664784886796,8.74583321796486e-46,1.34936027714243e-31
21,40047176,A,G,-0.0319425605919321,1.23611244078139e-22,1.6967390681667e-16
22,29474482,AAAG,A,0.0419897700773034,2.77324627080576e-59,8.28619724007561e-31
22,29417909,A,G,0.0254429062935036,3.31164628816633e-14,9.62887305378721e-08
07,30955539,G,T,-0.045031354472565,5.25397225185982e-48,1.13421887847642e-30
17,59013682,A,G,0.0534424045547227,5.49334204271619e-40,3.36725166319081e-30
07,96146489,C,T,-0.0390608479526819,2.73913308293264e-40,4.69952782876506e-30
07,96041731,T,A,-0.0257788679437151,8.45669508398013e-20,7.51520892074597e-16
20,10984360,T,C,0.0369387747494609,2.00522100369421e-66,6.13948120214637e-30
20,11150594,T,C,-0.0571232180185517,1.45795287129351e-11,8.94337129931853e-12
02,118895728,A,C,0.0257454380333234,2.0852970251428e-16,5.24077813327045e-14
02,119423996,G,A,0.0687021450934515,1.93506312851734e-10,3.68889460535268e-09
10,31042804,A,G,0.036107735136794,1.59677459231414e-81,4.20277462698208e-28
12,49379537,G,T,-0.190899851351079,6.56126696011436e-35,5.54991388642009e-28
12,49385679,C,T,0.034757541356949,2.28587652985003e-34,1.91964934050705e-13
11,15226187,A,G,0.0709969014263112,1.70420128374801e-31,1.12157154088306e-27
14,103852725,T,C,-0.0373181028717347,7.25578575968518e-56,2.50007767895274e-27
11,62201239,T,C,-0.11506584526661,1.32580348449583e-30,5.25162244069391e-27
11,62351984,G,A,-0.0196103414069442,2.26926505150059e-17,1.26392653575936e-06
20,6364504,C,T,0.0350139758615575,5.74344481770231e-47,1.11447287069495e-25
20,6755009,C,T,0.0485030472155278,4.46228012680808e-15,5.7091660012839e-14
20,6467481,T,C,-0.0231457069663082,1.6446369037908e-12,1.28870547255363e-09
20,7551554,G,A,-0.0365608112444342,1.18311000181073e-48,3.73874920459445e-25
11,115044850,C,A,0.0357851033267739,4.43525087623199e-47,1.05681159518122e-24
16,410178,G,A,-0.0772425303345089,1.2694054135688e-21,1.07202242038895e-24
16,359953,G,A,0.0237729832009221,7.13966919090859e-22,4.26485925240669e-17
03,156587548,TC,T,-0.0506559857447514,1.77164701470134e-27,1.40777464465112e-24
03,156798775,T,C,-0.0274883199537158,4.67810620568327e-31,1.23372592264014e-16
12,1638214,A,ACCCT,0.0349781009475653,3.53714257064207e-28,2.0715412590415e-24
12,1637129,C,G,-0.0449979259723147,3.07674251446284e-14,3.8715771375716e-18
12,1629523,G,A,-0.0256708195422452,4.68426526647087e-08,1.36205155748266e-07
16,86714715,G,C,-0.0425025111650404,1.91225076359262e-34,6.14137105205829e-24
01,68664755,GAC,G,-0.0287329704593637,6.93261216554849e-26,9.00581249859385e-24
01,68604094,A,G,-0.026524245407289,3.21629707389402e-18,2.61997543817767e-17
01,68725704,A,G,0.0330444156708983,1.16685961229515e-14,4.70602371060185e-15
16,51903981,C,A,-0.068311750090893,9.06473305461974e-28,1.06330924670292e-22
16,51758116,G,A,0.0288967270155072,7.97484120009027e-17,1.36723083354711e-17
16,51903866,C,T,-0.0207992819283727,1.21229879931312e-14,6.76656259815558e-06
11,47097364,T,G,0.0335016288435341,3.90581134085966e-41,1.28572862845211e-21
08,116659578,G,C,0.0347186631003189,1.18305408096819e-32,2.35935214005776e-21
08,117158377,T,C,0.0295565231399661,1.93290164577714e-11,9.2823232073685e-08
07,28725536,A,G,0.0355531627013613,4.52961996538579e-28,5.63586570673699e-21
07,28609388,C,A,0.0197096833751982,6.17895184179497e-09,1.29803418046466e-07
05,39382261,A,G,-0.0303382714770141,1.36474702928509e-55,3.03598867724975e-20
19,1169673,A,AG,-0.0328058545931878,3.25486091130241e-27,3.27550903725869e-20
19,815086,G,A,0.0236898168056827,2.39370317733056e-21,1.58475364011559e-12
13,99584305,C,T,0.0328511528483493,4.45188151073173e-36,3.87962802958534e-20
07,27970153,C,T,-0.0328604283937848,4.16000773140636e-29,4.61546756976045e-20
07,27505331,G,T,0.017092046875996,1.1064155418675e-09,4.36227177420123e-06
09,133452158,C,T,-0.0316659296245202,4.1588998237509e-40,5.31650351573618e-20
15,51537806,C,T,-0.0277908362416617,6.20310885061454e-30,1.58181432173134e-19
15,51607077,C,T,0.0173869907385914,2.66183926694937e-08,1.32014612617892e-09
07,120824194,CA,C,0.079002842787535,0,1.79280644145515e-104
07,120825166,A,G,-0.111271664582179,9.69825768402725e-38,8.30627604981278e-17
07,120793606,G,A,0.126727008767042,2.78228539861734e-15,3.79298487890514e-27
04,88794878,C,G,0.0397047676215012,5.87469453985645e-22,2.43808740302247e-19
04,88752026,T,A,-0.0308129667164841,8.25903556671854e-13,2.11502236437444e-12
17,54263286,GA,G,0.030053228644676,2.98030627081309e-43,2.80475675464616e-19
12,589872,CCTG,C,0.0300945917498101,3.03831097075056e-43,4.50790796350514e-19
11,35097298,T,A,-0.0291400086368271,1.16493728515772e-48,8.58196572242918e-19
07,25696199,T,C,-0.0361182658359922,7.85933702493309e-27,2.12758510017719e-18
04,38361120,G,A,0.0488204032164675,3.78480700415916e-22,2.32243632694713e-18
16,81580088,G,A,-0.0286854394782423,2.68844994914998e-50,3.26384052801238e-18
06,7050935,G,C,0.0900511146697743,1.00011004985791e-16,6.2147769301207e-18
06,7231843,G,A,-0.0390343069109837,5.57778898667795e-15,1.64350977655158e-14
06,6961571,T,C,-0.0165921927719702,6.64617860326466e-12,5.12051520465282e-07
15,70552313,G,A,-0.0300130787803177,1.14965867843455e-33,1.06068958655956e-17
07,15726373,T,C,-0.029211217467832,1.8424310459557e-27,1.12455628301041e-17
07,16006941,CAAA,C,-0.0182267795603134,1.24376075112499e-08,6.58498130828772e-07
20,39832628,T,C,-0.0346452220172282,4.93783688636468e-25,3.17761449623812e-17
11,118477367,G,A,-0.0299473230460411,1.02253825324024e-31,3.26478282912605e-17
08,71555752,GT,G,-0.0279812025175499,9.6938672740837e-42,3.30587905554959e-17
10,134459388,A,G,0.0331448994203783,6.69766143513849e-26,4.53816211940273e-17
07,127015083,G,A,-0.0999491307621494,9.09615408634131e-18,5.36946724479692e-17
01,172243879,TA,T,0.0288783876881832,1.04922175784078e-36,6.56630110283067e-17
03,56169965,A,T,0.0389754175306502,1.67207944761323e-16,6.96590013342497e-17
03,56192791,T,G,-0.0165434151540202,7.06826991042168e-15,1.29895379047727e-09
11,68384618,T,A,-0.0425666098324771,3.00079326335204e-40,1.61619438497846e-31
11,68855363,G,A,0.0277363154351498,2.67134172110763e-28,8.22190413212697e-17
11,68537578,G,A,-0.0670006972846456,3.94277860443752e-07,2.16664045251871e-08
13,51106788,G,A,0.0304589555567646,2.37054137421685e-28,1.11525320830592e-16
15,67414911,T,G,0.0273588579063072,1.48598956166787e-41,1.77157547740911e-16
15,67149198,G,A,0.0344552653122192,1.62112541504623e-08,6.1801819082029e-08
14,91453712,CA,C,0.0356805965301258,2.41389915139839e-22,3.07231403746323e-16
X,43877162,C,T,-0.0312769197603175,8.43775553527587e-13,4.7298483024241e-16
X,43877175,T,C,0.0197671912700693,9.56434412245346e-17,5.13541617420601e-16
01,170683707,T,TA,0.0269364175743559,2.11952179832001e-25,4.99326585822992e-16
01,170521376,G,A,-0.015446710722555,2.47347947588076e-09,4.00435021631721e-06
09,98229389,C,G,-0.0272467854270657,9.05880523816486e-31,1.76390987126403e-15
10,60327298,C,A,0.0263438925628908,3.33764888565048e-37,2.00325559553e-15
05,148787469,G,A,0.0275837993404787,4.06230070576565e-29,2.18743440101201e-15
X,56393782,G,C,0.0263365641629303,1.5042768143043e-20,2.22937530838252e-15
06,2504051,C,G,0.0257646844171202,1.0888848964866e-30,3.88789246447644e-15
16,51025468,G,A,0.035210590681836,8.02168775040664e-15,5.42344599816544e-15
16,51166844,C,CT,0.0258765275123912,2.22009130032969e-17,1.47792348155196e-12
16,51016591,G,C,-0.0179299921940229,1.36724891465518e-12,9.44683672538099e-10
01,8503242,G,A,-0.0270663161195157,2.65830135827919e-29,5.69524766311839e-15
01,210466625,G,A,0.033691705990649,2.18214831155785e-20,8.56382042272163e-15
06,131344906,T,C,-0.0267814048923415,1.89091905151088e-29,1.0395285074488e-14
13,22810615,A,G,-0.029162398439683,7.57169708114893e-27,1.0582949808085e-14
13,22977789,C,T,-0.0237336594293825,4.27182843784944e-15,1.07636297173287e-08
20,45595883,C,T,-0.0303604077792633,2.06650872384267e-22,1.2157622133045e-14
X,8910963,A,C,0.0232773556521822,4.6076876280537e-21,2.41415223529272e-14
01,16177578,A,G,0.0404723737808927,2.17479420505869e-17,2.68376320766462e-14
01,221476976,C,T,-0.0255261406452396,6.3514006466398e-32,2.72513844139807e-14
01,2904634,A,G,-0.10088094120958,1.08929432319889e-14,3.13885954906956e-14
11,59962189,G,A,-0.0253919070958288,1.37448046545827e-31,3.51328477599544e-14
17,27948844,C,T,-0.0248741051667186,1.45973846234349e-33,6.53832447186356e-14
02,200446732,T,A,-0.0321897674415133,5.76819493869617e-17,6.67921851922891e-14
02,200162425,C,T,0.0197055129601782,5.66912299140989e-08,9.87083163555123e-07
07,27243221,T,C,0.045852952054095,1.19378368514188e-14,6.96328903318228e-14
07,27653025,AT,A,-0.0298014885360564,2.97828391144665e-13,1.54059293078692e-10
07,27238287,C,T,-0.0713450187112856,9.30024079142683e-11,1.03696164011912e-11
06,29899485,G,A,-0.0250718455975218,4.93301976736736e-31,8.24949247730298e-14
06,29413117,A,G,-0.0891028059905579,3.79151416904257e-08,5.76249218281623e-09
17,48337073,T,C,0.0250799281795454,1.45533810182981e-14,9.75365284808816e-14
17,48260824,C,T,0.0466101374147559,1.84978831927549e-08,7.44213441329826e-12
05,50791314,C,T,0.0336893480227245,2.95882374884474e-11,1.00673159931118e-13
05,50590195,G,T,-0.0191372834499036,5.1014040323925e-19,1.00270122094402e-12
06,55644601,G,T,0.0483897018143721,3.65489171588866e-14,1.02331925686315e-13
06,55676621,C,T,0.0806732356596675,4.61759044346576e-13,6.35923909840068e-13
06,55300968,A,G,-0.0167479428542096,4.1942065159681e-11,5.73373817359295e-10
08,119917642,T,C,0.0939779785145891,4.29373733891108e-13,1.20275927070642e-13
08,119951900,A,C,-0.0268701966178518,1.47675857758443e-22,2.93699967673315e-07
08,119742870,A,G,0.0259712568243988,6.27507763645283e-07,3.79705653903203e-07
04,17875735,TCTC,T,-0.0265093699639302,2.22846030002065e-20,1.20314872225658e-13
04,17674888,T,C,0.0628051483373359,2.79552996871242e-07,3.22480624144006e-08
10,28442841,G,A,-0.0304782116447845,3.46817966621916e-12,1.64396664240203e-13
10,28584624,G,A,0.0519799012199394,7.05861855065367e-10,4.7035372097248e-11
10,27944386,C,T,-0.0170766327201539,6.25576825586229e-13,3.34829857594226e-08
04,146167657,A,G,-0.0324147704853577,3.43592396792462e-18,2.00570848644621e-13
04,95089067,G,A,0.0315015405900897,1.71543077486225e-18,2.33571154384568e-13
07,105494963,A,G,0.0256724007265525,7.5920115832184e-25,2.40399664457134e-13
09,96445594,C,T,0.0230219273286354,5.29867322041767e-10,2.46020813753156e-13
09,96916536,A,T,0.0221059599551328,3.64881858814584e-13,3.10726887374364e-10
02,54745110,A,G,-0.0673219713012937,6.31694527551988e-63,1.81892249409747e-51
02,54794927,A,C,0.0346504500710293,1.04379365004828e-27,6.76673703678705e-19
02,55179512,C,A,-0.0293880919728619,2.70254879035807e-07,3.23890288164355e-09
11,113029572,A,G,-0.0919441278322465,1.43871979739544e-14,2.95816813918079e-13
11,112542089,C,T,-0.026052091907097,8.29269512256126e-13,1.62419231975276e-07
11,112559343,C,T,-0.0418415468959545,7.91456260988343e-08,9.68303404383138e-06
05,80281743,G,GGT,0.0270608893562335,1.68986952846127e-22,3.04652026502879e-13
03,50022079,G,A,0.0192659823615968,4.89913102821501e-18,4.66296491634464e-13
03,50274278,C,T,0.0327355108054668,1.665847662144e-07,9.50270780925957e-13
20,10976954,A,G,0.0308999921559576,2.58219877681771e-36,3.49895727392457e-26
20,10640201,G,A,0.0267810103184265,5.18957643772056e-16,4.33634972979649e-19
01,220039754,T,TG,-0.0253222169689069,1.00048444677042e-14,5.37285232099827e-13
01,220122993,A,G,0.030061434477311,1.30136451236028e-16,1.59813103125881e-12
15,91059898,GT,G,-0.0240649481768289,5.793394413557e-31,6.65883364665942e-13
02,28941150,A,G,0.0212782258324964,1.41291035271055e-12,7.29908917042359e-13
02,28863486,G,A,0.0178661222141461,9.11368669891287e-10,1.71311930338433e-10
17,9154855,A,G,-0.0302174022731214,4.26443710738798e-18,7.6079062176692e-13
05,122742602,T,G,-0.0264720912634068,3.35883049489825e-21,8.3346034129052e-13
02,238353776,T,A,-0.0253063607198462,5.53244479481183e-15,1.22033478202356e-12
02,238212373,A,T,0.0171721679303192,1.6430662094422e-09,2.6453575202666e-08
06,74509629,G,A,0.0232738278951258,2.1462282089438e-33,1.51697155170317e-12
03,48901370,C,T,0.0452809758438278,2.30241214351218e-14,1.63356990395155e-12
20,33443617,T,TGTGTGTGTGTGTGA,0.0242321359491537,4.48392240787115e-35,1.67592563648247e-12
11,8900394,C,T,-0.0310957833083828,9.6846652162053e-17,2.04184418318291e-12
17,926121,G,A,-0.0247211178017728,9.48560559799594e-21,2.54474666334621e-12
17,738344,C,T,0.031991439198503,3.6433368915211e-06,8.30019210939e-06
06,130346105,A,G,-0.0255110364166089,1.63205238386785e-18,3.48819337058604e-12
06,129952675,T,A,0.0219606035675076,6.70584548885757e-11,4.10030064322578e-08
10,27892500,G,A,0.022662692933838,1.07425251513626e-25,4.54146377674028e-12
10,28337574,T,A,-0.0192501477829682,2.79270305272536e-07,1.62082818293803e-06
11,16244497,G,A,0.0206786953047076,1.74527040594801e-11,4.861399975335e-12
11,15904259,T,C,-0.0224827763520675,2.98866579705026e-07,5.24579594669897e-07
04,87976359,A,T,0.0230900377875966,9.42020796124561e-26,7.86627108215526e-12
06,164126233,C,A,-0.033354997577183,6.02044045488495e-15,8.14484178294109e-12
17,69845900,T,A,-0.0225215308433672,1.20464563561137e-28,9.17004219618087e-12
02,40666351,A,G,-0.0225708211545627,4.97686685620318e-31,1.00994202138188e-11
02,181951865,T,TAA,0.0244212024515066,6.88247915386756e-21,1.12868494456131e-11
11,65466496,AG,A,0.0249837950546065,6.25919989292737e-22,1.1316864657319e-11
11,65343399,C,CCCCGCT,0.0256208343756757,7.21552446279745e-13,1.96501216297117e-08
11,65326804,G,T,-0.0691573623816452,3.11548116158422e-08,1.34460830795316e-10
10,114724473,A,G,-0.0276645489234744,4.04102980785686e-14,1.3781100524594e-11
10,115106330,A,C,0.0200206223864185,6.72508072950398e-11,4.39986532330065e-08
10,114351933,A,T,-0.0193402694293056,7.50239829875298e-07,3.1170253319268e-06
08,127982089,G,A,0.0236144351450638,2.07965798185593e-21,1.49107583098391e-11
17,29818258,C,T,0.0193284156513069,7.074281869651e-16,1.64965867888787e-11
17,29891429,G,A,-0.0242383308033344,4.30682657565462e-09,1.81893460162231e-10
05,51948395,AT,A,0.0280252160545187,4.57049685996387e-16,2.14332781445446e-11
01,22132518,G,A,0.0210327728027758,1.49602174172761e-07,4.68198178860348e-07
01,21932625,G,A,-0.0255828130111315,5.63087241119392e-07,1.20167869976421e-10
13,94066952,T,C,-0.108498414222843,1.45416447713569e-11,2.60411778230143e-11
13,94391481,C,A,-0.0349996620785583,8.7793673593593e-07,3.85912580228067e-06
13,94031602,G,T,0.0336577286116493,1.37435302933869e-06,1.17405750502633e-06
19,2523781,G,T,0.0236468469894049,1.52457512825346e-15,2.61340560680087e-11
19,2155042,G,A,-0.0167139838259354,1.15544812607138e-10,8.20727384453956e-07
07,42606913,C,T,0.0492885283492361,2.22397426363639e-12,2.98266551393377e-11
08,71919946,G,A,0.0247728512316969,8.39591046553922e-27,2.4254863611678e-16
08,72219699,A,G,-0.0246910993157995,1.04240927704001e-13,3.09030073317001e-11
08,72083963,A,G,-0.0241595795125518,1.68527606930539e-06,2.9919640957417e-06
02,68079666,T,TC,-0.0229450543656807,1.12258858795789e-21,3.12066081339952e-11
10,79399656,T,A,-0.028358728139357,1.86259297034216e-15,3.5110794533173e-11
14,23312594,G,A,-0.0262246248181839,3.23642774200322e-16,5.32536608003995e-11
21,35717837,T,G,-0.0271125905403914,1.28887507813617e-13,5.62794620276471e-11
21,35567987,C,G,0.0427054436372287,5.12505215549977e-07,1.4673806953089e-07
21,28774869,C,T,-0.0219384728843453,3.44096051527243e-24,5.69798628756789e-11
17,63549979,A,G,-0.0216890737287682,5.92213667878985e-17,6.2253312648321e-11
17,63243004,CA,C,-0.0280525047180477,1.44233697002061e-11,2.27001915697916e-10
16,23082032,TA,T,-0.023230561168656,3.86732221208086e-22,6.66457514444332e-11
05,42529548,A,G,0.0216197568541555,1.26324324861609e-27,7.20435497483511e-11
07,20356798,C,T,0.031240566188305,2.71797542643096e-12,7.96790172942561e-11
07,20052860,T,C,-0.0231545216419518,3.97025304128636e-11,6.66971644164095e-09
22,46375611,C,T,0.0289560880991845,7.5763527871214e-14,8.02166955207177e-11
22,46710962,G,GT,0.0236674411946302,4.59163831179311e-07,6.15407783382569e-06
20,32280829,G,T,0.0235748130104292,4.79500840193839e-19,8.45029139740282e-11
06,155332315,C,T,0.0283845485392707,1.62646289323079e-10,9.37896569091698e-11
06,155349999,C,A,0.0164868992551766,9.70889614995823e-10,1.99527134420355e-07
19,3375572,A,G,-0.0340509551958498,1.92552416782594e-13,1.15758367108143e-10
16,55532458,T,C,0.0209754157688255,9.49836769658567e-18,1.17284226906739e-10
16,55069361,T,C,0.0215939697432948,3.98530843506742e-12,7.33914163844527e-10
03,11573615,G,T,0.0268965421943705,4.34933657159765e-15,1.3151083226962e-10
08,80822461,G,A,0.0223426703938842,3.07807066480715e-20,1.37063352827887e-10
10,20142470,G,T,-0.0247031519700948,3.1443988902409e-16,1.41262420098986e-10
10,20513949,G,A,-0.0751344033855619,2.38977164095189e-06,2.43131760326347e-06
11,115080042,C,G,0.034749223855949,4.96782136875312e-45,2.80311762647012e-23
05,72615428,A,AG,0.0247102323385117,1.8424465669795e-16,1.63783158572861e-10
18,10348334,T,C,-0.0213655165887449,1.7701535341924e-17,1.73794991719777e-10
18,10032806,G,A,-0.01684585429163,1.05097505645622e-08,2.33646302355655e-06
01,38461821,T,C,-0.0212722064707973,2.9085279635246e-25,1.75298366558835e-10
06,126386403,G,C,0.0174450238508903,1.75051529516712e-13,2.4027664356236e-10
06,126600533,A,C,-0.0282275181822442,4.34040498038207e-13,2.0877586127476e-09
06,126642219,G,A,-0.0250588172382567,2.46406602130885e-10,3.48448851279084e-06
09,95643890,C,CA,-0.0223985634809414,3.63084081175376e-20,2.58975449070012e-10
09,96461013,G,A,0.0226386682695778,9.73276949587645e-10,3.9167328724825e-13
09,96948218,AT,A,0.022170669952771,4.13514308104159e-13,2.98046736529779e-10
08,116671848,G,A,0.0341420090893641,1.39750067149904e-29,3.95296037035848e-21
08,117167843,T,C,0.0252068597623821,1.75012071854071e-15,3.28982629569966e-10
10,102075479,G,A,-0.0275120721802542,9.04600739955909e-14,3.69745094543523e-10
11,10922033,A,C,-0.0267244495211228,2.73200768045968e-14,3.75517600459411e-10
17,43130624,GGTTT,G,0.018072852768034,6.90487845260531e-14,4.07665487181756e-10
17,43572896,T,G,-0.019309068511456,6.57425155006183e-09,3.35756320901693e-09
04,146077698,A,G,-0.0306528396533541,1.23141035229434e-11,2.16250982391477e-12
04,145597759,G,A,0.0177062306244334,1.38618470761688e-15,4.13667486329899e-10
07,92237533,A,T,-0.0252404847989557,1.26319108588748e-14,4.73565812549669e-10
09,110907520,G,T,-0.0234756975170721,1.90364416871544e-12,4.80210884050866e-10
09,111133954,C,A,0.0182075618447102,1.6805940471703e-08,4.61962247640784e-07
13,110440832,AT,A,-0.0217383959864069,1.55443007051255e-18,4.87973259242262e-10
16,11642910,T,TA,-0.0210643284598356,5.21893616264247e-15,4.92563018977165e-10
16,11930010,T,C,0.0197496522809316,3.52333418447534e-09,1.2249984483008e-07
05,127787610,C,T,0.0204497325994464,1.02320987210749e-26,4.97054413812023e-10
16,4021734,G,A,-0.0282625682149188,5.13349779834839e-12,5.84347017208839e-10
16,4447477,A,G,0.0197562827304265,1.29519900881805e-09,4.89653241883486e-07
16,67082610,C,T,-0.058612285454578,1.72639831367093e-10,5.86693476357214e-10
16,67005605,C,CA,0.0221367431126178,1.03288103735026e-08,1.16586276902103e-06
14,35224430,C,A,0.0203810984913874,2.13776441165589e-26,6.09216040130381e-10
17,7790048,C,A,-0.0436126356098047,3.84246072305919e-13,6.52591473737343e-10
17,7371932,T,C,-0.0197812014020183,1.14705215136837e-16,7.79751292892549e-07
17,17136891,T,C,0.0205237344947771,1.99221856592438e-22,6.72414262436919e-10
22,36677914,A,G,0.0232206218716286,1.70784939239492e-18,7.32548357717278e-10
22,36813946,AT,A,0.0370283434282865,3.30739027453063e-07,5.08618251559688e-06
06,168432467,G,A,-0.0306271328734759,6.9029723263471e-15,7.37199927941669e-10
06,168128170,G,GTAA,0.0364292377994044,2.1341967629252e-12,2.84995683015029e-09
06,168479314,T,C,-0.0224305502123995,9.07929892228351e-07,8.25574986652165e-06
01,113205526,C,CTGT,0.0226876923609594,5.28996441111429e-13,7.51638274781139e-10
01,113010808,G,A,0.0171982836524926,3.10943888723475e-11,5.40374929784211e-07
06,56377713,C,T,0.0713004320357019,3.07817056363316e-10,7.61822388217587e-10
16,53834508,C,T,-0.0214222321121906,4.08979631634329e-13,7.73361883897885e-10
16,54288061,G,A,-0.0306109799398212,1.10076933813164e-07,3.91873168013974e-07
16,54020442,T,C,0.0166288152391818,1.00664972954217e-10,8.96774767102558e-06
04,86736384,AT,A,0.0333237847666782,8.11776462459097e-12,7.842306587436e-10
06,21894616,AAG,A,-0.0318961048695063,8.13364001109052e-11,8.42217120308074e-10
06,21395407,T,C,0.0154013767494754,4.67833332543647e-10,6.101126032797e-06
06,27846744,G,C,0.0297053311560212,1.74419680421204e-12,8.8536750034147e-10
15,85660184,T,C,-0.0426460693848999,1.64699071853439e-09,9.52469648157022e-10
15,85498209,A,G,0.0193617671429364,1.49829425619178e-09,1.28946114929544e-07
12,28614139,G,C,0.0222913985530029,4.40897605497574e-12,9.84653616816981e-10
12,29103922,A,G,-0.0232997591761113,5.78645914438386e-09,1.92938666318757e-08
01,218944491,A,G,-0.0208735383612663,3.04712249366443e-18,1.01057934142417e-09
01,218518422,G,GTCCT,-0.0240798154291806,1.42811556766453e-08,1.0408907676431e-07
01,218729686,T,A,-0.0494641216925713,2.85338485212269e-06,5.13834679757056e-06
17,43946291,A,G,-0.025258529381441,4.54094623185072e-14,1.01309276631768e-09
02,218070164,T,A,0.0276054445282014,8.79978710642157e-13,1.10469212215775e-09
18,60054857,C,A,-0.023132618786499,2.39522077972602e-15,1.11498520851607e-09
01,163874234,A,G,-0.0199820942506562,3.6742154263383e-25,1.1213301182539e-09
11,58810230,T,C,-0.0478270123219483,8.4650246877908e-10,1.12714279407175e-09
11,58421179,T,C,0.0154066962049997,2.635385793806e-10,3.42304072836227e-06
01,85332120,C,T,0.0223104867201982,1.09010260208326e-16,1.15571551878299e-09
05,158242545,G,A,-0.026506001868675,5.19193277139624e-13,1.25123519809006e-09
07,96230686,G,A,-0.0279251234807162,1.34500939678272e-27,1.98801286005446e-15
07,96718371,G,GT,-0.0231761832913175,2.15029627189506e-15,1.29589501647631e-09
14,53752240,T,G,-0.0213799495397794,2.12296780912614e-17,1.31014475610649e-09
17,41862277,G,A,0.0656427920465144,1.17853079989145e-28,3.46991545375122e-27
17,42669685,T,C,0.0206587401986247,4.1287029275878e-09,1.34222495429492e-08
05,54832387,G,A,0.0350093174213814,6.26087620547122e-10,1.48820266964752e-09
05,54787875,AT,A,-0.0267450662192327,4.40878034496598e-08,6.32519440972813e-09
05,55015068,G,A,0.0374303564322452,1.18416353707635e-06,2.64411496383659e-06
11,48085189,G,A,-0.0242468128634226,9.5321122339989e-14,1.6702094334558e-09
07,119659037,T,C,0.0285970630051685,2.0813751034739e-15,1.74673640598669e-09
07,120128089,C,A,0.0971498049878087,5.40238250438982e-09,6.19951249559495e-08
07,120001555,G,A,0.0702505400343039,1.041458504469e-08,3.04295014594297e-07
17,79394536,G,A,-0.0237310495487087,6.43386082016751e-13,1.78933334045123e-09
17,79841732,C,CA,0.0266165972128944,8.14874440783027e-07,4.31744453689195e-06
02,233790522,T,A,0.0200581949770155,6.31999623639842e-22,1.9019870787665e-09
01,89255039,T,C,0.0202046786424934,1.89283151519777e-19,2.05184717074689e-09
22,39129708,G,A,-0.0228675432149212,1.05147911788005e-14,2.11941766861776e-09
07,38029944,A,C,0.0646793357451224,1.43136641792165e-55,5.50335002901483e-59
07,38009814,G,A,-0.0325175143802037,1.02227845005213e-24,2.76277374342628e-32
02,19870341,C,T,-0.0220596834268396,2.3306159801686e-15,2.30344410756707e-09
13,24828827,G,A,0.0270270395763352,2.75539851723106e-12,2.31405930999512e-09
12,2502996,T,G,0.0273572757288788,3.6472635906381e-12,2.44653838159602e-09
06,148829441,A,G,0.0205630452541071,4.37553107911108e-23,2.48721762792586e-09
05,132443605,CAG,C,0.0217219367559205,1.14484508953419e-15,2.95470008114906e-09
11,121800971,G,A,0.0197901807920394,7.6705901022278e-18,3.15105664325716e-09
11,121670712,T,C,-0.0363470343659304,6.22520916780124e-09,1.49238186389943e-08
03,57860352,C,T,-0.024804737937622,5.66545739035894e-13,3.22001903771872e-09
17,62479273,A,C,-0.0213190398440918,1.07855972038601e-15,3.61303097619524e-09
17,2048713,T,C,-0.0523375245094431,4.41839486957678e-89,4.19740090954759e-51
17,2240400,C,T,0.0672796595691634,8.93643491654973e-07,1.78902939046155e-09
01,149995265,G,A,0.0204270434191033,4.88718520050644e-20,3.67777013693837e-09
02,54549967,G,A,0.0365480797405339,8.64213652851116e-20,9.54915930782999e-20
02,54465632,T,C,0.0556287585736386,4.26462536068103e-20,1.22847521554458e-09
02,54492442,C,G,-0.025699932145766,2.64982370155434e-23,3.00911244513832e-10
11,92625457,G,A,-0.0217683757334577,7.58551374297364e-15,4.31830466903948e-09
16,88453759,C,T,0.0200318731631969,2.53470939091036e-15,4.32763553713744e-09
16,88834014,A,C,0.0250131208510855,5.02528875416052e-07,7.64324424356958e-07
05,31134721,T,C,0.0199974900457767,2.99592577072163e-18,4.60271554518202e-09
22,50724733,G,T,-0.0214391078390089,5.75512986458764e-13,4.7192430246441e-09
22,50329119,C,T,-0.0193707476886466,3.64334618376492e-09,1.09730761108498e-06
05,135430668,G,A,-0.0300519126363394,4.03944334243262e-11,4.74781919485912e-09
07,121069949,A,C,0.0851856594149629,7.0132713445208e-169,7.84964478784858e-64
07,121081616,A,ATTT,-0.115249410153651,1.79500945744197e-41,2.57976139389846e-06
07,121069017,A,G,0.154523429479525,8.52017194822811e-30,1.58845453630346e-13
02,71630041,C,A,-0.0195389537161478,1.7692743682543e-18,6.30072447618403e-09
02,112484417,G,A,0.0234534161392444,1.18451002217805e-09,7.29012344852623e-09
02,112913501,G,A,-0.0159619904988105,7.01718325737311e-14,2.92858700768435e-07
10,123663944,C,T,0.0199769434852967,3.22764796291838e-15,7.45955316318977e-09
10,124140752,CAG,C,0.0227497464399967,2.23049183339962e-08,4.14375348537428e-07
01,119544674,CACACAG,C,0.0195201944167292,1.78554591033738e-18,7.4662575042648e-09
16,1148713,C,T,0.0581379641747452,3.92118730150243e-09,8.57543184453125e-09
16,982832,G,C,-0.0174087417578389,9.5423090309813e-09,5.85429391058296e-06
15,65776993,C,CA,-0.0224669739555085,7.20402234394721e-14,9.19973448363841e-09
05,42504295,T,A,0.0211252903083732,1.44590146569375e-26,1.65660771039754e-10
05,100045362,C,G,-0.0188502487061963,1.57077999287735e-22,9.84993820956059e-09
05,73739663,A,G,0.0257558897848537,1.46333215015362e-11,1.0003245792832e-08
13,50975192,C,G,0.0225086932963605,2.96496221699546e-13,7.96058948238837e-11
13,50504226,A,C,-0.0183219576571529,1.93460279042165e-09,2.73503160747505e-08
10,28602440,GATAAA,G,0.0214396631554326,1.02528630193759e-16,9.86436298668795e-11
10,29093379,G,A,-0.0189595413534942,1.34174199045335e-12,1.09264695178934e-08
01,75255491,G,A,0.0191110966124188,9.50037398157351e-19,1.14989082576046e-08
X,21468207,C,T,0.0789717599526118,8.91967851239149e-09,1.16556906641103e-08
10,94961320,A,T,-0.0187458140051275,4.81385642823113e-22,1.19521547194622e-08
04,157515425,A,AT,-0.0212158100515587,3.15521166913808e-17,1.20553083826739e-08
10,3744022,C,CT,-0.0225279869823873,1.36983754706217e-13,1.25652738353341e-08
06,2503734,G,C,0.025736143861156,1.26000541086993e-30,4.12988695184033e-15
03,30731123,G,C,-0.0195466667475431,2.83279207409118e-16,1.52420345898595e-08
18,46465540,C,A,-0.0188117100687079,3.66921985296184e-22,1.56740269594075e-08
12,3215022,TCA,T,-0.0189070938662742,1.4724377877792e-18,1.61527521606605e-08
12,116649969,G,GAAC,-0.0221486871643697,1.97070171351666e-12,1.6618036294497e-08
12,116251777,G,A,0.0255345116412553,9.45968501091576e-07,6.48087623188496e-06
14,75787011,A,G,0.0201641104606703,3.62547198220726e-10,1.66978314174816e-08
14,75670211,T,G,-0.0165845606179093,4.15738033146634e-13,1.26946531122468e-07
09,136138765,GCGCCCACCACTA,G,-0.0242326825866902,9.01785928716149e-12,1.79676494378447e-08
11,16271834,CTT,C,0.0210228453855126,1.01427200301296e-09,1.31673570079721e-09
03,56270272,T,C,0.0277728292160315,2.34053130730769e-14,9.02384447015777e-14
03,57134246,T,C,0.0184082535655862,5.07080906688352e-09,1.18114016620116e-06
03,56724832,C,T,0.0168962324143294,4.63044370622776e-09,3.96439391140083e-07
09,130320119,T,C,0.0204652701335131,9.9449821578992e-14,2.27484713342749e-08
10,131313824,C,T,-0.0195790542334615,3.20115220661889e-15,2.33772638748168e-08
13,52205904,G,A,-0.0197847673749429,4.13025862260771e-15,2.40485106332887e-08
14,103910423,C,CTT,-0.0376326701452893,1.49881442455548e-54,4.29344710632868e-27
17,58935217,A,C,0.0529696730191659,2.93005499075943e-39,9.0154872773621e-30
19,18157742,C,CTTTGTTTGTTTG,0.0207807791116546,6.58353565406689e-12,2.67768893842463e-08
19,18573028,GTGTA,G,0.0171821064915543,2.2558808262359e-09,2.22793074998058e-06
07,100510437,G,GA,-0.0191823837519803,1.302697004209e-18,2.93247687712611e-08
06,136233659,A,G,-0.0258569919329379,1.35352354121238e-10,2.95616059357936e-08
06,127389780,A,AT,-0.0483127167664575,7.65730447462811e-75,9.36401345552839e-40
06,127378698,T,C,-0.0647753568363492,3.59788994680327e-15,8.65147498127527e-07
06,126412953,C,T,-0.0184706119957549,1.19627739508275e-09,7.67838670050333e-07
21,36421692,AT,A,0.0244307989960288,3.07124805826623e-09,3.36711125675999e-08
21,36575097,T,G,0.0221951343311686,3.41136461431139e-08,1.16717688424399e-07
21,36878925,CAA,C,-0.0156194779534593,1.31098460583941e-10,1.45054208624574e-06
04,54338855,A,C,0.0222160050039268,4.38443640852846e-12,4.59503009705199e-08
17,66691183,C,T,-0.021235833346627,3.00537194550701e-12,4.68230087912653e-08
09,111500251,T,C,-0.025443426386343,1.71757939310882e-10,4.71041615221497e-08
03,32902022,T,TCTC,0.018088497603138,3.94454619337367e-21,4.88217713732433e-08
11,124955977,T,C,0.0178786970173853,5.60268444823457e-12,4.90878594970516e-08
11,125070197,C,A,0.0196753021670026,4.03821295268751e-07,2.99125365320968e-06
11,125439423,C,T,-0.0233223475816375,1.24496295882032e-06,2.35503649477504e-06
12,65995687,A,G,0.0204458229772956,1.49076942051822e-12,5.13154252904908e-08
12,66336692,C,T,0.0214647260272128,2.13230688073046e-09,4.94445595624643e-07
01,6693641,C,CATT,-0.0188454273121017,3.97888768705333e-15,5.19247132525403e-08
01,220010583,T,TA,-0.022741242695542,4.89202554230699e-14,7.48727523658105e-12
01,219015679,A,G,-0.0168061869758233,2.45027388117671e-11,4.41719926815612e-09
10,77622692,C,G,-0.0179100189246351,1.51665216757466e-19,5.22089791780051e-08
06,24905909,T,C,0.0430949619985953,1.21625380986081e-08,5.61420832536009e-08
17,59026525,C,T,0.0519889550352417,1.69160786033096e-32,5.3496885848785e-30
17,59508427,A,G,0.0209812091007794,2.74494221408663e-08,3.2392082655796e-08
17,59592743,A,T,-0.0168182156613651,2.16223302423335e-08,7.74803027551874e-06
05,112185073,T,TA,-0.0185257010717958,8.85990912166223e-21,5.83772186664214e-08
06,109601672,C,CA,0.0179569682203221,1.34489952962074e-20,5.85177719533196e-08
17,80508790,T,C,-0.0185023359449546,1.39791293718353e-15,5.95804166896086e-08
08,70179978,G,A,-0.0204689185520824,1.2418755766405e-10,5.99079233589457e-08
08,69881278,C,T,-0.0685702052863898,2.68821778552392e-06,8.19100448127079e-06
08,70227833,T,C,0.0467294167232145,2.01515374947854e-06,4.93226245188197e-07
11,68218290,C,T,-0.033577853977161,2.88974933008311e-27,1.74467078081493e-31
11,67791077,G,A,-0.0883420617907202,5.51685732172637e-08,5.4804807849099e-09
04,71992629,G,A,0.0271878478268687,1.08095844713307e-09,7.34491880981965e-08
05,36649053,G,A,0.0249494613508825,3.68256223569644e-10,7.48008117159322e-08
14,70486865,T,C,-0.0211874341570316,9.11476857191957e-12,7.4862838261232e-08
09,113570699,A,T,-0.0168530550277897,5.16514364588375e-13,7.69653785841287e-08
09,113397207,G,A,0.0191753271905059,4.3584360830425e-07,1.00246878640242e-06
09,16686323,G,C,-0.0204233247817529,1.33223601601806e-07,8.47805547845914e-08
09,16845510,A,G,-0.0171978990791242,5.64020533457918e-10,2.98676465654514e-07
12,26436315,T,C,-0.0184834958691642,5.49541266960404e-15,8.73848432343573e-08
14,95549402,C,T,-0.0305843444854971,4.73811757637813e-09,8.91027562441606e-08
01,27303884,C,T,-0.0180959039047789,5.21555284391474e-16,8.92424759846122e-08
19,13165884,C,T,0.0242612097712104,3.25014671944825e-10,9.17370638544157e-08
06,2048330,G,A,0.04536524710903,-99,3.4903455522924e-09
20,10634675,C,T,-0.109130379398338,-99,4.51140283137257e-26
11,16630779,G,T,-0.0413765457611301,-99,1.08199749435265e-10
01,22483649,T,TGGGGGG,-0.0797282784007156,-99,5.26356877491955e-27
07,37946540,C,A,0.089348671981715,-99,3.46824284213062e-24
17,42164584,G,A,0.0629725121175272,-99,2.72010916220121e-18
11,68174189,G,A,-0.1066482666372,-99,7.42633676937547e-26
07,96603943,T,A,-0.0736406202750321,-99,1.36312937092251e-12
09,96623821,A,G,0.0386645698959631,-99,9.3039411186705e-13
11,115459742,C,T,-0.0547105429434759,-99,1.04943181868499e-09
11,115512211,C,A,0.0556398218287583,-99,4.91145730602359e-09
08,116940451,TA,T,0.0772556719343396,-99,8.06691834814641e-11
02,119038598,G,A,0.115643558966279,-99,6.30591892891382e-53
02,202958208,C,A,0.054710803771976,-99,3.75092486455083e-15
01,219783674,G,A,-0.0703475678385621,-99,3.99684887234725e-10
