chrom,pos,major,minor,beta,p_value,gwas_p_value
07,120954908,G,T,0.171440918743473,0,0
06,127459552,G,C,0.0861521439061125,8.79396742985927e-242,7.92034414584236e-87
06,151907958,T,C,-0.0796766308181962,4.31547198637899e-86,1.1395204889526e-71
06,152010370,AT,A,0.061768654872004,7.84944371832952e-84,2.0010114733281e-54
10,54424184,A,G,-0.134823946096475,1.32745781276288e-86,2.36334722858991e-60
10,54413909,A,G,-0.0550190040403477,1.66272839876006e-43,9.90085910892448e-13
10,54467180,A,G,-0.0374676900203308,7.99523353792357e-28,8.53035544572679e-17
02,54659707,G,C,0.0748641111847645,2.65614731739982e-106,3.98106777536514e-60
02,54839276,G,A,-0.0503065668422757,2.74132550746033e-31,4.50476961412946e-22
02,119510493,G,GC,0.340856203541436,7.14298005781406e-47,2.1694896716153e-59
02,119611026,T,C,0.0459119758810311,5.28434743414325e-29,8.74816783471527e-29
22,19677948,CG,C,-0.113046131994713,1.11691519057309e-68,9.17115476478135e-55
01,240586695,C,T,0.0785632455566076,1.29911020813691e-66,1.53616713235576e-45
11,86868033,C,T,-0.0650549304650366,9.09893641083724e-81,2.48541730998071e-43
19,33538783,A,G,0.101755874508091,5.42043740707805e-50,1.46393810425221e-41
11,112437007,G,A,0.0596242664368507,3.62517212248699e-97,6.78150012416916e-41
14,54419106,A,C,0.0613652170484411,2.75483767702382e-96,1.03215603440133e-40
07,38110394,C,T,0.0465695985262746,4.93752100281705e-23,1.85329973664591e-35
07,37946958,A,T,0.051430891242679,5.70707771975507e-21,5.97400733196472e-17
07,38099909,CT,C,-0.0454306151802883,1.32790502009376e-36,6.83061611771028e-34
06,133575048,G,A,0.0538640153131465,5.4272182073352e-90,1.2829612073528e-34
10,31054186,G,A,0.0507856636991062,2.38821585481188e-86,4.93987344015372e-31
13,42973283,T,TA,-0.050151734594829,2.77009267520953e-84,2.88663488755553e-30
04,994414,G,A,-0.0692170220355256,1.73488306779074e-39,1.48910660983703e-29
04,1012300,T,C,-0.0879360367165654,7.42391142032975e-19,8.22020914790839e-15
04,997488,G,T,0.0682513672107103,4.70406174769329e-14,8.30335985580604e-19
02,202832130,C,T,-0.059077325445728,3.897947882423e-36,7.19226272389297e-29
02,202954983,GA,G,0.0288190019983518,5.30096906970352e-18,5.61496123067197e-10
17,2026417,G,GA,-0.0511821268137017,1.09518732084408e-51,1.40457583311288e-27
12,90533915,C,T,0.0483684531170232,1.06715189976834e-61,2.67087303146208e-27
06,45386202,T,C,-0.104140395866186,1.31747863221176e-28,6.02633250246951e-26
11,27306238,G,A,0.0458971793501415,1.15482934524256e-49,5.92516965651683e-24
07,96135291,T,TTGTCAA,-0.0468899328188263,6.68408480818631e-47,5.99847533393561e-24
03,41118450,G,T,-0.0453284713514551,1.98758767286432e-48,5.05007744041137e-23
03,40936591,A,AC,-0.0275499577846255,5.42631301453375e-10,6.1955470439092e-06
11,68243369,G,A,-0.0361551797531476,1.60765060299388e-17,2.66167016617761e-22
11,68174189,G,A,-0.0665141319425854,3.75964084808773e-10,8.77156464882899e-21
20,10984609,C,G,0.0450763172944281,1.9137172485381e-33,1.07009991390739e-21
20,10629525,T,C,-0.0669940511819994,7.1673977666417e-19,4.42312955115806e-18
20,11150594,T,C,-0.0723400344639863,6.28164155209485e-11,8.98216283437684e-11
22,29478760,C,T,0.0434386380976662,1.24112195035485e-42,2.10099281826795e-21
17,41825112,G,A,0.0735816903027842,1.57305344788572e-22,5.70622510509946e-21
17,42162694,C,CT,0.0397502128599997,1.00795447338468e-20,6.4828522516224e-14
20,6383527,A,G,0.0429458799395737,1.87875187513016e-41,6.28646233242215e-21
08,9090902,A,G,-0.040260696242885,4.71338701187091e-58,3.10541256082338e-20
21,40350120,G,A,0.0440992772587845,1.40480040664917e-28,1.18284205575486e-19
21,40051447,G,A,-0.0238308905810805,4.96433707016556e-08,2.74279933865874e-06
07,120932447,A,G,0.168473605688947,0,3.29980269665399e-253
07,120927109,C,A,-0.0453909614224639,1.12608161194989e-09,1.40531970961601e-45
07,120444833,G,A,0.0439903139175327,7.92829197276691e-06,2.31902736973312e-19
01,22710877,G,C,0.0401706486344182,3.42217499966492e-16,5.04634652196043e-19
01,22531542,G,A,-0.0525007391881836,1.32743407404815e-10,6.54359217834947e-13
01,22668771,C,T,-0.0339906874924874,7.73009331808e-15,5.66813530285018e-18
12,49379537,G,T,-0.178076503827504,2.76389526753577e-19,7.77225512138839e-19
04,88831249,A,G,0.0422254947993255,1.11499774373289e-24,1.1630400028495e-18
04,88645344,T,C,-0.0242738195879765,1.33852591330717e-14,1.47619476706615e-07
12,13328208,C,T,0.119323801065251,1.37011450654081e-20,1.78912714021284e-18
12,13333283,G,A,0.0439254949010918,5.53879617459722e-08,4.15787225805368e-06
02,118941207,C,G,0.0792454028789691,3.5584263383023e-08,9.78673913202232e-06
02,119350062,T,A,0.0484774176338903,4.38239359588741e-08,6.72740278232564e-12
17,58906854,C,CAA,0.055015594945352,1.34313147315842e-22,2.29867975301265e-17
14,103881561,TAACA,T,-0.0390055594300408,5.28227682737585e-34,2.34558234241565e-17
18,13688383,G,A,-0.0384521926341688,1.22763301412208e-34,3.52230103039818e-17
11,115044850,C,A,0.0371218968149483,8.49406621462899e-27,4.77963808440285e-17
11,115491436,A,AT,-0.0218719701460032,1.74569541700333e-08,3.73883513870548e-06
16,410178,G,A,-0.0845540359748024,4.71960247208513e-15,8.47335498997936e-17
16,359953,G,A,0.0237958043042772,5.44501468389659e-13,1.59088155678033e-10
01,68658267,A,C,-0.0231905326951306,2.77493651102482e-15,1.0407873710091e-16
01,68589282,G,T,0.0321222553997455,1.55182817519045e-15,2.22094665510301e-15
01,68725907,A,C,0.0348181955322834,2.88300420535162e-10,3.06067786629372e-10
15,51516055,C,A,0.04092666831372,7.21238938950447e-22,1.51518437899715e-16
15,51628119,T,A,0.023278675771573,1.95425542164411e-08,1.18567119394713e-06
02,42247361,G,A,0.0432889586093639,1.25238992572416e-24,2.34427859826123e-16
13,22812173,A,G,-0.0396546363646112,7.43196415347887e-29,3.40534709570579e-16
13,22983760,G,T,-0.0274899052506847,3.21089798964749e-10,1.90628236360152e-06
12,1637130,T,G,-0.0591564511441129,2.84607201791401e-14,9.85723509698169e-16
12,1638214,A,ACCCT,0.0302030613211609,1.30808132203778e-13,3.88502542849097e-12
08,116663898,G,A,0.0386854014711346,1.13085088105054e-26,1.49010076885388e-15
13,99536215,T,C,0.0389599918916877,4.02864063981333e-25,3.43330938470002e-15
11,62201239,T,C,-0.107152754067131,1.46399890847365e-15,8.84182038199293e-15
17,926740,G,A,-0.0364860465059555,1.19102060280781e-26,9.38500418734215e-15
07,30955539,G,T,-0.0397641173047302,4.33280783093845e-22,2.17745938088157e-14
03,156552785,G,A,-0.0392501640885849,1.44285271341681e-16,4.14763614858036e-14
03,156795414,G,T,-0.0267422504000374,2.22212898430896e-15,1.03694926398701e-09
11,47119875,T,A,0.0343086811599352,1.02792673992831e-24,2.63985065280666e-13
19,1163596,A,G,-0.0344501989892343,8.17688772979477e-25,2.74101135342164e-13
16,51906686,C,CA,-0.0254417702408246,1.68653331195275e-18,3.29788980672167e-13
16,51903981,C,A,-0.0483653652524656,1.25637027580273e-07,1.19064663194781e-12
05,80277353,C,T,0.034076417139282,3.53184278564086e-24,3.66845527382649e-13
09,110920807,G,A,-0.0378482070092562,1.41685340318484e-18,4.72439791715474e-13
09,110742192,G,C,0.0344807635925377,6.69299223197936e-07,2.72252351047543e-06
07,28751655,G,A,0.0384133852673701,5.84814414975106e-16,1.16172579513603e-12
07,28609388,C,A,0.0276458670440732,4.9126003572653e-10,6.81729354477828e-08
01,113075948,A,AT,0.0382197977527024,1.05456262262934e-18,1.18957338426751e-12
11,15243059,G,A,0.0587637549801731,2.3984327783617e-14,1.42440888206433e-12
20,39832628,T,C,-0.0384289864372606,6.61315499537057e-18,1.90080458132978e-12
15,67432460,C,CA,0.0313378321442269,7.88617776499302e-32,2.04153861993497e-12
03,56169965,A,T,0.0434794756827648,3.41081057356738e-12,2.63517408320856e-12
03,56235770,A,G,-0.0217469664513529,2.93546332539727e-13,1.86685834802905e-08
01,119451543,T,TCA,0.0310642438392781,1.76961813034122e-31,6.50289361384089e-12
07,15726373,T,C,-0.0312424080555717,1.43408126789531e-23,8.58256975525388e-12
11,59960726,C,CTT,-0.0296604914207096,1.91354908827204e-17,1.170476469532e-11
11,60173360,G,A,0.0239532935896839,6.40437798618141e-11,3.50576988308774e-08
07,20052543,G,A,-0.0308984133343913,1.05584156529916e-16,2.07240252808454e-11
07,19609722,A,G,0.0241874450538272,6.73400134731939e-10,3.0438544390656e-07
10,27887685,T,C,0.0291566765245422,2.81196348826021e-30,2.5986861920039e-11
08,72217903,A,T,-0.0319826284780351,1.45241098534601e-13,4.64867056612005e-11
08,71762220,C,CA,0.0227319101918468,9.67529605791721e-12,1.30981162759856e-07
15,85621779,CAAAAAAAAAAAA,C,-0.054672099150133,9.38016029823034e-13,4.92770056171336e-11
06,131321291,C,CT,0.0341036399457195,7.15971720024087e-17,5.0255108852504e-11
06,29923248,C,G,0.0289834055477124,3.36125397874891e-29,5.42265244528233e-11
02,40636240,A,G,-0.0350992872385914,8.90232230238722e-16,8.70465153717527e-11
07,27970454,A,T,0.031219332769943,1.70775941209086e-18,9.59496632241819e-11
02,200454560,G,A,-0.0372731224402232,1.5456060034766e-14,1.11332854567837e-10
04,57907587,C,T,0.0293501627168121,9.05764563794764e-22,1.2608202564096e-10
06,55604708,T,C,0.056796985184677,9.80707652702953e-13,1.53707173284345e-10
06,55676621,C,T,0.0810657190808988,4.22538413206693e-08,3.73382262014467e-07
20,45604420,G,T,-0.032275652063686,8.7005319136045e-17,1.57131583331719e-10
14,91467567,A,C,0.0367827053847413,2.54092164768533e-14,1.62377304909157e-10
11,68384646,T,C,-0.0475916725174912,3.46403096348403e-28,7.78258079989721e-22
11,68855363,G,A,0.0283300918328745,1.36648341188636e-17,2.02153318779025e-10
20,7551554,G,A,-0.0294778667426871,3.67025175098736e-15,2.06910282351723e-10
20,7147515,A,C,-0.0262223667662565,4.36503931047106e-10,5.68704329641668e-08
04,146174631,C,T,-0.0374710179440714,7.07890717673689e-14,2.24539738984415e-10
11,16672348,G,GA,0.0306605777409383,1.18009813240826e-17,2.32427882311141e-10
04,38373506,ACCTGTC,A,0.0466235038388355,2.35059345447608e-12,2.7261422494044e-10
01,220189734,G,GA,0.0359467608907039,3.12926574455882e-12,2.85527120037615e-10
01,219969844,TTA,T,-0.0269194662526822,1.22936169661288e-17,9.03314929561216e-09
10,114722621,G,A,-0.0364873706080624,3.21194417858802e-13,3.40291254751485e-10
10,115166770,G,A,0.0290010476954888,4.17283850265265e-09,6.72240874185321e-08
10,114767771,G,A,0.022410458283997,2.79857777192488e-08,6.58679697197281e-06
10,20379812,T,C,0.0274233864824095,9.0022149918437e-22,5.21217240447706e-10
10,20143109,C,T,-0.030088146031659,1.24194963885835e-07,9.5171995326852e-07
16,86714715,G,C,-0.0347996361111197,6.12770701881751e-14,5.81555118646815e-10
11,65326154,G,A,0.0394883626786875,8.46292665601699e-17,6.89674323021931e-10
11,65417434,G,A,0.0293786942417161,3.97321221003318e-18,1.62619808738264e-07
16,51025468,G,A,0.0403760125529601,1.04559447500241e-12,7.52206802412673e-10
16,51178081,A,G,0.0354329590719538,8.21712256099447e-10,5.92620730219067e-08
01,2921939,AC,A,-0.109716953570323,3.67393584601189e-10,7.70675258210331e-10
16,67322118,G,C,-0.0809567372947396,9.99183366481255e-10,8.80629461130949e-10
16,67005609,C,T,0.0291189658755848,1.18500806420281e-08,3.72582959589681e-07
X,43877175,T,C,0.0242835803315699,1.36785235835195e-14,1.03095605207914e-09
17,54263286,GA,G,0.0271133373089222,1.06494804869453e-20,1.07918156723458e-09
11,35097298,T,A,-0.0266741711759874,3.70710594511424e-24,1.11444031090857e-09
20,33586193,C,T,0.034538980310781,3.70435215000943e-13,1.41168917952004e-09
06,127281547,C,T,-0.0342181364326576,8.54667446812173e-27,1.41748004768623e-17
06,127117533,CAA,C,-0.0396212377398536,3.38541747529404e-06,9.26135255704163e-10
X,57446668,G,GT,0.0265076070548213,3.86795768482448e-13,1.51776418095029e-09
01,22355978,G,A,-0.0335620872605454,6.98842764751526e-13,4.31088947144647e-11
01,21943136,C,T,-0.0250234902839072,1.32194973360086e-11,1.86259016108067e-08
12,12299769,G,A,0.0368007989789173,1.90858213953743e-12,1.63062118437997e-09
07,27218229,A,G,0.0449839121755007,1.37190897101119e-10,1.66142365007698e-09
07,27715092,C,T,-0.0320886040018645,4.81046535958733e-10,1.51756602834376e-07
07,27221227,C,T,-0.0724529365803346,9.89918954464105e-07,2.33056651149332e-07
07,105494963,A,G,0.0279551480469025,2.83734011140628e-17,2.07901970140638e-09
11,113062881,G,A,-0.0992729424315296,9.39398534367134e-10,2.24095127728074e-09
07,25711262,T,C,-0.0305540268364337,1.84312195909445e-14,2.31018089820377e-09
03,49889919,T,C,0.0278956357018957,7.97852651712563e-17,2.55174087622089e-09
09,118756890,T,G,0.0483096730821405,1.47905118948472e-10,3.14047143614928e-09
04,87976359,A,T,0.0222361827886096,1.22396972506036e-13,4.67662292701721e-09
04,88159671,C,T,-0.0336725266363795,1.24825874298577e-07,8.263639462355e-09
10,28463950,T,C,-0.036526375123952,1.30312326064349e-11,5.08714350085782e-09
06,74481076,G,A,-0.0255874226035403,8.57540843129921e-23,5.13793186604894e-09
22,41617318,C,G,-0.0265020003170965,9.38646335296989e-17,8.13825112072551e-09
09,98255103,A,AG,-0.0262478301519321,8.39183805193285e-17,1.06489176478037e-08
01,201597947,T,C,-0.0316769433334904,3.32710238385531e-12,1.07361559811812e-08
17,58266649,G,A,0.0793190790224801,5.19452635610852e-09,1.2910297870823e-08
12,588944,G,T,0.0252514348871755,6.1497959368835e-20,1.37125842690041e-08
03,150066540,T,A,0.0537087276530681,1.64075462656152e-09,1.50494581046354e-08
15,91054223,T,C,-0.0250728095923017,4.68010927856771e-21,1.52984501298572e-08
03,148472975,G,A,0.0374774895140287,1.44791203282017e-10,1.57897569787781e-08
05,39436552,TA,T,-0.0271360185515709,1.09151969030788e-14,1.59799363513889e-08
01,8440400,C,CT,-0.0280306643130401,1.1087182918347e-15,1.80866899009105e-08
17,63549979,A,G,-0.0255296546570636,2.11739138279534e-16,1.89001479481536e-08
14,54785867,T,C,0.0340527223170613,3.0999833752011e-09,1.43989029531024e-08
14,55106743,T,TA,-0.0265136492724451,2.13952635049455e-14,2.32590734310941e-08
10,123685402,T,TA,-0.0375682861677629,9.7652602301118e-11,2.33992777067214e-08
02,54881621,C,T,-0.0387950225146644,8.00659251546207e-28,2.98783672698028e-23
02,54982893,G,A,0.0510995435745402,1.8859300209873e-12,6.07188875684562e-16
02,54715480,C,T,0.030929270415187,1.31754221819151e-07,9.05459814330014e-08
08,70199014,T,A,-0.02951909493071,2.85187854167652e-12,2.64180938151419e-08
01,170680145,A,T,0.0244190693639546,3.2012018794805e-20,2.72919629732731e-08
08,119917642,T,C,0.0922901890165563,1.61098930707829e-08,2.94863502604591e-08
02,64865804,T,C,-0.0241596752700783,2.20229858776032e-19,3.74006999479297e-08
21,28774023,G,A,0.0243273712922222,6.08884627367841e-19,3.97329742154388e-08
08,71482998,TA,T,-0.0243494041616626,9.3401644050983e-22,4.43198107238694e-08
01,221474264,C,CT,-0.0245006081805922,2.82773037597538e-18,4.5276497074599e-08
15,70594071,G,T,-0.0249737149889757,1.49353024460694e-18,4.63998442602604e-08
15,70399191,G,A,0.0478207335585393,1.7046953957562e-07,1.033223658008e-06
12,26461145,C,A,0.0283916385195583,3.11935347173643e-12,4.69001928900643e-08
06,56158115,C,A,0.0540309883748284,8.02332368518178e-09,4.86712736017489e-08
09,97267274,C,T,0.0250535572539683,1.33606373399301e-15,5.4830809938195e-08
19,59018016,C,CT,0.0308444721814487,6.95373237009389e-12,5.63975779478765e-08
06,83717672,TA,T,0.0259967048253174,9.48939005344615e-14,5.64830016990359e-08
08,96700543,A,G,0.0286457402379192,6.56705212544921e-12,5.68328326584167e-08
06,136231011,C,G,-0.034667307124776,5.07698445625639e-10,6.10720980400659e-08
06,7050935,G,C,0.0793865573097898,3.34343222749268e-08,6.93665270285259e-08
13,50609238,T,C,-0.0256782140569932,7.49853992188739e-14,7.30442776264261e-08
01,16087260,C,T,0.0319123654251751,1.55792141040135e-10,7.32711623014761e-08
16,55059130,A,G,0.0255487125490539,1.9336283720057e-13,8.05353467445585e-08
04,186677536,TAAG,T,0.0253994245627911,5.94483803435076e-14,8.42694907937419e-08
22,28390438,GT,G,-0.0321438577284026,1.93696046184675e-11,8.97702186927291e-08
19,2513914,AC,A,-0.0257747846266539,7.30752253766419e-15,8.98615726465104e-08
09,130320557,C,T,0.0319399929923996,1.36131737119398e-10,9.25217474227071e-08
17,80527356,C,T,-0.0236996177045929,5.24166929103611e-17,9.96704950520905e-08
09,16527129,A,G,0.0235116152761518,4.4907902835781e-20,1.02307623867026e-07
17,27948844,C,T,-0.0236056558311212,7.62396200211113e-18,1.05524786675162e-07
03,173424762,A,G,0.0271111452589103,9.33328817209146e-12,1.06774364719765e-07
02,160003445,TA,T,0.0243237945222721,1.06959160856948e-14,1.0834724090881e-07
08,22501409,G,C,0.0686840046975679,4.68029187940159e-08,1.17336032666782e-07
01,218990817,G,A,-0.0237711270836282,7.32533657080593e-16,1.17888193590297e-07
01,172230239,A,G,-0.0235132141270438,1.33338366998279e-19,1.18315541342287e-07
06,105389104,A,G,0.0231422593702248,2.0708347247484e-19,1.24887916197732e-07
02,119161638,A,C,0.120090112791736,-99,4.31783281965751e-35
