chrom,pos,major,minor,beta,p_value,gwas_p_value
7,120954908,G,T,0.171442405462308,0,0
6,127459552,G,C,0.0861508911659147,8.92195128747237e-242,7.96129969519216e-87
6,151907958,T,C,-0.0796742808935801,4.36270105167779e-86,1.14860695872605e-71
6,152010370,AT,A,0.0617691819838594,7.82025914624874e-84,1.99753184503645e-54
10,54424184,A,G,-0.134821476259078,1.33620591744077e-86,2.37632892689017e-60
10,54413909,A,G,-0.0550192838204221,1.66064474216734e-43,9.89163820998324e-13
10,54467180,A,G,-0.0374709280064213,7.91106719006358e-28,8.47696786454536e-17
2,54659707,G,C,0.0748631445162288,2.67088937217727e-106,3.99290128837275e-60
2,54839276,G,A,-0.0503052318033509,2.75074424169471e-31,4.51539523220512e-22
2,119510493,G,GC,0.340853015061435,7.15472758290902e-47,2.17279263276917e-59
2,119611026,T,C,0.0459124769381158,5.27614398505344e-29,8.73770011688185e-29
22,19677948,CG,C,-0.11304663898041,1.11488332408021e-68,9.15590288729369e-55
1,240586695,C,T,0.0785602944988477,1.31319568295874e-66,1.54788337312905e-45
11,86868033,C,T,-0.0650555592825228,9.06234487186281e-81,2.47973617269416e-43
19,33538783,A,G,0.101752173157064,5.46269093563483e-50,1.47292702605089e-41
11,112437007,G,A,0.0596268825582624,3.55388258596241e-97,6.72641909204101e-41
14,54419106,A,C,0.0613620198928851,2.81614430893527e-96,1.04164038173582e-40
7,38110394,C,T,0.0465721072021041,4.91069467986851e-23,1.84669364208201e-35
7,37946958,A,T,0.0514284168550452,5.73091684869035e-21,5.99248483115601e-17
7,38099909,CT,C,-0.045428156939376,1.33919227708542e-36,6.85403673270084e-34
6,133575048,G,A,0.0538660203997669,5.34284141259772e-90,1.27546588140219e-34
10,31054186,G,A,0.0507851523130339,2.39625144965722e-86,4.94514808887217e-31
13,42973283,T,TA,-0.0501512807107781,2.77811181190386e-84,2.88927065190899e-30
4,994414,G,A,-0.0692204937014575,1.7194013552861e-39,1.48064121800053e-29
4,1012300,T,C,-0.0879367578378368,7.41821440128155e-19,8.22088913201142e-15
4,997488,G,T,0.0682453023675085,4.72788848447241e-14,8.34260241826891e-19
2,202832130,C,T,-0.0590769040516399,3.9014772785521e-36,7.19443896268128e-29
2,202954983,GA,G,0.0288190090229182,5.30030178330854e-18,5.61458041420381e-10
17,2026417,G,GA,-0.0511812146937684,1.09932107713519e-51,1.40729485806788e-27
12,90533915,C,T,0.0483684001065421,1.0670547814795e-61,2.67167188856252e-27
6,45386202,T,C,-0.104135195555278,1.32543773706923e-28,6.05918911479223e-26
11,27306238,G,A,0.0458971988517872,1.15435812051736e-49,5.92335439416934e-24
7,96135291,T,TTGTCAA,-0.0468910646999644,6.64866294687728e-47,5.98190661618281e-24
3,41118450,G,T,-0.0434279875585743,1.78483418503872e-56,5.03142952333992e-23
11,68243369,G,A,-0.0361539280470118,1.61158592293975e-17,2.67076570161662e-22
11,68174189,G,A,-0.0665106609490684,3.76732527959862e-10,8.80705393992016e-21
20,10984609,C,G,0.0450745409979126,1.92436757696405e-33,1.07376406453677e-21
20,10629525,T,C,-0.0669945555884794,7.16229049986866e-19,4.41963052430085e-18
20,11150594,T,C,-0.0723436025311906,6.26773417687039e-11,8.96296281553939e-11
22,29478760,C,T,0.0434340169922978,1.26588976311475e-42,2.12139229071791e-21
17,41825112,G,A,0.0735774487804241,1.58159379611887e-22,5.73413570642764e-21
17,42162694,C,CT,0.0397533731495932,1.00079491088126e-20,6.45298045849314e-14
20,6383527,A,G,0.0429466058841754,1.8724648610026e-41,6.27629436863147e-21
8,9090902,A,G,-0.0402618989022429,4.6753545336792e-58,3.09655676865315e-20
21,40350120,G,A,0.0441758945724217,1.94597590975032e-34,1.17948914410842e-19
7,120932447,A,G,0.153524543175554,0,3.24558105341701e-253
1,22710877,G,C,0.0401724089327071,3.41174433847995e-16,5.03749648246054e-19
1,22531542,G,A,-0.0525003082469828,1.32781518218344e-10,6.5464933852635e-13
1,22668771,C,T,-0.033988128320957,7.76521070347836e-15,5.68803498770804e-18
12,49379537,G,T,-0.178078107357695,2.76154343385066e-19,7.76492632987755e-19
4,88831249,A,G,0.0414159242524118,7.57864857084116e-35,1.15731192776243e-18
12,13328208,C,T,0.11597448250733,1.43908866232873e-19,1.7908088738978e-18
17,58906854,C,CAA,0.0550122078378498,1.35096475337839e-22,2.30893852169248e-17
14,103881561,TAACA,T,-0.0390050111149296,5.29221227510421e-34,2.34771496449556e-17
18,13688383,G,A,-0.0384551588183893,1.21309110067594e-34,3.50250858199438e-17
11,115044850,C,A,0.0372735690675648,5.27427753226899e-39,4.75145623635904e-17
16,410178,G,A,-0.0944851310568184,1.1863032151589e-18,8.43811335511457e-17
1,68658267,A,C,-0.0370553582280539,3.64466285839161e-46,1.03502496001044e-16
15,51516055,C,A,0.0413636341962082,6.58792613925528e-27,1.51470722038347e-16
2,42247361,G,A,0.0432871267041422,1.25782753250116e-24,2.35085134787472e-16
13,22812173,A,G,-0.0378697433039548,2.2147973058451e-31,3.41605639801298e-16
12,1637130,T,G,-0.0667930471560636,5.38881569786115e-18,9.86895721468606e-16
8,116663898,G,A,0.0386848801552994,1.13242270701089e-26,1.49126886226508e-15
13,99536215,T,C,0.0389673178857404,3.94689351058713e-25,3.39212101253343e-15
2,119161638,A,C,0.122241320898368,-99,4.31354072008015e-35
