chrom,pos,major,minor,beta,p_value,gwas_p_value
07,120962164,A,G,0.156010520024883,1.01932639191567e-295,0
10,54437901,G,T,-0.149810752754608,1.41445598530478e-212,1.73389520117627e-133
10,54412481,C,A,-0.0637164268742087,9.76798541767785e-139,6.43175441923282e-34
06,151901409,C,T,-0.0759653545331003,1.79622495189507e-137,3.22757147186612e-116
06,152010534,T,C,0.0696378098940724,5.08176506055659e-185,7.12787546966791e-116
06,127468274,A,C,0.0741400948510147,0,1.75307333921183e-112
02,54683711,C,T,0.0757668841603519,1.11168896194631e-166,7.83484276827676e-102
02,54871277,A,T,-0.0474582561351342,2.36174897102036e-54,6.19335034498208e-35
22,19679303,G,A,-0.109139839518596,5.07159547756932e-115,3.43381982880757e-92
01,240586695,C,T,0.0809102435057405,1.14649634502591e-123,2.36811192807832e-84
11,86887931,A,G,-0.068734699728189,1.10593685053577e-159,2.71345598130812e-84
02,119510493,G,GC,0.299180311763684,1.16451352100193e-59,8.62695100069317e-79
02,119605586,G,C,0.0488895674490667,7.92204001054055e-58,7.46912390105605e-51
07,38108665,A,G,0.0521339575016915,3.02753328221536e-44,3.66834308015531e-71
07,38110626,C,T,-0.0497533380087417,4.20058546880559e-75,1.17348257076296e-68
07,37946540,C,A,0.0463379064449081,1.18792559285879e-29,1.02825426327695e-23
14,54419110,G,C,0.058278143730823,7.04380331016814e-152,7.4588641250999e-63
13,42952145,C,T,-0.0518503590020292,1.35226300537919e-160,3.13448270588377e-56
11,112396795,G,C,0.0529492552327691,1.55941678831954e-128,1.64767000144593e-55
19,33544187,G,A,0.0881221906365642,7.71482256797202e-65,3.67438788125703e-54
17,2026417,G,GA,-0.0543771096401992,2.53300577296405e-101,2.87701601746112e-53
06,133577921,A,C,0.0466325449093238,4.41258097314285e-66,1.31873584283478e-51
06,133816623,T,TACTCATTTATTTATA,0.0248182208841486,2.28259360894443e-19,9.14030605661127e-21
12,90533915,C,T,0.0501318323971058,3.48090249052426e-116,1.13767235716678e-50
04,1003022,C,T,0.0346038106193467,3.10590668430988e-39,4.29505346479139e-49
04,1004864,T,C,-0.0594051250988592,1.47865885926578e-48,1.86172394971415e-47
04,1012300,T,C,-0.0771751328916905,1.14987144074205e-25,2.14029832367101e-24
01,22702077,C,A,0.060945696333885,1.41156486049692e-56,1.05788020870967e-45
12,13328208,C,T,0.141374462680695,5.92073098720257e-48,3.68170282261505e-45
06,44847529,G,A,-0.0970186845348422,8.60733636564195e-41,5.56880805956446e-45
06,44727789,A,T,0.026994627864104,6.33822380466634e-41,6.28102160109638e-24
02,42220572,GTTT,G,0.0563978445297052,8.46491301218158e-69,5.95797005360077e-45
11,27317383,C,A,0.0444945309898806,3.12332508635493e-85,2.15692378315211e-39
18,13719510,G,A,-0.0444149189186741,1.44074246590053e-79,1.26541384614319e-38
03,41123984,A,G,-0.0421876730202235,2.68043637339331e-94,1.78583637514925e-37
08,9085295,T,A,0.0417024301339487,3.42051432936496e-105,5.7275954669481e-37
11,68271686,GT,G,-0.0345957806923449,3.90547395529886e-29,1.70667699107884e-32
11,68174189,G,A,-0.0533858164670739,1.95383129277458e-11,3.93474710235003e-25
17,41798621,G,A,0.0712346434317566,2.09490899305526e-34,2.08802244305655e-32
17,42164584,G,A,0.0318310207542597,5.93655494773291e-26,3.03003670714019e-18
02,202832130,C,T,-0.047025978509169,1.39500231559354e-42,4.30477189710308e-32
02,202958208,C,A,0.0269921268306853,2.08898766498678e-20,1.11013192706487e-15
02,202793520,G,A,-0.0364694938794897,6.23454423834437e-12,3.70053365224894e-10
17,59013682,A,G,0.0544469277714564,1.95693352115384e-41,2.79236429170191e-31
07,96146489,C,T,-0.0396072115882419,2.16316011492622e-41,7.4262499458189e-31
07,96041731,T,A,-0.0258811555770193,5.97098283361898e-20,5.58237089145485e-16
07,96590472,G,T,-0.034007445952967,2.61595101434306e-13,1.82199356091234e-12
22,29474482,AAAG,A,0.0398652175365691,1.64233144233545e-63,8.15449846995247e-31
07,30955539,G,T,-0.0449883808399312,6.30282384630438e-48,1.2657891421367e-30
21,40340996,ACAGCCACC,A,0.0425977783117579,4.71171649080141e-44,2.08306953902339e-30
21,40047176,A,G,-0.031806082417899,1.86253532048267e-22,2.23716266363729e-16
20,10984360,T,C,0.0363521919104503,2.0888110662341e-64,4.50830666787227e-29
20,11150594,T,C,-0.0578423019801505,8.01627943055134e-12,5.05804492589922e-12
10,31042804,A,G,0.0365737713647344,1.33972847964653e-83,8.52716478802644e-29
02,118895728,A,C,0.0252370204494293,5.59894041171268e-16,4.29696257261695e-14
02,119132563,T,C,0.0557517082216442,8.16391819383397e-12,3.26042622516338e-32
12,49379537,G,T,-0.190293830012057,1.05694753713208e-34,6.06699934144537e-28
12,49385679,C,T,0.0340511115069849,4.59629713577357e-33,7.41903456044169e-13
14,103852725,T,C,-0.0376422869718685,8.04847129289026e-57,8.96938468541802e-28
11,15226187,A,G,0.0705555882594078,3.92262970617461e-31,2.32626191459201e-27
11,62201239,T,C,-0.110510175529079,9.69938994198453e-29,3.62058908913976e-27
20,7551554,G,A,-0.0368016810620365,2.78756101424269e-49,1.80196490605919e-25
20,6364504,C,T,0.0347455104513452,2.76490409564867e-46,2.58813472088513e-25
20,6755009,C,T,0.0479006448685864,9.55260632130154e-15,1.16357458406869e-13
20,6467481,T,C,-0.0231069836304986,1.78676880503907e-12,1.34726266322952e-09
03,156587548,TC,T,-0.0508024210575495,1.73888285833724e-27,5.38181330765683e-25
03,156795468,A,G,-0.0273577706897935,8.45325249920214e-31,1.19312158866055e-16
11,115044850,C,A,0.0355591239471792,5.39187601331979e-51,5.6455804196663e-25
11,115459742,C,T,-0.0304401714771607,3.19174511746944e-12,1.63188464253279e-09
16,410178,G,A,-0.0770917953324426,1.51220411787729e-21,1.30863954832824e-24
16,359953,G,A,0.0237335139957377,8.26857747637122e-22,4.80963018773957e-17
01,68664755,GAC,G,-0.0290884080573902,1.72520224627668e-26,3.665959447132e-24
01,68604094,A,G,-0.0265008823075252,3.42989225059536e-18,2.31795416063315e-17
01,68725704,A,G,0.032522240646317,2.98897379639932e-14,1.05947566775883e-14
12,1638214,A,ACCCT,0.0347793228079189,6.45771743325278e-30,4.92080552305275e-24
12,1637129,C,G,-0.0456238432037139,6.35722124655117e-15,2.77971061115365e-18
16,86714715,G,C,-0.0422800293307907,4.18051388141961e-34,1.04556381283408e-23
16,51903981,C,A,-0.0607184111403486,2.13026186866649e-22,7.5680209104563e-23
16,51758116,G,A,0.0308927074652929,1.00177994390776e-21,1.67893523648693e-17
11,46898771,C,T,0.0328305013136855,9.81364276621057e-42,2.63913888610476e-21
08,116659578,G,C,0.034389421658002,1.05205203008515e-36,3.45725217554565e-21
07,28725536,A,G,0.0359743204714294,5.29539849997262e-34,7.0491459287367e-21
19,1169066,A,G,-0.0327342006826979,5.52881306460478e-27,1.7614615279678e-20
19,815086,G,A,0.023807175481048,6.26765288092908e-22,9.46914205281743e-13
09,133452158,C,T,-0.0317300058531072,2.86021058923137e-40,4.43894416140438e-20
07,27970153,C,T,-0.0321718660743533,3.94563245141858e-38,5.14316991106406e-20
15,51537806,C,T,-0.030957159903839,3.29880556988174e-43,5.1950462926087e-20
13,99584305,C,T,0.0327229938314433,8.14200263980904e-36,5.35765945998222e-20
07,120824194,CA,C,0.0786609078089412,1.74989155814563e-306,6.2967138995571e-105
07,120825166,A,G,-0.111319484511303,9.71764629873772e-38,4.07956978277142e-17
07,120754275,C,T,0.103096142743225,9.58650069365937e-15,2.30962864656032e-29
05,39382261,A,G,-0.0298394540625393,7.67801956035499e-54,1.22564176777347e-19
12,589872,CCTG,C,0.03050493540172,2.18159712034477e-44,1.49284292759606e-19
17,54263286,GA,G,0.0300830074077033,2.42142726137082e-43,2.56672412902516e-19
11,35097298,T,A,-0.0295213194287018,6.62184473150815e-50,2.99858143194183e-19
07,25696199,T,C,-0.0368968254620051,6.15072238905292e-28,3.94409862604628e-19
04,88794878,C,G,0.0391627896626291,2.05893150836448e-21,7.09425707689777e-19
04,88752026,T,A,-0.0305676125813511,1.24443153714446e-12,3.21561332938453e-12
04,38361120,G,A,0.0491939988290136,1.81688418097472e-22,1.27047716320369e-18
16,81580088,G,A,-0.0287928264229342,1.14092277159409e-50,2.39801096013251e-18
15,70552313,G,A,-0.030311929374863,2.58378369072048e-34,4.99389384122869e-18
06,7050935,G,C,0.0913486014394886,1.88124100515896e-17,6.02460047895728e-18
06,7231843,G,A,-0.0382507834225955,4.24478198860826e-16,3.54831190206968e-14
20,39832628,T,C,-0.0354013638916637,4.48764812507643e-26,6.38353511908647e-18
07,15726373,T,C,-0.0295503668943259,1.67304616606139e-36,7.56949577719417e-18
10,134459388,A,G,0.0336904158437783,1.04654638191379e-26,1.38155928790676e-17
07,127015083,G,A,-0.100774459833902,4.83157126383622e-18,2.91141220290404e-17
03,56169965,A,T,0.0430897864387696,1.96411432635827e-21,3.08732389339266e-17
11,68381218,TAAGTA,T,-0.0437556328638401,1.5391959051574e-42,2.67353101289509e-32
11,68855363,G,A,0.0285934392012549,5.03217304822595e-30,3.41424593743345e-17
11,118515579,T,G,-0.0322948302653747,1.59711064543765e-27,3.57622138739381e-17
08,71555752,GT,G,-0.0277020106011349,5.97540262403582e-41,6.72119199201557e-17
01,172243879,TA,T,0.0288154582451091,1.4678390817073e-36,7.52812277743917e-17
13,51106788,G,A,0.0305790486334728,1.44647661261042e-28,8.4074336733517e-17
15,67432460,C,CA,0.0275462228345361,4.42149081544129e-43,1.51884878437099e-16
01,170683707,T,TA,0.0268061746833475,3.99266265965912e-41,4.48091282109411e-16
14,91453712,CA,C,0.0353764664855574,5.35197246647308e-22,5.40674400426655e-16
X,43877162,C,T,-0.0312693757535871,8.55604914485215e-13,6.19140115402906e-16
X,43877175,T,C,0.0193504232520078,4.09323336814622e-16,1.584162270254e-15
01,210466625,G,A,0.034840116336169,1.09379494829488e-21,1.03361574725855e-15
06,2504051,C,G,0.0261279654964161,1.6197463639902e-31,1.59738879923048e-15
06,2048330,G,A,0.0230699191596297,3.71677892350016e-11,1.87592631110194e-09
13,22810615,A,G,-0.0278568759637975,8.42313800222045e-30,1.93590166858772e-15
X,56393782,G,C,0.0263255367497694,1.55233881459012e-20,2.28500532054368e-15
09,98229389,C,G,-0.0271276607092292,1.61757510351315e-30,2.33086711683545e-15
10,60264741,A,T,0.0263700246513533,1.27966935189999e-36,2.59338822680706e-15
01,8503242,G,A,-0.0274033959430275,5.31305263063436e-30,2.60418370088965e-15
05,148787469,G,A,0.0272841445048583,1.57023188824496e-28,4.35907591747271e-15
X,8910963,A,C,0.0239426624559424,3.44729376908248e-22,4.36589580347043e-15
20,45595883,C,T,-0.0307180269152651,6.56936539796799e-23,5.89507820749254e-15
16,51025468,G,A,0.0388681481716609,2.70121109380089e-18,8.19419276657625e-15
16,51169234,C,G,0.0248522338731517,4.62801711079904e-22,2.70107095240044e-12
06,131344906,T,C,-0.0267649169332821,2.01692233280875e-29,1.06815356428969e-14
01,16177578,A,G,0.0405676067653147,1.81835317480425e-17,2.32143457430131e-14
10,28442841,G,A,-0.0329416658507997,1.07065847160094e-16,2.74949841019216e-14
10,28584624,G,A,0.0517639167595588,3.79849025424923e-10,4.51283871633604e-11
01,221476976,C,T,-0.0254936380696953,7.53833361439674e-32,2.93462644629466e-14
05,50791314,C,T,0.0414645192843192,6.68048496188684e-17,4.06676476208017e-14
11,59962189,G,A,-0.0253007941251107,2.22587553963882e-31,4.28992018042885e-14
17,27948844,C,T,-0.0249095758605393,1.16917208648779e-33,5.92429453195574e-14
04,146167657,A,G,-0.0330136157758387,8.14794695084653e-19,7.14659001244919e-14
04,17875735,TCTC,T,-0.0279293039277927,1.45415482391206e-22,8.80597821620401e-14
06,55644601,G,T,0.0522109820949397,1.12678632814492e-16,9.43212318633008e-14
06,55676621,C,T,0.0848372096016034,2.11613127163889e-14,1.01776813967754e-12
01,2904634,A,G,-0.0989004924167493,3.58789629549141e-14,9.91784921808501e-14
17,48337073,T,C,0.0290718035356603,6.1266756282864e-21,1.11719119017682e-13
08,119917642,T,C,0.0924912866722832,4.11999490479194e-14,1.33068430704966e-13
06,29899485,G,A,-0.025668313942938,4.68693874846792e-33,1.4617929065366e-13
11,113029572,A,G,-0.0898050614764557,4.56845570307674e-14,1.50534713204343e-13
07,105494963,A,G,0.025849981915082,3.58320082212371e-25,1.63751604434844e-13
03,50274278,C,T,0.0441105183681725,8.74711966541003e-16,1.74693185875453e-13
07,27243221,T,C,0.045061375956094,3.32268123419558e-14,1.87639978798725e-13
07,27653025,AT,A,-0.0302677535601,1.23922192771624e-13,8.09332560524723e-11
07,27239550,C,T,-0.0695452172651265,1.61891620839792e-10,1.94018267246308e-11
02,200446732,T,A,-0.0322459039068191,2.56824581209494e-18,1.89054583695774e-13
09,96445594,C,T,0.0278198637654501,1.69958289202955e-17,2.28254452445605e-13
09,96916536,A,T,0.0220540725710957,4.54447330280082e-15,3.98324732986633e-10
05,80281743,G,GGT,0.0271907332443066,1.05441901886825e-22,2.32429772629621e-13
20,33263828,TA,T,0.0256508607487521,1.35320568837455e-33,3.00175851181735e-13
01,220039754,T,TG,-0.0254761596681604,6.8787668323197e-15,4.16068499856887e-13
01,220122993,A,G,0.0300063997573606,1.46915671332631e-16,1.74252044495256e-12
01,219783674,G,A,-0.0365914262223948,4.16113573154071e-09,4.87528615633812e-10
04,95089067,G,A,0.0310541195212463,5.08671353559533e-18,5.00941152293365e-13
02,28941150,A,G,0.0246921774707739,9.30372997727386e-26,5.77499761090206e-13
02,54745110,A,G,-0.0684037775098893,8.05457447609468e-67,2.71203418373428e-52
02,54794927,A,C,0.0359425761148298,4.48403414082788e-30,1.07722646495826e-18
17,9154855,A,G,-0.030266803429162,3.75279828984698e-18,6.96580440303361e-13
15,91059898,GT,G,-0.0238853778022398,1.56827233929114e-30,9.82474734705438e-13
06,74509629,G,A,0.0234476661895427,7.09583327689415e-34,1.01459135719542e-12
05,122742602,T,G,-0.0261762665438733,9.14024052096872e-21,1.48450292924398e-12
02,238372824,T,G,-0.0272626370696886,2.02165321557014e-19,1.90802360525535e-12
17,926121,G,A,-0.0248337904509708,2.61905627872957e-22,2.15863193199904e-12
06,130345791,A,G,-0.0249719208446382,8.9270785408448e-22,2.99363572936347e-12
11,16244497,G,A,0.0259406537565781,4.56150252923817e-20,3.25332401264886e-12
17,69845900,T,A,-0.0229937502484352,8.51312276028737e-30,3.38055619025957e-12
04,87976359,A,T,0.0234839507961162,1.38525154766342e-26,3.42938376406596e-12
11,8900394,C,T,-0.0307024090632037,2.3266294319475e-16,3.8324031915336e-12
10,27892500,G,A,0.0228229994108348,6.0809234158673e-33,4.43026439732005e-12
20,10976954,A,G,0.0305606824537515,1.44584452978235e-35,1.2186948889522e-25
20,10640201,G,A,0.0273580410775729,1.21138387324621e-16,1.44941455475802e-19
10,114724473,A,G,-0.0278734558732483,1.23276320958323e-17,7.32572289916144e-12
06,164126233,C,A,-0.0332980393935086,6.66607942014572e-15,8.66879672426773e-12
02,181951865,T,TAA,0.0244799512525003,5.5142275476747e-21,9.8477255031021e-12
02,40666351,A,G,-0.0225744370465967,4.80767781501371e-31,9.85758822778834e-12
17,29818258,C,T,0.0231011222302403,1.69237893133763e-23,1.37033587218687e-11
11,65466496,AG,A,0.0251832541834439,1.10260460785981e-21,1.48827051280199e-11
11,65307402,C,T,0.0255027795342126,1.27477262036723e-13,5.23499832797655e-09
08,127990833,G,T,0.0237444789820451,5.26679614600105e-21,1.53754960797596e-11
20,10634675,C,T,-0.107236183203139,-99,2.27966927262493e-25
01,22483649,T,TGGGGGG,-0.0819489987134045,-99,1.93687648610928e-27
02,119038598,G,A,0.105569936671881,-99,3.84206831847409e-53
