chrom,pos,major,minor,beta,p_value,gwas_p_value
07,120954908,G,T,0.171442405462306,0,0
06,127459552,G,C,0.0861508911659108,8.92195128790282e-242,7.96129969519216e-87
06,151907958,T,C,-0.07967428089358,4.36270105167556e-86,1.14860695872605e-71
06,152010370,AT,A,0.0617691819838589,7.82025914626657e-84,1.99753184503645e-54
10,54424184,A,G,-0.134821476259086,1.33620591740776e-86,2.37632892689017e-60
10,54413909,A,G,-0.0550192838204235,1.66064474215894e-43,9.89163820998324e-13
10,54467180,A,G,-0.0374709280064213,7.91106719006432e-28,8.47696786454536e-17
02,54659707,G,C,0.074863144516229,2.67088937217476e-106,3.99290128837275e-60
02,54839276,G,A,-0.0503052318033522,2.75074424168507e-31,4.51539523220512e-22
02,119510493,G,GC,0.340853015061479,7.15472758271562e-47,2.17279263276917e-59
02,119611026,T,C,0.0459124769381153,5.27614398505994e-29,8.73770011688185e-29
22,19677948,CG,C,-0.113046638980392,1.11488332413594e-68,9.15590288729369e-55
01,240586695,C,T,0.0785602944988343,1.31319568302554e-66,1.54788337312905e-45
11,86868033,C,T,-0.0650555592825184,9.06234487208441e-81,2.47973617269416e-43
19,33538783,A,G,0.10175217315708,5.46269093544425e-50,1.47292702605089e-41
11,112437007,G,A,0.0596268825582641,3.55388258591696e-97,6.72641909204101e-41
14,54419106,A,C,0.0613620198928862,2.81614430891313e-96,1.04164038173582e-40
07,38110394,C,T,0.0465721072021103,4.91069467980395e-23,1.84669364208201e-35
07,37946958,A,T,0.051428416855048,5.73091684866198e-21,5.99248483115601e-17
07,38099909,CT,C,-0.045428156939375,1.33919227708999e-36,6.85403673270084e-34
06,133575048,G,A,0.0538660203997695,5.34284141249269e-90,1.27546588140219e-34
10,31054186,G,A,0.0507851523130349,2.39625144963796e-86,4.94514808887217e-31
13,42973283,T,TA,-0.0501512807107788,2.77811181188779e-84,2.88927065190899e-30
04,994414,G,A,-0.0692204937014665,1.71940135524725e-39,1.48064121800053e-29
04,1012300,T,C,-0.0879367578378399,7.4182144012609e-19,8.22088913201142e-15
04,997488,G,T,0.0682453023675066,4.72788848447992e-14,8.34260241826891e-19
02,202832130,C,T,-0.0590769040516394,3.90147727855595e-36,7.19443896268128e-29
02,202954983,GA,G,0.0288190090229169,5.30030178332582e-18,5.61458041420381e-10
17,2026417,G,GA,-0.051181214693768,1.09932107713712e-51,1.40729485806788e-27
12,90533915,C,T,0.048368400106537,1.06705478151024e-61,2.67167188856252e-27
06,45386202,T,C,-0.104135195555264,1.32543773709096e-28,6.05918911479223e-26
11,27306238,G,A,0.0458971988517896,1.15435812050377e-49,5.92335439416934e-24
07,96135291,T,TTGTCAA,-0.0468910646999691,6.64866294674066e-47,5.98190661618281e-24
03,41118450,G,T,-0.0453297840177785,1.97466966608227e-48,5.03142952333992e-23
03,40936591,A,AC,-0.0275464616766196,5.4532468964775e-10,6.21589177370587e-06
11,68243369,G,A,-0.0361539280470115,1.61158592294056e-17,2.67076570161662e-22
11,68174189,G,A,-0.0665106609490643,3.76732527960769e-10,8.80705393992016e-21
20,10984609,C,G,0.0450745409979108,1.92436757697537e-33,1.07376406453677e-21
20,10629525,T,C,-0.0669945555884715,7.16229049993615e-19,4.41963052430085e-18
20,11150594,T,C,-0.0723436025311936,6.26773417685887e-11,8.96296281553939e-11
22,29478760,C,T,0.0434340169923017,1.26588976309388e-42,2.12139229071791e-21
17,41825112,G,A,0.0735774487804328,1.58159379610084e-22,5.73413570642764e-21
17,42162694,C,CT,0.0397533731495935,1.00079491088058e-20,6.45298045849314e-14
20,6383527,A,G,0.0429466058841765,1.87246486099403e-41,6.27629436863147e-21
08,9090902,A,G,-0.0402618989022461,4.67535453358569e-58,3.09655676865315e-20
21,40350120,G,A,0.0441006786953136,1.39902979075552e-28,1.17948914410842e-19
21,40051447,G,A,-0.0238298740941981,4.97061460061622e-08,2.74535257792483e-06
07,120932447,A,G,0.16847636124026,0,3.24558105341701e-253
07,120927109,C,A,-0.0453930609645059,1.1240335188819e-09,1.40581224524995e-45
07,120444833,G,A,0.0439886821296864,7.93416696634989e-06,2.3221799874836e-19
01,22710877,G,C,0.0401724089327064,3.41174433848401e-16,5.03749648246054e-19
01,22531542,G,A,-0.0525003082469828,1.32781518218354e-10,6.5464933852635e-13
01,22668771,C,T,-0.0339881283209579,7.76521070346496e-15,5.68803498770804e-18
12,49379537,G,T,-0.178078107357694,2.76154343385215e-19,7.76492632987755e-19
04,88831249,A,G,0.0422280684588266,1.10763490342393e-24,1.15731192776243e-18
04,88645344,T,C,-0.0242746213139846,1.33574388309481e-14,1.47506971780317e-07
12,13328208,C,T,0.119322230612941,1.3715231129659e-20,1.7908088738978e-18
12,13333283,G,A,0.0439251474284569,5.5398920783366e-08,4.15847667507154e-06
02,118941207,C,G,0.0792437184905126,3.56063752665478e-08,9.7916380767867e-06
02,119350062,T,A,0.0484747970463114,4.38952981915194e-08,6.74012774515551e-12
17,58906854,C,CAA,0.0550122078378442,1.35096475339169e-22,2.30893852169248e-17
14,103881561,TAACA,T,-0.0390050111149265,5.29221227516652e-34,2.34771496449556e-17
18,13688383,G,A,-0.0384551588183879,1.21309110068257e-34,3.50250858199438e-17
11,115044850,C,A,0.0371249703868257,8.4115679132857e-27,4.75145623635904e-17
11,115491436,A,AT,-0.0218739470657401,1.74045743199356e-08,3.73100257419595e-06
16,410178,G,A,-0.0845596443923204,4.69970218628083e-15,8.43811335511457e-17
16,359953,G,A,0.0237954430782195,5.44897257193157e-13,1.59072768072774e-10
01,68658267,A,C,-0.0231930724599105,2.7554832478901e-15,1.03502496001044e-16
01,68589282,G,T,0.0321242048841563,1.54561504351092e-15,2.20999753816562e-15
01,68725907,A,C,0.0348164198258606,2.88881858817412e-10,3.06478022041928e-10
15,51516055,C,A,0.0409267466338198,7.210155813891e-22,1.51470722038347e-16
15,51628119,T,A,0.0232765540247704,1.95995940118534e-08,1.18819685616693e-06
02,42247361,G,A,0.0432871267041382,1.25782753251335e-24,2.35085134787472e-16
13,22812173,A,G,-0.0396529239377771,7.47091615584336e-29,3.41605639801298e-16
13,22983760,G,T,-0.0274916621708727,3.20241660465938e-10,1.9027306177639e-06
12,1637130,T,G,-0.0591552243846124,2.84930764058617e-14,9.86895721468606e-16
12,1638214,A,ACCCT,0.0302027175612169,1.30880923635039e-13,3.88724172838934e-12
08,116663898,G,A,0.0386848801552969,1.13242270701922e-26,1.49126886226508e-15
13,99536215,T,C,0.0389673178857402,3.94689351058998e-25,3.39212101253343e-15
11,62201239,T,C,-0.107150945316457,1.46546277039661e-15,8.85033029921853e-15
17,926740,G,A,-0.0364865560731559,1.18891119177084e-26,9.37627545546851e-15
07,30955539,G,T,-0.039765388912854,4.31917109343692e-22,2.17273236153697e-14
03,156552785,G,A,-0.0392457677353533,1.4539417743446e-16,4.17377572009165e-14
03,156795414,G,T,-0.0267419483816606,2.22353867050614e-15,1.03753728389147e-09
11,47119875,T,A,0.0343076167970247,1.03116655876898e-24,2.64399387884181e-13
19,1163596,A,G,-0.0344495931119044,8.19101011885929e-25,2.74300521869973e-13
16,51906686,C,CA,-0.025440745597606,1.69165596641551e-18,3.30602470471629e-13
16,51903981,C,A,-0.0483616881068794,1.25908051470498e-07,1.1946125844993e-12
05,80277353,C,T,0.0340782106763569,3.51206440851913e-24,3.65796148126742e-13
09,110920807,G,A,-0.0378469091395114,1.42050581702173e-18,4.73241644025777e-13
09,110742192,G,C,0.0344820216563562,6.6864934441416e-07,2.72039010810448e-06
07,28751655,G,A,0.0384155871823733,5.82535600542064e-16,1.15831253915203e-12
07,28609388,C,A,0.0276446026243904,4.92123673525896e-10,6.8259521768977e-08
01,113075948,A,AT,0.038219653650543,1.05475778952279e-18,1.18984587034499e-12
11,15243059,G,A,0.0587615894930238,2.40346411490332e-14,1.42698874821293e-12
20,39832628,T,C,-0.038426417808348,6.64581496698862e-18,1.90711033103815e-12
15,67432460,C,CA,0.0313371192848467,7.90955062802351e-32,2.04394210294501e-12
03,56169965,A,T,0.0434803312287131,3.407256544135e-12,2.63266515372296e-12
03,56235770,A,G,-0.0217466424025691,2.93760697339397e-13,1.86757565752013e-08
01,119451543,T,TCA,0.0310626498896442,1.78177047244302e-31,6.51853058320614e-12
07,15726373,T,C,-0.0312413910554525,1.43860099781805e-23,8.59546145465894e-12
11,59960726,C,CTT,-0.0296591660504277,1.91962538922282e-17,1.17288081218155e-11
11,60173360,G,A,0.0239498071774072,6.44480250240242e-11,3.52120442811671e-08
07,20052543,G,A,-0.0308980435632443,1.0566179938933e-16,2.07322506668527e-11
07,19609722,A,G,0.0241887697779504,6.71924021984347e-10,3.03915082076851e-07
10,27887685,T,C,0.0291581217031728,2.79314168349e-30,2.5925929082201e-11
08,72217903,A,T,-0.031978607032157,1.46248095552532e-13,4.67207936500994e-11
08,71762220,C,CA,0.0227362346416795,9.58789459696579e-12,1.30322681765945e-07
15,85621779,CAAAAAAAAAAAA,C,-0.0546668382761555,9.42646262029831e-13,4.94836177858127e-11
06,131321291,C,CT,0.0341069665911122,7.10985583809523e-17,5.00361333837135e-11
06,29923248,C,G,0.028984628322775,3.34271871726351e-29,5.4122117367009e-11
02,40636240,A,G,-0.0350986505982279,8.91209296953038e-16,8.71111149008454e-11
07,27970454,A,T,0.0312216523732712,1.69770410890761e-18,9.56415696625916e-11
02,200454560,G,A,-0.037275381212645,1.53986286764947e-14,1.11033182329281e-10
04,57907587,C,T,0.0293499831736247,9.06159335837918e-22,1.26105729572893e-10
06,55604708,T,C,0.0568008395644084,9.77192368017578e-13,1.53224011848101e-10
06,55676621,C,T,0.0810535138572642,4.24495175054775e-08,3.74991287456793e-07
20,45604420,G,T,-0.0322732385315611,8.74546203681577e-17,1.57621426187423e-10
14,91467567,A,C,0.036785247966555,2.53036011108876e-14,1.61901947406241e-10
11,68384646,T,C,-0.0475898346600407,3.47982059667231e-28,7.80948593454661e-22
11,68855363,G,A,0.0283288346830122,1.37082961208906e-17,2.02515596268485e-10
20,7551554,G,A,-0.0294774496783204,3.67318274957298e-15,2.07001132179705e-10
20,7147515,A,C,-0.0262240003238688,4.35395557687133e-10,5.67619447241056e-08
04,146174631,C,T,-0.0374735183116639,7.05144947521115e-14,2.23911539320623e-10
11,16672348,G,GA,0.0306580727627828,1.18714437665043e-17,2.33196946389227e-10
04,38373506,ACCTGTC,A,0.0466231104787193,2.35141985595684e-12,2.72694046940606e-10
01,220189734,G,GA,0.0359489955639367,3.11941948480008e-12,2.84735100944941e-10
01,219969844,TTA,T,-0.0269174321203313,1.23612899162503e-17,9.05763811294962e-09
10,114722621,G,A,-0.0364874642213476,3.21125885558665e-13,3.40181733943255e-10
10,115166770,G,A,0.0289971958174394,4.19234398065994e-09,6.74915940440265e-08
10,114767771,G,A,0.0224102243168073,2.79938331905302e-08,6.58914604083964e-06
10,20379812,T,C,0.0274232900238034,9.00394976860787e-22,5.2124413008344e-10
10,20143109,C,T,-0.0300900260505365,1.23965811047887e-07,9.50130297376213e-07
16,86714715,G,C,-0.0347953189616798,6.17091679819952e-14,5.84358556323333e-10
11,65326154,G,A,0.0394917837248654,8.41068673205134e-17,6.87410055651388e-10
11,65417434,G,A,0.029381916042573,3.93965933870982e-18,1.62083153609974e-07
16,51025468,G,A,0.0403766609571461,1.04464944019491e-12,7.51682103422155e-10
16,51178081,A,G,0.0354323789438656,8.22187033858256e-10,5.92860419460319e-08
01,2921939,AC,A,-0.10970991029774,3.68322732849991e-10,7.72560877243043e-10
16,67322118,G,C,-0.0809578608298047,9.98598992125536e-10,8.80224911764732e-10
16,67005609,C,T,0.029116303531446,1.18858180843812e-08,3.73427898973798e-07
X,43877175,T,C,0.0242849741944859,1.36301251953233e-14,1.02864494131503e-09
17,54263286,GA,G,0.0271141591795913,1.06197743749929e-20,1.07786660275282e-09
11,35097298,T,A,-0.0266717608972588,3.7414730470732e-24,1.11821880383653e-09
20,33586193,C,T,0.034534637193746,3.72919376919819e-13,1.41815745926779e-09
06,127281547,C,T,-0.0342150432509698,8.63523465289447e-27,1.42711746381376e-17
06,127117533,CAA,C,-0.0396171375437259,3.39320930954529e-06,9.29671428818579e-10
X,57446668,G,GT,0.0265084140279627,3.86134612470182e-13,1.51580146038204e-09
01,22355978,G,A,-0.0335566165496359,7.04797375091609e-13,4.3406763236345e-11
01,21943136,C,T,-0.0250249005621242,1.31838819999938e-11,1.85969677343912e-08
12,12299769,G,A,0.0367950980536788,1.92344552036492e-12,1.63997472880591e-09
07,27218229,A,G,0.044978530910081,1.37876443211446e-10,1.66886181582063e-09
07,27715092,C,T,-0.0320881499132195,4.81290813823516e-10,1.51789206487342e-07
07,27221227,C,T,-0.0724495134386065,9.91049401253221e-07,2.33378963898746e-07
07,105494963,A,G,0.0279583109500548,2.81389192408205e-17,2.07007084906376e-09
11,113062881,G,A,-0.0992743487646712,9.38836134350408e-10,2.23966302641922e-09
07,25711262,T,C,-0.0305526200038862,1.84803506539779e-14,2.31397996043984e-09
03,49889919,T,C,0.0278954432256109,7.98160113085767e-17,2.55231393449616e-09
09,118756890,T,G,0.048309677246592,1.47895720150628e-10,3.14032569996433e-09
04,87976359,A,T,0.0222383703486961,1.21715823816916e-13,4.66666961835294e-09
04,88159671,C,T,-0.0336676077048595,1.25348435919349e-07,8.29365014335215e-09
10,28463950,T,C,-0.0365191187472146,1.31520021316835e-11,5.12257154943958e-09
06,74481076,G,A,-0.0255875876988635,8.56882082689231e-23,5.13628391174865e-09
22,41617318,C,G,-0.0265004435785086,9.42423235237558e-17,8.15433139666544e-09
09,98255103,A,AG,-0.0262470448918037,8.40865970423495e-17,1.06591350494287e-08
01,201597947,T,C,-0.0316746138896511,3.33898795451118e-12,1.07621761269504e-08
17,58266649,G,A,0.0793132702386549,5.20762344677736e-09,1.29411716799295e-08
12,588944,G,T,0.0252547746127876,6.08068006831874e-20,1.36516226113393e-08
03,150066540,T,A,0.053704246596388,1.64578315837354e-09,1.50909218072365e-08
15,91054223,T,C,-0.0250719980370363,4.69310654107846e-21,1.53140492909209e-08
03,148472975,G,A,0.0374780267205505,1.4469525661648e-10,1.57816545028884e-08
05,39436552,TA,T,-0.0271357530841836,1.09207345050203e-14,1.59841916678917e-08
01,8440400,C,CT,-0.0280294628409465,1.11171759772887e-15,1.81120423595186e-08
17,63549979,A,G,-0.0255285710709231,2.1233455519373e-16,1.89239692025453e-08
14,54785867,T,C,0.0340514234735202,3.10409145606114e-09,1.44153948636122e-08
14,55106743,T,TA,-0.0265140498485865,2.13742873113962e-14,2.32475904420497e-08
10,123685402,T,TA,-0.0375725358452593,9.71746706269842e-11,2.33142087018594e-08
02,54881621,C,T,-0.0387949432971889,8.00714279386178e-28,2.9845539052002e-23
02,54982893,G,A,0.0511046207175318,1.87634181070396e-12,6.03867851390142e-16
02,54715480,C,T,0.0309278135430408,1.31927329724359e-07,9.06637750975905e-08
08,70199014,T,A,-0.0295208065629641,2.84346086316065e-12,2.63694540036093e-08
01,170680145,A,T,0.0244167409513636,3.22711139601891e-20,2.73739065526224e-08
08,119917642,T,C,0.0922991996072056,1.60575281715334e-08,2.93939526008437e-08
02,64865804,T,C,-0.0241590766053756,2.20652077047282e-19,3.74291778332764e-08
21,28774023,G,A,0.0243267750441609,6.10010159637555e-19,3.97624541180999e-08
08,71482998,TA,T,-0.0243521601293602,9.24132827060472e-22,4.41676873482204e-08
01,221474264,C,CT,-0.024503322340915,2.80341105817721e-18,4.51201327607288e-08
15,70594071,G,T,-0.0249736637002038,1.49360156996974e-18,4.64043332545174e-08
15,70399191,G,A,0.0478236473331268,1.70169146604242e-07,1.03149020617102e-06
12,26461145,C,A,0.0283914243223118,3.12029980271969e-12,4.69092841268401e-08
06,56158115,C,A,0.0540165769132383,8.09649002633794e-09,4.90696115131487e-08
09,97267274,C,T,0.0250536640021389,1.33557124426305e-15,5.48191968139568e-08
19,59018016,C,CT,0.0308467063217028,6.92912005291704e-12,5.6267578639323e-08
06,83717672,TA,T,0.0259955836950789,9.51174874018204e-14,5.65563886281523e-08
08,96700543,A,G,0.0286438543713003,6.58743526160655e-12,5.69422058657764e-08
06,136231011,C,G,-0.0346633153363114,5.09990122640171e-10,6.12826996675774e-08
06,7050935,G,C,0.0793984179348136,3.3276112044023e-08,6.9052955064927e-08
13,50609238,T,C,-0.0256816450764142,7.44113824553921e-14,7.27495009264535e-08
01,16087260,C,T,0.0319101150617338,1.56243945550808e-10,7.34158680094475e-08
16,55059130,A,G,0.0255493176297888,1.93095793563356e-13,8.04758003396235e-08
04,186677536,TAAG,T,0.0253987115581113,5.95393043766554e-14,8.43300939780913e-08
22,28390438,GT,G,-0.0321460626301978,1.93073189362639e-11,8.9583712353598e-08
19,2513914,AC,A,-0.025777294683182,7.26326139980188e-15,8.96011604411987e-08
09,130320557,C,T,0.0319436990410682,1.35458942120757e-10,9.22027628851031e-08
17,80527356,C,T,-0.0236980809358502,5.2653938662298e-17,9.98527000095476e-08
09,16527129,A,G,0.0235109205628033,4.50155728215127e-20,1.02398906827221e-07
17,27948844,C,T,-0.0236058394673483,7.61869901501962e-18,1.05490313411291e-07
03,173424762,A,G,0.0271117969153931,9.32202372178379e-12,1.06697613360892e-07
02,160003445,TA,T,0.0243231780597311,1.07114637887775e-14,1.08422397384889e-07
08,22501409,G,C,0.0686982658562128,4.65025736994968e-08,1.16614794540504e-07
01,218990817,G,A,-0.0237736497496161,7.27351143668856e-16,1.17518630471056e-07
01,172230239,A,G,-0.0235125466627298,1.33637093171949e-19,1.18407265560248e-07
06,105389104,A,G,0.0231429044706863,2.06585674899046e-19,1.24782237489737e-07
02,119161638,A,C,0.120091179777966,-99,4.31354072008015e-35
