chrom,pos,major,minor,beta,p_value,gwas_p_value
7,120954908,G,T,0.169452645575329,0,0
6,127459552,G,C,0.0845803241399918,1.91337759450471e-237,3.80576791534313e-85
2,54659707,G,C,0.0807017667120192,1.54078640037506e-125,3.37562287218024e-71
2,54855137,C,T,-0.0470514662052993,5.07306560864385e-28,1.93172796234175e-19
10,54424184,A,G,-0.138885859970438,4.7186890700202e-103,1.67547970194749e-64
10,54412481,C,A,-0.0586772182055075,4.61554272214394e-69,2.44387727824413e-17
6,151907958,T,C,-0.0732793452335972,1.78425999935883e-74,5.20471338159932e-63
6,152010370,AT,A,0.0626169329788227,1.16722953089887e-87,6.96278650621279e-56
22,19677948,CG,C,-0.11265798753794,1.34316093082464e-69,1.74294495195063e-55
1,240586695,C,T,0.081406867400544,1.08388298697387e-72,1.20152168159454e-49
2,119510493,G,GC,0.307540140524349,1.60621951307396e-39,1.30182675127581e-48
2,119602304,C,A,0.0368857312446428,6.23217105124659e-33,4.27551178304682e-19
11,86857360,AGATCAGCCTGAGGGAAT,A,-0.0670707295441233,4.79138551885388e-83,6.24243530216514e-45
11,112437007,G,A,0.060974115438736,1.77289972918846e-103,1.79200031873787e-43
14,54419106,A,C,0.0623229084466848,3.85230220302241e-101,1.02611820624211e-42
19,33527677,T,A,0.10284516281764,1.03484871198612e-48,7.88520932005439e-41
7,38153747,C,T,0.0518141859139817,5.37820749699934e-28,9.16843446505606e-38
7,37954468,A,G,0.0478518136453045,8.65182687233367e-22,3.15000588618148e-17
7,38111941,G,A,-0.043014324203392,3.15750929279225e-33,1.46784328859125e-34
6,133575875,A,C,0.0475553763447501,2.07492557290443e-41,6.65021621403302e-36
6,133339485,G,GA,0.0316733792715656,2.11713506880379e-13,6.45585224296262e-21
4,994414,G,A,-0.0722313537868415,1.28083039985623e-43,5.18029026796824e-33
4,1192775,T,C,-0.0845064916495296,5.79969728863246e-18,4.96466479984641e-14
4,997488,G,T,0.068207751877088,2.73897221549034e-14,4.15592530952069e-19
13,42973283,T,TA,-0.0504939624187306,5.47897794746742e-87,3.86010613633284e-31
12,90564295,A,G,0.0509577626131542,1.9553361169523e-68,2.33344663165638e-30
10,31053282,C,G,0.048675329864431,1.90607702211472e-81,3.45537485325902e-29
2,202832130,C,T,-0.0555105813437358,2.1220645195529e-41,1.1202579061297e-26
6,45386202,T,C,-0.102392458851973,3.01964867560251e-28,1.28117304248468e-25
11,27276450,T,C,0.0454663959719242,1.77569897700819e-48,1.0525376051558e-23
3,41123735,T,C,-0.0427717227859105,1.85670988390637e-56,7.37638896116201e-23
20,6405923,GT,G,0.0447942284424555,4.14265605211882e-46,1.00132351323615e-22
12,49379537,G,T,-0.194191689944704,4.81462777323325e-23,1.55796886423973e-22
17,41826839,G,C,0.0754210538509786,4.85722339540795e-24,2.50651998499931e-22
17,42162694,C,CT,0.0350030291864496,1.04271223338359e-16,2.28156699795707e-11
21,40350120,G,A,0.0467337438710729,4.98834583735207e-39,3.19636136735536e-22
2,42267135,C,CA,0.0497345498604184,1.15090420469879e-34,4.92046090589154e-22
8,9086392,T,A,-0.0416570069325887,2.90138142342392e-63,6.59410479675299e-22
22,29477841,G,T,0.0426855176326231,5.67598926488676e-42,4.55432543561628e-21
11,68174189,G,A,-0.0785865011329141,3.48699479540525e-15,7.17654168131881e-21
11,68404647,A,G,-0.0314356868209228,8.31375618049955e-15,1.11585472836216e-15
17,2026417,G,GA,-0.0434139532055702,2.22529138202999e-38,1.19608634644739e-20
20,10629525,T,C,-0.0700674670334215,2.8338544792823e-20,5.50209303770383e-20
20,10984360,T,C,0.0387507246077472,3.40947825308946e-43,6.27087294664508e-18
17,59006224,C,T,0.0545976601090249,2.60698231133156e-25,3.72699877193825e-19
1,22710877,G,C,0.0406788869341146,9.10184901360121e-17,5.6071921164311e-19
1,22663920,CCCATCCAT,C,-0.0353902528570111,1.76897003621891e-15,5.35400220431225e-18
1,22531542,G,A,-0.051462354636353,2.07685646200041e-10,8.30017291958744e-13
12,13328208,C,T,0.116105321765421,7.28362014848357e-20,9.35408625940499e-19
7,96133531,C,T,-0.0402818423278199,1.47375611258337e-35,1.79469766103257e-18
8,116663898,G,A,0.041438860843829,6.57757476735341e-31,6.30297651104228e-18
12,1637130,T,G,-0.0698034118717318,7.77011999721715e-20,2.5355226699651e-17
16,410178,G,A,-0.0948049426772017,4.1421875251106e-19,3.30487186273673e-17
15,51516055,C,A,0.0418016312356301,6.09951064525157e-28,3.8378819592392e-17
7,120932447,A,G,0.152186967322731,0,1.04699413267073e-253
4,88831249,A,G,0.0387346816977537,2.66454121735285e-31,9.00837882090241e-17
18,13659019,C,G,-0.0375340111544475,1.30597486572987e-33,1.0202764387395e-16
14,103895020,T,C,-0.0375452054638823,3.98735926330344e-32,1.70956271399153e-16
1,68664755,GAC,G,-0.0341350978290356,3.84323092705972e-32,1.92173818960899e-16
1,68725704,A,G,0.0373652728436145,4.43004358395589e-12,3.10198943071996e-13
16,51903981,C,A,-0.0708358102126317,2.51769901841532e-18,4.62470016900445e-16
13,99536215,T,C,0.0392614886755932,5.87854794001077e-26,1.09194119900449e-15
7,30955539,G,T,-0.0412210990310421,4.97123361628452e-24,1.41126318353537e-15
11,115044850,C,A,0.0351147832078632,1.78648160629341e-35,1.42262280562412e-15
11,47119875,T,A,0.0366075135407601,2.07779062256229e-28,3.4887610323132e-15
13,22812173,A,G,-0.0361063728801724,3.30746364735713e-29,4.09114166591586e-15
2,119161638,A,C,0.129388903536523,-99,6.17156463393486e-38
