chrom,pos,major,minor,beta,p_value,gwas_p_value
7,120962164,A,G,0.158809149576745,0,9.0251996132233e-291
6,127459552,G,C,0.0786692054327562,3.82942104447146e-209,3.18585421406963e-75
2,54683711,C,T,0.0758358807187807,1.75826375536152e-104,6.72195432765009e-64
2,54804693,G,A,-0.0484678778725094,1.12588854885679e-30,4.7273694862688e-23
22,19677948,CG,C,-0.110905442350669,1.79847654560616e-68,1.2406087708307e-54
6,151907958,T,C,-0.0675960024896646,1.31454705280363e-64,3.38783581474359e-54
6,152010370,AT,A,0.0543643992748277,1.43840122629933e-67,1.00229845502803e-43
19,33538900,A,G,0.107733237124285,1.46230339656124e-56,9.79583969625665e-45
19,33567565,T,C,0.0410726943065978,1.29406822071783e-16,2.33074945777659e-09
11,112437007,G,A,0.0606236246691908,6.64629570720492e-104,1.14720811841864e-43
10,54431185,C,T,-0.11210304254367,5.63583699899025e-69,1.53317944235667e-43
10,54413909,A,G,-0.0456886840674594,1.23736704986698e-42,4.46782340181304e-10
2,119510493,G,GC,0.284707804412476,2.57425706656052e-34,2.07483965827775e-43
2,119611026,T,C,0.0380370213222665,4.59583797317142e-21,5.39219103494881e-21
6,133575048,G,A,0.046887611139093,6.46391206211971e-41,3.55107001555871e-35
6,133339485,G,GA,0.0300688506232943,2.10650556506979e-12,1.18869726565198e-19
11,86868033,C,T,-0.0565469504029702,1.33057827821974e-63,2.66360907476045e-34
1,240586695,C,T,0.0635801463335593,9.28702165761914e-46,2.07403912435809e-31
14,54419106,A,C,0.0525061912645284,1.78784159475643e-73,3.03661251484581e-31
20,6383527,A,G,0.0517804455258804,1.63277955647819e-61,1.07634974110887e-30
10,31054186,G,A,0.048328021880333,4.15637611713826e-81,3.29851287764464e-29
17,2026417,G,GA,-0.0500261158379005,3.66383497872844e-51,2.63340421492228e-27
8,9086392,T,A,-0.0441801821131003,4.54988556221823e-72,7.68689511243598e-25
2,202832130,C,T,-0.0534397216545113,7.035553691131e-31,9.69914133719613e-25
2,202954983,GA,G,0.0266742210120205,3.82101088703548e-16,4.9657654742837e-09
4,994414,G,A,-0.0609691131618854,4.80077385168024e-32,2.55383271422471e-24
4,1217078,C,G,-0.0783371275096807,8.38412383169753e-16,1.11996588200164e-12
4,997488,G,T,0.0622737200452544,2.57769082206724e-12,4.05881737147373e-16
7,38099909,CT,C,-0.0385679005633346,1.0958421290155e-27,9.51959879555631e-24
7,37946958,A,T,0.0404460520099402,5.19869498671542e-14,4.1047149423299e-11
7,38153807,A,G,0.0344320440930077,5.59635770957097e-13,3.69794276469743e-21
7,96135291,T,TTGTCAA,-0.0453328971417154,1.85023896615659e-45,2.81507622649774e-23
20,10984360,T,C,0.0438977188805573,9.16299059728696e-54,6.32079636683822e-23
20,10629525,T,C,-0.0675696432277946,2.98287557126348e-19,3.02570782172455e-19
20,11150594,T,C,-0.0670742461203566,9.04927332560817e-10,8.76475041805672e-10
18,13688383,G,A,-0.0423564348176711,4.37919659914187e-43,3.44290913756402e-21
12,90533915,C,T,0.0410554859978169,1.68877456216363e-46,9.86484975004584e-21
22,29478760,C,T,0.0416920999970848,9.32253571955567e-41,1.80000500247588e-20
3,41118450,G,T,-0.0391653841360409,7.39290192536486e-48,1.20646091430417e-19
7,120932447,A,G,0.155158346894586,3.89147782606414e-287,6.39623033952274e-219
7,120926760,A,C,-0.0452344937736522,6.05362302631619e-10,9.47915928219289e-39
7,120444833,G,A,0.0476357411391625,8.89556079718903e-07,2.33415071876977e-19
12,13298965,A,G,0.12261358359503,4.27628725842249e-21,5.69575097917608e-19
12,13333283,G,A,0.045287807335699,1.18801321415858e-08,1.21389821150218e-06
6,45386202,T,C,-0.0848777211062842,3.51812809328971e-20,2.41426216808702e-18
1,68664755,GAC,G,-0.0293234043574002,1.82127868807251e-21,2.94888415677561e-18
1,68589282,G,T,0.0295615619411649,1.61752031745049e-13,1.16595529515352e-13
1,68725907,A,C,0.0348388807095832,1.56586219092487e-10,1.51816586662476e-10
17,41825112,G,A,0.0667207166498083,2.02025294145112e-19,4.07058282202614e-18
17,42162694,C,CT,0.0388553802434812,1.60146320752335e-20,9.93919905488825e-14
4,88831249,A,G,0.0404949615580472,1.39060231375357e-23,7.29627751183837e-18
4,88645344,T,C,-0.0224899701894715,3.80367486523264e-13,7.63594414365551e-07
14,103881561,TAACA,T,-0.0376354075728574,7.5412173910517e-33,8.62562934403734e-17
11,68243038,C,T,-0.0303295131193997,1.42153366140951e-12,1.05693261851841e-16
11,68174189,G,A,-0.0573544581064041,4.44035439278405e-08,3.04492643896411e-16
12,49379537,G,T,-0.162925524466101,6.31155151187787e-17,1.50082619902638e-16
16,51903981,C,A,-0.0606431873277672,3.53132440003364e-13,1.59512836837248e-16
16,51906257,CA,C,0.0263357786767594,4.57624875798122e-20,1.07539142898523e-13
16,51783152,T,A,-0.0247444029894277,1.0223209560209e-06,4.57093628979854e-07
11,27307178,T,C,0.0368224516121408,1.08045034508676e-33,1.70623303968628e-16
16,410178,G,A,-0.0913020068111681,4.32412600019483e-18,2.67887386708612e-16
7,27970454,A,T,0.0387016489628672,1.7396790160262e-28,3.15804986754793e-16
13,99536215,T,C,0.0395992144361491,9.17181639389326e-27,3.89719578534533e-16
15,51516055,C,A,0.0398235441573157,6.72687874480311e-26,6.56206124856267e-16
11,115044850,C,A,0.0346270247916573,4.50076959059819e-23,1.83783354032876e-15
11,115493894,T,C,-0.0198233529639247,3.26385158371768e-09,3.86238539414379e-06
13,22812173,A,G,-0.0353567497783628,1.70580688636122e-28,9.11098311944896e-15
13,42973283,T,TA,-0.0327877639524873,2.50237644725515e-38,2.90530799917935e-14
21,40350120,G,A,0.0358755943042451,4.25663815408248e-20,5.68428267136e-14
21,40051447,G,A,-0.0273570323766646,1.89730390064523e-10,4.37025712560472e-08
11,15243059,G,A,0.060387274319939,1.5029568890183e-15,1.29999795897687e-13
1,119453579,G,C,-0.0375719460129454,1.12617255197321e-14,3.47380508951208e-13
1,119288847,G,A,0.032031671845139,2.22903736325588e-08,3.41087371698124e-09
4,146174631,C,T,-0.0419632375399698,1.43304284647701e-17,4.82831570474563e-13
20,7551554,G,A,-0.0332142066994448,2.12437860453957e-24,5.153753161137e-13
8,72217903,A,T,-0.034413128543328,5.78224453714031e-16,7.77868339660531e-13
8,71762220,C,CA,0.0200046028685568,1.05771931279304e-09,1.88105761687889e-06
1,2921939,AC,A,-0.124388046679275,4.77655337938271e-13,1.27341647151248e-12
17,58905111,CT,C,0.0430509008075257,1.83986282516177e-15,1.48361408234278e-12
17,59256304,C,T,-0.0964634296561742,2.48070156466119e-06,8.27785824850805e-07
2,119350062,T,A,0.0444625250332895,3.29551937474815e-07,1.3309661502567e-09
2,118903715,G,A,0.0238490883603954,2.42858039967006e-07,7.58486624641124e-06
1,22668771,C,T,-0.0338335091419714,1.97605177912051e-15,2.36811899227571e-12
1,22531542,G,A,-0.0463821030770182,6.16548614924848e-09,8.80449456422524e-10
9,110920807,G,A,-0.0360122538468339,1.62819438217705e-17,2.47458853307336e-12
9,110742192,G,C,0.0336944640018507,7.70775919345411e-07,3.0896814801012e-06
8,70199014,T,A,-0.0363553849613485,2.04083070750887e-18,3.02331464101901e-12
11,46908730,A,G,0.0316490120497032,1.93970468445538e-23,3.62691636200936e-12
19,1163596,A,G,-0.0318881265927589,3.35489364275184e-22,5.48403656597167e-12
2,119161638,A,C,0.0988646824690433,-99,2.63788708389782e-26
