chrom,pos,major,minor,beta,p_value,gwas_p_value
7,120954908,G,T,0.169452694503792,0,0
6,127459552,G,C,0.0845824980957379,1.8644855129803e-237,3.77042625310914e-85
2,54659707,G,C,0.0807018699996365,1.54121030034766e-125,3.37631252123171e-71
2,54855137,C,T,-0.0470521824699998,5.0647877899329e-28,1.92956516078774e-19
10,54424184,A,G,-0.13889222263787,4.62274747490909e-103,1.65290079159425e-64
10,54412481,C,A,-0.0586788404547547,4.57852387523457e-69,2.44091934217179e-17
6,151907958,T,C,-0.0732830749610828,1.75518997060474e-74,5.14082471173191e-63
6,152010370,AT,A,0.0626159821580408,1.1750119071966e-87,6.98140850997517e-56
22,19677948,CG,C,-0.112659879428275,1.33687682716326e-69,1.73627778758235e-55
1,240586695,C,T,0.0814063577812098,1.08672940120601e-72,1.20344699224557e-49
2,119510493,G,GC,0.307548554809047,1.59905406188099e-39,1.29449546062377e-48
2,119602304,C,A,0.0368859625484103,6.22802729377126e-33,4.27359696120899e-19
11,86857360,AGATCAGCCTGAGGGAAT,A,-0.067075014830829,4.68142448833923e-83,6.16603107877471e-45
11,112437007,G,A,0.0609745309719123,1.76872933008044e-103,1.79031751735013e-43
14,54419106,A,C,0.0623246104896271,3.80764478656723e-101,1.02116494730023e-42
19,33527677,T,A,0.102847261897553,1.03068585038978e-48,7.85570551762979e-41
7,38153747,C,T,0.0518162741775656,5.35319928495063e-28,9.15131966834943e-38
7,37954468,A,G,0.0478488268358519,8.70366113719833e-22,3.16478519464677e-17
7,38111941,G,A,-0.0430117310320215,3.18610958977645e-33,1.47550356025803e-34
6,133575875,A,C,0.047559824562188,2.04043084070793e-41,6.57418712726418e-36
6,133339485,G,GA,0.0316715707326977,2.12397078915754e-13,6.46671707846381e-21
4,994414,G,A,-0.072231923599808,1.27930527382636e-43,5.18040260092616e-33
4,1192775,T,C,-0.0845145703008077,5.75870890264625e-18,4.93554429904301e-14
4,997488,G,T,0.0682078649776263,2.73897936835101e-14,4.15428479746683e-19
13,42973283,T,TA,-0.0504974691228218,5.33569941142066e-87,3.82438727478215e-31
12,90564295,A,G,0.0509596755673208,1.93401545267292e-68,2.32281880698437e-30
10,31053282,C,G,0.0486742797998815,1.92244143206014e-81,3.46558439854416e-29
2,202832130,C,T,-0.0561333662243971,1.99771130480671e-33,1.11401339086103e-26
2,202956731,C,A,0.0254411091331837,1.45688908530311e-14,3.99808112274776e-08
6,45386202,T,C,-0.092637934602989,4.29036622408185e-23,1.2851224049897e-25
6,45204631,T,C,0.0244465786236067,8.6522746952154e-17,5.51539031878278e-13
11,27276450,T,C,0.0454663991811376,1.77635028761683e-48,1.05264861147157e-23
3,41123735,T,C,-0.0447076455523994,1.75180765186562e-48,7.38806884574084e-23
3,40936591,A,AC,-0.0278157960939079,2.54548072598963e-10,3.88893207144586e-06
20,6405923,GT,G,0.0447948478916236,4.13247274172063e-46,1.00015646652e-22
12,49379537,G,T,-0.194194152526,4.80944554738675e-23,1.55632896785355e-22
17,41826839,G,C,0.0754277892556795,4.81350274660422e-24,2.48577760474721e-22
17,42162694,C,CT,0.0350033705526196,1.0421247752223e-16,2.28063017648507e-11
21,40350120,G,A,0.0467350701930895,4.96559904577834e-39,3.1880896870607e-22
2,42267135,C,CA,0.0497296725659703,1.16848291172151e-34,4.96676464819117e-22
8,9086392,T,A,-0.0416606254310553,2.83241075121841e-63,6.54244466611819e-22
22,29477841,G,T,0.0426867557252019,5.6474303737806e-42,4.54297141488772e-21
11,68174189,G,A,-0.0816747549264356,3.12754086379351e-16,7.15854836022054e-21
11,68404647,A,G,-0.0273851574363241,8.50243145176603e-11,1.11523212142949e-15
11,68029074,G,A,-0.0576174731282867,6.77138030374332e-06,2.12664699443239e-07
17,2026417,G,GA,-0.0434155313316833,2.21234138385089e-38,1.1924938420516e-20
20,10629525,T,C,-0.0646188521392397,1.78368369567564e-17,5.4798197086825e-20
20,10647951,G,A,0.0292137035177238,8.60458907648172e-09,9.32545347751315e-12
17,59006224,C,T,0.0545993362958204,2.59877030482073e-25,3.71829356425961e-19
1,22710877,G,C,0.0406806931451825,9.07467696970221e-17,5.59382138435085e-19
1,22663920,CCCATCCAT,C,-0.0353894559424754,1.77173091644001e-15,5.35743498648485e-18
1,22531542,G,A,-0.0514633661465367,2.07531998979728e-10,8.29316677900313e-13
12,13328208,C,T,0.120083879809047,4.15255021816666e-21,9.3103686981223e-19
12,13333283,G,A,0.0513561034523827,1.45191467133155e-10,3.82328278148024e-08
2,119217083,G,A,-0.0749094075033067,8.56227466464646e-07,4.96076004867701e-09
2,119012019,C,G,0.0546950486257503,6.43547625353288e-07,4.34070538959659e-20
7,96133531,C,T,-0.0402820033034573,1.47324610633878e-35,1.79425168455274e-18
8,116663898,G,A,0.041439244317822,6.57095603858929e-31,6.29945975683251e-18
12,1637130,T,G,-0.0629255188771738,3.42976500301853e-16,2.51894473456619e-17
12,1636381,A,G,0.0255643783658765,5.73072820864461e-11,3.11613556195358e-10
16,410178,G,A,-0.0948102007093807,4.12425705598602e-19,3.29218308809581e-17
15,51516055,C,A,0.0414073120055866,9.48201721396e-23,3.82747289766076e-17
15,51628119,T,A,0.0216686797951659,1.29607630650534e-07,4.77433221916898e-06
7,120932447,A,G,0.162636974548059,0,1.06288312267069e-253
7,120927109,C,A,-0.039463340597643,5.87936206875263e-08,1.20125994898423e-45
7,120927720,A,T,-0.0271689052643541,2.42715395618649e-06,1.75043338493581e-43
4,88831249,A,G,0.0395203840107095,3.18356967318503e-22,9.02155285663278e-17
4,88645344,T,C,-0.0231596569089942,1.20230688259788e-13,3.87223318114256e-07
18,13659019,C,G,-0.0375350905661789,1.30080615162225e-33,1.01832959797218e-16
14,103895020,T,C,-0.0375417266103746,4.04049151447007e-32,1.72074009821077e-16
1,68664755,GAC,G,-0.0262624712567235,2.61584663869683e-17,1.92699264070186e-16
1,68725704,A,G,0.0410371500966801,8.08486279578122e-14,3.11701700190116e-13
1,68591253,C,T,0.030360247820416,3.5130307197424e-14,1.76287092620837e-13
16,51903981,C,A,-0.0600232947765371,7.26985889952644e-12,4.62169188637978e-16
16,51784918,A,G,-0.0257041684405924,9.03960792241557e-16,2.24695306020959e-11
16,52023106,C,T,-0.035445965096205,6.94207817177938e-07,4.33938726212183e-08
13,99536215,T,C,0.0392631570082993,5.85179899162041e-26,1.0892261945693e-15
7,30955539,G,T,-0.0412220172987475,4.96072559877077e-24,1.40931802052921e-15
11,115044850,C,A,0.0344742440042181,9.54275325190725e-28,1.41722877613408e-15
11,115474054,A,G,-0.0264783665868179,2.05825707759436e-08,1.72224975807812e-07
11,47119875,T,A,0.0366036212778249,2.10564474938417e-28,3.51257753481093e-15
13,22812173,A,G,-0.0361061408462188,3.31090638346042e-29,4.09324158541425e-15
11,62201239,T,C,-0.106629578367208,1.10425125954213e-15,6.95223376624348e-15
17,925304,A,G,-0.0353559732850709,3.42940697194594e-25,6.76554045396683e-14
11,35097298,T,A,-0.0323407852161411,2.24431772144444e-35,8.25316675758159e-14
15,85621779,CAAAAAAAAAAAA,C,-0.0594302946420763,4.87474426882165e-15,5.5507587249696e-13
20,39832628,T,C,-0.038689361755094,1.91810664383796e-18,8.60278839025344e-13
11,68365212,C,T,-0.0387361910966156,3.3831318466368e-18,8.6309625298711e-20
11,68855363,G,A,0.0316488738141763,6.24215276701322e-22,9.35644367990386e-13
11,68378534,C,T,-0.0763055630964329,2.19796295003901e-06,1.07130273670238e-11
11,15243059,G,A,0.0587283449887785,1.4853388637313e-14,9.3582930780432e-13
11,60099912,A,G,-0.0326335676415054,2.88904432708799e-19,1.03380816571384e-12
11,60158649,A,G,0.0222326026761328,1.06924423376222e-09,1.84417557866487e-06
16,86714715,G,C,-0.0395537358006832,7.12887227152032e-18,1.15030117732003e-12
5,80280397,T,C,0.0338157291555532,2.80862084961727e-21,1.96472419731278e-12
20,7551554,G,A,-0.0321695079109119,4.63163433503935e-18,2.53297290461409e-12
20,7147515,A,C,-0.0240891213935551,7.10789899422207e-09,4.36174639295952e-07
4,146151286,TA,T,-0.0404540598156179,1.09227932284101e-16,4.58886837654139e-12
7,20052543,G,A,-0.0311178742610412,2.89945404572763e-17,4.73344203690838e-12
7,20454613,A,T,0.0607967993439808,1.54186741319154e-06,4.09361393799642e-07
7,19591565,C,G,0.0218414893686538,9.79229014280571e-08,5.34027050694306e-06
1,113247563,G,A,0.0368512309754138,8.5026843991851e-18,4.94139576899148e-12
15,67414911,T,G,0.0300952451538846,4.5406714275049e-32,5.58458443044744e-12
4,57838999,T,C,0.0305999925836853,7.71135058479465e-25,9.46029200810132e-12
1,21943136,C,T,-0.0296429305125142,5.8917695102206e-16,2.45902845833922e-11
1,22355978,G,A,-0.0320019879667116,4.95549187314617e-12,1.55225777058624e-10
8,119926179,G,A,0.109302121877348,1.21355319054793e-11,2.89838333127166e-11
2,200473866,AT,A,-0.0381171556631121,2.12752722656261e-15,2.99914910482621e-11
20,11150594,T,C,-0.074438565899615,1.91915189301717e-11,3.03231574416264e-11
20,10654563,A,C,-0.0277896610259266,1.13176262778123e-16,4.92047369905617e-11
2,40638360,C,T,-0.0301825220954743,4.41930960424032e-22,3.15133186674904e-11
1,2921939,AC,A,-0.116849253484394,1.55751918523275e-11,3.8261256562917e-11
6,131310610,G,GA,0.0335285945892206,3.52327917836324e-17,4.21469049292275e-11
7,28751655,G,A,0.0352542336515149,6.49930800631987e-14,4.32634720690954e-11
7,28609388,C,A,0.0257092178356368,5.33240148537251e-09,4.06560820991496e-07
6,74477152,C,T,-0.0285546055565315,1.59322545851701e-28,4.50319167624255e-11
20,45603836,C,T,-0.0321710188703055,6.91972923014029e-17,1.27220807559627e-10
7,27218229,A,G,0.0505375194687043,2.60582133756157e-12,1.4222071691306e-10
7,27653025,AT,A,-0.0350321186777037,2.09113603554884e-09,5.94130154299716e-08
7,27317178,AACAAACAAAC,A,-0.0219300384793373,1.44651979258834e-12,4.1588932050924e-06
1,119451543,T,TCA,0.0247829477653975,1.80966696203501e-13,1.49369399322103e-10
1,119465553,AAACT,A,0.0235525657391559,1.6151443586468e-07,3.20682117250363e-09
7,27970454,A,T,0.0305513579897748,4.20003531593642e-18,1.57370504878069e-10
9,110939138,A,G,-0.0333319866380925,1.12776496983704e-15,1.90750944760219e-10
20,10984360,T,C,0.0762442171734144,-99,6.2293224219838e-18
2,119161638,A,C,0.117613388548022,-99,6.1299026017476e-38
