chrom,pos,major,minor,beta,p_value,gwas_p_value
20,4157072,C,G,-0.161067933468437,4.67001319799812e-191,0
06,139840693,C,A,0.085877568526001,0,0
06,139841653,C,T,0.181581241847836,9.29645722660855e-149,5.67097024636728e-251
10,25206412,T,G,-0.0975551465323139,0,5.33778133266571e-293
03,50329826,G,A,0.0941999478585456,0,4.53522340560887e-253
19,11297027,G,A,0.144685934787292,6.62617095129149e-255,4.23223216402567e-215
X,40846526,A,G,-0.0834256543612094,4.34830565048356e-285,1.11348264044106e-211
05,52088271,G,A,0.186392410004933,3.76120643115204e-197,2.52638662470137e-161
05,52105307,C,T,0.0856077782431836,1.2535432008479e-86,1.55423637681946e-55
05,52095943,G,A,0.148583616191769,3.73725317530681e-69,1.61078344472538e-53
12,121006301,T,C,-0.067571742077409,1.05048450837996e-267,4.27498061830894e-135
01,248039294,G,A,0.120938891668762,5.00809938142928e-231,5.08076087407415e-132
01,248039451,C,T,0.0541905948083476,6.58228195461943e-170,6.31240924845654e-36
02,8762414,T,G,0.0571407306193397,2.45759619578393e-227,4.08942646409238e-102
17,33873772,A,G,0.0564988727990673,1.35486053780986e-223,1.80440264698496e-100
01,158586966,A,T,-0.0570671239593106,1.57758799576741e-153,1.69001300065862e-96
01,158638260,G,A,0.186498801138712,1.12829736867241e-54,2.39039203088386e-62
04,144892215,G,C,-0.057383772056657,6.8752857388071e-176,6.76787678480026e-94
08,41630447,G,A,-0.0642008114242706,4.24134150980343e-107,3.20779739087548e-93
08,41549491,G,A,0.0963871961472548,1.2544347033658e-44,1.98962523862347e-41
08,41512581,C,CACAGCAGAGTCTAT,0.0308641200808539,6.87484953822767e-61,9.5549059720521e-12
10,71094504,T,C,0.0841465718277668,1.1840352447383e-114,2.33915080237336e-92
02,24210076,GATAA,G,-0.0620165812606987,8.43901500732815e-78,6.97261652314975e-79
02,24246175,T,C,0.0320486483550836,1.45907494548563e-40,6.84799975111482e-46
10,104962011,C,CA,-0.0493622114025856,2.35980321196656e-172,3.22996637707357e-76
06,30276679,C,CT,0.0526732155285843,1.61406630706131e-144,2.51118077446309e-74
06,30121611,C,T,-0.15492339864439,7.99470677714003e-35,3.91593244328477e-38
06,30336028,C,T,-0.0397390863754586,2.86012672452538e-27,1.33069002155531e-15
05,95162418,A,AG,-0.0640335729058162,2.73160300802045e-79,2.7689989591248e-72
05,95163437,A,G,0.0445154213678566,1.84115492732357e-30,2.6388837427371e-36
12,111884608,C,T,0.0371202285984512,6.75571691406125e-128,3.84455650984408e-71
12,112287753,CTT,C,-0.0580346265049445,3.50335343869674e-39,1.89155688799109e-59
05,173287763,G,A,-0.0468035243950127,1.15981154098174e-165,4.12558349675964e-71
06,26098474,T,C,0.0949061433830481,3.24141890526805e-100,4.2011768898747e-71
06,26092170,G,T,0.0530456052099901,3.29163354670111e-66,6.47425775739196e-35
06,135390836,G,A,0.0468972803325638,6.69508819029645e-117,2.79169990266069e-62
19,913048,C,G,0.0448560535872622,3.99923863776987e-124,3.07330575179975e-60
19,906510,G,A,0.132881248019306,1.48196829609341e-35,1.10135209540915e-34
19,1162458,C,CA,-0.0300620063933113,8.90361147097129e-34,4.74951388545067e-28
19,10743161,A,G,-0.0435787375627726,1.96521125703177e-58,3.28093260624493e-53
19,11165048,G,A,0.126797428986818,2.93337413942077e-20,2.45140568984294e-23
19,10334663,G,T,0.0235844143845644,2.0610590033775e-34,1.34604173581191e-24
01,3691528,A,G,0.045902901380691,1.08506667167716e-78,2.46394061588846e-52
01,3691997,AGTCAGCCTAGGGGCTGT,A,-0.0895345766071695,2.67801279430596e-14,5.06500938248064e-17
01,118155826,T,TTG,-0.0738140941975078,1.79158486104807e-88,4.31476966765156e-51
01,118251143,C,T,0.0698450551804279,6.09536238514943e-73,3.56269659669816e-16
01,118153977,T,G,0.0259797772563002,1.87848005412533e-36,1.15864162325566e-35
X,70361967,G,A,0.0341648768623868,3.81996110778339e-82,1.39510971146697e-50
10,45953767,A,G,0.0401875431934277,7.96079824401766e-90,1.37688690410728e-47
07,134382330,G,C,-0.0387785972195299,1.3680132589332e-95,6.65869580362335e-47
03,48345545,A,G,0.07695152251889,9.98979694739672e-63,8.81241988471356e-48
03,48231919,G,T,0.0493816421159494,1.97236765019384e-32,8.88284563379947e-21
05,154035237,C,T,0.0624292931437936,2.62071956127984e-55,7.2151619757236e-46
01,56624095,C,G,0.0363856745693119,2.08661528461398e-61,8.15901480527837e-45
01,56313991,TG,T,0.0321528518912208,6.19663532461749e-46,2.23506341081943e-38
01,56916164,C,T,-0.0364481806065497,3.86769357265226e-20,4.89742770167741e-20
08,116663898,G,A,-0.0400321030680424,1.05486158194448e-78,1.58604143837369e-44
17,74378312,T,TG,0.0358555525550079,6.32321669772075e-117,9.34321417684986e-44
01,22014471,G,T,0.0267099162374503,6.9082583985521e-36,2.71478277623322e-41
01,22003793,T,C,0.0259276787908814,2.07862380844652e-15,8.31338993446291e-35
14,74223967,C,A,0.114109137431765,8.10724622595934e-43,7.16728475178101e-41
09,137117496,C,T,0.0351286848296386,6.94310915553531e-78,4.2107086862612e-40
09,136890876,C,A,0.0270245980804955,2.49493081982324e-26,2.20895921768345e-19
14,23495048,T,C,-0.037640005457499,8.46995715575407e-68,4.49335581635377e-39
17,42329004,C,A,0.0316368752448298,4.51222849312292e-51,4.52496421994641e-37
17,42201478,T,C,-0.0318681084747397,7.4220933316985e-16,1.21239607921143e-22
16,215106,C,A,-0.0531898505015205,4.75977712651402e-40,7.27667359145552e-37
16,218532,T,C,0.028991457551479,1.21144340911952e-21,6.4685800581114e-32
16,158324,A,T,-0.0171608536359695,9.8869636412217e-25,4.25113673492541e-10
20,55973344,G,A,0.041644761178092,3.95784473215174e-53,1.04888563263144e-36
02,218683154,G,A,-0.0319929332611118,1.84824057288237e-51,1.06623455130798e-33
02,219119118,AGAAG,A,0.0197983725352993,2.78816732416327e-21,1.06880885950774e-13
17,78111877,T,C,0.0276284394652642,3.29080900293879e-62,3.2166229102284e-33
17,78012175,TA,T,0.040774199520779,2.7646193467979e-09,4.28843666840316e-17
06,31249217,G,A,-0.0403252753026605,2.89244739089501e-49,5.74240397119493e-33
06,31236687,G,A,-0.0254850576529355,4.71284934768804e-32,1.22406741710863e-10
06,31575073,C,T,0.0264348019431305,3.53130759347304e-20,1.603641110005e-27
07,16686501,G,T,0.0248079764764775,3.8757935954762e-40,7.72257534058705e-33
07,16731042,G,T,-0.0247719076629425,4.90215339447394e-21,3.1119809383238e-28
02,220081416,G,A,0.122873688947716,1.4477223372843e-32,1.21751075376406e-31
20,52230030,TAGATAGCG,T,0.12359522194588,1.28999093113999e-32,1.85838982255847e-31
19,45413233,G,T,-0.0556376012658921,1.11195143552607e-34,2.01151805188631e-31
07,6078535,G,A,0.0724871137472139,6.90924099152697e-31,8.7436996486609e-31
19,12998205,G,C,-0.036887338110495,1.6024079072958e-54,1.16813480755225e-30
19,12948234,C,A,-0.0421640355119827,1.46077998946521e-10,1.45667537568611e-06
15,62800455,A,G,0.0310840787002379,1.10106453937072e-44,9.96725367024255e-30
15,63092900,G,C,0.069113884132328,1.1890087615803e-10,1.21670298918843e-13
04,55408875,A,T,0.0335377523159839,2.25057444379495e-47,5.60637518611798e-29
16,68702077,G,A,-0.03242681204106,2.14635024282172e-47,2.03854216237814e-28
09,140100317,C,G,0.0416071328557372,2.09956851971931e-35,1.82809048737722e-27
03,24334511,TTTTG,T,-0.0301748800167392,5.33283734029197e-53,2.14102052384768e-27
09,33832306,CA,C,-0.0284507383619169,1.2793076198736e-73,2.35940328275972e-27
12,95859010,C,G,-0.0294825100724091,1.59143059760918e-53,2.92676736025703e-27
06,16281187,C,T,-0.0316123620877237,1.83581015036949e-45,2.96434268784486e-27
22,29757090,C,T,-0.0305108873447022,3.08924381505552e-33,7.95633974096189e-27
22,29965667,T,TA,0.022346188017815,2.65154941786972e-11,6.16918193521502e-09
22,29632258,C,A,0.0147197581536749,3.12946862369631e-15,3.62601495410975e-10
09,135864436,C,G,-0.0578388278892228,2.00015800462609e-29,3.42742486349036e-26
06,41925159,G,A,0.030367013253867,4.48752182323743e-40,1.52729156376153e-24
18,43856297,A,G,-0.0262884406708398,1.30576887736985e-60,3.6135915502173e-24
01,199012478,C,A,-0.0302652506728973,6.28002018773345e-40,5.09801159218641e-24
01,198554389,C,A,0.0399453521108614,9.43635528357041e-08,8.7401676346895e-07
17,40012971,T,TA,-0.0442919892048772,7.91203814420128e-27,8.25976946270487e-24
17,40183070,T,G,0.0365604567479252,2.9269918463591e-07,3.46611672012024e-08
21,30339120,C,A,-0.0363169781759607,1.45347453611723e-31,1.20517558830454e-23
01,205226288,T,C,-0.0261475163476296,4.68790038728607e-54,2.52594233877884e-23
01,155271433,TA,T,0.0521833068985106,3.66858868293972e-27,3.14187694399576e-23
01,155165941,G,A,0.0632134413743186,1.95140898671488e-07,1.16707820939574e-06
14,35342739,T,C,-0.0423073848491439,5.34207755409034e-28,3.99872564004516e-23
17,44082528,A,T,0.0305077939594772,1.53719116943929e-35,5.24858807920751e-23
22,37469591,A,G,-0.0253382990364054,5.0947226662034e-59,9.83581415396974e-23
19,35692403,C,T,-0.0257217318328202,1.87696364112507e-33,1.20128619385651e-22
19,35477041,A,G,0.0148570019567901,3.93888044828966e-14,6.50010231982981e-09
07,116200092,T,C,0.0410867366330583,1.71473705600142e-27,1.47227326821106e-22
08,9032646,A,G,0.028946972983361,8.49575203488675e-24,2.22464602429829e-22
08,9017979,A,G,-0.01810534130123,1.35320033745586e-20,1.47266478623773e-15
X,57166850,C,CA,0.0267425014603849,1.14691772292363e-29,2.56589997132394e-22
05,53606295,C,T,0.0387328764344761,2.47682235692387e-33,5.64051604098527e-22
05,53677016,C,T,0.0305638722965532,2.99080813119278e-20,2.30887816509179e-10
05,53390040,G,C,-0.0175613807705911,1.50019171285187e-13,4.89694466612498e-10
17,19934963,C,A,0.0247730009122398,7.36002403452769e-59,8.46081718646536e-22
14,65487694,T,C,0.0297412578686339,9.11551443755659e-51,9.09179191887659e-22
14,65283676,G,A,-0.0255982590180165,8.16194774410277e-21,2.08703256312583e-17
14,65232650,A,ATG,-0.0385244988760964,6.37937091030134e-07,6.10237001279397e-09
11,95308854,T,A,0.0325716578914323,7.89013008532309e-26,1.45066020516908e-21
11,94862577,G,T,0.0131158792304973,2.92683102953676e-09,2.27904845513059e-06
11,8844909,G,A,0.024574608029658,1.76929901832369e-60,1.78255412014679e-21
03,195802843,C,CA,-0.0280482353926383,8.66728455962216e-26,1.83772266258177e-21
03,195922427,G,A,-0.0214683501677438,6.58420069223459e-20,1.29254306902652e-15
03,52621822,TTTC,T,0.0503052226121665,1.99431401362754e-24,3.76038248249575e-24
03,52714649,T,C,-0.0703017042021434,4.75845045950377e-11,3.90907712135252e-11
03,52729685,T,TTAAA,-0.0309316172621134,4.06085684501392e-09,2.40242872042194e-09
19,49373632,A,G,0.0211806785534054,2.51413817005392e-24,6.98851999096362e-21
19,49132867,G,C,0.0857731096566918,2.88857251574461e-11,8.64767131654303e-11
19,49375525,G,T,0.0521131696755289,5.46978114692633e-11,4.6611681036761e-18
11,16758246,A,G,0.0281238648758123,9.89685283520878e-32,1.13565065314302e-20
11,16569806,A,G,0.0687084749740933,2.0325132114487e-17,2.26954460194145e-11
11,16407826,G,A,0.0174092477693998,8.29318281538686e-13,9.94999472318779e-09
06,47437697,AC,A,0.026826711187087,3.3272138099583e-27,1.34579419974723e-20
06,46954248,T,C,-0.0129392981039206,3.55834896925922e-10,9.24085989774147e-07
06,132820279,C,CCT,-0.0242624316247717,7.22298195180981e-53,1.49647867801129e-20
06,110760008,A,G,0.0280814030730393,6.82198409747888e-32,2.51111634308976e-20
06,108877653,G,GT,-0.0260282211145084,2.64693912719646e-38,2.67907858720349e-20
09,91392686,TTC,T,0.0522882923069141,5.03347410571531e-21,3.06503145317015e-20
09,91871086,C,T,-0.01651902782318,1.53088318289629e-08,1.72827645750917e-07
17,27152869,T,C,-0.0265394662565316,1.6689705119295e-34,3.11907198022526e-20
05,75996909,G,A,0.0582200532045921,7.43439010444753e-23,4.53781518411858e-20
05,75964507,C,T,0.0619993134797206,5.43044880547574e-11,7.66518987106228e-10
05,75658561,T,C,0.054086182735227,2.28231963268918e-08,8.39848363804513e-08
17,75376455,T,C,-0.0258895932799983,9.22540439167446e-36,5.29481629503828e-20
14,103991478,A,T,0.0244869004979441,4.07067599364788e-25,1.42548801558842e-19
14,103589842,G,A,0.0148116976635508,6.24935316752193e-08,2.32080362576913e-08
11,100460037,G,A,0.0347331629502542,3.86070139702749e-18,2.92673279871459e-19
11,100624538,G,T,-0.0176918222016063,3.61123027968236e-15,1.78585093616704e-13
17,76247158,T,C,-0.0250809169114491,2.14125857775346e-23,3.80238311934202e-19
17,76124846,G,C,-0.0265711893309057,1.69842611464083e-17,6.01919250757855e-16
17,76370896,C,T,0.0184852328513826,2.83809759530855e-21,2.43340844797722e-11
19,17258614,G,GCTT,-0.0184486683165508,6.7212350949588e-16,4.3761507285231e-19
19,17321487,A,G,-0.0134157950950845,2.20142129056928e-09,1.15506347515995e-11
19,17252041,G,A,0.0242268093140152,9.86166032857895e-09,4.58912546698005e-15
09,4852599,A,G,-0.0281681195055729,3.25061638732325e-28,6.45388306457543e-19
01,24176806,CA,C,0.0236037759453639,3.54844478696715e-31,7.39839027781269e-19
01,23849036,G,A,-0.0144153487979979,6.33773420233215e-11,2.48139745772405e-07
01,45810865,G,A,0.0439190549237362,2.77882353577219e-23,8.95381257389115e-19
01,45833328,A,AT,0.0182155650390345,2.41862827468858e-14,1.38243283163897e-07
01,220094000,C,T,-0.0288699292878072,1.16557359136471e-26,1.29998970099056e-18
07,73056750,T,C,-0.0277810592322058,1.1591316569519e-26,5.1488180026362e-18
20,38563245,A,G,0.0227493204126605,1.05254671576218e-40,5.91254435324255e-18
20,10646671,G,T,0.018933068085099,3.53276623090442e-13,7.30930389307854e-18
20,10719307,A,T,0.0312774046343431,6.49684952114448e-10,1.51756214932556e-15
20,10793561,C,T,0.0123229473394116,5.80833199015186e-10,6.81862829543756e-06
02,182421739,T,C,0.0284886941936365,8.97792806592861e-26,1.06306801655277e-17
17,21280069,G,GA,0.0206770851581452,2.50783711454475e-25,1.14916753455242e-17
17,21157703,G,T,-0.0140680045780303,3.74832599513684e-10,9.71268258068232e-11
14,25445362,G,A,-0.0225865418816213,1.4097796160896e-38,1.21603299049971e-17
17,31149524,G,T,0.0281888067707986,2.45644329632225e-24,3.22260614128477e-17
22,21952253,ATT,A,-0.0275826337084639,1.94704348246018e-25,3.93937288677539e-17
08,86307249,G,C,-0.021800446519501,5.02308998438716e-42,5.35964514322062e-17
02,86977625,C,CAT,-0.0227737562848187,8.07013346170932e-32,8.97545054736652e-17
07,100240191,A,G,0.0215816349144128,4.89655754173238e-34,1.90207790963787e-16
07,99883126,C,T,-0.0169469482230751,4.69862574372198e-10,5.75562342488307e-08
10,81126380,T,C,0.0212499014568001,1.1111997996767e-41,2.58226293458256e-16
06,32299592,G,A,-0.0246268550669054,1.71789968942044e-22,3.79704650496285e-27
06,32447644,T,C,-0.0175500544953243,4.54640234976168e-16,9.7639035899484e-18
06,33197685,AAC,A,-0.0288768964042125,3.98833092600215e-10,4.22270333579369e-10
11,65365077,T,C,-0.0215611575460322,2.61318032310518e-19,4.41437062313678e-16
11,65645354,G,A,0.0190886286085872,2.33813810362119e-12,1.51058642131395e-12
05,51817324,T,C,0.120278399245813,3.69171416174032e-40,1.35750704068469e-36
05,51793806,C,A,0.0477533052799875,2.10718202358518e-15,2.37425975591582e-12
05,51807685,A,G,0.074734758934694,6.79139484827937e-09,9.72635029507999e-08
01,22700351,A,G,-0.0271354481043517,8.73194161178666e-22,9.99885528254724e-16
15,80398898,A,C,0.0215103489804222,2.63900262989501e-31,1.31355781250362e-15
02,165528876,C,T,-0.0208742941117357,3.64621959328e-33,2.60161309833048e-15
15,63911652,C,T,0.0204823392200127,2.56548641385472e-37,3.46767597434761e-15
07,98974038,T,A,-0.0515382885207337,4.31265361780738e-16,5.63100238467827e-15
10,45399946,TA,T,-0.0242330397652947,2.24480386656191e-32,6.73374827762651e-15
10,45887965,C,G,0.0279551049217916,6.84421828546997e-17,1.47596304473963e-09
10,45866149,A,G,0.029013267469757,1.49762035298846e-11,2.9738259126999e-07
09,89371743,T,C,0.0203097243348781,7.03909753797382e-34,1.22115835337632e-14
08,101766275,C,T,-0.0208698698981952,7.8401725878572e-17,1.4322672884481e-14
08,102076240,C,G,-0.0265830444212014,2.6024819364885e-12,8.14596492590845e-11
08,102005728,G,A,-0.0139092103197018,3.31634866068746e-13,7.86091235330111e-08
20,4112181,G,A,-0.0350842629990008,3.87072028698255e-47,3.82093637006289e-68
20,4103996,T,C,-0.0421889132305273,3.82023597702143e-26,1.30793122379845e-60
20,3613606,G,A,-0.0203745540145412,3.94256528785056e-22,1.62690407206593e-14
20,33533186,G,GA,0.0154454357611833,3.15976473781295e-20,1.9724858580727e-14
20,33872215,C,A,0.058600767656886,4.35437548776756e-09,1.06986868747049e-11
20,33774895,T,A,-0.0309977839152421,3.49794922581534e-08,4.62677664825326e-11
X,153525595,G,GT,-0.028968100704453,2.65071403236358e-16,2.06955599867237e-14
15,78563391,T,TCAAA,-0.0166577251313948,3.27528967808605e-15,2.21257684089871e-14
15,78562867,T,C,-0.0660600440317025,2.13061933134352e-14,1.15617206738421e-10
15,78561838,TTTATC,T,-0.021522911153553,2.31122103017169e-06,4.6384629414398e-14
02,191724460,A,G,-0.0207397005948995,1.70715695086603e-27,2.3892436546194e-14
08,142234747,C,T,-0.019633362104375,3.4201837282281e-38,2.66727190096323e-14
06,2503734,G,C,0.0195621143416624,6.37512861898438e-38,3.35396678336851e-14
04,57719766,A,C,0.0205353842145,6.47176319086897e-23,3.74419859799673e-14
04,57522650,GCCGGCCT,G,0.0128009236974703,1.15272763411292e-09,4.92867880844524e-07
04,57949517,A,G,-0.0141819287838836,2.22015606391791e-07,2.63645404430308e-06
06,109590004,A,G,0.0159466255188549,1.05890547082982e-13,7.65686242880855e-14
06,109749754,AAG,A,0.0149850869967643,1.69784658392864e-07,3.50542879250022e-11
16,89939929,T,C,0.020544980384767,6.47087416427317e-15,7.78173125056126e-14
16,89601765,A,T,-0.0245329655099148,1.03916188163565e-11,2.53645110276919e-09
16,89571309,C,CT,-0.0136028112174368,1.18223939058621e-13,2.09983795657128e-09
02,26032421,G,T,-0.0181016628160829,1.40393837990502e-21,9.21364373961741e-14
02,25761109,T,A,0.0176087794524476,5.97882657499892e-07,1.75029908315515e-11
02,25552542,C,CCA,0.0137696413736006,8.75434691719759e-08,4.4928590840332e-10
06,126258892,A,G,0.0192468278301678,5.84224947416229e-34,1.07081597695463e-13
15,42235032,A,G,-0.0210318356388976,2.52026312360355e-23,1.46261976088893e-13
13,45605747,T,G,-0.0375292387744766,4.27199477782205e-16,1.47424664461221e-13
13,45442328,G,A,-0.0298270811735513,4.23195313432132e-07,5.95351599831035e-06
16,53810686,T,C,0.0194529937832191,5.09462216526776e-29,1.71940651208734e-13
01,25677605,G,A,0.021665754075807,4.81373263237086e-10,2.06223867572337e-13
01,25291697,C,T,0.0658562692192398,1.87718383274135e-09,5.7324236560732e-12
01,25657076,AT,A,-0.018987240050222,3.2724786751625e-11,1.18454764512383e-11
13,51390598,A,G,0.0191506538167934,2.59588608011021e-31,2.34605219898179e-13
03,58032182,G,GT,-0.0203520325795549,4.8522637713575e-26,2.38621310463048e-13
20,31108108,A,C,-0.0206762254252827,1.86014029599209e-23,2.4030261121755e-13
10,51577841,T,C,0.0520197184562836,3.300011673487e-14,2.47692623246603e-13
01,77967507,T,A,0.0287145792979223,1.31363740804186e-16,3.1382601167096e-13
14,105644421,A,G,0.0192432623769044,3.37703698466549e-28,3.28193344886557e-13
01,2147874,A,G,0.0353562386840482,2.41785046873317e-13,3.88876878148808e-13
01,1867516,T,C,-0.0145512924905165,3.86459756512562e-19,6.22475209208527e-09
16,88752602,C,T,0.0967223345574913,1.85517306922863e-12,4.06390628085393e-13
16,88509849,T,TGCAC,0.0311144034793599,2.38610367460679e-11,2.29255931442313e-10
16,88567333,C,T,0.0302808126298604,3.51691984589566e-11,8.94335724762426e-12
11,47614575,C,T,0.0427260839089203,1.02186655063562e-12,5.05092559962296e-13
11,47725477,C,CA,-0.016673264910617,6.46700757315399e-08,2.27078389195271e-07
05,132426851,GTT,G,0.0321783206578134,2.24716844586962e-15,5.13846892820574e-13
12,8958494,C,T,-0.0285964270552227,1.1117394613938e-16,5.52693181020794e-13
14,67883624,A,C,-0.0310270279455277,1.28972967505926e-15,5.59886957609083e-13
14,64239877,T,TTTTA,-0.0253769845397199,2.80577960552858e-17,7.54427106689598e-13
10,103391675,T,C,0.0268387775912445,1.00480135472172e-16,8.39625246649061e-13
16,84776991,C,T,0.0221130819137227,6.23115741907222e-19,1.24074734625608e-12
20,1918487,T,G,0.0190264569406206,4.04294322075794e-18,1.80591528375865e-12
20,1791920,G,T,-0.0128704581086574,9.78677445913737e-10,1.0448049847802e-06
02,218694691,A,G,-0.0299787693998647,1.17778605750583e-34,2.65293087766772e-28
02,219115386,C,CA,-0.0219139571021416,1.89143969617804e-24,3.48625442578706e-14
02,219427886,CA,C,-0.0193820345376104,4.91845993171313e-19,7.78079239079582e-12
11,44598437,A,G,0.0181461900495364,3.9994469386349e-32,2.43079006812976e-12
19,8405160,A,G,0.0165775238122947,4.4061482061424e-13,3.47508174258319e-12
19,8421526,TA,T,-0.0189695137926104,7.22431269071771e-20,4.26620120618204e-12
19,8429323,G,A,-0.0492578932532052,6.88600865114337e-08,1.34829847619645e-06
02,27742603,C,T,0.0184497867790906,2.3452938336646e-25,3.71814531667563e-12
09,91514697,T,C,0.0429027234601296,1.79533951668511e-15,1.83307590274797e-15
09,91987048,TGGG,T,-0.019955250581905,3.57790846103948e-17,3.83536048905325e-12
01,32273434,A,G,0.0183987137302948,1.78158568115676e-26,4.33374953946811e-12
04,89045331,G,A,-0.0279981812817678,9.12079924040495e-15,4.77856825903329e-12
07,96127689,CTG,C,-0.0188942643010236,6.65857145761112e-23,4.88783304639596e-12
22,30450041,C,G,-0.0286435714941401,4.27994155960537e-13,5.06090413237186e-12
22,30872174,T,C,-0.0174801819698651,1.69256988558335e-13,3.27267124481645e-07
22,30071466,A,AT,0.0168202355231902,1.6886383900271e-10,1.06112584442409e-10
01,56298497,T,C,-0.0345765792728845,2.08824121976871e-74,1.12213650554705e-41
01,56577346,A,C,0.0319757047903402,8.19721181719071e-42,3.58085949207325e-39
01,56025428,C,T,-0.019130471114641,6.5987450629261e-16,3.17628738457397e-07
02,112145488,G,T,0.0240550901133651,1.81989657121697e-12,5.5888763704463e-12
02,111927379,A,G,-0.0163656259359831,9.806465677101e-17,1.34215728775979e-11
02,112595058,G,T,0.0129290480505267,6.04299361638931e-09,1.11521870345313e-06
08,25314860,G,A,0.0184397307136987,1.27309591163695e-23,6.45397145736042e-12
22,50722134,C,T,-0.017909634156477,5.32071158030408e-18,6.4574448298882e-12
22,50971639,GA,G,0.0176838160325802,1.80025015365054e-11,1.12823733243576e-09
07,1130584,T,C,0.0177876123514922,1.10441269564702e-28,7.07129226212599e-12
09,123476952,A,G,-0.0192720625899288,5.17315293433186e-21,7.18952800057907e-12
19,55539072,G,T,-0.0239096718503694,4.83689764781397e-16,7.30282556824273e-12
19,55693469,C,T,-0.0679182594626707,1.18958150114044e-08,1.99909574667163e-08
10,101274033,A,G,0.0195435384463863,4.87052261408244e-20,8.28971918831108e-12
14,94838142,G,T,-0.0613990191326353,2.98626333652555e-12,8.83601652016347e-12
01,118373213,T,C,0.0506222986948899,5.36119539853801e-13,5.81830552560321e-13
01,118796773,TTACA,T,-0.0812581946756163,7.94286894175367e-12,8.8560435921927e-12
01,118529194,A,T,-0.0645170009051856,4.30962833020668e-07,4.40528297519941e-07
11,63865687,C,T,-0.0761237727589319,2.47831724459924e-10,9.57478942550632e-12
11,63629392,T,C,-0.0160793961785568,4.75375587424986e-09,1.19758462569234e-07
03,142283813,G,A,-0.017238131704956,1.323880201708e-16,1.02017532457925e-11
03,142710545,C,G,-0.0133419705218244,1.79467551188854e-09,1.12995496799353e-07
03,46736187,C,G,0.0604546180997654,4.99431886111349e-43,1.0957137852116e-34
03,46677862,C,T,0.0743257584005727,1.8176258436343e-08,4.10942570012452e-07
03,46751438,C,A,0.0417662959395482,1.3095319395799e-07,8.42639604549003e-06
05,36645367,A,G,0.0215623493113697,4.17003197563461e-17,1.14912960774101e-11
17,80479103,T,C,-0.0169045447025305,9.79641137105353e-24,1.22444282400374e-11
17,80471280,G,A,0.0188871891054732,1.30836524597958e-06,2.83879429408703e-07
11,116623213,T,TA,0.0251640092690407,7.05101271960601e-15,1.45693151880347e-11
12,57017515,T,C,-0.0174815376589074,6.24029050352445e-31,1.60735119008805e-11
03,56849749,C,T,0.0177052568390888,9.475737344114e-25,1.6547754228608e-11
09,79955305,A,AT,-0.0212059239544561,1.02441928318563e-16,2.19168303590209e-11
18,67531642,C,T,0.0172414135877755,6.0858292162148e-29,2.42584891414524e-11
06,6680172,C,CAGTT,0.0172568049915353,9.24435516590626e-22,2.56554230804122e-11
06,6923834,T,C,-0.0146501956284031,1.2115463289796e-06,3.24095214033085e-06
06,7142488,G,A,0.0218913814903278,4.50700524617291e-06,3.33872698746468e-06
09,112727612,C,A,0.0224649341441791,5.81568588711049e-14,2.66650525038705e-11
09,112889134,G,A,0.037869876627377,3.54415498285193e-06,1.0748921416567e-06
02,54020142,C,CA,0.0170660060700437,4.31240540587924e-16,3.17020071451342e-11
02,54072703,C,A,-0.029518777419955,1.12124115403816e-08,2.70994126261031e-10
05,38919158,G,A,0.0224400325779599,3.49925764422613e-15,4.02815460581629e-11
20,57594684,C,T,0.039757630871967,5.93434083984014e-12,5.34047537272887e-11
19,14529082,C,T,0.03709811580881,4.15491523900482e-12,5.6358838251996e-11
09,116153891,C,G,0.0325366196354397,9.62356535769488e-13,6.55371132618069e-11
16,31404571,T,C,0.0169457875808916,4.23198993795651e-26,7.17047288590951e-11
15,31666091,TG,T,-0.035218819487626,3.58220301987643e-12,7.75428987814641e-11
14,55708364,GA,G,-0.0300923927040071,1.25910003283074e-12,7.84139456793253e-11
01,183870073,C,T,0.016898194953326,2.2831723786016e-26,8.55088993302692e-11
02,32518557,T,C,-0.0270026250628627,3.63643962068804e-13,8.74309932276531e-11
12,123610388,C,CA,-0.0193858486374271,2.2211334405744e-19,9.80156293310211e-11
19,46179043,G,A,-0.0200214365011394,1.93326846463292e-12,1.35021900105818e-10
13,42130052,A,G,-0.0229517245736476,2.3203001801162e-11,1.42645950842792e-10
13,42573980,A,C,0.0159477542890782,1.81261953430415e-18,4.82305197832966e-10
05,55860907,GC,G,0.0211545929466562,4.27639004206507e-13,1.4471027369306e-10
05,55988778,C,T,-0.015993272120984,3.04109911168822e-10,6.44182447183899e-08
05,55395610,G,T,0.0367347914889559,3.95311918510711e-07,1.55466670714312e-06
05,57530929,A,G,-0.0166813343597865,5.42102603845519e-23,1.44718125518908e-10
05,57315635,G,A,-0.0191027142001751,3.10649301475554e-10,8.02012081498426e-09
12,21336144,A,G,-0.0220053774030946,1.35559334699234e-14,1.50657523438033e-10
11,9777657,T,TG,-0.01713385213019,1.74100500373336e-20,2.10649963506636e-10
18,57328396,G,A,-0.0243587026665315,4.03705945011267e-12,2.13904185660561e-10
18,57826570,T,C,0.0139064312289644,4.67077453020382e-08,5.94051081293038e-06
15,40306334,C,A,0.0201604712713177,4.6476556169483e-15,2.21098172245942e-10
06,153043035,G,A,0.0213956625011917,1.26209523547488e-12,2.34974716920188e-10
06,153433701,C,T,0.0137151541040566,3.86373138856397e-13,4.03960640358003e-07
08,108421947,CT,C,0.016710901314223,1.78572196451986e-23,2.41865968060166e-10
10,64926226,T,C,0.0408303834403053,8.99047525182307e-09,2.63486833465529e-10
10,65027610,A,T,-0.0134451360365156,1.39103574268819e-15,3.0690983930594e-09
12,93820133,C,A,0.0210432414608935,2.34026036126196e-11,2.90541479523914e-10
12,94199777,A,C,-0.013751080868456,3.43969425343735e-09,2.82477926762172e-07
08,72493185,T,C,0.0185324531370358,1.7367241688786e-16,2.95748460154702e-10
13,33145297,CT,C,-0.0169312037593551,2.05531729169501e-22,3.51217990683373e-10
02,31463850,A,G,0.0175816306553209,9.77287747492351e-18,3.63262086577858e-10
09,16901228,C,T,0.0170938079424117,2.24699296763603e-19,3.78330655629688e-10
07,123408499,T,G,0.0256303920949354,7.03802443449674e-09,4.2498298521583e-10
07,123340500,C,CT,-0.0131804828371061,2.08075298522858e-10,1.71210123693164e-08
07,6066450,T,C,0.0734702647841664,1.06264007627106e-31,1.31248346991842e-30
07,5567112,C,T,0.0162217179179437,2.90963431351875e-12,5.34614737325292e-10
19,33798537,T,C,0.0299493561959511,1.02159880669826e-11,5.49676129156055e-10
02,234113057,G,A,0.0199132609781639,1.88381105628178e-12,6.07967236723287e-10
02,233963969,G,C,-0.0206289516922729,1.39419027325826e-07,3.2957630238479e-07
02,233929975,G,A,0.0441432463843598,1.55661549620327e-06,2.79365284049512e-07
12,48481839,CT,C,-0.0193446757225524,3.55273748612353e-15,6.48470134283863e-10
03,72290125,T,A,-0.0174090992690413,5.03450949348424e-17,6.72814690089958e-10
07,47439526,C,G,-0.0432546968611448,9.67957378071291e-11,8.24414184955782e-10
07,47633811,C,T,0.0149537358526997,2.29361024422613e-15,1.29723077085424e-07
05,43537572,A,G,-0.0171959716000839,8.19034596449676e-18,9.42657828554024e-10
05,43125795,A,G,-0.0212698469704449,4.53787875482164e-08,1.20067995883923e-06
04,146045768,T,C,0.0293191012122469,5.42311538547132e-10,9.4588088504277e-10
04,146156352,T,C,-0.0324762924543058,1.75569663690673e-08,1.0206017926172e-08
X,70204141,C,A,0.0242592456071257,7.75575729764828e-47,1.36069655646755e-27
11,122534810,A,G,0.0163160734750505,6.20671524190164e-20,9.67735559930616e-10
07,6053587,C,CA,0.0332115546084101,-99,6.07864483097578e-12
19,45741353,A,G,0.0353869011759621,-99,1.26989360681435e-09
