chrom,pos,major,minor,beta,p_value,gwas_p_value
05,127350549,C,T,-0.0567782398607472,2.84811908206348e-164,1.52389534600903e-99
16,53806453,A,G,-0.0485266897621397,1.77957487302709e-219,1.94105889521316e-94
15,84590610,A,AT,-0.0421035822583761,4.11614240769444e-207,6.6799973554961e-74
18,57848651,A,G,-0.0484281066784892,1.01465873528359e-112,1.63165156789734e-70
10,96038686,G,A,-0.0403653435498151,1.16321805334393e-166,2.83090937317507e-67
02,417167,T,C,0.0844539728894204,8.36346598325602e-60,5.7288666244511e-53
01,177889480,A,G,-0.038129351421519,1.76222066506577e-61,6.82337946345954e-41
01,154989823,T,TGGGGGCAGTAGAGGGGGCAGTAGA,-0.0358858105470211,1.56906873094845e-55,2.51572010637114e-38
01,155413304,A,C,0.0213332382752404,8.14814445394219e-23,3.62333944067214e-13
15,89415247,C,G,-0.0314124142049237,2.71324121557514e-56,2.45610602342867e-33
13,51078446,T,C,0.0314610692412614,5.65915399893209e-45,1.60571218534104e-32
04,73521455,C,T,0.061194031433415,4.07256873702916e-38,2.48020514593561e-30
04,73771353,C,G,-0.0171284143161151,8.66699567339287e-25,1.78919104459686e-08
04,73171190,C,A,-0.0313824343268063,7.59719573031683e-10,4.21484065141441e-06
19,47569003,A,G,0.0282815475420025,8.74130447823282e-58,3.47961713637488e-30
15,100692953,G,A,-0.043637812671934,1.25289751319406e-36,7.75337023954166e-30
15,100518568,G,C,-0.0191655644478088,1.30804096738151e-20,6.85874690710473e-11
15,100759614,T,C,0.0175920672337536,4.0820740848288e-17,1.26879790967904e-11
03,185828465,T,C,0.0334598243491686,6.53755786621872e-42,3.26380542182617e-29
07,46634598,G,C,-0.0254835830416482,1.22676533564944e-55,1.03384884603164e-28
07,46143950,G,T,-0.0171719017523426,1.20195795606396e-08,7.33680406043741e-09
05,176520243,G,A,-0.0227483297763945,5.96058787335158e-29,5.60241958444461e-28
05,176510140,T,A,0.0154924808777568,1.45290373408811e-21,1.54907714935524e-19
12,48400090,C,T,0.0294479932818864,1.5855560463581e-40,4.56229262063373e-26
16,19932045,G,A,0.0310191186089606,1.90850833234233e-26,1.47640995970474e-25
16,20050466,C,G,-0.0166466341832824,1.47877356867882e-14,1.47544262169209e-14
07,150668070,T,C,0.025720733889558,2.48663533057086e-36,2.27888509480399e-25
07,150506199,C,T,-0.0134126698649298,4.67390863864906e-14,5.8853029028904e-08
02,172408827,CA,C,0.0282514756032282,9.24750745823184e-41,4.48169370384017e-25
02,27730940,C,T,0.0197091902784501,1.03397687322181e-33,4.56437074616341e-25
02,27763887,T,C,-0.0211601449321057,7.70636246956619e-18,8.11462792411613e-22
12,50703384,G,A,0.0244171825033954,8.11710994748146e-35,3.83247891439067e-24
16,30158550,CT,C,0.0236977760462984,6.07334222154667e-67,3.91172239272869e-24
14,93118229,C,T,-0.0296372786551194,4.12385691662614e-34,1.03986455487663e-23
17,47328183,C,T,-0.0226492372820551,6.94212954560244e-31,1.13567422326341e-23
17,47536040,GGC,G,-0.0251585555282302,1.12862151221655e-10,6.69884904376557e-12
20,6634895,C,T,0.0223608313818405,3.30292545491974e-27,2.24299004200606e-23
20,6331643,G,A,0.0129452955066954,2.55206316757648e-11,2.28892040839872e-11
X,68381264,C,A,0.0222845450222501,1.35020306105777e-32,2.76825819267996e-23
03,50640830,T,C,0.0337265569441773,7.74451101770838e-26,3.47686891394142e-23
03,50190346,G,A,-0.0203156966596706,4.86202692231154e-37,2.60176403273376e-18
08,11440019,A,G,-0.0230408736869495,3.82554365638887e-61,3.79512474186347e-23
04,120246249,G,A,-0.0241769702013226,2.43704961294463e-29,5.14352565362754e-23
04,120123417,C,G,0.0218869009962898,2.02360985060902e-12,1.71551730610564e-16
01,10839085,T,C,-0.0244243487394477,1.35920627188415e-31,1.23542751813357e-22
01,11129317,A,G,-0.0151044919674139,9.21079025164017e-12,3.88311291247173e-09
06,50788778,A,C,-0.0295559684996522,6.2324384931584e-26,6.50393421592908e-22
06,51244208,GGA,G,0.0116553980232054,1.96908401586923e-12,3.65679868753305e-06
11,68271686,GT,G,0.0235394560563999,7.104642708256e-31,6.64410824733812e-22
11,68680577,C,T,-0.0160338030628251,4.73578798543055e-10,2.08233503338008e-10
12,4384844,T,G,-0.0843844120232935,1.32739541507703e-22,1.49278347788339e-21
12,46752872,C,CA,0.0224369379824283,1.0745511832834e-50,4.34505736155443e-21
08,89428215,A,T,0.0248241203203582,2.07683227983783e-31,5.90018999868074e-21
05,82810884,T,C,-0.0545012983440925,1.57698698877488e-22,7.21262185569439e-21
07,127015083,G,A,-0.0787579095273995,1.22207739667298e-21,9.4747582392535e-21
02,198643421,G,A,-0.0214271151894479,6.19515136246656e-54,2.3433195009157e-20
11,27679916,C,T,0.0189784792019554,5.17071550880146e-13,3.21834038704881e-20
11,27744859,T,C,-0.0164649541136753,1.94002117920475e-12,1.45343765641865e-14
11,27389739,T,C,0.038150660429051,3.21846698957162e-07,1.01016858742073e-13
13,78474468,C,A,0.0252149690648351,9.85665788583049e-32,3.2837939885778e-20
06,32014575,A,G,0.0178691422355649,8.19859241276455e-30,3.87038939818343e-20
06,32338695,A,G,-0.0161086694671771,1.14282577519264e-12,9.02961135401181e-15
06,31866939,G,GT,-0.0343456394072384,2.71089665025796e-07,6.81345850703941e-11
05,122699198,C,CTA,0.0212649527137354,9.53544813199298e-52,4.39143251623011e-20
13,27049616,G,A,-0.0220763118203886,1.50353252865989e-47,6.38360071446791e-20
17,7571752,T,G,-0.0944978194994884,2.11591631220525e-19,1.07557525666056e-19
17,7592780,G,A,0.0208444075107667,5.85648060471933e-09,2.09443696203844e-08
11,69306579,A,G,-0.0180127686979127,6.18606434182134e-29,1.16508830085196e-19
11,69507942,C,A,0.0168162511074158,9.44254904743344e-19,3.01634812925599e-17
07,28189411,T,C,-0.020738345627686,7.44949711679183e-34,2.11812521608323e-19
07,28028770,T,C,0.0108192159792649,1.1493139953427e-08,2.30975886222991e-06
16,24550930,G,A,-0.024680554019372,2.72512107105378e-30,2.29013981592235e-19
16,24950880,C,T,0.0660210683856404,5.23210990058576e-10,5.95285464544364e-10
20,33937795,CAACA,C,-0.0213629662553661,1.33995194595377e-41,9.64415071294018e-19
02,223956410,C,T,0.0248289791753244,3.66057196886018e-28,1.15605341847959e-18
11,65596509,T,TA,-0.0219904490477261,6.31270681027288e-31,1.78611954718064e-18
11,66090032,C,A,0.0140800965105881,1.96169196536775e-08,1.35897376639163e-06
12,3338920,GCACAGCTGGGGCTGA,G,-0.0235873414471926,1.69951142245407e-21,3.5336926112503e-18
12,3390580,C,T,-0.0315736698075727,1.82525820628575e-11,6.36048048112559e-13
12,3232659,G,A,-0.0198263084495985,1.28095626032277e-12,1.80742709845123e-10
03,184020542,G,T,0.0212619203320668,7.83911229875631e-15,4.43413440490937e-18
03,183992589,AAAAG,A,-0.0126960441499141,3.23447453480739e-17,6.82685810568467e-15
10,27873025,T,A,-0.0186479001564,8.49016336303688e-30,4.09058423292723e-17
10,27567902,A,G,-0.0124472222251445,1.11226839892087e-07,6.83666248381387e-08
11,10331664,A,C,0.0168060721020881,1.72926259209787e-23,4.11380291454242e-17
11,10393468,G,A,-0.0128311367464565,1.00934008898711e-14,1.97730442682257e-12
10,72432047,G,A,0.0218495755289008,2.82296935657148e-29,4.61537079273289e-17
16,4014282,G,C,0.0211712392855314,4.30746704143509e-23,4.67644425199967e-17
16,3573921,G,A,-0.0135138471773269,4.61444770546841e-12,2.70767042706528e-08
16,4080940,C,T,-0.0108976593741946,8.21673619806492e-08,2.00552180471137e-06
06,34405046,T,C,-0.0216114255168707,7.61465376890631e-14,6.16198265313904e-17
06,34749849,A,G,-0.0154155560901092,1.41814646431499e-11,1.49587967891826e-13
10,96198181,T,TA,-0.0286135644421293,4.89055534008139e-50,6.07514062425865e-19
10,96558571,ATTT,A,0.0236273650085406,5.46276028672923e-18,7.47410593308322e-06
10,96300335,A,C,0.0653552058504449,4.17525909070555e-08,3.11513104689924e-06
01,78444764,C,CGGCCG,-0.0274982290101495,1.08241942014758e-18,1.11014742820257e-16
01,78305371,A,C,0.0216261083935959,1.51464383866572e-08,2.04433878010135e-09
03,13587256,C,CA,0.0242594774869251,3.63212200828511e-19,1.20099350833865e-16
03,13805578,G,A,-0.0126922129714254,9.3562379672059e-15,1.00223402531906e-08
02,211540507,C,A,-0.0205218566473591,1.97794999262444e-30,1.33202555307428e-16
02,112249583,G,A,-0.0228924216661473,1.07123577824671e-22,1.86164119346717e-16
02,112669655,C,T,0.0224653173262232,3.06209025111389e-08,4.84947368403733e-08
07,76619120,CT,C,-0.0265100308998213,6.02339064941331e-18,4.62173638726379e-16
07,77059041,T,C,-0.0127157843715512,8.05431283231127e-11,9.59415245423592e-08
13,50961493,C,G,0.0166533646987228,1.546590062593e-17,1.73762011286657e-19
13,50753785,G,A,-0.0195694170972554,5.60234493605778e-24,3.37843054294871e-16
10,104665997,C,G,-0.0345506071405164,5.8056495799096e-16,6.97023901174604e-16
10,104436019,C,CT,0.0110869284686253,2.59502983332748e-13,4.63314783958915e-07
03,52725718,ATT,A,-0.0174668679476178,1.64220800934146e-36,8.17994574021819e-16
03,53218639,C,T,0.0226185887197831,1.48476651647851e-06,2.94383166894503e-08
16,75255217,G,A,-0.020636485327446,2.18409117065416e-27,9.24921511103049e-16
05,53452239,G,A,-0.0266657593055867,3.76231589652253e-20,1.02747944475972e-15
05,53116966,C,A,-0.0180416496029848,3.78587960685966e-32,3.48786946341592e-13
06,32177900,T,C,0.0202750309840062,1.28196497576842e-17,4.78784881357158e-16
06,32450249,T,A,-0.0203799836922419,1.83147886145582e-18,1.24862351668446e-12
06,32196672,C,T,-0.026644104242412,1.77338643528692e-07,9.70913251910534e-08
01,201895664,T,C,0.0347851871403005,1.69119738016963e-17,1.0699611484143e-15
01,202163832,G,C,-0.0128934496588288,8.63115687011885e-10,3.69743390148005e-07
01,202059458,GT,G,-0.0124895391854197,1.13728302177858e-08,1.15387040485365e-06
20,39832628,T,C,0.0231498027567331,9.81938362230137e-23,1.08172157002537e-15
18,56876563,A,G,0.0236269901606787,8.53240889887145e-16,1.47114255689193e-15
18,57086934,G,A,-0.0124531488749123,7.53600062331932e-10,1.87385270647003e-07
18,57135158,C,G,-0.011565620446662,8.32337746271168e-12,1.23649858537908e-06
11,27077645,T,C,-0.0191468681498842,5.15822923423588e-25,1.5440241240937e-15
11,27520587,T,C,0.045897383276428,2.49442298246631e-11,8.51207338191646e-14
11,27516785,G,C,-0.0142415375806576,6.84295068212489e-10,6.83482266349826e-08
14,25933965,G,T,0.0200930133403473,2.03405648528728e-27,1.73791386378413e-15
02,218314141,C,T,0.0221961922252886,6.9737185506048e-16,1.85120805740025e-15
02,218795718,G,C,-0.0136877632607093,7.93480208157565e-07,2.86374493583902e-06
19,50363585,CAG,C,-0.0480113662134143,1.62742998006109e-15,2.19859238221501e-15
19,50334866,C,T,0.0202769985252401,8.31646421139742e-07,6.25523184539717e-07
05,95856501,T,C,-0.0181855314229061,1.03162416678364e-23,2.82042632422561e-15
05,95711605,A,C,-0.0126360282816617,3.17141826127729e-07,6.55134770402837e-07
01,109985439,G,A,-0.0171058220120443,1.09691788878643e-17,3.33553240467243e-15
01,110131521,A,G,-0.0443511261180294,2.94134203798249e-09,2.68372508710538e-13
07,74073392,G,GCTGA,0.0180551983452924,3.08384843624697e-42,8.26499168697836e-15
15,74234082,C,G,-0.016821831865658,3.8094866986469e-24,8.99239480099417e-15
15,74492642,T,C,-0.0125478104746743,6.85059457470182e-07,5.84533210410874e-08
05,75003678,T,C,0.0182862653886449,1.07758283415271e-31,1.097019016023e-14
07,72995910,C,CA,-0.0224061869166063,2.91401722526162e-11,1.39915968259579e-14
01,155155608,A,G,0.0189778625943555,1.90525253178741e-39,2.42588247547343e-23
01,155118588,C,T,-0.0468513188713403,7.6312108729412e-12,6.57897088167507e-15
01,155175089,C,T,-0.0417170900371119,2.75604095988287e-08,1.83234215603953e-10
01,190278319,T,TA,-0.0178196652055426,2.1794741405153e-34,2.08197341216426e-14
01,156146689,G,A,-0.0603315758485637,1.32675311588403e-13,2.91079361523789e-14
01,155670305,TG,T,0.0164167117211979,1.61562249549611e-17,1.40842788750292e-13
01,155661719,C,T,-0.0445261658327368,5.93501426012501e-09,1.28613754449429e-09
01,56613052,G,A,-0.0217619237447018,7.17307452384161e-20,3.38422401693379e-14
01,56964310,C,CT,-0.0217920624036656,1.97677037796954e-09,3.66811971574943e-08
09,119122721,A,C,0.0212363543147094,1.46432003890007e-19,6.49651782835732e-14
09,119144427,AT,A,0.0503837725107673,3.87804026484524e-06,2.07738318294006e-06
17,2308046,T,C,0.0215792605848447,2.78118476624262e-22,8.10558378025615e-14
17,2123328,G,A,0.0175611441009578,1.61824654455136e-17,9.44725060652702e-10
03,50202231,T,C,-0.0205060639219154,7.05260546944547e-38,2.4195298971704e-18
03,50455867,C,T,0.0289962290440627,3.23074559857427e-19,3.73002895748476e-17
02,43589064,A,T,0.0217508011121238,1.04210733238117e-19,8.97774821897872e-14
09,96261960,G,A,0.0190374492820864,2.09348672815763e-22,9.55818227041683e-14
09,96484342,A,G,-0.0146624667116831,2.32649500344266e-10,3.73917213192616e-07
08,74506999,C,T,-0.0226524326035993,1.1205257828813e-20,9.577131368142e-14
08,74281152,T,C,-0.0157199993839556,2.98061428844245e-09,7.4384616670066e-06
03,12344730,C,G,0.0286300422322163,9.54077855053461e-19,9.68035058506731e-14
03,12492949,C,T,0.013936653860743,2.02598008151551e-12,7.34947803427499e-06
06,41734037,GGAAA,G,-0.0173058252466553,3.41484767081541e-22,1.17765319025504e-13
06,41903798,C,A,0.0599928098084395,2.61268921200373e-09,1.39737785408098e-10
22,40611012,G,A,0.0183983393632084,2.24782035425492e-25,1.19414315698832e-13
04,177430120,T,C,0.0189724988407845,8.56562900894672e-18,1.45593604200471e-13
04,177579516,C,T,0.0137405590114529,6.12473943387064e-09,1.56183435723091e-07
04,145261999,A,G,-0.0171081566205974,2.45654054973686e-26,1.824585404026e-13
04,145659064,T,C,0.021030356141396,1.75620118019288e-08,3.29852131654457e-08
02,24155478,A,G,0.0250384626724355,2.55307795136913e-17,1.99369659681861e-13
06,29906847,TACA,T,0.0211069612442607,1.52089003139434e-19,2.22180528593192e-13
01,39566587,C,T,-0.0174992490953558,3.14107851164039e-18,2.52869755680951e-13
01,39704868,G,A,0.0370452059761016,2.71284517055549e-11,3.46683599634566e-13
08,57112046,G,A,0.0258528532169111,7.90743286934444e-17,2.7014550703216e-13
05,52843133,A,T,0.0175908741351546,8.14227140191024e-20,3.17094809640025e-13
05,53342735,G,T,-0.0146542512456232,1.52076604841307e-07,2.17104429614724e-06
05,53200838,G,A,0.0152856165091827,3.80012452525907e-07,6.53860615179615e-07
06,45075696,T,TAA,0.0180131589724705,2.06612165684585e-24,3.40361831081769e-13
12,124826462,C,T,-0.0201013394584539,1.18132110310066e-13,4.10972004574824e-13
12,124804566,G,A,0.0212225796972664,1.21421738708148e-11,3.71532134628206e-12
04,26206514,A,C,0.0295142482675525,1.05840445634681e-09,4.77802677860275e-13
04,26423833,C,CT,0.0134456063762253,6.70474040152414e-11,6.9381792891944e-11
04,26050450,AC,A,-0.0158150049674329,4.00988780279923e-08,2.48220172478403e-06
08,126506694,G,A,-0.0173423757090693,2.16844919179516e-28,5.64329279872602e-13
11,2665357,A,G,0.0280099579048177,9.19694810344692e-14,7.47067375461475e-13
11,2961212,G,C,-0.0133426427782353,7.55288973434259e-08,2.43374193583663e-06
04,106152037,G,A,-0.0253222857339432,4.36890870438442e-16,8.24045084314681e-13
01,74999713,A,G,-0.0163577988583525,6.3001562907911e-29,9.89715610900781e-13
01,75366631,C,T,0.0530636188599908,5.21460434513894e-06,2.59547463537293e-06
X,137050402,C,CT,0.0202403334700789,6.1402048064915e-16,1.01246024938008e-12
14,91517973,A,AG,0.0181597315339468,5.71650826882173e-22,1.02319953632905e-12
07,93264427,G,A,-0.0167446041279179,2.50377813163695e-28,1.02978157634516e-12
05,37284726,A,G,0.0169191192673283,3.64858065971732e-27,1.21035187007146e-12
09,98225056,G,T,-0.0267230820112332,1.7541339627877e-14,1.29886361006269e-12
09,98268396,G,A,0.0651570604313202,5.97437678085633e-09,5.7233077774232e-10
09,98566362,T,A,-0.0115495341257879,5.26486072160629e-10,6.92716291597929e-06
01,9451253,G,A,0.0179839309154123,2.99735350337467e-29,1.37082093119117e-12
01,9349611,T,A,0.0183855141206636,8.57469383801137e-09,4.43779836883268e-06
X,131208595,T,A,0.0216695422788078,1.80643256614144e-14,1.37302313376038e-12
12,108618630,C,T,-0.0186679751175916,1.50144032904112e-20,1.46772909505858e-12
17,61986027,G,A,0.0174234527961435,6.08631898374553e-21,1.52808208346698e-12
17,62410383,C,T,-0.0218185873036352,2.20105687325397e-09,1.4470266022314e-08
22,45826011,C,A,0.0219348234285596,6.00314885886592e-16,2.02493517111551e-12
22,45390532,C,T,0.0205347732023927,3.35487517986105e-08,2.52609580993168e-07
15,67331006,C,T,0.0141878088934938,8.57490697738987e-15,2.26743883496444e-12
15,67011980,C,T,0.0145113762313855,1.07968171022821e-12,2.14677371052958e-09
15,67387429,ATGGT,A,0.0282858688210398,5.44124359532926e-07,9.34410290519723e-10
02,219436297,CT,C,-0.016617710156463,3.99814221989078e-31,2.27651689227039e-12
14,70348141,C,CATAT,0.0159059551460333,1.64494615564695e-26,2.34208969935492e-12
14,70238313,G,T,-0.0432421555425076,1.03164407455835e-06,6.77359075035923e-08
12,50650057,C,T,0.0242944675564941,9.05617375415742e-35,4.75770084684776e-24
08,38208726,AC,A,0.0190474174003011,4.88225186355894e-19,2.49259459009678e-12
09,18987894,CA,C,0.0152121600266755,1.2364427740035e-20,2.54616738963689e-12
09,19126281,C,T,0.036909137584882,3.23328992486729e-06,1.68587337687888e-08
07,46094089,C,T,-0.026395082885613,6.07763560033873e-15,2.54635803753177e-12
07,46280563,A,T,-0.0132932987592254,4.47452280313495e-17,1.33510518661898e-07
01,119496425,G,A,0.0200288655622806,1.62892191603947e-09,2.81726735287223e-12
01,119550480,C,A,-0.0118710210069927,2.56368804575317e-15,1.8026786013141e-11
10,102673707,C,G,-0.0143959512533079,3.61550543848207e-17,3.42852862951407e-12
10,102447647,C,A,0.0213906319544523,6.55939072365349e-09,3.18447001919921e-09
10,102797259,C,T,0.0124847109736706,1.02172692167466e-08,3.18183369783676e-08
02,58380167,A,G,-0.0163091290376311,7.56723981683445e-29,3.58945774216361e-12
12,49471968,C,CA,-0.0165025957689353,1.17033388137072e-30,4.46245988634572e-12
20,54480026,C,T,0.0185972575500324,4.79106824206395e-19,4.63417660985537e-12
05,137761555,T,C,-0.0199179181215581,1.83301966345045e-17,5.2223914522979e-12
03,38496193,C,G,0.0160704727643743,1.19536263304225e-30,5.51684603063918e-12
05,64670190,C,T,0.0195873469787069,4.64399000463869e-13,7.2804904550353e-12
05,64319750,G,A,0.0133598336654307,1.21450312657592e-08,1.02118664363043e-07
12,939480,G,T,-0.0183796808402001,8.52597103537223e-14,7.68818883304722e-12
12,1392573,T,C,0.0116524838205963,2.06979323768418e-10,1.73718498550045e-07
09,140259068,T,TA,0.0249297409315621,2.34364117706693e-14,7.70364250716074e-12
09,140123132,C,G,0.0135047293782358,1.22004649713674e-10,2.45422535743828e-06
01,1665702,T,C,-0.0180338543645754,4.66829835997185e-22,7.93982009757566e-12
01,1597020,C,G,0.0131583495967589,1.81359822989185e-08,9.24522251896798e-06
05,102078924,G,A,-0.0160126785522484,1.99158852767083e-26,8.32015895694762e-12
19,19699963,C,T,0.0169354951058379,1.81209683853823e-22,8.69379765302648e-12
01,149922960,T,C,-0.0178648076797782,6.34433607123815e-20,9.07999006153746e-12
01,150211643,AT,A,0.0144549060190212,1.75562653545536e-13,1.62367338614381e-07
10,100017453,T,G,0.016538879370171,4.96974671897555e-22,1.13506665590696e-11
12,131621997,G,A,-0.0174593599582469,9.66620241341437e-20,1.17539531840417e-11
05,32768634,A,G,0.0178610298132756,1.32107137714713e-18,1.31062315512815e-11
05,88858208,T,A,-0.0162338450914258,1.17186118306926e-23,1.36521324749664e-11
15,77376183,C,A,-0.0159331743974553,7.88945718286784e-25,1.46384982637014e-11
03,46934290,G,T,0.0658224881160174,1.24421388309561e-11,1.52634335188418e-11
03,47264824,C,T,-0.041319477166564,1.85627703660942e-07,2.05192009164083e-07
02,199612796,C,A,-0.0159908953076878,2.23481634271936e-19,1.59515213743839e-11
02,199939999,G,A,-0.0247804475853449,9.08309422700143e-07,2.93036113794701e-07
19,9688718,C,CA,0.0162194949151324,2.71547532485088e-23,1.84530198850539e-11
21,28305477,T,G,-0.0210704903250441,3.25032735265346e-15,1.96719132134117e-11
16,88813639,G,GAAA,0.0229338293472978,2.03880720041127e-13,2.04683232985622e-11
07,70168078,C,T,-0.0256257482369931,1.008067480929e-13,2.06338787657359e-11
05,127154927,G,A,-0.0148301892447885,5.26189787986602e-14,2.33582557474476e-12
05,126656500,T,C,-0.0165641558392079,3.00426567385751e-20,2.09583794543725e-11
05,126998276,C,T,-0.0323711018926745,4.8898013014265e-06,6.27857462035639e-09
01,221128341,G,A,0.0159298634076315,1.22751769173524e-10,2.18158441668998e-11
01,221507172,G,A,0.0351853145614715,3.08010605697882e-06,9.40271498367596e-10
12,56364321,A,G,0.0163227250716229,1.57604409589431e-21,2.20442777464385e-11
11,28711589,G,T,0.0165445329231241,1.47240793185231e-14,2.20613821351147e-11
11,28898565,A,C,-0.0161576389119978,3.31472308662629e-09,5.27434843382017e-09
07,20580660,G,A,-0.0156861545167048,9.0734282233863e-26,2.21604342069885e-11
17,46725779,C,A,0.0368668292237402,1.545223126737e-09,2.78129324717659e-11
17,46555001,T,C,0.0268766852880373,5.48764471747503e-08,7.56035654081479e-06
13,96671376,C,CGGG,-0.0156141615521472,9.5877067451619e-29,3.00385503779658e-11
19,8674113,CTGTG,C,-0.0181623854538691,4.96714133098556e-33,3.03020553589184e-11
19,8670147,C,T,-0.0441727147629963,1.39584895405123e-12,1.54296105782843e-09
17,39994879,C,T,-0.0176938520532361,2.64218776569014e-18,3.15864695742812e-11
05,180060804,C,G,-0.0154664192184751,2.32025978611374e-24,3.21331977433358e-11
05,180051987,T,C,0.0176218095027811,3.05340261105165e-07,1.03663893939278e-06
09,136142185,C,T,0.0307513669768089,4.46909970654231e-11,3.28357195129436e-11
09,136474179,G,A,-0.0154609027352554,8.00261694289915e-09,1.54623237827131e-06
09,136138765,GCGCCCACCACTA,G,-0.0137178008312229,1.79875027044172e-07,1.25441760658478e-07
03,156885337,C,T,-0.0162448384001547,5.3615772843449e-21,3.32063780982811e-11
02,58951187,G,A,0.0128216859243893,5.08636685304876e-12,3.3346455080035e-11
02,59294558,C,T,-0.0130872148685079,1.65517395936743e-10,4.26127703299787e-08
02,58452792,C,G,-0.0119357590596941,7.55079915893574e-09,1.7163811021979e-09
02,242050740,A,G,0.014315947192812,6.4381411952491e-13,3.53626899732351e-11
02,242011084,T,C,0.0144186671653708,1.3769375711975e-06,1.36241069498779e-08
07,138817193,T,C,0.0256957643529096,2.61486413869217e-13,3.64170641814435e-11
X,53628625,AT,A,0.0132229942667392,3.20931260010018e-24,4.39834850605779e-11
17,39261560,A,T,-0.0165134312298392,1.17627986365881e-19,4.78559551162145e-11
09,117823775,G,A,0.0172884147043739,1.75211140582076e-18,5.10384905553021e-11
09,16870472,A,G,0.0284797339072647,1.86083483170368e-12,5.24116522672855e-11
09,16715746,C,T,0.0235254884110661,6.41384347268231e-09,1.12869353410795e-08
09,16719445,C,T,-0.0140219197070387,1.7557497135917e-07,4.85271502459491e-08
16,86417679,CAA,C,0.0156677520123133,2.42337522020888e-25,5.64360941323785e-11
04,45179883,C,T,-0.0152495013227668,1.59622386991355e-25,6.48995002920897e-11
01,170705685,C,CTATATATATA,-0.0156927164823737,1.13334036472255e-22,6.50712020851202e-11
06,85507712,C,G,-0.0237690557592695,3.61201017917454e-13,7.68055634876765e-11
06,85074281,C,CT,0.0122769330412177,4.03607438862616e-11,9.2350971525469e-06
05,134578641,G,A,0.0152312446861433,7.40866458634751e-25,8.09151983146917e-11
03,52837282,T,TTTTA,0.0181449632542746,5.36935132488117e-34,2.11983822604896e-15
03,53290198,G,C,0.028611120314234,2.26595149604561e-10,8.73924884117753e-11
18,46516424,C,G,-0.0159804477463869,1.34126683578858e-19,9.3357474246946e-11
18,46034088,C,T,0.023383775148629,2.46899318070146e-06,6.89851371711331e-06
08,6449057,C,G,-0.023365208011273,2.89601745834005e-13,9.49317648845627e-11
06,88245880,C,CA,-0.0150888285412847,6.41996654358676e-27,9.52024735374207e-11
05,130766662,C,T,0.0203781164120338,3.02396059784219e-14,9.97112934200443e-11
03,45910946,C,T,0.0179785276445544,2.41437674575094e-16,1.00580796407341e-10
03,124448385,C,A,0.0222258291692618,1.09134769357105e-13,1.05278100948064e-10
15,84514290,G,C,-0.0385223408430682,2.45944093892067e-92,1.61035677555374e-59
15,84405574,A,T,-0.0165183673499111,1.51219110018962e-20,3.24068887097708e-15
15,84012552,G,A,-0.0530801317329357,2.70833805017128e-07,7.14541595523856e-06
19,1849147,G,A,0.0148513238726084,2.15565241479889e-26,1.30825705255965e-10
05,108179863,A,G,0.0176349119785,1.88750148915112e-16,1.32229389872507e-10
03,85650323,C,T,-0.0157799166931445,1.84882453570569e-22,1.4094408413407e-10
07,94021475,T,C,-0.018113657452067,4.86583361636313e-16,1.45569789417426e-10
11,12662809,TC,T,0.0170195175726046,5.30147134371313e-18,1.51898778321197e-10
16,67188455,A,G,-0.0383336085601839,2.70977103455867e-11,1.52456680016134e-10
09,13257031,G,A,0.0289967950064684,5.09551577332975e-12,1.61127643193584e-10
04,30767735,G,GA,-0.0149865502200361,1.05188746944602e-25,1.85099124687309e-10
03,11633951,G,A,-0.0214869253251505,1.87895296928949e-13,1.89020451973129e-10
03,12096471,T,G,0.0463279843075659,3.7086307049237e-06,5.9559525379651e-06
16,1629964,CA,C,-0.0268466865940183,1.29472617814642e-10,2.08832247646425e-10
16,1924520,CA,C,0.0128583090838905,3.2674107375886e-08,4.45623570201448e-07
03,25106613,AT,A,0.0159836193798671,5.56156764521147e-19,2.19585501601618e-10
02,9780744,C,T,-0.0156846565846117,3.7052392356907e-19,2.37526806772487e-10
19,18381169,C,CAA,-0.0187697738090756,5.76253795206897e-15,2.37741769810176e-10
19,18490284,G,A,0.0135423552016326,1.53310560410117e-13,8.24114604543081e-10
19,18428632,C,T,0.0273217368497897,4.5624337493598e-06,8.81625765540802e-08
03,94034688,G,GAAA,-0.0147161802934674,4.44097825871325e-24,2.4738051686071e-10
21,46459432,G,A,-0.0148249614140631,9.12604771509852e-27,2.49614275404704e-10
04,115128522,A,ATATATT,-0.0163043264836715,1.40519772497399e-17,2.51536605574772e-10
02,25150758,T,C,-0.0146161674547607,2.41832433415166e-27,2.55820874796372e-10
03,119663870,T,C,0.0190435441634641,8.24933016053851e-12,2.59995005603022e-10
03,120067797,G,A,-0.0118989316092361,1.28413215099089e-10,6.5926646757135e-07
16,31538739,C,T,-0.0151679105162595,3.55575374179468e-20,2.81784969193775e-10
11,17452580,C,T,0.0189886380123973,4.19778617150049e-10,3.02862239553976e-10
11,16997250,G,A,-0.0194155004787491,2.4801953781041e-08,2.18685864508027e-08
11,17497794,C,G,-0.0106934628028617,1.50345579932856e-11,4.19663182313044e-06
19,17214073,C,T,0.0159010702768514,1.60652567508345e-16,3.07545932988813e-10
19,16735394,C,G,-0.0296232070569528,2.25179778221756e-06,2.3340683876266e-06
02,119587923,G,GT,0.0184907570190589,5.24066867470796e-13,3.4469056432612e-10
02,119185136,C,A,0.0133784546979706,7.39853874437968e-08,1.15540085854987e-06
03,128966302,C,T,-0.0269488740366262,7.82419871171542e-12,3.47193551024347e-10
04,102709308,T,C,-0.0121666510315422,1.60067277197295e-14,3.5865021061158e-10
04,103188709,C,T,-0.0220856480101306,8.13305319182902e-07,8.86965987957158e-10
08,13263061,C,G,0.0142874609674704,4.20584682172381e-13,4.00529771637815e-10
08,12971687,A,T,0.0113493903331091,8.08865338682733e-11,3.33717234241938e-07
08,13677229,T,C,0.0279892562274205,4.5090041579808e-06,2.54182826574947e-06
21,33785343,G,A,0.0262821862227018,9.32159592996841e-12,4.03008898453085e-10
02,27743154,A,G,-0.0250734078193542,2.17891067141014e-20,6.58970341289352e-22
02,27853245,C,G,0.0179577819690996,1.12224858642967e-17,5.48092984138224e-18
17,17096699,A,ATTTT,-0.0161573564511829,2.36154043250178e-14,4.6329337624309e-10
17,17409560,T,C,0.0169368086814807,2.70397516358468e-13,4.7803273876182e-10
18,77157432,C,CCAGCTCT,-0.0146980094857743,1.45097468248134e-15,4.65817301358472e-10
18,77247686,G,C,0.0118801772247899,2.66644885766612e-10,4.25000332472173e-07
04,55089814,T,C,0.0176541430382414,4.9666507502717e-15,5.0196419824561e-10
07,103444978,C,T,-0.0134472369383294,1.48929395326938e-18,5.08130282454152e-10
07,103266176,GA,G,-0.0412609066559374,1.24381672234404e-07,4.97600740114756e-09
18,35176161,G,A,0.0164107105279443,6.73805542938712e-16,5.44862428558742e-10
13,74189974,T,G,-0.0144114935787322,4.10750949905914e-27,5.60277913618582e-10
01,113191585,C,CA,-0.0188536029560174,4.53796658189205e-14,6.36094362358459e-10
20,61451332,C,T,0.0270767425135411,2.37640135958814e-09,6.91486600274191e-10
20,61543781,CT,C,0.0127370726526162,6.45934194472686e-09,2.37536838299567e-07
12,91158394,G,GT,0.0152166422681895,1.12111331660019e-13,7.23851119105995e-10
12,90703111,G,C,-0.0145588315774323,1.07325213393801e-08,1.00662478298608e-07
03,61219865,G,T,0.0140880362731253,9.04708951459912e-17,7.35076768486593e-10
03,61514024,G,GT,-0.0167978551608843,1.62148546637103e-10,6.36608797302085e-09
04,25408838,G,A,0.0168359516867142,5.93253793563942e-15,7.97853805742139e-10
02,217674006,A,ACACACT,0.0146558845958514,1.49162921276587e-17,8.12066236155762e-10
03,128289541,G,A,-0.023784045277752,1.16145443984237e-11,8.14566284174472e-10
12,120996797,TTTAA,T,0.0339786545151365,7.32745766734064e-11,9.01990473936143e-10
12,89724927,T,C,-0.0196080492319886,1.97250496642778e-12,9.10662153961346e-10
12,89897500,T,C,0.0128570151166268,3.60238813318308e-10,3.75625093036804e-06
12,115108136,T,C,-0.0161802790337349,3.56851272711465e-12,9.30799176293042e-10
12,115583816,A,G,-0.0108405561450725,2.57696651161184e-10,3.71919403800214e-06
14,61072658,A,G,-0.0152891683371357,1.03452877459215e-17,9.64924529942759e-10
05,71695918,C,G,-0.0142832824498097,4.05021992170347e-24,1.02550072254549e-09
01,36575530,C,CT,0.0179259027502219,1.0358982742276e-10,1.02690697350946e-09
01,36698861,C,T,0.0134123027948419,2.14934709426599e-14,1.7073581700336e-06
01,227684743,T,A,-0.0186561488959014,9.22647915125542e-15,1.04142803085651e-09
01,228166059,G,A,-0.0152102122821771,2.71692596950305e-08,9.03640148135485e-06
15,53410493,T,C,0.0145554282668788,1.26922467056836e-19,1.0530771475797e-09
16,28629660,CTTTT,C,-0.014535515635347,3.49122856079474e-21,1.05582051618992e-09
01,150257714,A,G,0.0157169420668651,2.22006902875677e-19,7.45474089989005e-11
01,149995265,G,A,0.0136598533632399,3.11432095620008e-12,8.00897429497715e-08
11,66676732,G,A,-0.0141154778584537,4.80271773940999e-23,1.12029484265153e-09
04,89052323,G,T,0.0220588886231253,9.11048797140259e-12,1.19409201305813e-09
10,97934828,C,T,0.043450200430355,2.52282707005408e-12,1.19925411334112e-09
10,97832518,C,T,0.0145697379009141,3.36238970216509e-14,1.57281701051756e-06
03,66438307,G,C,-0.0159367859826713,7.74209741161673e-11,1.23102917825255e-09
03,66663538,TC,T,0.0155693667590636,1.105057846688e-10,5.95331699909606e-09
17,79087537,G,C,0.0149592977442044,3.60206751093816e-14,1.25874559511952e-09
17,78757626,A,G,0.0146346906453247,2.02461626664103e-11,1.93561974935564e-08
17,79564930,C,G,-0.0124229559185478,2.43467564265476e-09,3.36837201558948e-07
09,129428847,T,TTAAAA,-0.0129689902742504,1.4964005613218e-13,1.29860294613247e-09
09,129270262,A,G,0.0127094570901352,8.6391142299108e-10,2.54452923127044e-08
21,38065837,GT,G,0.0158095885828157,7.81907306694417e-11,1.32861512321177e-09
21,38118940,C,A,0.0123798160718776,1.18070671898068e-12,3.17732051036251e-08
05,127627559,C,T,-0.0331986621005677,1.16385119336159e-15,4.8179032804059e-12
05,127668991,T,C,-0.0239970922675398,9.99983798503132e-12,2.73639252141327e-09
05,128138924,A,G,0.0164380375625432,1.79049730220012e-10,5.60448963864007e-09
09,6002147,G,A,-0.0133574620657144,6.10901312121899e-10,1.43236392669374e-09
18,30458628,TG,T,-0.0167501127591019,3.85729463931262e-14,1.56028162436626e-09
05,60724366,A,AT,0.0144262120828695,1.10777755730471e-24,1.57143803647097e-09
02,40441209,T,C,-0.0210512731439191,8.16365224498276e-12,1.57535395414883e-09
02,40640326,C,T,-0.0159162511799988,3.19948374903823e-09,3.98884148703704e-07
02,33375133,A,G,-0.0138035450537179,2.71275423355454e-15,1.61955548477076e-09
02,33745336,C,T,0.0149215566692363,8.04750113814892e-09,1.72423035611426e-07
02,33301389,A,G,-0.0136103807442991,7.23564763903394e-08,2.00309204226975e-07
15,38492199,C,T,0.0141610978210347,1.74858784386691e-21,1.6436892755957e-09
20,10658882,C,G,0.0137781870341333,1.27807649562e-14,1.91687087556158e-09
20,10864326,C,T,0.0113153837200256,1.048138737318e-09,6.15876179996826e-07
22,36548406,A,G,-0.0181904262250438,7.72503314566119e-13,2.01536716530178e-09
07,68997034,G,A,0.0185452355671523,5.61249967111597e-14,2.04033417279969e-09
07,68898333,A,G,0.018593273965669,4.11372441173334e-09,1.01177515541453e-06
10,125230186,T,C,-0.0138379090093993,4.40486606924043e-24,2.16952179840255e-09
02,190032670,ATTTT,A,-0.0148977240354001,2.83368640647042e-19,2.27125503824432e-09
12,111884608,C,T,0.0152683613425536,7.121080936382e-29,2.40647891591143e-09
12,111796391,G,T,0.0504284727845887,3.30162512538452e-08,3.09926665829146e-06
04,87666916,G,A,-0.0290093690868208,2.34822213599983e-10,2.51779314212044e-09
14,75004630,G,A,-0.0140816866000421,8.54424607210193e-13,2.60775799284569e-09
14,75228486,C,CT,-0.0106878945600512,8.67132982546198e-10,3.23978924363307e-06
01,22473410,T,C,-0.0170032794272691,3.42240247656013e-12,2.67422366531857e-09
01,22681832,CT,C,0.0135669823492741,3.64284096497459e-08,3.51852352398233e-06
19,34311481,C,T,0.0145491210096801,4.93932215309686e-14,2.68225624440381e-09
19,33891195,G,A,0.0138091191679357,8.18105123909463e-10,1.06825150746989e-07
19,13612011,AT,A,-0.0143797086358349,6.38930602398323e-14,2.69591174487394e-09
19,13946454,C,CA,-0.0122037285922889,2.33412526621738e-09,7.59555397278546e-07
12,90606759,G,T,-0.019010973638569,1.53302446040889e-12,2.70732091822361e-09
12,90522149,C,T,0.0154432722096925,6.48689360094526e-13,5.88348316675371e-08
17,4175556,GTATA,G,0.0485384570446556,1.13245596093908e-09,2.79183388706403e-09
06,116446576,A,G,0.0139917075184521,1.47755028494921e-19,2.80941055664596e-09
04,56455791,T,A,0.0143081069014167,3.76364325308519e-18,2.9038192450998e-09
08,141964069,A,AT,-0.014260435262673,6.43103027790376e-22,2.96821993965227e-09
05,139033773,G,GT,-0.0190989478246885,2.85995674920496e-12,3.13625811461028e-09
08,89357874,A,T,0.025096078301935,5.56442039837636e-32,6.71853498206415e-21
07,75044431,C,T,-0.0164237488719036,2.87414381807218e-14,3.2851477366751e-09
17,17409709,A,T,0.0149678584112193,5.52517817690687e-10,4.73492340488872e-10
17,18136750,C,T,-0.011538640258771,1.13603405404864e-08,5.70232573592437e-09
17,17164840,CTAAA,C,-0.0109699788952544,1.3897450567284e-07,1.85725493821981e-06
14,21545230,A,G,0.0164704313748984,8.55182820449552e-14,3.32892253044927e-09
17,68711729,C,A,-0.0139644193643763,1.13648976705548e-19,3.35169242438522e-09
12,47005736,T,A,0.0134122498434733,9.18212598954399e-16,9.1014874664303e-11
12,47484039,A,G,-0.0132864178729781,2.96661387990944e-09,3.39316399374126e-09
04,123832776,G,A,-0.017335418084254,7.38035856809689e-13,3.4524361242241e-09
11,16174309,CT,C,-0.0140590492189472,1.64982236735019e-24,3.47162918262564e-09
12,66343400,C,G,-0.013136370677524,1.77299650013474e-20,3.51880351851565e-09
12,65964463,T,C,0.0183050605991072,3.16405976242261e-06,1.87042612281972e-06
10,18549889,C,T,-0.0215533243027899,2.81493910459286e-11,3.60975269765009e-09
01,235401441,A,G,-0.0424022326037754,1.32852611724447e-09,3.66505637355533e-09
12,42861370,C,T,-0.0131453976754814,4.77579159800317e-12,3.69115290829582e-09
12,42908864,G,A,-0.0106101803839314,4.90558079534025e-09,1.05663105521025e-06
11,2648208,T,C,0.0276695612484788,3.76369106310017e-11,9.72348981868624e-11
11,2077046,CCA,C,0.0160377891490138,4.5619499184429e-09,6.15321112370444e-06
15,85391478,TA,T,-0.0277097831997679,3.28703760547002e-15,4.69908278846673e-11
15,85189879,G,T,-0.0424118931886197,7.64841199666474e-14,2.56660147727964e-10
15,85152937,C,G,-0.0191540014125597,1.38282689173813e-12,1.63659351018965e-07
06,51814216,C,T,-0.0136173198096627,2.11299133800872e-10,4.22922099517181e-09
09,14098867,T,C,0.015207948037866,1.10933694263609e-12,4.27612979774516e-09
09,13867575,T,G,0.0139602886505108,1.40778377561272e-07,1.29386700254466e-06
10,25056538,ATCCT,A,-0.0154277366398129,7.33070772140586e-15,4.28241389490467e-09
11,819464,G,T,0.0137523676866212,8.70199725182027e-21,4.52555409500435e-09
03,85604963,A,T,-0.014715834791639,1.49190104358603e-18,1.15875724076206e-09
04,37927104,C,T,-0.0326506793046747,7.81162800260902e-10,4.76697821702871e-09
01,92250347,G,C,0.0138648687867492,8.00645560871296e-20,4.77803207966245e-09
09,3869315,T,C,0.0171557166999696,7.60824950535115e-13,4.93672858921272e-09
13,28658834,T,C,-0.0148828614516201,1.28232089157672e-14,5.02984936106385e-09
13,29020183,A,C,-0.0133259030607788,1.83434260884156e-11,1.09059856407022e-07
09,28410683,T,C,-0.0144030798016065,1.4125986136064e-16,5.23043686333013e-09
01,51784438,C,G,-0.0193221338726122,1.45758185457965e-11,5.25207441408356e-09
04,83251758,C,CA,-0.0183462881956482,3.99600048038823e-13,5.38952308744164e-09
09,111733070,C,T,0.0188388044644974,9.43749000186115e-09,5.45098403989734e-09
09,111405228,C,T,-0.0130710908889416,2.77077497584594e-08,1.03882070358476e-07
09,111696646,C,G,-0.0204158505922829,2.53248690589014e-06,2.05598539238236e-08
02,178141148,A,AT,-0.0143364191964384,2.82270011189115e-14,5.52800019542792e-09
14,33292743,C,A,-0.0136186800667722,1.77181028184547e-21,5.59325533116031e-09
12,114313016,A,C,0.0137062980319297,2.31688059802701e-19,5.69862914436692e-09
06,126704795,C,T,-0.0133090775100337,3.05286696909384e-12,5.89168106379073e-09
06,126224855,C,CT,-0.0108303713645484,1.13537803663459e-09,2.0951958331798e-06
11,115044850,C,A,0.0136645019980622,1.45626264779593e-19,5.92571914219802e-09
09,118547112,C,T,-0.0251150710373326,1.04894856569332e-09,6.04208977042655e-09
09,119041018,C,T,0.0144760964190747,3.39147261597152e-08,1.39572497454021e-06
16,69565894,C,CT,0.0133676617419842,6.28474816606812e-18,6.08015961013174e-09
16,69206127,G,A,0.0432072519971793,1.81881024010564e-06,8.84254293126703e-07
22,41750622,C,T,-0.0153811164843031,2.11724709721993e-14,6.09673067966359e-09
09,92124591,C,T,-0.0145439997984833,6.21948579616085e-17,6.12343575941189e-09
01,96285385,T,G,0.0140198624532161,7.5634044243761e-14,6.20884051611165e-09
01,95989137,A,C,0.0158844263666693,5.16197114381293e-07,1.07293476719821e-06
09,95209094,T,TA,-0.0154849785132424,1.40508950494895e-14,6.33065483559679e-09
19,45623770,C,T,-0.0401605406654537,2.22281887114889e-09,6.38347952951756e-09
14,93903994,A,G,0.0135092341925028,1.60002694805436e-20,6.61140261285296e-09
06,35678054,G,A,-0.0504538417003499,2.988164554995e-09,6.62802079833861e-09
14,77507205,G,T,-0.014591142548239,1.37241443105571e-15,6.68329504867625e-09
12,97792368,TG,T,-0.0135308262982658,1.52260805741471e-22,6.94522667624301e-09
03,131776525,T,A,-0.0141134944542132,6.22791870333447e-12,7.21557071886857e-09
03,132184526,A,G,0.0120063921159412,3.23968103705442e-10,4.38544482013614e-07
19,4475606,C,T,-0.0135935473715492,2.29423396052453e-18,7.50227069835159e-09
19,4678396,G,A,0.019345678400572,1.08946915146884e-06,3.57764450273107e-06
08,145504343,C,T,0.0140928256659601,1.25819667862408e-17,7.50522629017935e-09
01,108001307,A,G,0.0145421542489964,2.36104167470233e-15,7.76936053223425e-09
11,43878485,G,A,-0.0147943107433957,5.12407052677536e-15,7.85703638782696e-09
01,205679887,G,T,0.0133927661972361,7.67001798305548e-21,8.29592340059408e-09
10,27305508,GT,G,-0.0138290082183167,1.05242168080787e-18,8.61283778126873e-09
15,99505980,C,T,0.015589116597751,7.47331509834998e-11,9.03095174666336e-09
15,99193276,C,A,-0.0128937385109641,3.12614603558759e-13,8.40873998723586e-08
12,54072435,C,A,-0.0141440755310748,9.33177321165651e-11,9.16753380921457e-09
12,54410007,C,CCCCTAG,0.0128198600922174,2.61237571901699e-13,2.48490985622226e-08
10,2666859,C,T,-0.0129046039421913,4.90333933933212e-17,9.32573591086471e-09
10,2237965,G,GC,-0.014949784402504,4.15195386594463e-08,1.14118629218783e-07
03,194841953,G,A,0.0142041604172465,3.97008734891542e-16,1.00068512511236e-08
20,50809034,T,C,-0.0233956452740073,4.09186265037609e-10,1.03574618556453e-08
01,79476511,T,C,-0.0156912140387829,2.26435586004032e-13,1.04329996555664e-08
11,100573120,A,G,-0.0147981867863632,1.92911043182273e-14,1.05093539899672e-08
11,45413385,T,C,0.0137312287244325,3.10155358411444e-17,1.06755654176256e-08
15,68072458,T,C,0.0158059287686764,6.7752598616358e-13,1.07577400079337e-08
17,43278576,C,T,-0.0141938534419565,5.12678043064839e-16,1.1410638451062e-08
16,88807608,A,G,0.0192463283357546,2.26038036607599e-11,3.91857127095969e-10
19,30272202,G,A,-0.0141027228172519,6.06338944033588e-16,1.16587253237501e-08
18,60845884,T,C,-0.0135783672680575,2.35246540752316e-17,1.19617881561365e-08
15,91421283,T,C,0.013908098038075,1.56513159768898e-16,1.19661139831495e-08
12,78198931,G,C,-0.0139244919451914,2.67216561315708e-16,1.21349135250867e-08
04,101053271,A,C,-0.0275561697382484,6.79347219185241e-09,1.22436777809324e-08
04,100745295,A,G,0.0370823276344242,2.34610791032506e-08,1.80489455097781e-08
06,2098226,A,G,0.0133267799503784,2.81030514782066e-20,1.23197521593454e-08
06,39240019,G,A,-0.0137926194188914,2.72032095521536e-16,1.25197238059386e-08
13,59178258,A,G,0.0133207571470137,1.14887298340051e-22,1.27335167140906e-08
X,47167011,CT,C,0.011736294087001,2.85367560909982e-13,1.34092809561324e-08
07,14645949,G,A,-0.0421568926096492,5.56682334245296e-09,1.34953386028478e-08
X,100108242,T,C,-0.0115229593069236,3.72434584465304e-19,1.35243871230406e-08
01,103347728,GTATT,G,-0.0132185881820197,7.47921404770892e-23,1.37019876615898e-08
15,46547456,C,G,-0.0152269791748896,3.08008301287892e-13,1.47758764932749e-08
06,130384187,T,C,-0.014130845109946,6.8037449730428e-15,1.53125570235676e-08
14,73447244,T,A,-0.0146801083060032,1.84379628670821e-17,1.60204199791534e-08
06,18667003,A,AAT,-0.0147402971924986,4.33188498638304e-14,1.60551849928312e-08
06,18970793,A,G,-0.0178589371632322,1.13777662411226e-06,9.8154777774085e-06
03,170625806,C,T,-0.013482313645717,5.79693002524205e-15,1.60772103056176e-08
03,171123796,C,T,-0.0126285601822086,1.93623959192084e-07,5.57791646807102e-06
01,93212052,G,A,-0.0227033906027682,6.12465642413604e-10,1.61548330560444e-08
17,17724789,A,G,0.0143706132770928,7.38529735925897e-18,3.45416572971934e-09
13,110382396,A,G,0.0134077695407195,1.79085263842854e-17,1.6882470611575e-08
06,153422140,C,G,-0.0143645125955325,3.08269723713965e-14,1.72319932331213e-08
05,87802144,C,T,0.0137913627010856,3.64619147795e-09,1.72643659083798e-08
05,87949118,T,G,-0.0227833783466895,3.16957742804639e-10,1.46020079127383e-07
05,87826959,T,G,-0.0187243817475016,9.77784894124215e-09,2.04685245974821e-08
14,103979762,G,A,0.015746493530995,1.85919124655343e-12,1.74684183388813e-08
02,227530721,C,T,0.0216998179911134,4.17885489488088e-10,1.76225814481753e-08
X,117898964,G,A,-0.0144639412748133,2.07641864971151e-10,1.77172022121098e-08
01,225646796,G,A,0.020591639832673,3.38700293155244e-10,2.03151273363473e-08
06,43757896,C,A,0.0137772482982404,3.89673386279789e-13,2.14014345800308e-08
06,43737830,G,A,-0.0136001595596197,1.77435847106207e-09,8.10693236589225e-08
06,43352898,A,G,-0.0110642017224608,2.58635164019447e-08,1.99226432328053e-06
06,40382544,A,G,-0.013227428000495,1.06325182356108e-19,2.14573017481578e-08
03,113390612,CTT,C,0.0130663096992396,6.10690644386903e-15,2.20725194282037e-08
03,113177261,G,A,-0.0365529187607161,5.45141191357366e-06,2.91221037278379e-06
18,74691452,A,T,-0.0131199103179739,1.09695087919973e-18,2.25089780730496e-08
18,74970687,A,ATGG,0.0315895831526507,2.8489964895215e-07,4.90910708902399e-07
06,143584412,G,GT,0.0135087574366245,2.78503943947608e-17,2.27377514856178e-08
17,1508641,A,T,0.015799221589416,7.54725270392045e-12,2.28978344393017e-08
17,1994130,T,C,-0.0193565727022408,3.11142753415288e-07,1.03493457369505e-06
17,1285641,C,CTT,0.0308352776481166,1.49733187002436e-06,6.84897908421771e-06
17,44170077,TTTTTGGG,T,-0.0132177813287387,4.89907414545377e-18,2.32323460092055e-08
02,3642361,C,T,0.0169603732642665,1.91091055453025e-11,2.36372729890393e-08
15,42073397,C,T,0.0129986424137344,2.5989644213875e-22,2.40538518269197e-08
08,67202316,C,A,0.0146202339979998,1.26828993609619e-13,2.45368201971751e-08
17,68122404,G,A,0.0193705733615765,9.73195610632942e-10,2.49463919470338e-08
17,67840023,G,A,-0.0172633879372956,1.40894298383949e-07,1.2611596784884e-06
05,89476946,C,T,-0.0163896692879948,7.7340201780044e-12,2.66987304099694e-08
11,61450330,A,G,0.0131668192172633,1.21945892674446e-20,2.70284477384903e-08
02,56112440,C,A,-0.0129989105526323,1.80108881654857e-18,2.74737284950797e-08
14,35231690,A,AT,0.0168596144440501,1.018988875826e-11,2.76634009377873e-08
03,23257156,T,C,0.0132631423623327,5.94394265994415e-17,2.77713043039874e-08
02,112790361,T,TA,0.0228131078348132,3.47841682570775e-09,2.78067920796471e-08
02,112311873,T,C,-0.0224787269090965,1.62805552048549e-06,5.62992463763137e-06
07,139759202,C,CTCT,-0.0150420649747173,4.90281447848107e-13,2.84784985273507e-08
10,43365221,GCA,G,0.0144679244612396,3.26282510103754e-14,2.95369058274139e-08
05,172780104,T,C,-0.0176372998161583,3.6764455330172e-11,2.99427589477977e-08
01,17312743,T,C,-0.0128097093441427,2.04950157396195e-20,3.01534415939621e-08
02,177219078,T,C,-0.0368151689065591,1.97229954716128e-07,3.04372203037092e-08
02,176974104,T,G,0.0112357623812839,1.2789400038654e-10,9.26440816460733e-07
08,59930264,G,T,-0.0155064840504491,2.94318875542428e-11,3.19888368724029e-08
08,60229952,G,A,-0.0201554199655229,5.67751703585627e-07,1.91023139888091e-06
10,121366194,T,C,-0.0129527105193067,2.64279654058338e-18,3.25633885186123e-08
04,145939305,A,G,0.0142131557636493,1.11298457426136e-13,3.27025055626459e-08
10,130837274,C,T,-0.0133408716514462,6.21622811513823e-12,3.35475406365498e-08
10,130385808,T,C,-0.0120959992316197,8.68081472812628e-11,5.47703811666167e-07
09,78511889,G,A,-0.0195590696579125,4.20871928510123e-10,3.39832332388878e-08
09,70976807,G,T,-0.0145136346258165,4.32818946864596e-13,3.45065744255058e-08
06,81927833,G,A,0.0247030238298701,2.11041609195505e-09,3.60825729704032e-08
09,120687045,T,C,0.0127708271885452,6.65275337344863e-20,3.66890422405133e-08
01,222940755,T,C,0.0148131644087264,5.22870817144658e-13,3.72967451617985e-08
08,135798021,TA,T,0.0143777704494807,3.39919505045628e-13,3.89444716553566e-08
08,81397105,A,T,0.0159552972808758,1.36717602286571e-11,3.92280315163681e-08
01,63565153,T,C,-0.0353284738362873,1.29408701137723e-08,4.00007450111791e-08
15,81028965,C,G,-0.0127158788651962,7.16868637500191e-20,4.14423879708609e-08
17,57927426,AT,A,-0.0131694565867454,1.18632278647382e-16,4.1663087086754e-08
17,42326258,T,C,0.0124115990189801,3.52313414406743e-09,4.36518099263878e-08
17,42774033,G,GA,-0.0132978524634444,2.60064645253212e-10,7.19683222775194e-07
17,42325043,CTGGCAGAGTTAGCTCTCTGACCCTT,C,-0.0346764954828111,3.2072235460002e-06,1.59376336979846e-06
05,140971262,G,GATATATATATATATAT,0.0128214206334569,6.28981580202065e-19,4.49046399218394e-08
18,20719164,A,G,0.0141666763958449,1.40541021248469e-13,4.50998096796146e-08
03,49218776,G,GAA,-0.0193752430271619,1.55022588540909e-17,3.78239555983405e-09
03,48779418,TG,T,-0.0244121792010298,5.95829295498372e-10,3.65453424715981e-06
05,80959505,C,CA,0.0136753349479883,3.30858302271372e-15,4.56804074402726e-08
01,65939443,G,C,-0.0129661663988866,9.16602842987921e-17,4.63532874967577e-08
13,54104968,C,T,-0.0190700134837357,4.12433750490575e-10,4.70259784002371e-08
07,129996034,TC,T,0.0137314459801354,8.77123789556642e-15,4.84698740515974e-08
16,1663250,T,A,-0.0250837175202006,4.3167978059064e-11,3.74921870722578e-10
16,2160973,A,G,0.0207671098204781,1.64511669831452e-08,4.8806928060539e-08
16,2255763,A,C,-0.0189980894227824,1.94517204511373e-07,5.85162608433314e-07
X,83485317,G,A,-0.0148123327707574,1.33009186520698e-09,4.92714016441448e-08
13,58626188,G,A,0.0150110538888215,5.89055378626396e-12,4.94026972658456e-08
11,66718431,C,T,-0.0139509026384192,1.62058602955137e-22,1.92991423817426e-09
12,17052318,A,G,-0.0148510694708125,7.55999427337357e-11,5.38691305828777e-08
12,17247475,C,T,-0.0132446088506171,4.49862193611536e-07,9.84661065240016e-06
12,110050001,A,T,-0.0130735623409904,2.74238033904851e-15,5.41381350825869e-08
01,86011289,G,A,0.016400220078568,7.74919438022858e-11,5.4827055588972e-08
17,55547695,G,A,-0.0170355922054137,1.18302703732811e-10,5.53898423245939e-08
07,26594653,G,A,-0.0130591195718964,8.88674775692804e-16,5.61016336195929e-08
05,97440389,C,CCT,-0.0130890665306004,1.01277476141542e-15,5.62110914783756e-08
11,9059943,T,C,-0.0148654141773845,5.17730815241195e-12,5.68922743660605e-08
16,51570455,G,C,-0.0151525454389525,8.17366535545382e-11,5.72510275422088e-08
16,51903981,C,A,-0.0219904741204798,7.98882578589956e-07,1.22835732790394e-06
08,118897700,A,AT,-0.0202586506989844,1.41517252771401e-09,5.78156595940888e-08
05,106400536,A,G,0.0159563805491331,6.30108757601985e-09,6.02866998454794e-08
05,106821777,T,C,0.0106895462012552,7.61326229117976e-12,3.07857186610891e-06
05,133864599,G,A,0.0127830297211568,1.43308273788802e-17,6.11693456542099e-08
16,81591265,C,A,0.0165447626653719,1.54319755509229e-20,6.33266909218778e-08
16,81644087,T,C,0.0145090988096722,3.6081133721356e-19,6.73954695112085e-06
14,54632249,T,C,0.0130828592327651,1.0202572553845e-13,6.34470463977876e-08
14,54351665,A,AT,-0.0274618996586378,9.59144751240028e-07,1.08982465473161e-06
01,221357227,A,T,0.0199627631888042,1.52971486580757e-14,9.51379139876396e-11
07,72916687,CT,C,-0.0201571458789479,3.09795542823299e-09,8.91174626418859e-13
02,77192765,C,T,0.012491777417812,1.17240524485128e-11,6.60179516632991e-08
02,77689571,G,C,-0.0104655008097172,2.445239870443e-08,6.30531386740744e-06
21,39983448,C,T,0.0532397671946032,1.28577513680907e-08,6.67812921194502e-08
21,40290503,G,A,0.0112155288229884,7.90110606983636e-08,9.45064570940677e-06
21,39664976,A,G,-0.0104796345160352,3.45975246739066e-10,7.13082161806931e-06
07,2099331,A,G,0.0146611127636683,5.80618484397818e-12,6.71728547714869e-08
16,30308718,T,C,-0.0216164976399766,1.75534862859629e-57,1.78755430265475e-20
02,466003,G,A,0.0756464521115761,8.72268594542514e-50,2.94845605166624e-45
02,661188,T,C,-0.0180115334962877,1.84680293374998e-08,2.51369461786968e-12
11,30425655,G,A,-0.0128546289141561,2.98999550443306e-11,6.82319732725229e-08
11,30845489,AT,A,0.0111010997885971,1.20249991020521e-09,2.42174838996167e-06
01,207924906,A,G,-0.012747105376778,2.1577042688688e-16,6.83765482018804e-08
12,9124190,G,A,-0.0127602908853116,2.42728032455174e-17,6.86217495866347e-08
05,100165534,C,G,0.0132172917924138,9.35478391578709e-15,6.94761463045127e-08
15,94054392,A,G,0.0235778737446238,5.65842510095315e-09,7.04892639269052e-08
03,71442140,T,G,0.0313751193561829,7.23523079481964e-08,7.4384614176766e-08
03,70958673,A,G,-0.018163994373688,9.4805619932556e-08,5.85642322899417e-07
16,68140639,T,G,-0.0128502771147887,4.43558327370966e-13,7.7911584936603e-08
16,68396359,C,T,0.0504578609791934,3.39039745906037e-06,1.2417007504581e-06
08,42314205,G,A,-0.0133345611901327,4.20889413851965e-15,7.99155385851418e-08
09,89830672,C,T,-0.0139730005488197,1.60596331579451e-12,8.08216249009814e-08
21,18116092,A,G,-0.0133943252128113,5.01891745652139e-14,8.16272268620914e-08
X,84390188,T,C,-0.010676172132186,4.64562792082896e-13,8.28428998791769e-08
12,57979555,A,G,0.0127146824255369,1.78070373269057e-17,8.45421125965297e-08
01,151381320,G,GA,-0.0152622761285982,2.97285835757078e-08,8.53855900952951e-08
01,150950800,G,A,0.0162732295837406,4.57562899306359e-14,1.01700173251612e-07
01,151000594,CCTT,C,0.0255741459158938,1.41335096011367e-10,1.29879337724693e-07
20,62322896,C,T,-0.0247878808062954,9.30544920707178e-09,8.8281726976372e-08
22,20776973,A,AACC,0.015594628093955,5.09683865926455e-11,8.8633908769822e-08
14,59216860,ACTGC,A,-0.014306624317501,2.53057766914729e-12,9.11665796376639e-08
17,77784494,CGT,C,0.0132640517081298,1.41150844322916e-14,9.33008735628412e-08
11,86184102,G,A,0.0125551617839091,1.28420477743243e-16,9.4074956453656e-08
02,201195602,C,T,-0.0125050409103482,7.48686198943401e-17,9.51335458605338e-08
01,75785042,T,C,0.027520039573167,1.83164072150231e-08,9.52043193883066e-08
05,179190456,A,AT,-0.0129909917369276,1.15796588209222e-14,9.66870476788531e-08
09,94186973,C,A,0.012467139584296,4.54130914782451e-08,9.87917235665454e-08
09,94480903,G,A,0.0118810638256906,2.14674122106545e-08,1.32973269225085e-07
07,1272278,C,CCCCT,0.0154386573579528,2.57586767274205e-10,1.015841043616e-07
07,1112813,C,G,0.0128866421207675,9.19239430410085e-10,9.28878578937806e-07
06,26327394,A,T,-0.0123408786864798,1.91793649724913e-18,1.02003587298004e-07
03,144139994,T,TTTATA,-0.012374163621816,4.65655721228734e-18,1.02249415680448e-07
04,18137562,A,C,-0.0344440024017659,6.9305115462993e-07,1.04493304790953e-07
04,18541134,G,A,-0.0114870287998834,1.35818180366576e-11,2.31845515386568e-07
22,33050233,T,G,-0.0179255665808798,9.95452767151198e-10,1.05220327942229e-07
22,31507338,G,A,-0.0122912366907114,8.11586912673328e-19,1.06057193512614e-07
05,98591861,C,T,-0.0127073243319628,8.21082537515214e-17,1.09637306734889e-07
20,33219835,A,C,0.0179878343836685,8.22036452194537e-10,1.11482052726845e-07
01,6646959,G,GCCTGCCTTC,0.0133817867458234,2.77131683664188e-13,1.13254325852427e-07
06,120137768,AT,A,0.0158771272878844,2.61146967983166e-11,1.16477643983844e-07
14,80586190,T,C,-0.0217637368173246,7.50641035187263e-09,1.1799313629814e-07
03,168708057,CA,C,0.0130113077923458,1.91928020114641e-18,1.19333583524679e-07
10,103937244,T,C,0.016008555488922,1.19293394339205e-08,1.20568579816217e-07
10,104420018,A,G,-0.0210778017338173,1.11051488645149e-07,1.26174654150096e-07
20,38555808,G,A,0.0135035881881503,1.61263852123181e-13,1.20618990191925e-07
10,123398018,C,A,-0.0168396005071223,5.1411097648219e-10,1.20957855879055e-07
01,167764745,C,A,0.0149299885485053,4.06893789755448e-11,1.25631261945995e-07
20,42740230,G,A,-0.0122521215502389,9.2156008100389e-20,1.28818857271265e-07
09,23420004,C,T,0.0219208846549734,9.33814230203906e-09,1.30065337744316e-07
17,15868203,G,A,-0.0154797533121636,5.96945551138517e-12,1.30375660297665e-07
15,44028047,C,T,0.0401559307521733,5.33836673026015e-08,1.31342078692728e-07
16,68311219,TTTTATTTATTTATTTA,T,-0.0128950237226683,1.07842764728428e-13,8.58562444509195e-08
16,68647285,C,G,0.0494088529515073,2.33350413325584e-07,1.31941351193365e-07
01,170147769,G,T,-0.0129284320511923,8.94246690977615e-14,1.3494751580316e-07
03,38447232,A,C,0.0150903846832352,1.03127159687681e-22,5.55719952378282e-11
03,37990380,C,T,0.020111062968905,6.86653111459175e-08,1.35952632379655e-07
16,50165442,CTAAAAATATTAAAAATATTT,C,0.0137883678253068,6.17642378508555e-11,1.39945871932221e-07
16,49727574,C,A,0.0128036322706905,4.5214454637494e-08,1.64804409054309e-06
02,631396,TA,T,0.0845011033661275,-99,5.64477902929141e-42
11,2204322,T,TTTTGTTTG,-0.0397869221289628,-99,7.0457365498123e-10
09,6458454,A,AT,-0.0384476837474642,-99,7.25250603709028e-09
01,36260437,C,T,0.124436759699615,-99,8.69844294416731e-09
17,47112109,C,A,0.0291914083034744,-99,8.70165891572289e-11
12,50261809,C,T,-0.0407960291995879,-99,1.40983077965143e-17
13,50730084,G,A,-0.09610592192285,-99,3.47899529607075e-16
06,52290927,T,C,-0.0261641249410612,-99,5.84779057536401e-09
07,72668604,T,A,-0.0406016894821714,-99,4.86937754390241e-12
16,88321027,C,T,0.0762737480429356,-99,2.46029994825873e-09
16,88470296,G,A,0.0252502767757292,-99,2.96622153147215e-07
08,88981540,G,A,0.0292911906321448,-99,5.09830724950652e-08
02,177687484,T,TG,0.0423831696614726,-99,1.34844806404991e-06
02,218120669,T,C,0.030658786560757,-99,1.12368031640161e-09
