chrom,pos,major,minor,beta,p_value,gwas_p_value
05,127367998,G,C,-0.0605363281040293,6.12144393393157e-184,2.47432515321284e-111
16,53806453,A,G,-0.0505417845514445,4.41946474564282e-234,1.45084569947857e-100
18,57848651,A,G,-0.0506585024711471,3.38718617230594e-121,9.53021982411432e-76
10,96038686,G,A,-0.0413203602479744,9.59325810314536e-172,2.68877776251554e-69
15,84575367,C,CCACACACCA,-0.0396641310452214,1.19306199095449e-184,9.46041421039389e-65
02,417167,T,C,0.0862418225735099,2.61717057295727e-61,2.81894855613573e-54
01,177889480,A,G,-0.037193878424563,1.1444645115722e-57,2.0132213343548e-38
01,154993915,CT,C,-0.0349885279235542,3.97108885060306e-53,1.35146548433612e-36
01,155413304,A,C,0.0220414967405722,6.0986698258678e-24,4.09453400976173e-14
13,51099577,G,A,0.0310401464541356,4.81825380217812e-43,5.57306005022221e-31
05,176520243,G,A,-0.0294083809598876,2.98418885740704e-55,8.98045543732936e-31
15,100692953,G,A,-0.0445165717007304,1.85061892828934e-37,9.76515609860567e-31
15,100758385,G,C,0.01842240047674,2.57828474365583e-18,1.48980036516014e-12
15,100518568,G,C,-0.0183763500672256,8.47547706839986e-19,8.07474747255568e-10
15,89415247,C,G,-0.0301649903742513,3.09114453458489e-51,2.24300555009201e-30
19,47569003,A,G,0.0276879372492505,1.3656876787744e-54,1.45627653682758e-28
07,46634598,G,C,-0.0255011831188711,7.71545455995892e-55,2.59547694674661e-28
07,46143950,G,T,-0.0172153556560128,1.45023539091774e-08,8.94089632225862e-09
04,73521455,C,T,0.0592631457146648,2.66518292026623e-35,6.89539702083335e-28
04,73771353,C,G,-0.0170783351164275,2.79940756942232e-24,1.97517128631373e-08
04,73171190,C,A,-0.0311935571433523,1.30925708475336e-09,4.84626115320944e-06
16,19932045,G,A,0.0327532840506701,2.77329345938493e-28,7.61952877564306e-28
16,20036619,G,A,-0.0185870390167704,8.62711943878427e-17,1.31178160116465e-16
16,20249395,GTACT,G,0.0203692524846891,2.18436759215044e-09,5.56853117753553e-06
17,47328183,C,T,-0.0249871228741798,8.27287077643076e-37,4.59021608575396e-27
17,47525747,C,T,-0.0239335884222673,1.19341976841105e-10,3.07482143516564e-11
02,172409265,G,C,0.029183992348958,3.6033712637558e-43,9.83183343242666e-27
02,27730940,C,T,0.0230785386995982,3.72045451296797e-39,1.00260334088257e-25
02,27738632,ATTTT,A,-0.0164775985722052,5.16226118373873e-15,2.58776849858736e-14
20,6634895,C,T,0.0233853553173468,3.44992582287234e-28,1.26815614595001e-25
20,6366990,G,A,0.0131554910066756,1.38709667337708e-11,1.86888211320632e-12
01,10839085,T,C,-0.0259744030221101,5.81461094072121e-35,5.47256471053575e-25
01,11129317,A,G,-0.0157232246856885,1.92185542525786e-12,1.17328940098287e-09
03,185828465,T,C,0.0309404964535826,1.57356232859177e-35,7.67491173871852e-25
07,150668070,T,C,0.0191764163600777,5.37307777371321e-27,2.62486647482881e-24
07,150542711,G,A,-0.0168260951036932,3.23462094204551e-19,3.60435906642673e-21
14,93118229,C,T,-0.030086530955022,1.46541731956195e-34,5.12450313929875e-24
08,11447093,A,G,-0.0237163575171343,2.48356538151607e-63,5.56574281442834e-24
11,68271686,GT,G,0.0249626369498922,5.58399614137328e-34,7.1676116154642e-24
11,68680577,C,T,-0.0156966920441098,1.47491988663033e-09,4.19171058107599e-10
06,50788778,A,C,-0.0306567645919285,2.37588843887028e-27,2.79986154511831e-23
06,51240695,A,C,0.0117975552778966,7.64498196445269e-13,2.45206305535772e-06
X,68381264,C,A,0.0224135108325684,1.89497563178355e-32,3.51248813367664e-23
12,4384844,T,G,-0.0884287892749357,2.72635301645595e-24,3.71732165383304e-23
07,127015083,G,A,-0.0826690993253223,2.54225353948466e-23,2.46440901647459e-22
16,30158550,CT,C,0.0229016393704774,1.17096055266872e-61,2.63748559436579e-22
06,32014575,A,G,0.0194212338217199,9.89351409428305e-36,8.18866126527637e-22
06,32309911,C,T,-0.0193850625321118,1.05785765766414e-16,6.97853057026811e-18
11,27694241,G,C,0.0313869150580006,2.58917615794472e-27,1.21943083658758e-21
04,120246249,G,A,-0.023393826027434,7.45190782631504e-21,2.30700463446504e-21
04,119776279,CA,C,0.0115072182402374,2.62628083454255e-10,1.51544215749569e-07
12,50650057,C,T,0.0227892275130611,2.52101169122617e-30,4.80826317355622e-21
12,50261809,C,T,-0.0199924480017681,1.85920841914601e-25,1.12659461231392e-16
08,89427964,GAATTA,G,0.0251362081316203,1.07959225251577e-31,5.36869504198928e-21
03,50202231,T,C,-0.0220947728475813,5.81315846781733e-43,9.52022258311472e-21
03,50639492,A,C,0.0348481203012172,3.10470309616077e-23,1.29545262171788e-20
12,46752872,C,CA,0.0224054058842122,9.08313768897884e-50,9.71332830833231e-21
05,82815158,A,G,-0.0542389668158007,4.22695463851271e-22,1.7499386925565e-20
03,51311574,A,T,0.0282276751503092,9.41855497503769e-29,2.31234422806609e-20
07,28189411,T,C,-0.0212982310229759,4.59058937215429e-35,4.40273647359024e-20
07,28028770,T,C,0.0114678894607926,1.97219427289182e-09,6.9178146654879e-07
12,48396920,G,T,0.0257986915379224,5.18275748484055e-31,4.66019684289456e-20
13,78474468,C,A,0.0252763460581455,2.17016260353775e-31,5.49443876910837e-20
16,24550930,G,A,-0.0252869998377082,3.15974484527076e-31,5.75565283819617e-20
16,24950880,C,T,0.0622920892123984,6.11793011870237e-09,6.46465732252258e-09
11,69306579,A,G,-0.018066339518205,1.18243746041608e-28,8.24103725062166e-20
11,69507942,C,A,0.0178645816980543,1.20404065064293e-20,1.22827379558449e-18
12,3338920,GCACAGCTGGGGCTGA,G,-0.024498333213109,1.52025752088379e-22,2.16997469343079e-19
12,3390580,C,T,-0.0341385231550613,5.80732014411354e-13,1.66047811158353e-14
12,3234377,AT,A,-0.0209272973307722,4.56292526792535e-14,1.33358238772111e-11
02,223956410,C,T,0.0254862299859636,3.92845998928128e-29,2.73860537119579e-19
05,122699198,C,CTA,0.0208895663760625,3.2230431462631e-49,3.80181972600479e-19
17,7571752,T,G,-0.0933757503604679,1.06774934336195e-18,5.72111030799459e-19
17,7592780,G,A,0.0202635964878183,1.99415929121447e-08,6.35717140608697e-08
10,72432047,G,A,0.0232805806663999,1.67751041281503e-32,7.08251392297904e-19
13,27049616,G,A,-0.0215626530285286,9.7834450296367e-45,8.56699362334113e-19
11,65596509,T,TA,-0.0221770371041631,1.0857307532213e-30,9.78846965148956e-19
11,66094992,CTG,C,0.0138068308189237,3.62591734772906e-08,1.74151234757135e-06
20,34008850,C,CAA,-0.0218264125211887,5.08341183732355e-38,3.13433705634958e-18
07,76619120,CT,C,-0.0285625212388819,2.83918753106746e-20,4.60083058921469e-18
07,77059041,T,C,-0.0127808061404209,9.18382673905359e-11,9.51320770407976e-08
06,34335091,C,T,-0.0221008077971551,5.47405050079809e-15,4.94151627625209e-18
06,34749849,A,G,-0.0148869653773357,1.23008211542445e-10,4.50719956378095e-13
02,198627055,G,A,-0.020186962420955,2.42180869832575e-47,5.65477860893391e-18
02,112257811,T,G,-0.0245867126698549,1.38535095997156e-22,8.45879539760596e-18
02,112715142,C,T,0.0122672177234619,4.21262812698762e-09,1.14446964079347e-06
05,53439777,T,C,-0.028440682503137,2.62050045628032e-22,1.46804169397095e-17
05,53116966,C,A,-0.0173782454471473,1.79113537796024e-29,4.60864360141799e-12
03,184020542,G,T,0.0223141694000287,2.90353295774715e-16,1.68967470968683e-17
03,184010048,C,G,-0.0145498703891027,7.13377009134654e-13,1.42932463234365e-13
10,96348694,G,A,-0.0506521279930281,8.04381917917746e-25,1.66959187897195e-18
10,96236098,G,T,-0.0240532875797317,9.67965387224932e-23,3.51485684096865e-12
03,52725718,ATT,A,-0.0200906877749635,4.77912338923931e-49,1.91629630054439e-17
10,27873025,T,A,-0.0187843626201057,2.25228715089977e-35,2.68177129288588e-17
10,27479855,G,A,-0.0164477264662832,8.66653817914029e-07,4.85989230685109e-08
03,13587256,C,CA,0.0246073072098427,4.46794442310075e-18,3.6132115221068e-17
03,13805578,G,A,-0.0125300898246275,8.35931333776701e-11,4.76308823244025e-08
03,14039071,A,AG,0.0107804866916608,4.55291533344254e-08,5.2757151539276e-06
10,104749244,T,TA,-0.0370038062311987,9.92129692130201e-20,4.24424461472635e-17
16,4015729,T,C,0.0208211167583917,2.48618350127678e-24,5.82784559236006e-17
16,3583173,C,T,-0.0145640845548981,5.24062079994714e-08,3.9494739386808e-07
16,4080940,C,T,-0.0107912612894066,2.12412171701463e-08,4.94706439284439e-06
11,10126097,TG,T,0.0167225877650571,3.83755264748363e-23,9.60693864722974e-17
11,10393468,G,A,-0.0133120386442996,2.45325276554174e-15,1.06263403494277e-12
09,119124535,T,TAA,0.0240352770499966,2.75814679769172e-24,1.39672553320993e-16
01,201895664,T,C,0.0359137861672181,2.849847574347e-18,2.9547945008355e-16
01,202061767,CT,C,-0.0138779111627251,1.87463036073488e-09,4.2550903870727e-07
01,202145263,G,A,0.0112571198831911,2.51433142449602e-10,1.39384390655488e-06
05,75003678,T,C,0.0194695856943465,3.76392416709413e-35,3.33299084062218e-16
14,25933965,G,T,0.0207353453798504,1.19964793493568e-28,3.74867576114628e-16
01,39566587,C,T,-0.0199720889078557,6.48042182087873e-23,4.53614425858021e-16
01,39704868,G,A,0.0354009033545161,2.71739156721753e-10,1.74683392715259e-12
X,137050402,C,CT,0.0231399597459483,4.74065576945019e-20,6.06636093447724e-16
15,74234082,C,G,-0.0177234537800109,2.39881088059602e-34,9.49871508760048e-16
15,74563284,G,T,-0.0295372161469742,2.28019770171448e-06,6.16228343331087e-08
01,110078255,C,G,-0.046568101149909,1.89972079397232e-10,1.54230728268336e-15
01,109946095,C,A,-0.0163337444693322,1.08854131112439e-16,4.5946585711348e-15
17,2308046,T,C,0.0228467612143834,4.11565077824104e-23,2.66098432867053e-15
17,2123328,G,A,0.0168874248029646,9.74944580851914e-15,2.3896245403338e-09
17,1859542,C,T,0.0143620244114793,5.24605633709349e-07,6.32393210285306e-07
02,211540507,C,A,-0.0197683691817573,6.34446683555277e-28,2.74166232840269e-15
05,95856501,T,C,-0.0182457655847077,1.68741717557947e-23,3.37179134128758e-15
05,95711605,A,C,-0.0131009576470934,1.45685171083725e-07,3.36914106042224e-07
10,102656064,C,CT,0.0178679106372388,1.36603668979012e-20,7.03293517021898e-15
10,102263498,C,CTT,0.0170803864020308,5.87511249742836e-11,2.86752106559994e-08
10,102832925,G,A,0.0124454093920996,5.14140451948155e-08,7.62580849163706e-09
01,78444764,C,CGGCCG,-0.0261025611865172,9.56620316735446e-17,8.20278858784397e-15
01,78305371,A,C,0.0187480813991913,1.13470696256266e-06,1.84925877307942e-07
02,218314141,C,T,0.0216820728466638,5.08611285272333e-15,1.49124086587948e-14
02,218795718,G,C,-0.013878278458259,6.8337442265313e-07,2.63512250729616e-06
11,27077645,T,C,-0.0204204667620147,3.25165791730412e-22,1.6074472120181e-14
11,27574408,G,A,0.0245677664496894,1.2035194128262e-18,3.43641929125339e-11
16,75281964,C,A,-0.0179102136757244,6.02575778668571e-37,1.61977325255185e-14
18,56876563,A,G,0.0227132089164874,1.72645691100891e-14,2.38904505335586e-14
18,57081568,C,A,-0.0136096894353945,2.97639594254205e-11,2.26447333135208e-08
18,57135158,C,G,-0.0113407363472369,2.90183693106855e-11,3.02648423751252e-06
07,70168078,C,T,-0.0265842731831041,1.94111705924719e-12,2.9316105087661e-14
07,69952187,C,T,-0.0138319988162934,1.4829093438676e-11,1.17621163033941e-09
08,126506694,G,A,-0.018407237990298,2.7616151944303e-31,3.06088003569482e-14
07,74073392,G,GCTGA,0.0178073342093997,1.7015152222492e-40,3.08075914658434e-14
08,57112046,G,A,0.0270331487228342,5.5131664003537e-18,3.291006646902e-14
04,145261999,A,G,-0.0177503766580759,8.55472293861338e-28,3.42182418957464e-14
01,155155608,A,G,0.0212598088893549,1.83288516115188e-48,1.90017352365458e-25
01,155961068,C,T,-0.069090659601908,2.16833621727618e-09,1.85860221914422e-11
01,155175089,C,T,-0.0423226522463784,2.24893018273659e-08,3.87845744498824e-11
05,52843133,A,T,0.0188585277646484,9.49123016825693e-25,4.07697139659961e-14
05,53342735,G,T,-0.0143729179742556,2.24612843422323e-07,2.78877564269671e-06
19,50363585,CAG,C,-0.047584618481249,4.45729922561891e-15,4.07903164461829e-14
13,51065836,T,G,0.029896443561762,1.10178069545046e-35,3.31588712229091e-30
13,50420490,A,G,0.0173688183130714,1.29161516774458e-12,5.59627181099729e-12
02,219436297,CT,C,-0.017935600492503,2.01363887620484e-35,5.4861506156353e-14
12,124820705,G,A,-0.0217946378513284,1.00016825908988e-15,5.93142069127014e-14
12,124804566,G,A,0.0180978558243893,1.08387177928426e-08,2.56509138661534e-09
14,91517973,A,AG,0.0190842748610192,9.88849310265579e-24,1.09131046800367e-13
02,43451957,G,A,0.0331210490209576,1.07738817556891e-15,1.13237045158329e-13
06,45017228,C,A,0.0183592408084884,4.66497754469616e-25,1.58976537682336e-13
04,177430120,T,C,0.0183264903393666,6.76635833536416e-15,1.61614957513565e-13
04,177579516,C,T,0.0143851130993288,1.59472259085598e-08,9.6837568369178e-08
04,177463645,A,G,-0.0121514730218621,3.42213951399397e-10,1.61484336548515e-07
01,9421359,G,T,0.0164833834541093,1.44797291470413e-18,1.72552608294353e-13
01,9434788,GA,G,-0.0153015825342162,3.05219719189992e-08,3.66134442849938e-09
12,108618630,C,T,-0.0195419185048755,4.97365928032195e-22,1.97870226010913e-13
01,155670305,TG,T,0.0169171556950026,3.12668139746195e-18,5.24228586335557e-14
01,156146689,G,A,-0.0584270721348587,1.15028063821723e-12,2.49390416840318e-13
01,155661719,C,T,-0.045755495384311,3.01769061392141e-09,5.4488983108098e-10
07,72995910,C,CA,-0.0212274016374973,4.11202892417072e-10,2.51435674067216e-13
07,72668604,T,A,-0.0203628314719302,2.7860455703511e-08,8.73581867102223e-12
05,102078924,G,A,-0.0171608081726502,1.20192395044335e-29,3.69039297754822e-13
02,242050740,A,G,0.0177661319622926,1.31235854014015e-17,4.65150323996437e-13
02,241726646,A,G,-0.011038442883374,1.03234810083899e-09,2.1213018400791e-06
01,119496425,G,A,0.0205380634293072,8.5436120200495e-10,4.83880403727011e-13
01,119546842,T,C,-0.0130444884634217,6.17454049900217e-18,6.22913152882105e-13
03,12344730,C,G,0.0259023279363105,3.49837175613852e-16,4.87328363139105e-13
06,41734037,GGAAA,G,-0.0169317459837915,5.41395923054772e-21,4.9501126899025e-13
06,41903798,C,A,0.0622018184247362,9.16468911550383e-10,4.9503443308226e-11
09,140251458,G,A,0.0248717596755268,2.21702119294815e-15,5.18598728119368e-13
09,140079779,T,C,-0.0322328799215258,3.2507882081568e-08,3.35663945311672e-08
08,74506999,C,T,-0.0222335906807149,1.11418025781523e-19,5.25934206990834e-13
08,74281152,T,C,-0.0165575414936725,5.72148191404205e-10,2.24311066468369e-06
09,96261960,G,A,0.018630827023337,3.33614437325133e-21,5.49777606298614e-13
09,96484342,A,G,-0.0149492889937359,1.46019935533204e-10,2.48275171780453e-07
13,96982541,T,G,-0.0170300050119248,8.18878000261773e-29,6.3152743720541e-13
11,2665357,A,G,0.0287135826615065,2.53447280165169e-14,6.40984154840342e-13
11,2209413,G,A,-0.0164386656394058,6.15087389526811e-11,1.93680874850794e-08
11,3128823,G,A,-0.0199059393499412,7.86532444190049e-07,3.66250365239956e-06
06,29908935,TCC,T,0.0227560709141802,2.46002385297778e-18,8.28086566320054e-13
16,86418822,T,C,0.0169438384184796,1.02200456051143e-31,8.59794218787207e-13
05,64542365,T,G,0.0191662843667264,1.45738795202805e-15,1.04350920096668e-12
05,64319750,G,A,0.0145708952603515,9.04384098465746e-10,2.71917328264408e-08
03,50174572,C,T,-0.0227648586076134,7.50465060158739e-28,4.28399479612746e-18
03,49994299,T,C,-0.0431775940322686,6.93806951347276e-12,3.41728045083268e-06
03,49356671,T,C,-0.0111085023266769,1.80159839487529e-09,9.67980504237232e-06
09,16870472,A,G,0.0331174018392027,3.35085071738046e-15,1.23658548402881e-12
09,16715746,C,T,0.0213652549353482,1.75807812670736e-07,6.66095847550547e-08
09,16713666,T,C,-0.0122321262755002,2.92355093326387e-09,4.93995949943735e-07
22,45816269,C,T,0.022096341992871,5.08740497364122e-16,1.63389830024086e-12
22,45391592,C,T,0.0275554617392823,3.08300445526225e-08,9.40178426334249e-08
19,9688718,C,CA,0.0170831787708471,2.84561112045144e-25,2.19404943306736e-12
05,137761555,T,C,-0.0204353548837459,4.97569468628918e-18,2.23521219967014e-12
20,39832628,T,C,0.0203937932737713,9.89984135251632e-18,2.46574995404808e-12
21,28305477,T,G,-0.0221772099238414,1.91395097825034e-16,2.49856780482999e-12
05,88854421,T,C,-0.0169227879151074,3.40676642041868e-25,2.71319823832484e-12
15,67337826,T,G,0.0159219034119968,9.63272215903473e-20,2.91030200015218e-12
15,67011980,C,T,0.0135194019160778,1.45084905604312e-10,9.99105037689612e-10
15,66888792,C,T,-0.0254558310651666,1.44414623967237e-06,2.70589854926063e-07
01,56613052,G,A,-0.020177775132212,4.78065912300538e-17,3.26012758052464e-12
01,56964310,C,CT,-0.0231054504588994,2.79912213483118e-10,6.63924590984988e-09
01,74999713,A,G,-0.0160734000326494,1.46551589818012e-27,3.42378478111832e-12
01,75366631,C,T,0.0559421037662065,1.90066163858354e-06,9.45790328549252e-07
22,40695172,A,C,0.0140612046070699,1.75508484633734e-13,3.93806679548614e-12
22,40886602,C,A,-0.0120351024099954,3.92054784089704e-12,1.24513080185743e-10
07,93264427,G,A,-0.0163979743075265,8.06036884195943e-27,4.28557752528021e-12
03,156885337,C,T,-0.0170976606768834,9.71036863915244e-23,4.42255877679561e-12
18,46528065,C,T,-0.0175291973993278,1.34510859007832e-21,4.53482299192463e-12
02,24155478,A,G,0.0236939616148015,1.93379766795184e-15,5.1250008431305e-12
20,54480026,C,T,0.0186558217361193,7.171463269268e-19,5.73251988253973e-12
17,61986027,G,A,0.0170931788578164,6.50314253743281e-20,5.94903338972707e-12
17,62410383,C,T,-0.0214396334614227,5.52666875717315e-09,3.29097261551088e-08
09,98225056,G,T,-0.0260756496561608,1.16228819051971e-13,7.17719925029143e-12
09,98268396,G,A,0.0712349210418205,2.81724813439975e-10,2.12680961662824e-11
09,98566362,T,A,-0.0129882090505657,4.27206518982192e-12,4.16500568079561e-07
14,70348141,C,CATAT,0.0155843839297875,3.96857578824807e-25,7.64098424726644e-12
14,70238313,G,T,-0.0457526151774876,2.9419184575122e-07,1.99757541147792e-08
07,46094089,C,T,-0.026025680104556,2.33786595440401e-14,7.91017459185121e-12
07,46280563,A,T,-0.0133858045864914,4.88499399415948e-17,1.31281548482753e-07
02,58342680,ATTTG,A,0.014749734714032,1.45570080049149e-17,8.00706159306069e-12
19,19572108,T,G,0.0168721887900505,9.98270301754138e-24,8.19127774074586e-12
17,17724789,A,G,0.0130946375198559,6.84500230197599e-10,1.03588801331547e-11
14,21542766,A,G,0.02111473817116,8.00735084114577e-16,1.06163303384699e-11
02,40441209,T,C,-0.0237824030092611,1.86232277925141e-14,1.16840929181354e-11
02,40640326,C,T,-0.0160543775315495,3.14230744156708e-09,4.19410293270821e-07
01,190277706,G,A,-0.0158852239710524,2.48468330580259e-27,1.31525959364696e-11
01,150257714,A,G,0.0157998769702801,1.56023322627591e-23,1.462351420346e-11
01,149889339,C,T,0.0207261127671333,1.11444802831912e-10,1.54893992229095e-09
08,38193011,A,C,0.0187653268336974,1.0245160064871e-17,1.48635723970771e-11
09,136142185,C,T,0.0308403385218287,5.63051646666823e-11,1.48640119421161e-11
09,136138765,GCGCCCACCACTA,G,-0.0180447112638804,9.80199395847987e-12,2.84240189384531e-11
09,136474179,G,A,-0.0164214966676044,1.22337324362536e-09,3.58853436277293e-07
05,130618866,C,T,0.0214571257621566,2.28217825427141e-15,1.55574637052985e-11
01,170649279,G,A,0.0169393982845889,4.01661276392325e-18,1.63587789892254e-11
01,170149729,G,A,-0.0120591948432612,8.07856533668643e-09,7.97163369682327e-06
01,221128341,G,A,0.0162139601861934,8.1695115578157e-11,1.67689636046376e-11
01,221507172,G,A,0.0350199201774319,4.10978344696184e-06,1.29535367524322e-09
06,88245880,C,CA,-0.0158065431339775,6.25358533953505e-29,1.80246795907307e-11
03,85650284,G,A,-0.016570094139794,2.16420814093228e-22,1.94240564499797e-11
03,46934290,G,T,0.0647809729068581,3.8013986006298e-11,2.03673088774699e-11
03,47362211,C,T,-0.0417694335065226,3.46012692013382e-07,6.86674981907793e-07
03,47095177,C,T,-0.0284937392663777,2.29149164135583e-06,5.10669578248011e-06
09,129428847,T,TTAAAA,-0.0145675627787796,1.86379604397873e-16,2.47391135073758e-11
09,129270262,A,G,0.0124734547810944,2.3735806239101e-09,3.63628146310061e-08
03,128292858,T,C,-0.0156482062712174,3.84895755761322e-30,2.74365272298251e-11
03,38496193,C,G,0.0156548432976722,1.00588546710808e-28,2.81454935215653e-11
04,106152037,G,A,-0.0237438902406835,4.05567921537298e-14,2.84639827635473e-11
17,46725779,C,A,0.0361198229244928,4.38043835587265e-09,3.39407454723508e-11
17,46765018,C,A,0.0338418757431132,4.51622489005418e-07,8.00197971290657e-06
16,1629964,CA,C,-0.0295151922684661,2.49596972280078e-11,4.0199711005098e-11
16,1498520,G,A,0.0120337230363737,6.28544947633531e-15,1.80866283072265e-06
16,1948069,A,G,0.0184777171315025,1.29842463416268e-06,4.74181935649393e-07
10,100017453,T,G,0.0161836707500515,7.62113775032925e-21,4.44715844613058e-11
12,56508409,G,C,0.0167977895443585,3.38535597700397e-19,4.70215948329171e-11
04,26206514,A,C,0.0269672560417841,3.22947429485102e-08,4.73230846936965e-11
04,26050450,AC,A,-0.0157028814744523,6.40836534535306e-08,3.14140024953394e-06
04,26423833,C,CT,0.0126592781878363,1.09228030766051e-09,1.45114512830819e-09
15,77376183,C,A,-0.0156119743661961,1.52850313640697e-23,5.20968422881065e-11
04,45181334,A,T,-0.0154209976057081,1.16886254772442e-25,5.57039765251208e-11
16,88813639,G,GAAA,0.0230739148940391,2.79974096487966e-15,5.64264527240792e-11
16,89141490,C,T,0.0261123917265365,7.71863920313123e-07,5.10194275887033e-06
05,37284726,A,G,0.0157291289776525,2.42628829002737e-23,5.84132941006068e-11
12,131621287,T,A,-0.0161749494948888,4.88750394445667e-20,7.52437830212914e-11
17,39994879,C,T,-0.0174725303195792,1.26778400128897e-17,7.89602512674892e-11
04,115128564,G,A,-0.01684667285999,1.88301140102943e-18,8.239777776898e-11
03,11633951,G,A,-0.021620346930486,3.36728482262866e-13,9.54279237406985e-11
03,12131687,C,T,0.0209708750889736,2.84555428005091e-06,5.16907976648556e-06
09,19023613,G,A,0.014251687845582,1.07001078183099e-14,9.86475833129382e-11
09,18760665,A,G,-0.0141165993001041,2.55717536793211e-07,7.04164296822371e-06
09,19128095,G,A,0.0386412742621722,3.09661262677547e-06,1.95292433077662e-08
05,127152634,A,G,-0.0190172511876338,1.30564855000511e-23,1.3018351293608e-14
05,126656500,T,C,-0.0159136533721733,1.64286183010999e-18,9.96435271916857e-11
18,35176161,G,A,0.0171914700329949,4.83588386313161e-17,1.14863623316115e-10
01,1665702,T,C,-0.0172148829140844,6.13965504685001e-20,1.16677871218122e-10
01,1597020,C,G,0.0135125146950424,9.84706828044575e-09,5.03104564120045e-06
05,32773314,C,T,0.0155450623079942,1.3371673452618e-21,1.18479266429734e-10
17,68704203,T,C,-0.015302790549815,5.31837777765696e-23,1.19308298723133e-10
04,55089814,T,C,0.0178558325889559,2.17561658039961e-12,1.29012319939113e-10
04,55541879,C,T,-0.0106813743677705,5.90226429474061e-11,1.72124837854038e-06
11,17452580,C,T,0.0201075662424745,1.83400054921336e-12,1.30631860664148e-10
11,16997250,G,A,-0.0184882843603556,2.55294540156325e-08,9.01073995249564e-08
13,74189974,T,G,-0.0150265959863245,6.95880592957202e-29,1.43966889256778e-10
07,138817193,T,C,0.025084260042151,1.43289384482432e-12,1.46792194747349e-10
09,3869315,T,C,0.0189069634838181,4.66879030508761e-15,1.6159131269572e-10
02,33375133,A,G,-0.0146462771615343,8.95225701577834e-17,1.82715922164835e-10
02,33301389,A,G,-0.0160663181186242,2.87693255007649e-10,1.37454159406691e-09
02,33745336,C,T,0.0144252292621487,3.19482945946533e-08,5.53968890852175e-07
17,79092463,C,T,0.0156454473034216,1.45677911780902e-14,1.95945519646844e-10
17,79421254,G,T,0.0119865111470523,1.5901552993498e-09,3.39069532156046e-07
X,131208595,T,A,0.0195254167848937,7.4252702633854e-12,2.39545406391886e-10
02,25365642,T,TAATA,0.0155474362908484,1.02322034430404e-19,2.40674447897036e-10
02,199612796,C,A,-0.0156783069903209,1.12553536266363e-19,2.47841047961689e-10
17,39261560,A,T,-0.0160074153171288,2.73689343691531e-18,2.54798631190273e-10
06,2097614,T,A,0.0162482158571689,2.15165577239082e-19,2.79848822113105e-10
04,30854560,C,T,0.0148379708645357,1.21094245806568e-23,2.79979356130654e-10
05,87949118,T,G,-0.0261681122548106,7.29291010444077e-14,3.01629886921555e-10
05,87826959,T,G,-0.0213208592038192,7.20229121578901e-11,1.89114034872911e-07
12,939480,G,T,-0.0170111328198196,7.37736459694825e-12,3.09897141491428e-10
12,1391407,C,T,0.0111062261276569,1.81934011140776e-09,7.94557071888445e-07
01,113239382,G,A,-0.0182747300550109,8.364580683062e-15,3.28054567420421e-10
07,94021475,T,C,-0.0178789097969999,1.95170687169699e-15,3.39529496855136e-10
06,116446576,A,G,0.0149042856757471,1.20072630678244e-21,3.47340292813311e-10
16,67188455,A,G,-0.0377775584847988,7.44420836442554e-11,3.88406335594529e-10
16,28632021,G,T,-0.0148941291686823,5.47244525310802e-22,3.92568396515035e-10
03,66671645,T,C,0.0148592418134534,2.01772656148588e-12,4.18593351441408e-10
03,66438307,G,C,-0.0160873323672205,7.94208876323037e-11,5.82798880449824e-10
05,180065697,C,T,-0.0146664404349729,8.20715019989124e-25,4.26444080321155e-10
02,217674006,A,ACACACT,0.0149932651648254,4.81812317842784e-18,4.42178682069221e-10
14,93901949,A,C,0.0147492251843376,4.02700980862478e-22,4.58911043626896e-10
09,28410683,T,C,-0.0154645000492322,1.36248990102839e-18,4.59577979106314e-10
07,1272278,C,CCCCT,0.0180787451324348,1.06078964653173e-12,4.67503746843104e-10
07,1125893,A,G,0.0124062965152461,2.71495914078342e-12,3.09249655375686e-07
01,51784438,C,G,-0.0207712602600949,6.04310200369755e-13,4.89568451550386e-10
19,17219105,G,A,0.0166956580162146,4.42611479633671e-16,4.8971425845229e-10
12,54072435,C,A,-0.0155083386096643,1.862423916339e-12,5.00067973677632e-10
12,54410007,C,CCCCTAG,0.0121227259382103,6.92527933221833e-12,1.51348959854993e-07
03,61187732,G,A,0.0146470264943908,5.78620975111475e-17,5.03419974562932e-10
03,61514024,G,GT,-0.0157378685834621,2.88919539450703e-09,9.9352244173031e-08
01,79476511,T,C,-0.0170766914494168,2.47701823403553e-15,6.37030945944127e-10
03,93985100,G,A,-0.0144375540442396,8.73340461583145e-24,6.41304724424313e-10
X,53628625,AT,A,0.0124787163872814,2.02557082023649e-21,6.66043551372068e-10
12,114313016,A,C,0.0146333008914966,1.61046552587996e-21,6.88007800016551e-10
18,30458628,TG,T,-0.0172354312073218,1.14823965160598e-14,7.16265151683531e-10
11,43878485,G,A,-0.0159400487884401,6.20712641666878e-17,7.17919843519576e-10
11,838842,G,C,0.0144800960402011,6.54886902640231e-24,7.41016561873654e-10
11,28711589,G,T,0.015223095668,2.24819380692609e-12,7.45978923230815e-10
11,28898565,A,C,-0.0163161998325455,3.12969856832354e-09,6.90721228823899e-09
09,95273708,GTT,G,-0.0147246423190664,7.89751856329122e-13,7.52074611572875e-10
09,95496795,CA,C,0.0133808587405976,1.03313183746275e-08,7.40682651415057e-08
04,100745295,A,G,0.0409301755645372,9.70463789648574e-10,7.82158201117684e-10
04,100801033,C,T,-0.0276155889635887,2.61130313141627e-08,3.52302289849538e-08
21,46459432,G,A,-0.0144956086899976,2.83984957513323e-25,8.44423478547906e-10
02,119587923,G,GT,0.0186328172877778,6.00337811989465e-15,8.49728380996886e-10
19,1849147,G,A,0.0142887615653642,3.50659918088242e-24,8.6519941332512e-10
16,31539386,G,A,-0.0148194469867855,4.8329789965734e-19,9.76937965471509e-10
11,115044850,C,A,0.0144720874411266,2.00380532642179e-21,9.84849249080073e-10
10,97934828,C,T,0.0352189551767397,1.84364788236503e-08,1.02912207275497e-09
10,97827715,C,T,-0.0127084337750217,4.21626752313684e-13,4.7332216743665e-09
06,85507712,C,G,-0.0226622928065655,6.21763629193757e-12,1.03271225688493e-09
06,85074281,C,CT,0.0131479900891396,2.32131541876614e-12,1.77285404367578e-06
03,124448385,C,A,0.0211236358041027,2.49801308980043e-12,1.1332221082371e-09
03,52823179,C,CT,-0.0188020038933802,1.23333350201636e-38,3.22114050275543e-17
03,53290198,G,C,0.0250542045572327,1.78762104006871e-08,1.26203482255073e-09
03,25106613,AT,A,0.0154113274221963,1.70927056444092e-17,1.27952138784117e-09
14,77507205,G,T,-0.0153871558348581,6.53917247106731e-17,1.31735204078445e-09
02,190055909,A,C,-0.0202261744391151,5.73802065405603e-13,1.31792597050642e-09
04,25408838,G,A,0.0167443576944436,1.36287420367729e-14,1.35202688959649e-09
02,58892962,A,G,0.0121948251526329,3.04841750197532e-11,1.35485712589075e-09
02,59307725,A,G,-0.0130569500687532,9.25231407419791e-11,2.4094651060096e-08
21,33785343,G,A,0.0256283679380269,4.3116419847897e-11,1.50028048436684e-09
11,86184102,G,A,0.0143322819284945,7.29106649807307e-21,1.50478262985956e-09
07,75142141,GA,G,0.0146417561958866,6.89955510683187e-23,1.57187077597633e-09
19,45623770,C,T,-0.0420488012216497,5.26606003927592e-10,1.66115954588969e-09
04,88833484,G,GATGA,0.012009938756884,2.52296652772664e-12,1.6615108117577e-09
04,89052323,G,T,0.0173211383603758,2.50805244526589e-06,8.39998387847051e-09
05,80959505,C,CA,0.0151293920091451,5.35895752116387e-18,1.92386917548526e-09
05,108179863,A,G,0.0165608454905043,1.78845239230379e-14,2.16508005325008e-09
08,6449057,C,G,-0.0217633521009706,1.54687430814754e-11,2.20622191591688e-09
02,177070920,T,C,-0.0307418264456053,2.47205973181602e-10,2.22035890090475e-09
07,20529474,TAA,T,-0.0135456484872329,1.26161679467355e-12,2.27129439749716e-09
07,20376103,C,A,-0.0106854071012765,6.30835450518649e-08,1.46139698421173e-06
05,127627559,C,T,-0.0355614884657,3.12448560132792e-18,1.27660199562864e-12
05,127668991,T,C,-0.0281559463466673,9.82052360999702e-16,8.09767036102748e-10
05,127807266,G,T,-0.0396010763246259,1.32476200616329e-09,5.01877200193159e-07
06,130386212,G,GGAGA,-0.0149012544508976,4.68639058235642e-17,2.34907471521373e-09
03,128966302,C,T,-0.0258097126835026,8.07454028453105e-11,2.49351745087565e-09
05,71727576,A,T,0.0163524311088585,3.35234426801769e-14,2.52940465780944e-09
01,107942560,C,A,0.015608274344746,3.7314150421202e-16,2.55501899080379e-09
17,44191483,A,G,0.0148561547392805,4.08231993059051e-17,2.6295848205002e-09
12,66343400,C,G,-0.0139214767748214,1.77093615966379e-24,2.64700738860337e-09
08,89391848,G,C,0.026266914557464,1.73231900862954e-29,7.23513713048487e-21
15,53410493,T,C,0.0142902260431411,1.08941097526305e-18,2.82795953445764e-09
04,102709308,T,C,-0.0115843117127033,4.10137460002127e-13,2.88012673022411e-09
04,103188709,C,T,-0.0214592081125205,2.00212994479671e-06,3.84695245682487e-09
X,117892291,C,G,-0.0151636235210493,1.66543495709659e-11,2.89103283233509e-09
19,8674113,CTGTG,C,-0.0163350853582715,1.26179175874719e-26,2.90081537062085e-09
19,8670147,C,T,-0.039173949758681,4.62240353944106e-10,1.17694781194788e-07
06,35423886,C,T,-0.0569347978825611,3.66106750477272e-10,3.11704634427366e-09
06,35057331,G,A,-0.0168708472857812,1.03500351610989e-07,9.27195442048569e-06
07,2099331,A,G,0.0162151580272319,4.28020838492718e-14,3.17471827985917e-09
18,74665878,C,G,0.0142212164479383,1.31401780661935e-13,3.26566928784654e-09
18,74970687,A,ATGG,0.0316458524868551,3.80010221143129e-07,7.1087094065124e-07
18,74167077,G,A,0.0106503933357657,9.13296202318656e-09,6.73005633839294e-06
10,70461336,T,C,-0.0234818103720635,3.42475814707092e-11,3.33552495593322e-09
05,134578641,G,A,0.0139508882484422,8.51676322031065e-21,3.54548836803949e-09
07,69218340,GT,G,0.0152585116386366,6.30370881314713e-11,3.85306693193089e-09
07,68898333,A,G,0.0160499313911159,1.37961587378102e-06,5.3328081353252e-07
11,2643480,A,G,0.0234121509798747,5.8566403302527e-13,9.4590246065655e-11
11,2155876,C,T,-0.026360083349718,4.07669546027835e-10,3.87074878894891e-09
15,91419432,T,TC,0.013902098750022,1.40131122539201e-23,3.93471925929005e-09
08,141875230,G,A,-0.015158664802993,4.22618764021951e-11,3.94985802699299e-09
08,142348304,GT,G,-0.0109253859423837,5.6030826640332e-10,2.65948088349463e-06
09,117823775,G,A,0.0156186933289613,3.82489824654077e-15,4.06952359750029e-09
04,24023405,C,T,0.0142063923579731,1.39684470594076e-19,4.10474218137784e-09
12,97792368,TG,T,-0.0138342942257739,3.87006883122376e-23,4.19222973274458e-09
01,22473410,T,C,-0.0171046126310901,1.17003064822179e-11,4.26289074805778e-09
01,22681366,AT,A,0.0133957247713365,6.20830018477958e-09,5.82901564693615e-06
01,227168555,G,A,-0.016703840375832,2.74797871273682e-13,4.32329484380883e-09
15,68204227,A,AT,0.0139902385683578,1.50179924633269e-20,4.34901167544213e-09
04,123832776,G,A,-0.0173636385577959,1.03779893058309e-12,4.35985658284973e-09
06,43757896,C,A,0.0147687106509717,5.97428673330505e-16,4.42352212315824e-09
06,43737830,G,A,-0.0141842986426011,1.61528623454672e-10,5.69631597453447e-08
06,44041400,G,A,-0.0145293883364108,1.3979951930105e-08,4.62155917980387e-07
20,61451332,C,T,0.0258966989655606,1.48631769198249e-08,4.54870257174509e-09
20,61543781,CT,C,0.012571368403792,1.32899081422434e-08,4.36693669550466e-07
15,81986329,G,A,0.0142961624764155,5.26503359556984e-14,4.63383812327938e-09
15,81651651,A,G,0.0133662606729932,5.08343959075806e-10,1.92728020350996e-07
03,131776525,T,A,-0.0143819602719901,3.69868118079992e-12,4.69552720420961e-09
03,132184526,A,G,0.0133407234958007,4.24652308061766e-12,2.64983969864334e-08
01,93348423,T,C,-0.0240561772581794,1.55460283391417e-10,4.82797709674882e-09
16,88807608,A,G,0.0186901040283255,1.9555690970956e-12,5.48631012360405e-09
16,87887307,G,A,0.052085688082145,4.07896126451027e-06,6.13407388222747e-06
10,125230186,T,C,-0.0136351500561685,4.47283024371138e-23,5.20517413228448e-09
03,52628056,C,A,-0.022540834436057,8.29687850354325e-43,1.11360756238371e-16
03,51728573,A,G,0.0244201679620169,3.24281441062216e-16,1.43384013298373e-12
03,52072084,C,T,0.0299496442840259,8.33593243660692e-10,4.53253057798525e-06
08,135798021,TA,T,0.0153987280642887,1.06791271378512e-14,5.28533777105162e-09
09,14097618,A,G,0.0152507853115338,1.91909224138546e-12,5.30356489070082e-09
09,13867575,T,G,0.0153245549061524,9.71209300311356e-09,1.46992065094437e-07
16,78345435,A,C,-0.0143359048607096,7.34440886627538e-17,5.34035279239949e-09
09,13257031,G,A,0.0266698877634151,3.0293458468136e-10,5.4298325580992e-09
12,120996797,TTTAA,T,0.0325809246727405,5.82936181587017e-10,5.60649601478788e-09
19,18490284,G,A,0.0127610937799872,5.14243655485501e-12,5.60833311398205e-09
19,18381169,C,CAA,-0.017347189327766,8.16115327986194e-13,7.70862024764002e-09
19,18428632,C,T,0.0283762869358295,2.33394506662773e-06,5.00686084904957e-08
16,69730426,G,A,0.0138140062724608,1.97503309707534e-19,5.72746576826936e-09
13,59175727,A,C,0.0137565926967996,1.11421703417075e-23,5.74388259377183e-09
01,92316573,A,T,-0.0147017308851928,7.32318071497623e-16,5.80510709073016e-09
05,139033773,G,GT,-0.0189197781941376,6.76009072358754e-12,5.84977645472401e-09
20,50809034,T,C,-0.0211876052105835,2.45987817996482e-08,5.88724466602667e-09
20,50951298,A,G,0.013799783965575,2.12198771516273e-08,7.14466084067712e-08
19,4479576,T,TA,0.0147174916868703,3.76990935545425e-17,6.01669628120601e-09
19,4678396,G,A,0.0193610295178588,1.21445462143102e-06,2.75791665432058e-06
17,17096699,A,ATTTT,-0.0151589815126198,1.12935570568024e-12,6.03655693857336e-09
21,18067612,C,A,-0.0158217224176715,3.24905745965694e-14,6.04550305154543e-09
13,58626188,G,A,0.016068841228304,2.72675912925579e-13,7.02922968641846e-09
15,38492199,C,T,0.0137076106983873,6.29240756168202e-20,7.07989121250395e-09
11,30425655,G,A,-0.013829794936505,3.96671271177449e-18,7.14251165722722e-09
01,96305998,C,T,-0.0137917737972746,2.67429085034339e-18,7.41932028037641e-09
06,39240019,G,A,-0.0141389537136832,8.61851071224534e-17,7.47176300882688e-09
07,103449555,A,T,0.0130142852259272,5.17404758586759e-18,7.51773131560095e-09
07,103266176,GA,G,-0.0371073737848401,1.51825060682888e-06,3.17845188682413e-07
05,56207123,A,T,-0.0159425251408754,2.76945550198801e-12,7.62297374332745e-09
05,55794507,TGG,T,0.0176084747077718,9.12880969875572e-08,8.388753308764e-07
11,9052854,C,T,-0.0372652219148134,1.03793085482563e-07,7.64018532833786e-09
11,9399731,G,A,-0.0113457113205584,9.44368890904014e-13,1.3320964396654e-07
21,38071988,A,G,0.0157786171814408,2.7165074523331e-10,7.67419051571621e-09
21,38120549,C,G,-0.010953762100877,1.63693724672978e-09,1.64950791690186e-06
01,207924906,A,G,-0.0137396926792138,1.62762182090452e-18,8.01074140589038e-09
06,40382544,A,G,-0.0137245715889122,9.02390343464219e-21,8.5345604113737e-09
02,9771620,T,C,-0.0144811645500429,2.61150493970172e-16,8.55899853485429e-09
11,61467603,A,G,0.0134100143633249,1.0225035545619e-22,8.73650654234491e-09
09,27803737,T,G,-0.0134299720836875,1.89930507930922e-23,8.85592035672754e-09
03,85526120,ATCTCC,A,-0.0158047726844814,6.59481670138398e-21,9.47472949656262e-11
01,225646796,G,A,0.021249214112445,1.2946585505262e-10,9.3919469392133e-09
09,5930506,T,A,-0.0151941121704365,6.4263187825589e-14,9.81149009287084e-09
13,111029923,G,A,-0.0141170782620297,3.55393662622134e-16,1.00277760575444e-08
12,49471968,C,CA,-0.0137600840330097,1.74037757487276e-21,1.00471485953567e-08
05,141016288,G,T,0.0136748548173142,3.29499750810002e-18,1.01123525011859e-08
05,100861591,A,G,0.0172805488076454,1.42873682201759e-12,1.03067315477344e-08
14,54730267,T,C,0.0133499273475958,5.91812994474484e-17,1.04115858759943e-08
14,54351665,A,AT,-0.0257752542361902,5.29221142061578e-06,4.33862183854891e-06
07,14645949,G,A,-0.0428354409941591,4.23398604966625e-09,1.06977167712546e-08
01,97115781,A,C,0.0133312913799763,1.14836603517238e-22,1.09939052767702e-08
04,83240238,TAAAAC,T,-0.0163876441555044,5.73684976899135e-13,1.1186573069735e-08
06,51814216,C,T,-0.0133785682271967,5.9911895616068e-10,1.17975273057621e-08
06,52290927,T,C,-0.0116041735416217,3.93986531869848e-11,1.15675007479928e-07
06,126683594,A,G,-0.0130895520746292,2.1633437228103e-12,1.20396667885175e-08
06,126224855,C,CT,-0.0104967008166177,8.15411565289675e-09,5.63776492792172e-06
08,145504343,C,T,0.0140000122210718,3.69694729817606e-17,1.23745375700634e-08
20,38643024,G,C,0.0154109605977946,4.83179502080531e-13,1.3092619396657e-08
20,39142516,G,A,0.0297939582546471,3.17041754154815e-06,3.72059786362658e-06
10,130837274,C,T,-0.0138112689444096,4.8890286415405e-12,1.38030112315028e-08
10,130373761,C,CT,-0.0124862516515562,3.56584643958712e-12,2.54825828776476e-07
03,23257156,T,C,0.0136674709498504,1.21775426856435e-17,1.38790866181782e-08
11,66705242,G,T,-0.0167406930285673,2.54788773863086e-12,1.40146535217329e-08
03,142515521,A,AC,-0.0160941616106489,1.37950508062395e-12,1.40468691416175e-08
16,68647285,C,G,0.0536804892288853,2.5233247308437e-08,1.42929551012893e-08
16,68311219,TTTTATTTATTTATTTA,T,-0.0127634736673155,2.9783927543594e-13,1.32897635010923e-07
01,36575530,C,CT,0.0168320073677107,1.76674948222783e-09,1.45868668305829e-08
01,36698861,C,T,0.0131496390808006,1.08061881779937e-13,2.7133120154022e-06
01,36260437,C,T,0.0556751780105278,1.16578795981774e-06,1.01584039733185e-07
20,62322896,C,T,-0.026458715213265,1.20056401279976e-09,1.48263059579725e-08
22,41750622,C,T,-0.0150933966166894,1.01184280708728e-13,1.52314932073906e-08
14,75004630,G,A,-0.0152323578095893,5.34648925255004e-16,1.57929893962345e-08
14,75457452,C,CT,-0.0131359545167338,4.76298665773627e-14,2.38442508833778e-06
15,84514290,G,C,-0.0362066610516305,1.71800471405076e-80,8.19091737249003e-52
15,84405574,A,T,-0.0158590787567825,8.9014047296005e-19,5.66790602805109e-14
15,84012552,G,A,-0.0524770616372015,4.59275860381822e-07,8.81382644171743e-06
22,20776973,A,AACC,0.0165882717827423,4.21353331890415e-12,1.66945913410492e-08
05,67625070,T,C,-0.0182078495294073,3.08938439077423e-11,1.67464253764064e-08
17,43187815,GA,G,-0.012704741967954,1.76318848827295e-09,1.68759727465632e-08
17,43278576,C,T,-0.0118130162310647,6.68717963479497e-08,6.88558029193187e-08
19,30265235,G,A,-0.0137644796465864,4.02736613493096e-11,1.69016502940941e-08
19,30612444,C,A,0.0107818743203983,1.1723076116275e-09,2.87220326192157e-06
06,18667003,A,AAT,-0.0145204098265805,1.885164157042e-14,1.69558952994675e-08
09,111841492,C,T,-0.0134514469739668,6.60875543311153e-18,1.71448091262991e-08
11,12662809,TC,T,0.0151259796999724,2.49380855042175e-14,1.71721726927144e-08
03,170625806,C,T,-0.0134286166181188,3.14502491216597e-18,1.74463255125552e-08
02,27779565,T,A,-0.0225736161703136,1.16650594734787e-17,1.3957832964657e-18
02,27853245,C,G,0.0180940567987295,1.8977349646198e-17,5.39679201771745e-17
08,118906580,G,T,-0.0210923055741113,3.18477407127527e-10,1.77270993090236e-08
05,97440401,T,C,-0.0136421252107522,8.21467572265793e-17,1.81103649887187e-08
18,20719164,A,G,0.0146881214469734,2.83302596059471e-14,1.83040201590224e-08
10,18549889,C,T,-0.0206460673529385,2.55163794929526e-10,1.99076717956745e-08
09,120687045,T,C,0.0131233963977809,1.29142711634871e-20,1.99896252077845e-08
04,87666916,G,A,-0.0275334994564643,2.44180957436648e-09,2.0114901184456e-08
07,3494236,A,G,0.0132243646887399,2.09085877576587e-20,2.01862136250256e-08
10,2237965,G,GC,-0.0159970384615167,5.85911360372431e-09,2.02779761745074e-08
10,2666859,C,T,-0.0122329651559101,3.07701470363943e-15,5.94368280025604e-08
02,69371634,A,G,-0.0147424912569666,1.12671049227832e-13,2.05294397158808e-08
15,75898996,A,T,0.0149724911814482,3.66846084056507e-13,2.11184101234853e-08
01,63628880,C,T,-0.0189177486836823,8.21628501525682e-11,2.14315365048889e-08
12,91158394,G,GT,0.014578926623401,4.96914885864504e-14,2.20979875521919e-08
07,23577188,G,A,0.0138057022549411,1.07801967068593e-15,2.21016187973781e-08
05,60724366,A,AT,0.0134951246709557,1.79173956934966e-21,2.22960215464109e-08
02,466003,G,A,0.0783854000163342,1.70898423961586e-52,7.81001330935613e-48
02,661188,T,C,-0.0196786763498476,1.08332245871265e-09,8.02642357491496e-14
04,56455791,T,A,0.0135793574221844,2.92573763870804e-16,2.28745258324235e-08
05,100165534,C,G,0.0138049154187075,1.00375946427138e-15,2.35847409207021e-08
08,13263061,C,G,0.0133380188160975,3.24544823804892e-18,2.41098198384453e-08
17,4175556,GTATA,G,0.0459157652787761,1.10565654966724e-08,2.48286864137071e-08
09,70976807,G,T,-0.0147632099656035,2.67952166381048e-13,2.60460195697868e-08
03,45929559,T,G,0.0155037490554921,1.87178604438458e-12,2.75955158091272e-08
X,100118775,C,T,-0.010924869787269,2.62454634913852e-15,2.83174530230942e-08
20,34301588,C,CAAAAA,-0.016559457741895,2.68445677823539e-16,8.72635525659271e-10
22,33055555,T,G,-0.0186784234277333,1.26296365977055e-09,2.89734909197771e-08
22,32832874,T,C,0.0121273585007404,4.93176677517302e-08,7.38762080105731e-06
09,78511889,G,A,-0.0197937057412228,3.61985104079657e-10,3.01861707563491e-08
06,120137768,AT,A,0.0167094086049399,3.41986061358051e-12,3.17850520095957e-08
20,21081488,C,T,-0.0180250639008889,1.29116055182771e-10,3.33358140997406e-08
04,145462578,C,T,0.054455399762411,1.0331004057136e-06,3.87220031164372e-06
09,5979908,G,A,-0.0128008074465859,2.92177281220478e-09,2.29257604929697e-08
09,6545605,C,G,-0.0168712257922976,1.84908287117397e-06,7.5827770165596e-08
17,79075435,GCACA,G,0.0157992199606056,8.88771927005456e-18,2.30299314154549e-10
03,62711674,G,C,-0.0138677358258998,1.84725731901373e-14,3.55731447192796e-08
01,151250825,G,GT,0.0158215728915973,1.50923468719623e-09,3.56507230752551e-08
01,151451346,T,C,-0.0146929413949959,1.19466647536303e-07,4.09057876296647e-07
12,111907431,AC,A,0.014326535980728,3.95693711632968e-26,3.64800672061434e-08
12,111796391,G,T,0.0503345343029141,4.53749801340887e-08,3.19472555237798e-06
12,115108136,T,C,-0.0146499259821758,7.90996459101581e-13,3.67683403218146e-08
X,73583771,T,C,-0.0170464820009361,2.73896025257097e-09,3.69649483169245e-08
01,86011289,G,A,0.0167325565344491,4.60299187320422e-11,3.79898811141769e-08
14,60957171,A,G,-0.013257262256546,5.08232669336221e-19,3.83480543765458e-08
05,86251571,A,G,-0.0129339275494987,1.74877111401287e-20,3.88159549710098e-08
12,16988324,A,G,-0.0150935131624246,3.93528246770027e-11,3.88611109862139e-08
12,17243518,GT,G,-0.0138298023054125,1.55386129217379e-07,5.06757103342887e-06
X,47167011,CT,C,0.0114432015909952,1.6544453401269e-12,3.8863631358287e-08
16,54972264,T,A,0.014105879378908,1.03624227672508e-13,4.10619510120667e-08
08,81397105,A,T,0.0160339044332191,1.59172165230093e-11,4.18715198637169e-08
16,50268275,T,TG,0.0140394680872404,7.86649242769326e-14,4.25372029337712e-08
12,89752904,T,C,-0.017007373201475,3.09645543027811e-10,4.25821613499048e-08
12,89897500,T,C,0.0121521556015484,3.98849671283501e-09,8.19729939592721e-06
15,41944002,C,CCT,-0.0136400784156792,5.69994025364677e-17,4.54294148475422e-08
09,94939076,C,T,-0.0142516051887077,5.15613841366572e-14,1.03179242975088e-08
09,94186973,C,A,0.014178932507418,3.95724960290013e-10,1.68659971837837e-07
10,64648411,C,G,0.0427226260996354,2.23384693553078e-08,4.59552329157061e-08
15,64109339,TAA,T,-0.0180002611663599,1.72449262831318e-10,4.6198632677585e-08
11,100573120,A,G,-0.0142332238128638,2.81413966800372e-13,4.78865656741774e-08
10,27829355,A,G,-0.0225912433296056,2.04878317345111e-08,1.87502080053587e-09
10,27615867,GTTAT,G,0.0128889042860894,1.22623808227705e-11,7.52333675638594e-09
19,13612011,AT,A,-0.0132740947079189,6.56694365874264e-12,5.1257735826463e-08
19,13946454,C,CA,-0.0111342434164915,6.48601911108789e-08,7.62535880857385e-06
17,68122404,G,A,0.0181232866843484,3.15789138337894e-08,5.12912588253256e-08
17,68216128,C,A,-0.012128493533314,1.71180594358108e-08,9.94450455160011e-07
17,67840023,G,A,-0.0161412115601015,2.5041457779517e-06,6.56426992729905e-06
12,90563552,GAATCTTCCCA,G,0.0153259707708361,4.87466532802535e-13,5.28698020777873e-08
12,90643599,T,A,-0.0161546428212666,1.15707837132642e-09,2.8691669851849e-07
01,205679887,G,T,0.0127349496557888,1.0299868427163e-18,5.48725222966018e-08
04,18168746,C,T,0.0118173509820816,1.81874544697631e-10,5.49847636585574e-08
04,18507692,A,C,-0.0114604094463937,5.45962120855006e-09,1.48713892782152e-07
14,33292743,C,A,-0.0127805251893809,8.05595998176151e-19,5.74558142006119e-08
07,139745791,G,A,-0.0167291668384093,6.95075748170839e-11,5.81114451668639e-08
16,51570455,G,C,-0.0152433791921707,8.97890954991669e-11,5.98857688651879e-08
16,51903981,C,A,-0.0222236676491406,7.52149642669037e-07,1.14955711033034e-06
16,84808824,G,C,0.0131102884904056,1.08591366384417e-10,6.04035008366939e-08
16,85307358,T,C,0.0119291287200369,3.97785580430106e-12,3.97169922655888e-07
01,2876525,C,T,0.0148076343183584,7.92018800836058e-12,6.12352583034643e-08
01,2618217,T,TGAC,-0.0161471401085574,1.5641213681344e-08,8.06574565640071e-07
09,34622389,C,A,-0.0126442216835474,7.18030297854103e-20,6.35005154962902e-08
03,86622480,C,T,0.0168016048429298,1.24129818270344e-10,6.38642506750299e-08
02,227530721,C,T,0.0202299833784108,8.01552963425758e-09,6.45556952749304e-08
02,227335604,T,C,-0.0430770089899195,4.29870727833722e-07,2.49828083159499e-07
20,30999360,TA,T,0.0127964272655628,1.4641980997051e-19,6.61110384530985e-08
03,194839130,G,A,0.0143487663916423,1.24700908600177e-10,6.83980042777688e-08
03,194671970,C,G,0.0115163322166065,1.90393645465283e-09,3.92550319513719e-06
13,29020183,A,C,-0.013579736444303,1.15528723889456e-11,6.99128920444574e-08
13,28659434,C,T,-0.0130397194248146,2.33844808831433e-11,4.75553846703185e-07
17,42620543,T,A,-0.0139246633400908,1.40845698267941e-08,7.03063190004076e-08
17,43111154,A,G,-0.0106533812489284,1.77707572037085e-09,1.56252555270291e-06
02,207208563,T,A,-0.0130347512655576,2.46692622054176e-15,7.16295220749722e-08
06,26327394,A,T,-0.0125847243409677,7.82539672827344e-19,7.2787866911539e-08
05,106400536,A,G,0.0159834362112509,7.87430791622961e-09,7.28720276756748e-08
05,106821777,T,C,0.0109313351483373,3.82541411200772e-12,2.29025512506905e-06
22,19513930,G,A,0.0189190370469491,4.5795325378038e-09,7.35853605197393e-08
22,20005258,T,G,0.0120669330681097,4.91902027304206e-08,8.77403736274243e-06
05,172780104,T,C,-0.0172502240163327,1.37512331084124e-10,7.51827175587446e-08
13,54104968,C,T,-0.0189166568447491,7.81744481034238e-10,7.65256448002556e-08
03,119678825,G,A,0.0162703368313878,7.70017718047651e-09,7.71397047336311e-08
03,120067797,G,A,-0.0126550261860987,1.15799858101385e-11,1.81909437769747e-07
07,50749870,G,A,-0.0152488488066256,1.07592457470979e-11,7.84123103773762e-08
09,89854496,T,C,-0.0136490131494849,2.9654343474538e-13,8.18715912482204e-08
08,32405979,C,T,0.0151419514249419,1.6781450089678e-11,8.20928970169804e-08
04,37927104,C,T,-0.0301570236386666,1.77371142690282e-08,8.28770883838224e-08
19,34311481,C,T,0.013213500089311,1.15065061644699e-11,8.30274431942755e-08
19,33891195,G,A,0.0133522740479618,3.86691580976602e-09,3.48514709253212e-07
22,31552702,G,A,-0.012561509732468,1.26810817181542e-17,8.35369041579894e-08
04,120236630,T,A,-0.0176656178471418,5.40767338379859e-18,5.09841275093074e-18
04,119736796,A,C,0.0115163580973272,3.79684778417743e-10,8.35791362002471e-08
18,77723052,AGCGTGCGTCAGC,A,-0.0185349483768029,4.08860864240235e-09,8.37988097026949e-08
18,77249693,T,C,0.0116620991348502,2.18069395110239e-11,1.60435521709102e-06
10,25158161,C,A,-0.0164683341780799,1.61799730043578e-10,8.45219480360309e-08
10,43365221,GCA,G,0.0140909140329985,2.30688135723738e-13,8.51925211451971e-08
04,82175595,C,T,0.0143732148008524,3.51826197462394e-12,8.535128841943e-08
20,33937795,CAACA,C,-0.0206912437703031,1.58438092944414e-38,2.12168086688487e-17
16,81600455,C,G,0.0193129561154253,1.25721280370697e-09,8.93392341531483e-08
16,1705488,G,C,-0.0246587536007478,2.86370129119397e-11,9.36091457283209e-11
16,2160973,A,G,0.021008060367222,2.27632634844675e-08,9.21803745893358e-08
16,1924520,CA,C,0.0138600284349202,1.17250205191726e-08,6.93096112261802e-07
20,3594089,T,A,0.0146617139906748,3.24690070659803e-11,9.61705462594455e-08
20,3218634,C,G,0.0113929450643436,1.00580597789061e-10,9.74323432709884e-06
04,95447258,G,C,0.014973250121797,1.96500663952269e-11,9.89694995575504e-08
17,67584608,G,C,-0.0194992289260393,5.68608698103661e-07,9.95807405306317e-08
17,67425004,T,TG,-0.0106838860737851,1.24838972991775e-12,6.54325222065533e-07
03,70470834,C,G,-0.0125044316684592,2.29248143404902e-15,1.00649842102539e-07
03,70958673,A,G,-0.0183541079133609,4.72951822334109e-07,1.39955702557094e-06
06,100880696,A,G,0.0144018304261138,6.71497330316652e-12,1.00695266621742e-07
X,83485317,G,A,-0.0145744081469478,3.26236352608641e-09,1.02244859460035e-07
15,99193276,C,A,-0.0130281817414957,2.26578458593118e-12,1.02271124574864e-07
15,99509941,T,C,0.0132863627073963,3.5528882658531e-10,1.48621780399416e-07
18,77157432,C,CCAGCTCT,-0.012964141106313,4.31049285861403e-12,1.04169623172141e-07
18,77246406,T,G,-0.0112916071547719,4.28188598789974e-10,3.42989074603655e-06
08,42314205,G,A,-0.0133213398084773,7.42723087067415e-15,1.04699119570502e-07
14,103979762,G,A,0.0149778122419019,3.00648419081398e-11,1.05680649961936e-07
12,78198931,G,C,-0.0130981456869479,2.19323824966352e-14,1.07130980045726e-07
08,59736400,T,C,0.0124750357100789,1.25631942980561e-18,1.07328462164782e-07
10,126629608,A,G,0.0129157714867444,1.05086870186256e-14,1.07405878961966e-07
10,127083262,C,CA,-0.0147306195299332,4.99950577431515e-07,4.71303016495769e-06
11,16174309,CT,C,-0.012765201007659,3.50855422878338e-20,1.09846767905774e-07
16,70514828,C,A,0.0125524777541693,2.53595211955064e-18,1.09865905011136e-07
14,101529005,G,A,-0.0136688910313492,1.34287794153137e-14,1.10211436834146e-07
20,32603927,A,T,0.0123451176915226,2.5278418192702e-19,1.15795761258599e-07
12,110050001,A,T,-0.0128461773522886,1.34537366454963e-14,1.16377325691166e-07
02,631396,TA,T,0.0868399347897451,-99,1.24468860511019e-43
17,17409709,A,T,0.0315915486732607,-99,5.29974871273407e-11
11,27457894,GAGAA,G,-0.0309291918433423,-99,3.3341923762001e-06
17,47112109,C,A,0.0321019606273884,-99,8.95119235783618e-13
13,50730084,G,A,-0.0749200593393649,-99,6.91049505664925e-13
02,58773584,AT,A,-0.0311564716202677,-99,6.20907684152768e-09
17,78757626,A,G,0.0315921207520884,-99,1.39095754384563e-09
16,88321027,C,T,0.0769157083504279,-99,5.60969433496301e-10
08,88983236,C,T,0.030900561444907,-99,5.48033913234651e-09
04,120123417,C,G,0.0383544868477381,-99,1.1843608109385e-13
04,145659064,T,C,0.0469967373860178,-99,2.91182742185042e-09
02,218122764,A,G,0.0292978859390862,-99,8.24159261436767e-09
