chrom,pos,major,minor,beta,p_value,gwas_p_value
16,53806453,A,G,-0.0429972309241833,2.2232899148321e-241,8.93789358964806e-104
18,57848651,A,G,-0.0443805496198446,2.18910969818893e-132,6.9930143146844e-83
10,96038686,G,A,-0.0325060712161895,9.91386283926664e-152,2.5106931061543e-61
15,84575367,C,CCACACACCA,-0.032207271746123,1.21040365960646e-173,5.13386393689738e-61
02,417167,T,C,0.0664485064661231,3.58036973839516e-52,6.36038178068449e-46
02,613046,CAT,C,0.0351061739739993,2.14270076085516e-58,6.36143903091784e-40
15,89415247,C,G,-0.0289833895427944,7.72118344812615e-67,1.76643109670484e-39
01,149927034,A,C,0.026480042112993,3.52464171636514e-57,9.29265509491468e-38
01,150257714,A,G,0.0137557201614061,9.7375345271211e-21,2.38872867486822e-11
02,27730940,C,T,0.0235064261279249,4.74895247873517e-57,1.09171794016219e-36
02,27738632,ATTTT,A,-0.0149608976359778,2.24410727409767e-17,4.32010520446844e-17
04,73519842,C,T,0.0495467992354131,3.34738180135854e-40,1.52203016453747e-35
01,154989823,T,TGGGGGCAGTAGAGGGGGCAGTAGA,-0.0242371239221966,1.05033562038858e-32,4.2732007045994e-35
01,155413304,A,C,0.0174347173700105,2.61394152661006e-21,6.79891564426301e-16
01,177889025,A,C,-0.0293346329593219,3.04635665427973e-51,3.21470470624793e-34
05,127357526,C,T,-0.0271800369949348,5.07164069240258e-54,3.70193379281615e-33
01,155174106,C,T,0.014587932301047,7.4734397156237e-31,6.11392249304444e-21
01,156146689,G,A,-0.0418518921321583,1.29863404144024e-09,3.12186602138102e-10
15,100692953,G,A,-0.0383776460374814,1.46946107034416e-39,1.02717592872012e-31
15,100514063,T,C,-0.0173731863797835,3.42694172184179e-25,9.63250126646804e-13
15,100758385,G,C,0.0156204777856473,1.63693267222163e-18,8.27913662327132e-13
05,82810884,T,C,-0.0571505085111612,7.63657744905948e-34,2.91801648146469e-31
02,198643421,G,A,-0.0226378199804502,2.31269168317923e-83,6.69431769479211e-31
19,47569003,A,G,0.0236323917232055,1.30743704874386e-56,1.27104356111092e-29
11,27679916,C,T,0.0281948256128506,1.00626134850284e-42,2.48076592532414e-29
X,68381264,C,A,0.0211802680403612,7.84745919972257e-41,4.6673540979388e-29
17,47328183,C,T,-0.0215237908201193,3.64029981953882e-55,3.00145909935787e-26
03,38496193,C,G,0.0203431095883222,1.12627156095336e-66,4.77009275678892e-25
03,185828465,T,C,0.0259664575692213,1.17584779054414e-35,6.37366885493325e-25
03,52725718,ATT,A,-0.0198746572584359,1.09342654041536e-67,7.80313037339166e-24
06,50788778,A,C,-0.025472709160773,3.2303562314709e-33,1.52921644821059e-23
03,50190346,G,A,-0.0200734794935404,1.20216755788666e-48,1.95224379457374e-23
03,50569152,C,A,0.026347156431712,1.7670422770748e-24,5.43607729558511e-21
16,19926191,T,C,0.0244083298160948,3.46349383558005e-23,3.01751526615876e-23
16,20021535,A,G,-0.0137388785648012,4.22232890066055e-15,5.34389784993867e-15
10,72433203,GA,G,0.0218838163201743,3.48284814705386e-40,3.33514526264837e-23
07,150668070,T,C,0.0157079543921706,9.87679663116776e-26,5.10401067711028e-23
07,150524681,T,C,-0.0138595090505655,7.21044231348034e-19,2.95421211123129e-20
13,51099577,G,A,0.021982244593596,1.61085122937642e-27,5.69110071310486e-23
13,50703690,C,T,-0.0156868463948838,5.64204772406365e-15,1.24808229201304e-09
13,50730084,G,A,-0.0317798228559326,4.02769182020279e-10,8.97240063885878e-10
16,29954654,G,T,0.0192060013619921,2.10509218479084e-56,1.33858003428328e-22
12,48396920,G,T,0.0229215997894504,1.11797658905022e-34,2.01216414295591e-22
12,46752872,C,CA,0.0195659159755171,6.2063533350931e-54,2.0844172222154e-22
05,176520243,G,A,-0.0207540760591548,9.89914782933803e-40,2.72521349610945e-22
07,127015083,G,A,-0.0691028217679999,3.13632993252009e-23,2.77107359553086e-22
07,72995910,C,CA,-0.0286309005051281,2.10521902970766e-28,3.27312621967215e-22
22,40611012,G,A,0.0202157490759453,8.67828981166166e-42,5.26502753310068e-22
17,7571752,T,G,-0.08620033155815,2.13967797018474e-22,7.33504892495628e-22
06,34405046,T,C,-0.0244491924310829,1.26566095016078e-30,1.17675408158012e-21
03,51311574,A,T,0.0243252329805482,2.48305041198525e-30,1.61329225535616e-21
08,11440019,A,G,-0.0184057672965836,6.72854658318572e-55,6.85716493670444e-21
07,46642308,T,C,-0.0178443700587277,3.57959707301319e-43,8.08247327800265e-21
07,46143950,G,T,-0.015870526352927,5.88869831944775e-10,4.7108035890517e-10
15,74234082,C,G,-0.0182467945800468,9.19442773421944e-55,1.04866055392248e-20
02,172414553,A,G,0.0210699451119818,1.0195580544271e-33,1.11343453449202e-20
02,211540507,C,A,-0.0194606933424896,6.32536774539831e-38,1.58722821087202e-20
11,10323828,C,T,0.0151761670601312,6.71435989329954e-27,5.72135037266877e-20
11,10393468,G,A,-0.0128274936572843,5.82087318649533e-20,2.74107610671326e-16
14,25933965,G,T,0.0194435916141824,1.79191808217069e-35,7.54540011827302e-20
09,95055429,A,T,-0.018908414125608,9.98936816496884e-38,1.11139867424335e-19
16,24550930,G,A,-0.0209455605807581,1.41987180999606e-30,1.25009314933625e-19
16,24950880,C,T,0.0661452253382529,1.71517015266883e-13,1.87653241586426e-13
07,76686511,G,A,-0.0279211997521179,4.97317346644795e-25,4.10637858382325e-19
12,51116036,GTTTATTTTATTTTAT,G,0.018613053991851,1.78368931548353e-34,8.66091768715523e-19
02,217674017,CTCACAT,C,0.0177056095474736,2.94395471222411e-34,9.00051289147321e-19
02,218122764,A,G,0.014379052052338,6.08909561976915e-13,2.02009454989059e-10
06,32014575,A,G,0.0154156223066373,4.67357137878467e-31,9.96294303662312e-19
06,32338695,A,G,-0.0146770556638484,5.47624418306133e-15,6.32250060554672e-15
11,65608274,C,CA,0.017507365128277,2.29876494100687e-52,1.96686188815143e-18
03,50174572,C,T,-0.0195550305133615,2.05572476216455e-32,2.52511249520532e-22
03,49189030,G,GA,-0.0124898344900091,3.56177134851427e-13,5.04328777249776e-10
01,170705685,C,CTATATATATA,-0.0176794130557829,4.7328641825788e-39,2.9469457764639e-18
03,85650284,G,A,-0.0179904376460056,1.71684445069926e-36,3.38848428716127e-18
05,75003678,T,C,0.0173175812497897,2.04271145668909e-39,4.49034875423659e-18
01,219734960,A,C,0.0180871878678126,2.33641663345101e-33,5.20955912411461e-18
12,3338920,GCACAGCTGGGGCTGA,G,-0.0198899364707864,2.04672975226156e-21,5.52286038982004e-18
12,3238142,A,G,-0.0157000645593055,2.07088825100709e-11,1.88874186545765e-09
12,3393100,C,T,-0.024662686006248,8.65719619445931e-10,3.88723966886932e-11
04,25408838,G,A,0.0199197849869877,7.81617799347492e-28,6.60392779912339e-18
08,89427964,GAATTA,G,0.0181761281787893,5.67309958568352e-32,9.45746531575513e-18
02,227062080,G,A,0.0182605788773378,1.48108935854383e-32,1.42994156425218e-17
02,227530721,C,T,0.0198736264439628,7.43884349584938e-11,9.67393083278252e-09
11,69306579,A,G,-0.0166923606893741,3.47200667867054e-46,1.57912260689084e-17
05,53098449,T,C,0.0179068980219632,9.98564005499654e-38,5.2716986791212e-17
05,53405952,G,C,-0.0206474639723209,4.38521172103972e-16,3.45668027162378e-12
14,93112924,G,A,-0.0208249069244945,2.38678722986944e-24,5.37117077550374e-17
11,68271686,GT,G,0.0183378982588165,4.45945541402218e-29,5.6413696296441e-17
20,6612832,G,A,0.0168820985169613,4.48499042188983e-35,8.4495794522785e-17
04,120246249,G,A,-0.0201085796874389,2.98855544196711e-29,9.90879624740405e-17
16,88321027,C,T,0.0416620358274355,5.03428394140386e-18,1.10174716218587e-16
X,137050402,C,CT,0.0197818909254661,8.08043963244286e-21,1.46232215226888e-16
09,119124535,T,TAA,0.0201114829218462,3.07820961731702e-24,1.50376363299625e-16
07,28189411,T,C,-0.0160775098475626,3.35609895567995e-47,1.92914709205228e-16
01,1669748,A,G,-0.0172696227605689,1.25539152369482e-39,2.03693724920348e-16
03,12344730,C,G,0.0244461957866468,3.99691481246776e-20,3.7978889596397e-16
05,55804552,C,A,0.0193522941137088,4.75852682983292e-20,6.77129450291713e-16
05,55868097,C,T,-0.0161980730582637,4.1808761185207e-18,3.04489529533322e-11
05,56207123,A,T,-0.0146363017138417,6.42230548988596e-13,2.17803008992142e-09
02,242050740,A,G,0.0166648914724468,1.16233030605514e-29,1.03172509772784e-15
12,111932800,T,C,0.0155012414907906,2.76669518347889e-41,1.9957892444819e-15
05,108197374,G,A,0.0189579554217174,4.76047287134976e-23,2.01234125486149e-15
01,9418833,T,C,0.0167670450552973,9.89448073817675e-27,2.43386345759078e-15
01,9352808,G,T,0.0187526193957082,5.44273644238339e-13,1.17733167008019e-10
05,64542365,T,G,0.018361413667544,2.33580593975661e-23,2.7437825183476e-15
09,94975957,C,G,-0.0190762053675609,1.68418453126388e-29,3.60845420893845e-19
09,94186973,C,A,0.014128244669872,4.58282159737484e-14,5.95597587027284e-10
15,67339055,T,C,0.0150097386852188,1.90387660663244e-25,3.72451537794427e-15
15,67011980,C,T,0.0120060697296937,1.03996245151855e-11,1.01414226653037e-09
06,130353612,C,T,-0.0166217274638968,6.27987855401514e-27,4.29899009195663e-15
19,19393657,T,C,0.0211830334373573,1.63341565688988e-20,4.52570219285593e-15
05,137707315,G,A,-0.0190349703106099,6.13491618243836e-22,5.10822322120447e-15
04,145659064,T,C,0.0254065049366942,7.62874052951381e-16,5.31231256460611e-15
04,145261999,A,G,-0.01227262608405,1.88284986846117e-19,2.52133117816972e-10
01,109946095,C,A,-0.0169089450757175,2.00832927702887e-27,5.53558675784695e-15
06,105367616,A,T,0.0163261227624233,9.70066276063586e-28,5.64253528003141e-15
05,122699198,C,CTA,0.0152401667676256,9.30128130694901e-38,6.77378251779494e-15
19,8670147,C,T,-0.0473479082281295,1.6668946226911e-19,8.50249928713711e-15
19,8675220,A,AACAC,-0.0145827888336893,4.4675294961959e-26,2.87414484938835e-09
06,126683594,A,G,-0.0151714117031098,3.22097700201645e-38,8.90753151008861e-15
10,102686838,GT,G,-0.015274078138426,1.87610017756205e-34,1.37846264703353e-14
01,119550480,C,A,-0.0151089440125593,9.29828619394243e-34,2.47214743357432e-14
06,32244080,C,CTACA,-0.0139018151648537,1.75177795548886e-15,3.66857051568082e-15
06,32177900,T,C,0.0145760183114598,2.194741164893e-14,4.12959749480894e-15
05,88798722,GA,G,-0.0163761659779189,4.56048961668253e-28,3.13841096341748e-14
09,78511889,G,A,-0.0226452529586442,1.10058770116566e-17,3.93657730933791e-14
X,99961929,C,T,-0.0127408566036845,1.17253467009471e-23,4.08691956500655e-14
01,221313900,A,T,0.0149522051704716,6.84547414313685e-32,4.56835120512597e-14
01,155175089,C,T,-0.133135994891029,-99,4.55693594324271e-35
