chrom,pos,major,minor,beta,p_value,gwas_p_value
01,149906413,T,C,0.0318983763435201,1.48024427672315e-158,1.27537316642555e-67
16,53806453,A,G,-0.0317880102636178,4.31380720365807e-155,5.39385739401995e-67
18,57856414,TG,T,-0.0322217582895632,5.14252481000526e-96,5.22159934173825e-56
01,155175089,C,T,-0.0887655816685983,3.6663784133361e-52,8.60390527024944e-50
10,96038686,G,A,-0.0251799988191205,4.24011592232529e-107,1.47609856501957e-43
15,84575367,C,CCACACACCA,-0.0246168057992841,2.58209207323989e-119,2.43150947931075e-42
05,82810884,T,C,-0.0567492471368151,8.99886567350609e-39,8.523600699031e-36
02,227075969,A,AT,0.0230731249556935,2.12907779956146e-51,2.13256775582735e-35
02,226980559,C,CT,-0.0123560097733644,9.03125261837481e-14,1.75537561094851e-12
02,198530293,G,A,-0.022202884191224,5.0632914786777e-95,2.0675818100553e-34
15,89415247,C,G,-0.02458490050817,1.51119142656843e-56,1.80056263028351e-33
04,73526279,A,G,0.0365554201289857,1.73523106170434e-21,2.23548589457249e-33
04,73504342,G,A,0.0145746585259932,2.64713429148408e-35,1.97616168781161e-26
02,27730940,C,T,0.0177477722282286,4.90067156510583e-46,7.01395828168113e-32
02,27674931,AAAC,A,-0.0161308817597497,9.41979054861286e-14,6.08166337686306e-22
03,38496193,C,G,0.0211843313363635,4.52428201945683e-84,2.4648184288141e-31
05,53112756,A,AT,0.0213071318367857,8.01160057880798e-70,7.99824847425021e-31
X,68381264,C,A,0.0190124885100647,1.3823609014947e-38,1.75138257074288e-27
01,219734960,A,C,0.0208964541574548,4.15273635969971e-51,3.1784670513493e-27
07,73012042,G,A,-0.0288932943574896,2.36622402595845e-34,7.37211849916145e-27
09,95055429,A,T,-0.0200043511960809,7.44523125428429e-49,3.30813476349934e-25
02,620297,G,A,0.0277406999109259,2.13681550321698e-31,6.97645911532272e-25
02,455477,C,T,0.0501125334823641,1.09263091923623e-26,1.14447475177136e-23
02,282137,G,C,0.0139971125075164,1.36851532708604e-23,9.57159679120183e-10
11,27679916,C,T,0.0231825415454127,3.79523609579518e-34,1.59579026187289e-23
02,217674017,CTCACAT,C,0.0183352943281556,2.17809426293426e-55,2.90834383557016e-23
15,100692953,G,A,-0.0302156128975088,4.56847693252002e-29,4.78042276019977e-23
15,100514063,T,C,-0.015169063662462,1.9893151822328e-22,8.63572671199586e-12
15,100800049,T,G,0.0140425939925336,5.98443349266113e-18,3.28052695981629e-12
10,72431265,GAATAT,G,0.0196860858677489,2.58303547493253e-38,4.64703923003861e-22
19,47569003,A,G,0.0186132683495484,1.44294321514872e-41,5.79239555722289e-22
12,48396920,G,T,0.0208232780433888,1.54314578372603e-33,1.01950888706913e-21
12,124409502,G,A,0.0184461794589082,6.56420280688813e-40,1.93453363984273e-21
11,130268147,C,G,-0.0175498397859028,1.59748276461156e-48,2.82371355276029e-21
03,50190346,G,A,-0.0174932361289041,2.07981144836327e-43,4.80569152845677e-21
03,50569152,C,A,0.0214991111116108,2.03023478518732e-19,1.16165813818187e-16
03,12344730,C,G,0.0259955565309806,4.21735768769671e-26,7.42132653506783e-21
06,105397418,G,T,0.0180263007076903,8.93762086212133e-39,1.07318168883138e-20
15,74232437,G,A,-0.0166843045199306,1.42066045115288e-53,2.5404479946461e-20
22,40611012,G,A,0.0178138582155446,4.09319579062204e-38,3.67578030190543e-20
09,94975957,C,G,-0.0170611687673422,2.63325329025458e-30,1.78752498264392e-24
09,94481908,G,A,0.0147731958605161,6.82557688847389e-22,4.38825155709829e-20
01,170649277,C,T,0.0171283443135539,7.76300637390904e-42,5.26501914474882e-20
06,34389181,A,G,-0.0212239645789929,2.79855813009289e-28,6.03436098763015e-20
01,201016296,G,A,0.0252739813946591,1.57438136716862e-24,1.40260858076165e-19
14,50923249,C,T,0.0316335036179737,3.25144837710661e-22,2.07852574766131e-19
09,136149229,T,C,0.0173117239468218,4.21439419293475e-35,5.05356341470589e-19
03,85650284,G,A,-0.0170317286479286,3.55844214626343e-38,5.30025448554236e-19
05,108106624,A,AT,0.0190769034990324,3.14865003527497e-29,6.81840282242035e-19
10,77210191,T,C,-0.0160683598502591,2.32489607764289e-48,8.92973935683059e-19
05,55804552,C,A,0.0197125279851742,2.40599353941084e-25,1.3714953420867e-18
05,55868097,C,T,-0.0162275891872245,2.1419745436741e-22,2.90461266651801e-14
16,24950880,C,T,0.0729648320866542,1.46220435448087e-18,1.78107922853732e-18
16,24550930,G,A,-0.0165901725872821,7.09641876627704e-23,6.41636480962818e-15
08,10795613,A,G,0.0158963658118132,4.05957508069894e-52,1.97715795971417e-18
03,52837282,T,TTTTA,0.0160593364485495,1.52825216030925e-47,3.37781091641501e-18
14,25933965,G,T,0.0170513318992241,4.38785133882211e-32,5.15931674154822e-18
11,77925880,CTCTACTGAA,C,0.0211122846862194,2.90292936482743e-24,6.41621415846849e-18
01,177889025,A,C,-0.0191707054681845,1.87221317307402e-26,6.64487425186039e-18
19,19704915,T,A,0.0194770923218257,3.080157992454e-26,6.719467632795e-18
11,65603252,G,A,0.0154308650233435,9.03218267874008e-51,9.89587838764396e-18
07,127015083,G,A,-0.0557292940393652,4.73369925063672e-18,2.61468317781676e-17
19,8670147,C,T,-0.0470956271812661,2.52902445401237e-22,3.31811069522768e-17
19,8675220,A,AACAC,-0.013369782273231,1.14172078528221e-25,7.10035626723806e-09
19,33891013,A,T,-0.0168282778755741,2.99523080462248e-23,4.31747540262791e-17
19,34307002,A,G,0.0117674160605706,9.17261673793285e-15,9.82029926978231e-10
12,46752872,C,CA,0.0155653585050932,2.17848629673055e-40,5.36881471528381e-17
06,50787576,CGAGGTGGGA,C,-0.0234789248323477,7.92341806553321e-23,6.87520916909103e-17
02,211540507,C,A,-0.0161326090294095,8.04891213039689e-31,8.32068108642221e-17
12,111826477,AAATT,A,0.0151842026949491,3.01833750655738e-45,9.86074031068511e-17
16,81511079,C,G,-0.0140152782531965,4.13947029286191e-23,1.0771694642508e-16
16,81603619,C,T,0.0117209750483794,9.49820096348095e-15,1.69875915953331e-12
19,7115650,GT,G,0.0198803649340182,2.1435043658535e-24,1.16699582011469e-16
03,50022069,G,A,-0.0190191209642593,2.2046695849541e-43,1.83681941615444e-20
03,49189030,G,GA,-0.0130477956755772,4.62359747581667e-16,1.06607338253266e-09
03,136011078,G,GT,-0.0160683987968571,4.67879197099397e-34,1.39904248446079e-16
09,96426049,TCACA,T,-0.0161374991907442,1.05584857050475e-30,1.41122332140686e-16
04,25408838,G,A,0.0176339715904934,1.18481834355736e-25,1.41355318805015e-16
02,220360683,C,T,0.0156722380080392,1.98364682979512e-32,1.5154277553254e-16
17,47328183,C,T,-0.0154117997407871,8.72342853743309e-34,2.25153983827888e-16
03,185828465,T,C,0.01895595924986,7.50166460027419e-23,4.151319997469e-16
09,78511889,G,A,-0.0225197312689088,3.2681880282309e-20,4.45622239718653e-16
06,130349119,T,C,-0.0170848360009019,3.55065522944287e-25,4.90809742686039e-16
07,150668070,T,C,0.0153156838932088,2.55412129566762e-32,5.47627094413096e-16
03,51311574,A,T,0.0190943352360876,2.55171326336077e-22,5.67561747809848e-16
05,176520243,G,A,-0.0159898196203022,4.20405441777876e-28,5.78959964216913e-16
01,221258627,A,G,0.0147506458769193,2.77453121242165e-38,6.17799792501888e-16
10,65112397,C,CAA,-0.0147292698314572,2.78948097756275e-41,7.58381612824051e-16
16,88321027,C,T,0.0373817970642146,4.57382893874162e-17,8.33119336376019e-16
03,150097635,G,C,-0.0285809945025996,6.20433713583145e-18,1.11001596288452e-15
02,56106928,C,T,-0.0138804362898573,1.47865866590925e-15,3.11868572870453e-15
02,56102744,A,G,0.0154339424781776,5.57034242075066e-13,1.11607119098528e-14
15,67370121,A,G,0.014608236101804,6.57049295579549e-40,3.39963381000241e-15
15,67463106,C,T,0.0465803072860117,1.2393588335633e-09,5.70419666170353e-09
10,99980127,C,CT,0.0154180286409269,9.24583385024568e-28,3.66047497557651e-15
05,64555615,C,T,-0.0118073769555244,1.01784165847264e-24,4.02588723053055e-15
05,64754800,G,A,0.0167983645993454,6.34908794238695e-12,1.82679172249259e-14
13,50426772,TTTTA,T,-0.0154207589377436,2.99919773979732e-27,4.82962194881283e-15
17,7571752,T,G,-0.0681626032436579,1.10144113177771e-16,5.05578765020601e-15
17,7732351,A,T,-0.0130044998976675,2.20323420513317e-28,3.68536254025354e-11
05,127849716,A,AAT,-0.0198319809704256,5.49544042222231e-20,5.55617786938689e-15
03,70687502,A,G,0.015342580504873,2.88268545312755e-26,6.49858642286357e-15
16,29944832,A,G,0.014144177250667,1.25643942558312e-36,6.50223910295461e-15
X,129297278,CA,C,-0.0120687406925773,4.02306080450174e-30,7.39043165211109e-15
05,75003678,T,C,0.0143675760280762,4.55252247093935e-32,7.50800442778939e-15
09,127085612,G,T,-0.0233227192028549,9.4721120959545e-18,8.60801106882796e-15
01,152285861,G,A,0.0492259361657607,1.34808251386159e-15,9.30125176792282e-15
01,10378451,C,G,0.0195683671029856,1.10861292346048e-13,1.20721057942353e-14
01,10732269,C,T,0.0128212392554722,1.01742806360852e-25,8.54700552388996e-14
20,61451332,C,T,0.0281742325704175,7.93928948020111e-17,1.2758178503603e-14
05,88055481,C,T,0.0169186056379912,6.06249887914452e-22,1.31465142269554e-14
07,94021475,T,C,-0.0168878558386987,3.35365996220248e-22,1.5424485086038e-14
11,10331664,A,C,0.0138585621630695,5.74452590757622e-39,1.6710916993719e-14
09,86504005,C,T,0.0168015429513063,1.61314497860877e-21,1.90150108115471e-14
07,27241660,C,G,0.0153537859353338,1.11090483885426e-24,2.58671812367509e-14
06,31869734,G,GAC,-0.0364412066161778,1.15555942764863e-12,2.76995485033113e-14
06,32066177,T,C,0.0133867711250632,3.23181103409546e-19,8.9967453029758e-14
09,119124535,T,TAA,0.0169477536123724,2.10064226606041e-20,5.28693230721619e-14
14,102590527,ATT,A,-0.0187874117597788,7.11354632091094e-20,5.50749250963351e-14
12,3338920,GCACAGCTGGGGCTGA,G,-0.0169486120456928,2.47047267798708e-21,6.17846333429398e-14
19,18386813,CTCCAGGGAGTATGCA,C,0.0140747169771555,1.11649865425552e-28,6.89096818057225e-14
19,7972615,G,A,-0.0134870021978276,5.89724466988839e-32,1.2793740695875e-13
01,1669143,C,T,-0.0144182761428799,3.15174317265241e-32,1.41959994028522e-13
05,137719106,GCGAA,G,-0.0166343231912822,9.04640412750858e-20,1.44752288580185e-13
16,19747748,C,CTGAT,0.0209295149476024,1.80547307712665e-17,1.45725385923591e-13
01,109946095,C,A,-0.0147091780943661,1.84132512219042e-24,1.95725755388422e-13
12,51116036,GTTTATTTTATTTTAT,G,0.0141724029856443,6.48990327757265e-24,3.12594948922817e-13
11,62381703,C,CT,-0.0145832673537121,2.26092324683617e-22,3.56861304836935e-13
17,43933802,G,T,-0.0164378065075315,6.26994165898935e-21,3.6911096126843e-13
14,94838142,G,T,0.0459505161261753,9.42516125365161e-14,3.71036206170988e-13
01,9349150,C,T,0.0162219988854284,1.15337034170196e-21,3.73949306742279e-13
01,9416346,C,T,0.0147748431980519,6.29159111119024e-22,6.16023253933398e-12
09,129672095,A,T,0.0130328724281486,5.09359825819892e-27,3.97941425715122e-13
09,129413209,G,A,-0.0136926419187047,1.57823635170336e-11,3.22474757355593e-10
06,26327394,A,T,-0.0131267741790529,7.70617543100833e-33,4.17016095884752e-13
20,32505658,G,C,0.0220381104306584,5.84643609997056e-16,5.75973167316894e-13
22,41747814,CATTTT,C,0.0162397972211388,2.4340723013302e-22,6.25708076581827e-13
01,72754314,C,T,0.0164780883075963,1.50820085226801e-18,6.32720990054295e-13
01,33799264,T,G,0.0137753364226545,1.00687326070023e-23,7.9087987136784e-13
01,154848581,T,C,-0.0804500714249499,2.31722156387344e-43,2.06717561786118e-41
08,145504343,C,T,0.0135981531401684,4.45131750001612e-26,9.21679616977242e-13
07,50802158,C,A,0.0228957564423886,6.48001029045235e-15,1.00630789951764e-12
22,38537112,G,A,0.0130611067587979,4.90565508389494e-30,1.11312713930039e-12
01,151303971,T,TA,-0.0127290732932875,9.84483904387647e-19,1.12473809380856e-12
01,151451346,T,C,-0.0147935374637409,1.66179481866992e-10,2.89921265770503e-10
02,165555597,AT,A,0.0134621131032438,6.79120518552421e-25,1.13358148499955e-12
09,139096898,T,G,0.015821311879633,1.35546170730678e-18,1.14582592324068e-12
07,46642734,A,G,-0.0129092029057885,1.17051887621444e-30,1.26324310972249e-12
02,37995422,T,A,-0.0134749863516288,1.45151356328841e-35,1.60454510140365e-12
20,62426393,C,T,-0.0271877523245119,9.04131067216457e-14,2.00133624431868e-12
20,50929323,T,TA,0.0162149953691073,1.33142482814231e-17,2.06121034805802e-12
01,119505434,A,G,-0.013022139063072,4.02886651409271e-26,2.14478761391506e-12
X,99868980,T,A,-0.0109701689412257,3.00111654005346e-20,2.52655735247853e-12
07,19016871,C,T,-0.0175713186307717,1.99481151871502e-16,2.70087583948222e-12
06,126678331,T,TA,-0.0126420543156136,2.31062485990513e-31,2.82517265092427e-12
19,17214073,C,T,0.0139462885470237,6.64233284106424e-21,2.93621558913366e-12
01,113256368,G,C,-0.0187808380302156,1.80420880334772e-15,3.08496732208299e-12
07,76686511,G,A,-0.0201329989101096,7.71099660510778e-16,3.23185541088708e-12
01,150116525,A,G,-0.0227369664448278,1.1524257135103e-16,4.17879844534511e-14
01,150552042,G,A,-0.0178038031046858,9.72449824781926e-16,3.45103622571444e-12
12,54437750,GTT,G,0.0142771160514691,1.01340449952678e-20,3.8788198320818e-12
05,107458637,G,A,0.0167800859776401,1.13289351047998e-16,3.96585344645352e-12
X,53628625,AT,A,0.0107913096596714,2.63202739830829e-26,4.95339064357313e-12
05,88798722,GA,G,-0.0137858118264708,1.51394760237837e-23,4.98492586775006e-12
01,65943872,G,A,-0.0127913143135395,1.79642873559955e-25,5.01164220296545e-12
X,109822074,GT,G,-0.0106401733205581,9.94290828085574e-22,5.66227120279247e-12
14,35451365,A,G,-0.0124598987359418,2.60705072451719e-28,6.84340580510913e-12
22,41982966,TA,T,0.0149038945038007,1.02920486671543e-14,1.31578902397352e-12
18,53285983,A,ATTTT,0.0141230503183712,2.60512183055643e-22,7.67534790574384e-12
X,152083006,G,C,-0.0110820391183217,5.71293383001976e-18,7.81433966476816e-12
13,76083185,CA,C,-0.0131230913179035,4.41943098720586e-26,8.6769011880753e-12
02,242050740,A,G,0.0130884357614245,7.40318914085237e-22,8.96629693774087e-12
04,145659064,T,C,0.0208349379865747,6.11900957402364e-14,9.74868844100603e-12
02,176966889,TC,T,-0.0129701854225092,9.67602778304946e-17,1.26545864182929e-11
02,177016728,T,C,-0.0123994533641603,9.63690624555765e-15,1.23618612681724e-10
02,213238548,C,CAT,-0.012406759731934,1.50983216244656e-31,1.41580969146825e-11
11,68263650,CT,C,0.0137121369487235,1.21240172220128e-19,1.43622170730844e-11
05,178493656,A,C,-0.0128813325002466,5.14010534360205e-22,1.48238721829539e-11
13,51254196,A,G,0.0124608482828515,1.2168167747603e-25,1.60479781911231e-11
16,2163562,A,G,0.0202560350951523,3.34770961410966e-13,1.62467238402031e-11
16,1699058,T,TA,-0.0201602870265838,2.83544071221862e-10,2.62674142359251e-09
02,69299382,T,A,-0.0121334202796806,4.63946965569674e-29,1.9654508590451e-11
02,33577965,C,T,0.0301231237353181,2.59779315295946e-12,2.04052880310132e-11
12,131620578,C,T,0.013063184239899,1.14400840428645e-20,2.27564011631843e-11
02,172414553,A,G,0.0139515267328379,4.41802589723757e-18,2.65991084751846e-11
06,18913380,T,C,-0.0121251539082699,5.18721399855194e-26,2.77260230409479e-11
14,93112924,G,A,-0.0152933563245835,6.09951493499195e-16,2.8845219880994e-11
02,26004539,C,CTT,-0.0139595888856935,1.31959549991233e-19,3.015537116365e-11
08,95568527,G,T,0.0133107119684485,6.41290075323397e-19,3.04675856805917e-11
16,1601816,C,T,-0.0240795401175471,1.62322648804402e-11,3.21234010387995e-11
16,2099232,A,G,-0.0106718054198234,2.40652650570321e-22,2.45483445240614e-09
22,42038786,C,T,0.0531138080750194,-99,6.6172065124515e-12
