chrom,pos,major,minor,beta,p_value,gwas_p_value
05,127350549,C,T,-0.0567782398607472,2.84811908206348e-164,1.52389534600903e-99
16,53806453,A,G,-0.0485266897621397,1.77957487302709e-219,1.94105889521316e-94
15,84590610,A,AT,-0.0421035822583761,4.11614240769444e-207,6.6799973554961e-74
18,57848651,A,G,-0.0484281066784892,1.01465873528359e-112,1.63165156789734e-70
10,96038686,G,A,-0.0403653435498151,1.16321805334393e-166,2.83090937317507e-67
02,417167,T,C,0.0844539728894204,8.36346598325602e-60,5.7288666244511e-53
02,631396,TA,T,0.0428306562061168,2.57628589411364e-61,5.64477902929141e-42
01,177889480,A,G,-0.038129351421519,1.76222066506577e-61,6.82337946345954e-41
01,154989823,T,TGGGGGCAGTAGAGGGGGCAGTAGA,-0.0358858105470211,1.56906873094845e-55,2.51572010637114e-38
01,155413304,A,C,0.0213332382752404,8.14814445394219e-23,3.62333944067214e-13
15,89415247,C,G,-0.0314124142049237,2.71324121557514e-56,2.45610602342867e-33
13,51078446,T,C,0.0314610692412614,5.65915399893209e-45,1.60571218534104e-32
04,73521455,C,T,0.0540119320071242,2.46488649697546e-34,2.48020514593561e-30
19,47569003,A,G,0.0282815475420025,8.74130447823282e-58,3.47961713637488e-30
15,100692953,G,A,-0.043637812671934,1.25289751319406e-36,7.75337023954166e-30
15,100518568,G,C,-0.0191655644478088,1.30804096738151e-20,6.85874690710473e-11
15,100759614,T,C,0.0175920672337536,4.0820740848288e-17,1.26879790967904e-11
03,185828465,T,C,0.0334598243491686,6.53755786621872e-42,3.26380542182617e-29
07,46634598,G,C,-0.0259737616337323,3.99444176439038e-71,1.03384884603164e-28
05,176520243,G,A,-0.0277411063927069,3.8030550572056e-50,5.60241958444461e-28
12,48400090,C,T,0.0294479932818864,1.5855560463581e-40,4.56229262063373e-26
16,19932045,G,A,0.0310191186089606,1.90850833234233e-26,1.47640995970474e-25
16,20050466,C,G,-0.0166466341832824,1.47877356867882e-14,1.47544262169209e-14
07,150668070,T,C,0.0252857175303887,1.46243243154045e-52,2.27888509480399e-25
02,172408827,CA,C,0.0282514756032282,9.24750745823184e-41,4.48169370384017e-25
02,27730940,C,T,0.0197091902784501,1.03397687322181e-33,4.56437074616341e-25
02,27763887,T,C,-0.0211601449321057,7.70636246956619e-18,8.11462792411613e-22
12,50703384,G,A,0.0244171825033954,8.11710994748146e-35,3.83247891439067e-24
16,30158550,CT,C,0.0236977760462984,6.07334222154667e-67,3.91172239272869e-24
14,93118229,C,T,-0.0296372786551194,4.12385691662614e-34,1.03986455487663e-23
17,47328183,C,T,-0.0226492372820551,6.94212954560244e-31,1.13567422326341e-23
17,47536040,GGC,G,-0.0251585555282302,1.12862151221655e-10,6.69884904376557e-12
17,47112109,C,A,0.0147856580669596,4.46660127573821e-14,8.70165891572289e-11
20,6634895,C,T,0.0240456097360682,1.10705001967821e-48,2.24299004200606e-23
X,68381264,C,A,0.0222845450222501,1.35020306105777e-32,2.76825819267996e-23
03,50640830,T,C,0.0337265569441773,7.74451101770838e-26,3.47686891394142e-23
03,50190346,G,A,-0.0203156966596706,4.86202692231154e-37,2.60176403273376e-18
08,11440019,A,G,-0.0230408736869495,3.82554365638887e-61,3.79512474186347e-23
04,120246249,G,A,-0.0241769702013226,2.43704961294463e-29,5.14352565362754e-23
04,120123417,C,G,0.0218869009962898,2.02360985060902e-12,1.71551730610564e-16
01,10839085,T,C,-0.024782063275516,3.50758135757007e-42,1.23542751813357e-22
06,50788778,A,C,-0.0290221455548743,7.0630059534494e-31,6.50393421592908e-22
11,68271686,GT,G,0.0249801476822385,6.18609556298388e-38,6.64410824733812e-22
12,4384844,T,G,-0.0843844120232935,1.32739541507703e-22,1.49278347788339e-21
12,46752872,C,CA,0.0224369379824283,1.0745511832834e-50,4.34505736155443e-21
08,89428215,A,T,0.0235567306850237,6.3992782002141e-38,5.90018999868074e-21
05,82810884,T,C,-0.0545012983440925,1.57698698877488e-22,7.21262185569439e-21
07,127015083,G,A,-0.0787579095273995,1.22207739667298e-21,9.4747582392535e-21
02,198643421,G,A,-0.0214271151894479,6.19515136246656e-54,2.3433195009157e-20
11,27679916,C,T,0.0273654938123257,2.91051903215901e-29,3.21834038704881e-20
13,78474468,C,A,0.0252149690648351,9.85665788583049e-32,3.2837939885778e-20
06,32014575,A,G,0.0191122767626223,6.94196421925103e-34,3.87038939818343e-20
06,32338695,A,G,-0.0171216160967386,1.36281959391558e-14,9.02961135401181e-15
05,122699198,C,CTA,0.0212649527137354,9.53544813199298e-52,4.39143251623011e-20
13,27049616,G,A,-0.0220763118203886,1.50353252865989e-47,6.38360071446791e-20
17,7571752,T,G,-0.0964673006555474,3.57437756968824e-20,1.07557525666056e-19
11,69306579,A,G,-0.0180127686979127,6.18606434182134e-29,1.16508830085196e-19
11,69507942,C,A,0.0168162511074158,9.44254904743344e-19,3.01634812925599e-17
07,28189411,T,C,-0.0208501197503632,2.93579211335509e-56,2.11812521608323e-19
16,24550930,G,A,-0.024680554019372,2.72512107105378e-30,2.29013981592235e-19
16,24950880,C,T,0.0660210683856404,5.23210990058576e-10,5.95285464544364e-10
20,33937795,CAACA,C,-0.0213629662553661,1.33995194595377e-41,9.64415071294018e-19
02,223956410,C,T,0.0248289791753244,3.66057196886018e-28,1.15605341847959e-18
11,65596509,T,TA,-0.0217613044921091,1.74606779322693e-37,1.78611954718064e-18
12,3338920,GCACAGCTGGGGCTGA,G,-0.0235873414471926,1.69951142245407e-21,3.5336926112503e-18
12,3390580,C,T,-0.0315736698075727,1.82525820628575e-11,6.36048048112559e-13
12,3232659,G,A,-0.0198263084495985,1.28095626032277e-12,1.80742709845123e-10
03,184020542,G,T,0.0272000525667786,1.92535196462034e-24,4.43413440490937e-18
10,27873025,T,A,-0.0194626685563254,5.23420518573328e-47,4.09058423292723e-17
11,10331664,A,C,0.0194381982386583,2.16186272886058e-46,4.11380291454242e-17
10,72432047,G,A,0.0218495755289008,2.82296935657148e-29,4.61537079273289e-17
16,4014282,G,C,0.0199850344482672,1.72851244429062e-36,4.67644425199967e-17
06,34405046,T,C,-0.0253232890338933,8.12009806250054e-24,6.16198265313904e-17
10,96198181,T,TA,-0.0216569621488862,1.69491566400831e-38,6.07514062425865e-19
10,96674194,C,CT,0.0188064092486872,3.44615435345099e-16,1.58021207292877e-11
01,78444764,C,CGGCCG,-0.0293665169032071,2.44559133538989e-21,1.11014742820257e-16
03,13587256,C,CA,0.0249518074859774,4.79453212010812e-24,1.20099350833865e-16
02,211540507,C,A,-0.0205218566473591,1.97794999262444e-30,1.33202555307428e-16
02,112249583,G,A,-0.0233353062676512,1.67774579013299e-24,1.86164119346717e-16
07,76619120,CT,C,-0.0270866223055644,1.13197465778965e-21,4.62173638726379e-16
13,50961493,C,G,0.0166533646987228,1.546590062593e-17,1.73762011286657e-19
13,50753785,G,A,-0.0195694170972554,5.60234493605778e-24,3.37843054294871e-16
10,104665997,C,G,-0.0359068356130277,2.972636514934e-18,6.97023901174604e-16
03,52725718,ATT,A,-0.0188821945610396,3.22192832726901e-44,8.17994574021819e-16
16,75255217,G,A,-0.020636485327446,2.18409117065416e-27,9.24921511103049e-16
05,53452239,G,A,-0.0266657593055867,3.76231589652253e-20,1.02747944475972e-15
05,53116966,C,A,-0.0180416496029848,3.78587960685966e-32,3.48786946341592e-13
06,32177900,T,C,0.0219821799031275,1.79683766658499e-20,4.78784881357158e-16
06,32450249,T,A,-0.0193083890044982,6.02591479909029e-17,1.24862351668446e-12
01,201895664,T,C,0.0336217085156378,2.44927294194324e-18,1.0699611484143e-15
20,39832628,T,C,0.0231498027567331,9.81938362230137e-23,1.08172157002537e-15
18,56876563,A,G,0.0247481719099373,3.84786265997145e-21,1.47114255689193e-15
11,27077645,T,C,-0.0182841752093804,1.57988739042546e-27,1.5440241240937e-15
11,27520587,T,C,0.0494925980144592,6.09112175902648e-13,8.51207338191646e-14
14,25933965,G,T,0.0200930133403473,2.03405648528728e-27,1.73791386378413e-15
02,218314141,C,T,0.0238421448960119,3.91934994151631e-22,1.85120805740025e-15
19,50363585,CAG,C,-0.0495334193475274,1.87870619096405e-16,2.19859238221501e-15
05,95856501,T,C,-0.0187662217314707,2.54095000785825e-33,2.82042632422561e-15
01,109985439,G,A,-0.0171058220120443,1.09691788878643e-17,3.33553240467243e-15
01,110131521,A,G,-0.0443511261180294,2.94134203798249e-09,2.68372508710538e-13
07,74073392,G,GCTGA,0.0180551983452924,3.08384843624697e-42,8.26499168697836e-15
15,74234082,C,G,-0.0179718999479157,1.96292939952684e-38,8.99239480099417e-15
05,75003678,T,C,0.0182862653886449,1.07758283415271e-31,1.097019016023e-14
07,72995910,C,CA,-0.0269274194509159,1.64455845606673e-18,1.39915968259579e-14
01,155155608,A,G,0.0208299376954641,1.8119101750749e-47,2.42588247547343e-23
01,155118588,C,T,-0.0449732165086788,4.97413394736209e-11,6.57897088167507e-15
01,190278319,T,TA,-0.0178196652055426,2.1794741405153e-34,2.08197341216426e-14
01,156146689,G,A,-0.0590613992438695,4.22198804899132e-13,2.91079361523789e-14
01,155670305,TG,T,0.0176845598848389,3.45319763245622e-20,1.40842788750292e-13
01,56613052,G,A,-0.0216161940222015,8.2745800700883e-21,3.38422401693379e-14
09,119122721,A,C,0.0215157477605167,3.01937766304996e-20,6.49651782835732e-14
17,2308046,T,C,0.0215792605848447,2.78118476624262e-22,8.10558378025615e-14
17,2123328,G,A,0.0175611441009578,1.61824654455136e-17,9.44725060652702e-10
03,50202231,T,C,-0.0205060639219154,7.05260546944547e-38,2.4195298971704e-18
03,50455867,C,T,0.0289962290440627,3.23074559857427e-19,3.73002895748476e-17
02,43589064,A,T,0.0217508011121238,1.04210733238117e-19,8.97774821897872e-14
09,96261960,G,A,0.0181830980995829,8.72055103681109e-27,9.55818227041683e-14
08,74506999,C,T,-0.0214331390440158,6.68871181729711e-20,9.577131368142e-14
03,12344730,C,G,0.0264608749980046,4.50793958196818e-17,9.68035058506731e-14
06,41734037,GGAAA,G,-0.0173058252466553,3.41484767081541e-22,1.17765319025504e-13
06,41903798,C,A,0.0599928098084395,2.61268921200373e-09,1.39737785408098e-10
22,40611012,G,A,0.0183983393632084,2.24782035425492e-25,1.19414315698832e-13
04,177430120,T,C,0.0194479835509572,2.59342950342601e-22,1.45593604200471e-13
04,145261999,A,G,-0.0174057015825835,8.14600556783186e-30,1.824585404026e-13
02,24155478,A,G,0.0250384626724355,2.55307795136913e-17,1.99369659681861e-13
06,29906847,TACA,T,0.0211069612442607,1.52089003139434e-19,2.22180528593192e-13
01,39566587,C,T,-0.0174992490953558,3.14107851164039e-18,2.52869755680951e-13
01,39704868,G,A,0.0370452059761016,2.71284517055549e-11,3.46683599634566e-13
08,57112046,G,A,0.0258528532169111,7.90743286934444e-17,2.7014550703216e-13
05,52843133,A,T,0.018006558355587,1.79082420103714e-27,3.17094809640025e-13
06,45075696,T,TAA,0.0180131589724705,2.06612165684585e-24,3.40361831081769e-13
12,124826462,C,T,-0.0201013394584539,1.18132110310066e-13,4.10972004574824e-13
12,124804566,G,A,0.0212225796972664,1.21421738708148e-11,3.71532134628206e-12
04,26206514,A,C,0.0343301393300935,1.10516260050733e-14,4.77802677860275e-13
08,126506694,G,A,-0.0173423757090693,2.16844919179516e-28,5.64329279872602e-13
11,2665357,A,G,0.028208768404649,2.42038754252887e-14,7.47067375461475e-13
11,2204322,T,TTTTGTTTG,-0.0187649379672301,1.1671725001127e-12,7.0457365498123e-10
04,106152037,G,A,-0.0253222857339432,4.36890870438442e-16,8.24045084314681e-13
01,74999713,A,G,-0.0166223367305744,3.77555978156698e-30,9.89715610900781e-13
X,137050402,C,CT,0.0202403334700789,6.1402048064915e-16,1.01246024938008e-12
14,91517973,A,AG,0.0181597315339468,5.71650826882173e-22,1.02319953632905e-12
07,93264427,G,A,-0.0167446041279179,2.50377813163695e-28,1.02978157634516e-12
05,37284726,A,G,0.0169191192673283,3.64858065971732e-27,1.21035187007146e-12
09,98225056,G,T,-0.0258269541067013,1.29179822118916e-14,1.29886361006269e-12
09,98268396,G,A,0.067220369719995,1.79320277092064e-09,5.7233077774232e-10
01,9451253,G,A,0.0167897052575742,2.4121849588439e-28,1.37082093119117e-12
X,131208595,T,A,0.0216695422788078,1.80643256614144e-14,1.37302313376038e-12
12,108618630,C,T,-0.0186679751175916,1.50144032904112e-20,1.46772909505858e-12
17,61986027,G,A,0.0175352653044277,4.27770280442558e-23,1.52808208346698e-12
22,45826011,C,A,0.0219451084815789,1.06947966197148e-16,2.02493517111551e-12
15,67331006,C,T,0.0162554376605217,2.76297349812593e-20,2.26743883496444e-12
15,67011980,C,T,0.0144720985209871,1.21742535456436e-12,2.14677371052958e-09
02,219436297,CT,C,-0.016617710156463,3.99814221989078e-31,2.27651689227039e-12
14,70348141,C,CATAT,0.016962124433274,3.30384804267458e-30,2.34208969935492e-12
12,50650057,C,T,0.0242944675564941,9.05617375415742e-35,4.75770084684776e-24
08,38208726,AC,A,0.0190474174003011,4.88225186355894e-19,2.49259459009678e-12
09,18987894,CA,C,0.0168998513056002,9.98740253958459e-27,2.54616738963689e-12
07,46094089,C,T,-0.0252883987911117,2.49198811754937e-15,2.54635803753177e-12
01,119496425,G,A,0.025676443855422,4.01927434621248e-15,2.81726735287223e-12
10,102673707,C,G,-0.0163546777803735,1.50998097795397e-28,3.42852862951407e-12
02,58380167,A,G,-0.0163091290376311,7.56723981683445e-29,3.58945774216361e-12
12,49471968,C,CA,-0.0165025957689353,1.17033388137072e-30,4.46245988634572e-12
20,54480026,C,T,0.0185972575500324,4.79106824206395e-19,4.63417660985537e-12
05,137761555,T,C,-0.0199179181215581,1.83301966345045e-17,5.2223914522979e-12
03,38496193,C,G,0.0160704727643743,1.19536263304225e-30,5.51684603063918e-12
05,64670190,C,T,0.0205960780472958,1.59908941923441e-16,7.2804904550353e-12
12,939480,G,T,-0.0192820973857193,1.98532491409879e-17,7.68818883304722e-12
09,140259068,T,TA,0.0242278234548889,1.01575009796383e-14,7.70364250716074e-12
01,1665702,T,C,-0.016922807112949,1.69007648148622e-27,7.93982009757566e-12
05,102078924,G,A,-0.0160126785522484,1.99158852767083e-26,8.32015895694762e-12
19,19699963,C,T,0.0169354951058379,1.81209683853823e-22,8.69379765302648e-12
01,149922960,T,C,-0.0151161616112596,2.90967127197812e-16,9.07999006153746e-12
01,150257714,A,G,0.014045699746731,8.29513248622344e-16,7.45474089989005e-11
10,100017453,T,G,0.016538879370171,4.96974671897555e-22,1.13506665590696e-11
12,131621997,G,A,-0.0174593599582469,9.66620241341437e-20,1.17539531840417e-11
05,32768634,A,G,0.0178610298132756,1.32107137714713e-18,1.31062315512815e-11
05,88858208,T,A,-0.0162338450914258,1.17186118306926e-23,1.36521324749664e-11
15,77376183,C,A,-0.0159331743974553,7.88945718286784e-25,1.46384982637014e-11
03,46934290,G,T,0.066710189528802,6.53720505744464e-12,1.52634335188418e-11
02,199612796,C,A,-0.0165589707410504,4.26798849840297e-22,1.59515213743839e-11
19,9688718,C,CA,0.0162194949151324,2.71547532485088e-23,1.84530198850539e-11
21,28305477,T,G,-0.0210704903250441,3.25032735265346e-15,1.96719132134117e-11
16,88813639,G,GAAA,0.0231572345985552,6.35845989174192e-16,2.04683232985622e-11
16,88321027,C,T,0.0366411134960638,1.88383625991735e-10,2.46029994825873e-09
07,70168078,C,T,-0.0256257482369931,1.008067480929e-13,2.06338787657359e-11
05,127154927,G,A,-0.0172664340036034,5.46876900112281e-20,2.33582557474476e-12
05,126656500,T,C,-0.0162692723150734,1.36230324489848e-19,2.09583794543725e-11
01,221128341,G,A,0.0192200730438019,2.16154992502219e-16,2.18158441668998e-11
12,56364321,A,G,0.0163227250716229,1.57604409589431e-21,2.20442777464385e-11
11,28711589,G,T,0.0180245674775109,2.94496582908925e-18,2.20613821351147e-11
07,20580660,G,A,-0.0156861545167048,9.0734282233863e-26,2.21604342069885e-11
17,46725779,C,A,0.0405474024191542,3.23807776338068e-12,2.78129324717659e-11
13,96671376,C,CGGG,-0.0156141615521472,9.5877067451619e-29,3.00385503779658e-11
19,8674113,CTGTG,C,-0.0181623854538691,4.96714133098556e-33,3.03020553589184e-11
19,8670147,C,T,-0.0441727147629963,1.39584895405123e-12,1.54296105782843e-09
17,39994879,C,T,-0.0176938520532361,2.64218776569014e-18,3.15864695742812e-11
05,180060804,C,G,-0.0154626377182217,8.08979328524276e-28,3.21331977433358e-11
09,136142185,C,T,0.0320160976025449,1.79825326146611e-12,3.28357195129436e-11
03,156885337,C,T,-0.0162448384001547,5.3615772843449e-21,3.32063780982811e-11
02,58951187,G,A,0.0155867535015307,4.56920350707431e-26,3.3346455080035e-11
02,242050740,A,G,0.0163335965566506,7.80179335529331e-21,3.53626899732351e-11
07,138817193,T,C,0.0256957643529096,2.61486413869217e-13,3.64170641814435e-11
X,53628625,AT,A,0.0132229942667392,3.20931260010018e-24,4.39834850605779e-11
17,39261560,A,T,-0.0165134312298392,1.17627986365881e-19,4.78559551162145e-11
09,117823775,G,A,0.0172884147043739,1.75211140582076e-18,5.10384905553021e-11
09,16870472,A,G,0.028375186570414,7.80111077616182e-13,5.24116522672855e-11
16,86417679,CAA,C,0.0156677520123133,2.42337522020888e-25,5.64360941323785e-11
04,45179883,C,T,-0.0152495013227668,1.59622386991355e-25,6.48995002920897e-11
01,170705685,C,CTATATATATA,-0.0156927164823737,1.13334036472255e-22,6.50712020851202e-11
06,85507712,C,G,-0.02233872119487,9.84758649133006e-14,7.68055634876765e-11
05,134578641,G,A,0.0152312446861433,7.40866458634751e-25,8.09151983146917e-11
03,52837282,T,TTTTA,0.0181449632542746,5.36935132488117e-34,2.11983822604896e-15
03,53290198,G,C,0.028611120314234,2.26595149604561e-10,8.73924884117753e-11
18,46516424,C,G,-0.0158145475453761,2.73328170452259e-20,9.3357474246946e-11
08,6449057,C,G,-0.023365208011273,2.89601745834005e-13,9.49317648845627e-11
06,88245880,C,CA,-0.0150888285412847,6.41996654358676e-27,9.52024735374207e-11
05,130766662,C,T,0.0203781164120338,3.02396059784219e-14,9.97112934200443e-11
03,45910946,C,T,0.0179785276445544,2.41437674575094e-16,1.00580796407341e-10
03,124448385,C,A,0.0222258291692618,1.09134769357105e-13,1.05278100948064e-10
15,84514290,G,C,-0.0375374610689307,5.45789822432973e-88,1.61035677555374e-59
15,84405574,A,T,-0.0176328851836827,6.33799758136453e-24,3.24068887097708e-15
19,1849147,G,A,0.0148513238726084,2.15565241479889e-26,1.30825705255965e-10
05,108179863,A,G,0.0176349119785,1.88750148915112e-16,1.32229389872507e-10
03,85650323,C,T,-0.0157799166931445,1.84882453570569e-22,1.4094408413407e-10
12,50261809,C,T,-0.0407960291995879,-99,1.40983077965143e-17
13,50730084,G,A,-0.09610592192285,-99,3.47899529607075e-16
