chrom,pos,major,minor,beta,p_value,gwas_p_value
05,127367998,G,C,-0.0605363281040293,6.12144393393157e-184,2.47432515321284e-111
16,53806453,A,G,-0.0505417845514445,4.41946474564282e-234,1.45084569947857e-100
18,57848651,A,G,-0.0506585024711471,3.38718617230594e-121,9.53021982411432e-76
10,96038686,G,A,-0.0413203602479744,9.59325810314536e-172,2.68877776251554e-69
15,84575367,C,CCACACACCA,-0.0396641310452214,1.19306199095449e-184,9.46041421039389e-65
02,417167,T,C,0.0862418225735099,2.61717057295727e-61,2.81894855613573e-54
02,631396,TA,T,0.0440478614718773,9.98560708200148e-64,1.24468860511019e-43
01,177889480,A,G,-0.037193878424563,1.1444645115722e-57,2.0132213343548e-38
01,154993915,CT,C,-0.0349885279235542,3.97108885060306e-53,1.35146548433612e-36
01,155413304,A,C,0.0220414967405722,6.0986698258678e-24,4.09453400976173e-14
13,51099577,G,A,0.0310401464541356,4.81825380217812e-43,5.57306005022221e-31
13,50730084,G,A,-0.0391666544768378,1.0234178655227e-10,6.91049505664925e-13
05,176520243,G,A,-0.0294083809598876,2.98418885740704e-55,8.98045543732936e-31
15,100692953,G,A,-0.0445165717007304,1.85061892828934e-37,9.76515609860567e-31
15,100758385,G,C,0.01842240047674,2.57828474365583e-18,1.48980036516014e-12
15,100518568,G,C,-0.0183763500672256,8.47547706839986e-19,8.07474747255568e-10
15,89415247,C,G,-0.0301649903742513,3.09114453458489e-51,2.24300555009201e-30
19,47569003,A,G,0.0276879372492505,1.3656876787744e-54,1.45627653682758e-28
07,46634598,G,C,-0.0259925721650153,4.21522508586214e-70,2.59547694674661e-28
04,73521455,C,T,0.0521114119529358,1.38812245030035e-31,6.89539702083335e-28
16,19932045,G,A,0.0322499005883268,4.41700523651987e-28,7.61952877564306e-28
16,20036619,G,A,-0.0171653579780482,2.17044630424868e-16,1.31178160116465e-16
17,47328183,C,T,-0.0249871228741798,8.27287077643076e-37,4.59021608575396e-27
17,47112109,C,A,0.0163125112300457,1.69096858099166e-16,8.95119235783618e-13
17,47525747,C,T,-0.0239335884222673,1.19341976841105e-10,3.07482143516564e-11
02,172409265,G,C,0.029183992348958,3.6033712637558e-43,9.83183343242666e-27
02,27730940,C,T,0.0230785386995982,3.72045451296797e-39,1.00260334088257e-25
02,27738632,ATTTT,A,-0.0164775985722052,5.16226118373873e-15,2.58776849858736e-14
20,6634895,C,T,0.0254492645071466,1.82281727687383e-53,1.26815614595001e-25
01,10839085,T,C,-0.0259744030221101,5.81461094072121e-35,5.47256471053575e-25
01,11129317,A,G,-0.0157232246856885,1.92185542525786e-12,1.17328940098287e-09
03,185828465,T,C,0.0309404964535826,1.57356232859177e-35,7.67491173871852e-25
07,150668070,T,C,0.0191764163600777,5.37307777371321e-27,2.62486647482881e-24
07,150542711,G,A,-0.0168260951036932,3.23462094204551e-19,3.60435906642673e-21
14,93118229,C,T,-0.030086530955022,1.46541731956195e-34,5.12450313929875e-24
08,11447093,A,G,-0.0237163575171343,2.48356538151607e-63,5.56574281442834e-24
11,68271686,GT,G,0.0263728401686101,1.97306752365925e-41,7.1676116154642e-24
06,50788778,A,C,-0.0301934993994755,9.03569359958711e-33,2.79986154511831e-23
X,68381264,C,A,0.0224135108325684,1.89497563178355e-32,3.51248813367664e-23
12,4384844,T,G,-0.0884287892749357,2.72635301645595e-24,3.71732165383304e-23
07,127015083,G,A,-0.0826690993253223,2.54225353948466e-23,2.46440901647459e-22
16,30158550,CT,C,0.0229016393704774,1.17096055266872e-61,2.63748559436579e-22
06,32014575,A,G,0.0194212338217199,9.89351409428305e-36,8.18866126527637e-22
06,32309911,C,T,-0.0193850625321118,1.05785765766414e-16,6.97853057026811e-18
11,27694241,G,C,0.0286463570855546,4.33042015324082e-31,1.21943083658758e-21
04,120246249,G,A,-0.0274236516166406,1.17644259828825e-37,2.30700463446504e-21
12,50650057,C,T,0.0227892275130611,2.52101169122617e-30,4.80826317355622e-21
12,50261809,C,T,-0.0199924480017681,1.85920841914601e-25,1.12659461231392e-16
08,89427964,GAATTA,G,0.0251362081316203,1.07959225251577e-31,5.36869504198928e-21
08,88983236,C,T,0.0155385616742075,2.20534765875804e-21,5.48033913234651e-09
03,50202231,T,C,-0.0220947728475813,5.81315846781733e-43,9.52022258311472e-21
03,50639492,A,C,0.0348481203012172,3.10470309616077e-23,1.29545262171788e-20
12,46752872,C,CA,0.0224054058842122,9.08313768897884e-50,9.71332830833231e-21
05,82815158,A,G,-0.0542389668158007,4.22695463851271e-22,1.7499386925565e-20
03,51311574,A,T,0.0282276751503092,9.41855497503769e-29,2.31234422806609e-20
07,28189411,T,C,-0.0214166407860606,2.51226323792818e-58,4.40273647359024e-20
12,48396920,G,T,0.0257986915379224,5.18275748484055e-31,4.66019684289456e-20
13,78474468,C,A,0.0252763460581455,2.17016260353775e-31,5.49443876910837e-20
16,24550930,G,A,-0.02543308048816,8.4559217219723e-32,5.75565283819617e-20
11,69306579,A,G,-0.018066339518205,1.18243746041608e-28,8.24103725062166e-20
11,69507942,C,A,0.0178645816980543,1.20404065064293e-20,1.22827379558449e-18
12,3338920,GCACAGCTGGGGCTGA,G,-0.024498333213109,1.52025752088379e-22,2.16997469343079e-19
12,3390580,C,T,-0.0341385231550613,5.80732014411354e-13,1.66047811158353e-14
12,3234377,AT,A,-0.0209272973307722,4.56292526792535e-14,1.33358238772111e-11
02,223956410,C,T,0.0254862299859636,3.92845998928128e-29,2.73860537119579e-19
05,122699198,C,CTA,0.0208895663760625,3.2230431462631e-49,3.80181972600479e-19
17,7571752,T,G,-0.0952902688415955,1.98597426030886e-19,5.72111030799459e-19
10,72432047,G,A,0.0232805806663999,1.67751041281503e-32,7.08251392297904e-19
13,27049616,G,A,-0.0215626530285286,9.7834450296367e-45,8.56699362334113e-19
11,65596509,T,TA,-0.0221083550881816,4.89862960136011e-38,9.78846965148956e-19
20,34008850,C,CAA,-0.0218264125211887,5.08341183732355e-38,3.13433705634958e-18
07,76619120,CT,C,-0.0291421240003611,1.85877713413167e-24,4.60083058921469e-18
06,34335091,C,T,-0.0256830707233142,9.68358832152425e-26,4.94151627625209e-18
02,198627055,G,A,-0.020186962420955,2.42180869832575e-47,5.65477860893391e-18
02,112257811,T,G,-0.0247610348800157,1.34972330392533e-26,8.45879539760596e-18
05,53439777,T,C,-0.028440682503137,2.62050045628032e-22,1.46804169397095e-17
05,53116966,C,A,-0.0173782454471473,1.79113537796024e-29,4.60864360141799e-12
03,184020542,G,T,0.0269366745481805,1.22063055516044e-23,1.68967470968683e-17
10,96348694,G,A,-0.0506521279930281,8.04381917917746e-25,1.66959187897195e-18
10,96236098,G,T,-0.0240532875797317,9.67965387224932e-23,3.51485684096865e-12
03,52725718,ATT,A,-0.0200906877749635,4.77912338923931e-49,1.91629630054439e-17
10,27873025,T,A,-0.0197318051174677,1.62892916848764e-47,2.68177129288588e-17
03,13587256,C,CA,0.0255761144068032,8.4456259910702e-25,3.6132115221068e-17
10,104749244,T,TA,-0.0370038062311987,9.92129692130201e-20,4.24424461472635e-17
16,4015729,T,C,0.0200954158696597,2.46181207439516e-36,5.82784559236006e-17
11,10126097,TG,T,0.0193740308110714,2.35226552473737e-46,9.60693864722974e-17
09,119124535,T,TAA,0.0240352770499966,2.75814679769172e-24,1.39672553320993e-16
01,201895664,T,C,0.0345498974537585,5.45344043910921e-19,2.9547945008355e-16
05,75003678,T,C,0.0194695856943465,3.76392416709413e-35,3.33299084062218e-16
14,25933965,G,T,0.0207353453798504,1.19964793493568e-28,3.74867576114628e-16
01,39566587,C,T,-0.0199720889078557,6.48042182087873e-23,4.53614425858021e-16
01,39704868,G,A,0.0354009033545161,2.71739156721753e-10,1.74683392715259e-12
X,137050402,C,CT,0.0231399597459483,4.74065576945019e-20,6.06636093447724e-16
15,74234082,C,G,-0.0187537817308065,4.76045113770707e-41,9.49871508760048e-16
01,110078255,C,G,-0.046568101149909,1.89972079397232e-10,1.54230728268336e-15
01,109946095,C,A,-0.0163337444693322,1.08854131112439e-16,4.5946585711348e-15
17,2308046,T,C,0.022908273996884,1.57437989854971e-24,2.66098432867053e-15
17,2123328,G,A,0.0174361826383673,4.90383551330409e-17,2.3896245403338e-09
02,211540507,C,A,-0.0197683691817573,6.34446683555277e-28,2.74166232840269e-15
05,95856501,T,C,-0.0188478804218423,4.42722609750468e-33,3.37179134128758e-15
10,102656064,C,CT,0.0186346092478591,9.75386538766393e-37,7.03293517021898e-15
01,78444764,C,CGGCCG,-0.0277222876950315,6.6694949387064e-19,8.20278858784397e-15
02,218314141,C,T,0.0232428080933324,8.49293801363203e-21,1.49124086587948e-14
11,27077645,T,C,-0.0200308646289014,2.21672032110771e-25,1.6074472120181e-14
11,27574408,G,A,0.0199984361238417,7.15083709055481e-16,3.43641929125339e-11
16,75281964,C,A,-0.0179102136757244,6.02575778668571e-37,1.61977325255185e-14
18,56876563,A,G,0.0238517611937352,1.8660014145052e-19,2.38904505335586e-14
07,70168078,C,T,-0.0292996234716342,3.24571939610127e-17,2.9316105087661e-14
08,126506694,G,A,-0.018407237990298,2.7616151944303e-31,3.06088003569482e-14
07,74073392,G,GCTGA,0.0178073342093997,1.7015152222492e-40,3.08075914658434e-14
08,57112046,G,A,0.0270331487228342,5.5131664003537e-18,3.291006646902e-14
04,145261999,A,G,-0.0177503766580759,8.55472293861338e-28,3.42182418957464e-14
04,145659064,T,C,0.0228295531389898,1.30444455025852e-09,2.91182742185042e-09
01,155155608,A,G,0.0244300143893129,3.55086535277145e-64,1.90017352365458e-25
05,52843133,A,T,0.0188307518315549,1.96470445609561e-29,4.07697139659961e-14
