chrom,pos,major,minor,beta,p_value,gwas_p_value
19,11185919,T,C,-0.232807844239211,0,0
19,11192226,T,C,0.258639246672989,0,2.85666990169292e-31
19,11231203,G,A,-0.360523462148066,2.2592253166038e-219,5.1001462072959e-185
02,21221399,G,T,-0.0765797920465045,0,0
01,55505647,G,T,-0.465153615713079,0,0
01,55521313,T,G,-0.0537362558767622,5.77448224119307e-181,6.93418067823328e-93
01,109814880,C,T,-0.149019080840439,0,0
01,109815368,T,C,-0.148256885398556,2.84937575484757e-126,6.6738518731196e-76
08,126500031,C,G,-0.0877540656597673,0,1.10181138608512e-245
05,74656539,T,C,0.0802934788257099,0,2.88106459080047e-208
19,19379549,C,T,-0.14452829307946,2.56524988837647e-226,5.012632792437e-188
19,19396616,C,T,-0.174966636152047,3.209173057205e-52,4.94602638866603e-44
06,160985526,G,A,0.135522642074032,1.16536710889236e-207,5.10932813705679e-159
06,161013013,T,C,0.205169388180662,6.25524843272924e-88,4.83193488696994e-74
02,44072576,T,G,0.0622605157243542,1.62809779829001e-220,3.05791073221087e-157
02,44069772,G,A,-0.114147649106606,6.0091872521526e-120,1.02639811190708e-149
11,116648917,C,G,0.0985753145826548,3.68677964690651e-196,1.02485535619917e-150
09,136138765,GCGCCCACCACTA,G,0.0794412635571274,3.62659298729099e-181,3.72549555370017e-125
01,62950858,C,T,-0.057667922854623,1.67664086514537e-213,9.9005526118624e-103
20,39179822,G,C,0.138427515871676,4.06041157493154e-77,1.61170210568858e-93
20,39656342,A,G,0.036170018388374,1.46397248198528e-75,2.62278362864177e-49
20,39192317,C,T,-0.0283977629490675,1.82860448087573e-38,1.64390821310435e-40
16,72101525,C,G,0.0391852777172743,6.9530641228375e-45,2.57901714748105e-91
16,72144174,T,C,-0.0577544791656949,8.41626659017331e-94,6.76108524318854e-56
17,67081278,A,G,0.163122514254299,3.30066989979666e-85,3.90972153137447e-88
17,67082962,C,G,-0.0433468239525706,1.02901550925931e-44,2.90510569953388e-40
02,27730940,C,T,0.0515998743469241,3.21642964576468e-196,1.2431685040644e-86
05,156390297,C,T,-0.0474423286998146,2.63630661173564e-151,1.85275716297138e-71
01,234850422,C,A,-0.0443242528951498,3.24342247304124e-188,7.50391334718173e-67
19,49206108,G,C,-0.0434154346128251,1.96340738369726e-184,3.55235001752095e-63
16,56993886,A,G,-0.0439346580082072,6.92892714217284e-113,2.74962988950397e-58
19,10915324,A,T,-0.0860217981564105,1.003772453632e-220,2.90663694849368e-140
19,10865095,A,AT,-0.183107516558342,1.65488882163654e-96,4.06944358162559e-86
19,11097709,C,T,-0.174369348809656,1.02572744553664e-46,3.64532952782239e-36
11,61575158,A,G,-0.0418050888464682,5.98249058127088e-110,2.01326438801414e-54
X,109934939,A,G,-0.0328821015325504,4.19439021132545e-98,2.11440505964085e-52
06,32535637,G,A,0.0570912404578016,5.27894096825442e-67,8.04906029148175e-52
20,39755154,G,A,0.0373647280545462,4.24451105540634e-117,1.47770263120784e-49
20,39301495,G,A,0.0524816891205283,2.37766175456784e-23,8.56870507949437e-22
20,39267671,G,A,0.0957094924237654,1.45608814524761e-19,9.44651154941907e-19
07,44581986,T,C,0.0506514509255223,5.0256177109959e-64,1.61692342877503e-49
07,44599206,G,A,0.0217047816314769,2.24641393938978e-35,9.62478593475914e-14
11,126225876,C,G,0.0729202207852596,1.41251949809543e-56,3.23314280486831e-49
17,45664861,G,A,0.0371517420350038,7.41994019848983e-135,3.81280308186116e-47
08,59393273,G,A,0.0363475283579952,3.11891382114882e-79,8.17396052349474e-47
08,59256985,A,T,-0.0426654852887293,3.20759551986604e-14,1.83831295102439e-19
06,26072992,C,T,-0.0742497119753076,1.06403872311294e-61,1.49336354941755e-46
06,26104632,G,T,-0.0309787829486774,8.47576607901371e-24,1.1700413754638e-11
12,121416650,A,C,0.0389987971555252,1.78963634074238e-84,7.26009788775331e-45
19,45880690,C,T,-0.236107301521297,1.67878719761553e-115,3.92949304906644e-106
19,45813629,T,C,-0.0765112635858399,2.34052028591098e-41,8.8680373016904e-31
19,45820144,C,T,-0.0866335535370677,3.33412754916295e-25,1.24862265217334e-19
07,21601659,G,GCTCT,0.0364280921487235,9.90770239391518e-45,1.64105144959627e-43
07,21499857,G,A,-0.0270593994141144,4.99285075876011e-38,1.1193461492894e-34
08,9183664,G,A,-0.0703977187094196,6.98913461955076e-67,2.68610559925788e-43
08,9183339,C,T,-0.0311430164521006,4.8905046264794e-45,2.49020534092745e-14
20,17844684,T,G,0.0352176396442566,7.76384980756733e-77,7.16129058337867e-39
09,107661742,A,C,-0.0355198938249155,1.54665767818178e-50,1.1783444236989e-36
09,107595978,C,A,0.0333978318668912,1.08972001170361e-20,6.62647494986596e-17
09,107647019,C,T,0.0272805728383184,1.61506925861926e-12,1.35087228334016e-09
17,7080316,C,T,-0.0404845087926393,3.58010417627519e-51,1.71235055224705e-34
17,7217099,T,G,-0.042666185768624,1.5362610275154e-10,7.14070702141009e-09
06,160894878,T,C,0.166593995109533,1.51558947147679e-71,2.93307640478341e-57
06,160750643,C,T,0.0645206081483077,1.11415021656954e-98,9.99724090241413e-53
06,16126673,G,T,-0.0310851903541022,7.38774431794128e-86,1.34728542940361e-33
01,25818398,G,A,-0.0306464115530666,9.88205012733134e-82,1.20290477520807e-32
08,116658583,G,T,-0.0336020077026739,2.94083069132524e-56,5.07217175130233e-32
01,220970593,G,T,-0.0314306434114107,2.62437584503538e-56,3.51627137450604e-30
04,3452345,G,A,0.0307847219144174,1.02806316682012e-56,6.51399208195595e-29
16,72078989,TG,T,0.0445386703570291,8.19151556380153e-56,2.03877511021234e-89
16,72078043,C,T,-0.0454925575077518,7.07439300153896e-51,3.81280044434374e-33
08,18272881,A,G,0.0339945042862881,2.18689632495023e-43,2.6636082743788e-28
10,94839642,G,A,-0.0280556514422513,3.83215173031583e-70,9.13053380348293e-28
02,203556224,T,TA,-0.0245317182611001,3.4646799538523e-52,9.30135442232118e-28
02,203412513,A,C,0.0267058086892618,6.26473141775167e-13,4.39290198627083e-18
13,114551993,T,C,0.0297991561879873,6.17165726981352e-53,1.09397676386043e-27
15,58678512,C,T,0.0307094839667948,2.51691043378035e-42,2.55608401147268e-27
15,58731153,C,G,0.0334182621761823,3.04278914063662e-35,2.10957265626342e-26
06,31106459,C,A,0.0467187581299458,8.41182380528705e-22,3.31234991845267e-27
06,31081503,C,G,0.0490912942901186,1.33686297363962e-19,7.40914083542161e-13
06,31603591,A,G,0.0161205224406559,2.58444923503542e-18,4.77945324177252e-14
20,43042364,C,T,-0.0790213627884951,8.04899416449844e-29,4.03482297918183e-27
17,64210580,A,C,0.0810669969080997,1.1161727818232e-28,4.41150703539365e-27
13,32976656,GC,G,-0.0318259154652329,1.72620159142617e-85,9.14523514327883e-27
13,32990780,A,C,-0.0242742257512246,1.06432031403182e-15,3.74598939589929e-06
01,27021913,G,C,0.0876351720700675,3.97349627463304e-26,5.67978400914086e-25
08,19824492,T,C,-0.0292206371939076,1.47396203701247e-43,7.71855505267124e-25
02,62988169,G,T,-0.0281315636526762,3.97754976468869e-45,2.28679974603579e-24
11,5701074,C,A,0.0508387622981742,1.80862138889644e-27,2.56603122611561e-24
11,5686266,G,A,0.0310255943496532,1.01042967676887e-10,4.12241509258264e-08
11,5691506,C,T,-0.0245532421373559,1.05103525055113e-08,3.32373572903484e-10
16,72256903,T,C,0.0470420882366466,6.87301518084742e-46,5.79826807127531e-43
16,72252600,C,T,-0.0991751420552322,4.12201658663939e-30,7.27324303562719e-25
16,72252752,A,G,0.0283438361780023,5.81626015249815e-39,2.17547429370677e-14
03,12327431,T,G,-0.0242409858857803,4.12113141349438e-19,8.67580782632808e-24
03,12628920,G,C,-0.0191480524956434,1.73286178714574e-10,9.95723236130117e-18
06,32341843,CTTGT,C,0.0405462682480183,6.3268647243405e-33,9.25334212027232e-42
06,32230354,G,A,-0.0183350038756089,4.68328434956229e-21,5.03799613042541e-18
06,31556581,T,A,0.0188224219753242,2.30146768451734e-12,1.50057102159745e-21
02,118684133,A,G,-0.0427748032344641,1.93949743271717e-23,4.88522417171374e-23
02,118860561,G,A,0.0440056597169029,1.784213103142e-21,1.09152566089884e-21
04,100239319,C,T,-0.0843649827144709,2.88462519241768e-23,5.12832661074212e-23
04,100293200,C,T,0.023678305876807,3.3630038164812e-09,1.14278026703601e-08
14,24871926,C,T,0.0255266753973134,8.90167904987557e-59,5.21374457930343e-23
04,69373407,T,C,0.0315443725878731,1.34232475322148e-31,1.28351708335388e-22
04,69534943,T,A,-0.0172341862507367,1.79658857325992e-12,6.94086846551007e-07
19,58662235,C,T,-0.0361330876272424,1.45335533299116e-27,2.72940589979869e-22
19,59039829,CA,C,0.0206184415807753,2.39984026771419e-13,6.5080655349298e-09
08,55436793,G,A,0.0301724537154595,3.07127232142429e-32,1.04143491086914e-21
02,121306440,G,A,-0.0249319231548191,1.06614836467062e-49,1.07596429563781e-21
05,74816944,C,G,0.0689773865252702,7.83289064858443e-210,7.37043472426638e-176
05,74729115,C,T,0.0735025679604273,3.93007620727533e-12,8.13520258308008e-06
05,74733593,TA,T,0.0262583848729734,7.85226156923221e-13,1.20711913409184e-57
02,169831177,A,T,0.0247050485886677,1.02155786552939e-46,6.66379993751918e-21
02,20371167,C,T,-0.025152802483588,1.16923181842786e-40,9.9991878798574e-21
02,20852025,A,C,0.0645583689115558,9.31550416289671e-17,2.15880359685756e-15
02,20417488,C,G,-0.019701096068586,1.56640205743003e-19,5.45654354390808e-12
03,32541328,TC,T,-0.0418666560208965,4.22153878096201e-24,1.88019677485891e-20
07,25991826,T,C,0.0376071577117809,9.11876970839814e-36,2.60375305414425e-20
07,26022414,C,A,0.0226630007746872,3.38626192937181e-18,1.58702205442651e-06
03,122285218,CT,C,0.0255279821991584,7.17533563841462e-37,4.63223885309013e-20
05,122902603,G,A,-0.0235703462497891,5.36525170819406e-51,5.05703487273569e-20
10,113901637,T,C,0.0261063701648669,5.86713098687441e-27,5.45548171782663e-20
10,113986840,G,A,-0.0166666148648584,9.11717768225277e-09,1.10504685773526e-08
08,145031968,C,T,0.0241569828182581,7.76269378782882e-40,1.86523262608159e-19
06,29944458,C,T,-0.0208363274130069,9.93743812542097e-25,4.79240624690099e-19
06,30076069,C,A,0.0205433713285764,1.93902576362663e-19,5.06748213180759e-07
06,30187290,G,A,0.0371396226987813,1.73541071773131e-15,7.891992348463e-15
03,58398215,C,T,-0.0409115165153503,1.67450707743255e-21,1.8419186841533e-18
14,70874146,C,CA,-0.0229445945594019,2.50295074572378e-50,3.03475804362955e-18
12,112059557,C,T,-0.0223356997407146,1.47432410421702e-43,6.81532251515588e-18
10,124686656,C,T,-0.0188352285488155,3.0090364814066e-29,8.339058565215e-18
10,124712961,A,G,0.0222445173512581,8.97132291607385e-09,1.37518902971866e-12
03,132217703,G,A,-0.0532031794429869,8.38698699072624e-23,1.06481085542085e-17
03,132222823,T,TAA,-0.0347803576689933,5.90520182553205e-21,2.72004098299419e-14
03,142648844,G,T,-0.0241295792326153,1.37177387245487e-31,1.07708117058992e-17
19,19717056,A,G,-0.123582922522318,5.41943693546216e-151,4.56008601106426e-128
19,19855549,A,C,-0.0815746369144672,5.67044712670627e-22,1.57931140540149e-17
16,11706100,G,A,0.0436016332191805,6.9865659076113e-20,3.28072504760177e-17
16,11631243,A,AC,-0.0167193231405418,4.36045167258111e-12,1.40697077403405e-06
10,71093392,C,T,-0.0319239491608957,8.45141457664902e-22,3.97858836264396e-17
12,57645789,T,A,-0.0264323507194148,4.3181665762077e-23,4.71083732595109e-17
12,57329532,C,T,0.0202568405033264,1.10580481129573e-07,3.19984649825006e-07
05,52095024,C,T,-0.0537979318862805,3.23582493278106e-18,6.92760707484863e-17
06,116321429,G,A,-0.0214752508553999,1.09050440177736e-38,1.26527230248059e-16
20,34120437,CACACACACAA,C,-0.0261543956752032,1.3708133482697e-23,4.11559551860936e-16
17,46521144,G,A,-0.0170393260976314,1.47631229954997e-09,4.94519451409822e-16
17,47000701,A,T,0.0139725985413724,3.60123744486326e-12,1.19205752945693e-07
17,46682630,A,G,-0.015008438909716,2.60604954896645e-09,1.75828237274271e-14
08,29024943,G,A,-0.0782903131395401,4.84009201968337e-16,5.66762147061384e-16
08,28843630,T,C,0.0338116401684978,4.77329555183231e-08,5.29906560500967e-08
11,103870761,AT,A,-0.0261583977513538,2.66712242101773e-22,1.4818565328392e-15
16,71437689,T,C,-0.0254302454494323,1.19997862951175e-19,1.74379808825474e-16
16,70729954,C,T,0.0368224617165365,1.69316546743115e-12,1.61847627828628e-10
16,70876611,C,T,0.0423641876774221,6.58830376374171e-11,6.58164815965241e-11
06,34622561,AG,A,-0.0283852975436264,8.72442923104206e-15,2.1822303718814e-15
06,34997606,A,T,0.0140728683311452,3.94808878756436e-13,1.93947378785739e-10
04,87918913,C,CA,0.0229507787978059,1.37394773111145e-29,2.6578324452113e-15
06,135418916,A,G,-0.0230844462265095,3.80170512436365e-25,2.6937798000163e-15
18,47109955,A,G,0.0840555603475362,1.82253459512999e-14,2.79473461164378e-15
18,47158186,C,T,-0.024751603711909,2.91162146896411e-17,1.91594947053061e-13
18,46832165,ACT,A,-0.0132112941912585,2.7794337715179e-08,6.41367468396259e-06
02,21244000,G,T,0.0744492343857403,0,0
02,21295065,C,T,-0.0721934357076455,5.54033250044161e-92,9.86819700931785e-30
17,29618023,GAAAT,G,-0.0222671046069847,2.64202978077281e-26,3.99884534520377e-15
12,125312425,G,C,0.0290027376388716,2.76804700735103e-17,4.07738854324138e-15
02,165501927,T,TG,-0.0202580814987729,5.73361341513217e-33,9.48416718160099e-15
06,161108144,C,A,0.0718829079008752,3.09071075575556e-46,5.32733478993178e-119
06,161111700,C,T,0.20316177657811,1.14875172214695e-84,1.67058360111641e-70
06,161089307,C,T,0.046640520992883,3.66032269521272e-35,8.26252817236497e-102
12,9061971,G,A,0.02377464746976,1.36464078942215e-22,1.18912244042687e-14
03,119697032,T,A,0.0204322180852403,6.06052962064978e-30,1.77140433985044e-14
12,72179446,C,T,0.0698205012875891,5.88748074573176e-15,1.98127465300329e-14
17,26694861,G,A,0.0179887142037206,3.74903037454661e-30,2.15157805219029e-14
17,27065211,T,C,-0.0226610218277913,1.11307903519169e-07,3.0573801971084e-09
05,55861595,G,A,0.0240995618365611,5.57584077212311e-21,2.81958144676328e-14
07,100216773,C,T,-0.0196157356676506,1.88987458596411e-14,5.26600215008898e-14
07,100280896,C,A,0.0249559189688189,1.60622460190542e-10,3.81302731080319e-13
07,100663740,G,A,-0.0161125752396316,1.44782433688123e-08,6.72281619560122e-08
07,73020301,C,T,0.0473093990392607,3.42821673999206e-15,5.64763557258547e-14
06,30221891,G,C,0.0336170629649026,2.2846074496222e-26,1.05618110703498e-18
06,30260982,C,T,0.0308826355830309,1.04343771837376e-19,1.56630357846056e-13
06,30282332,C,T,-0.0205356874258102,3.01057503276691e-09,4.32738665560461e-15
07,1032637,G,A,-0.0234854775967321,3.19226639286211e-20,9.94777923528028e-14
09,2640759,A,G,-0.0381629037607669,1.73499337406212e-15,1.07337212946507e-13
X,2868554,A,G,0.0162831254319309,8.22411283322348e-30,1.34710520268672e-13
17,76382791,C,T,-0.019240339346703,9.65108689834605e-37,1.46224013941369e-13
06,127456122,A,G,0.0173944579169572,2.11759552758185e-26,1.47297368298717e-13
06,127594730,G,GA,0.0287519401596279,4.09988181295301e-06,3.20281032829185e-08
02,204015972,T,C,-0.0243506753257218,1.96615094670231e-12,6.55293305602956e-15
02,204421284,T,C,0.015589032931624,8.05258530073842e-16,1.74407505750743e-13
09,19357230,C,G,0.0296620871728207,3.83426257486237e-14,1.75194362368081e-13
09,19218633,G,C,-0.0151588971973223,5.58430236839811e-10,1.91007582983879e-08
12,4384844,T,G,-0.0717550357175064,5.00646753976618e-14,2.13107724268457e-13
09,131575063,G,A,-0.0284833980577666,1.01632951036321e-16,2.48363425957876e-13
14,94768196,T,C,0.0458151260130977,1.79129217224082e-14,2.64683944949733e-13
14,74250126,T,C,-0.0218696636403581,3.88668344352146e-23,2.83466866913264e-13
14,73802633,G,A,-0.025834113589444,2.47253431426024e-07,4.54169444373354e-06
07,87096623,C,T,-0.0241155230966902,3.37222095865952e-18,4.26234019309092e-13
07,130437124,A,G,-0.0185403998401085,9.1765808639113e-36,4.27073187300158e-13
02,44081627,T,G,-0.114767875301762,4.37051936905729e-118,1.60237663859903e-142
02,44092066,T,C,0.0620095093861403,3.86767090719132e-179,1.90152039433721e-119
02,44084300,G,T,0.0712002201657056,8.58249240751914e-31,9.9745853169858e-22
01,183085264,CAA,C,-0.0188793756276706,3.93578701534037e-34,4.95812231191209e-13
16,83980965,C,T,-0.0185782483814719,1.0068820759196e-32,6.84680855664965e-13
11,66251451,C,CT,-0.0220367556384267,3.873873220594e-20,7.79724089678922e-13
11,18640477,T,C,-0.0208535550278964,9.84083159572575e-21,8.69187715979414e-13
17,46646427,CT,C,-0.0194132953077045,8.28082283810475e-18,9.92932941898115e-16
17,47038434,G,C,0.0273235569870686,2.56619562419974e-10,9.02990036570077e-13
17,47244412,C,T,-0.0124213005308131,2.96520545113387e-08,3.76681590580671e-08
01,92971702,A,T,-0.0190728273694235,9.47953166154606e-26,9.30085750104689e-13
19,41353338,A,G,-0.0247934569393012,4.21584924421894e-17,1.02364286602239e-12
X,99890204,C,T,0.0202444577989864,1.04035104202165e-15,1.12618884947202e-12
01,150958836,A,G,-0.0246493618828762,6.56939109121572e-17,1.35745551379923e-12
20,5580789,C,T,0.0559211225070335,3.13307821327456e-13,1.41383436822636e-12
21,40639450,G,A,-0.021116436380108,1.70350040591315e-09,1.67772812710604e-12
21,40596757,C,T,0.0129374983678653,4.13074971120632e-15,1.15554564872749e-11
12,50650057,C,T,-0.0189174396152939,1.67922140323861e-24,1.81432321429404e-12
02,109129854,AT,A,0.0237268707003214,1.24647442870567e-17,1.83948966806532e-12
02,234605835,C,T,0.0196873491767296,2.35650518648461e-22,1.85667295246086e-12
15,63793873,T,C,0.0188349244878798,1.33373003142085e-23,2.48466342759709e-12
12,124440110,C,A,-0.0174941602406102,3.92255410706265e-13,2.57742273607794e-12
12,124597202,A,AT,-0.0133609044157582,8.28931150770705e-08,1.28166354538754e-07
19,44543760,A,G,-0.122535226340905,1.77449111815594e-58,1.77881677448172e-52
19,44480979,G,A,-0.09930273060607,3.99843911256908e-27,6.76817103987981e-24
19,44502774,C,CT,-0.0880429629070115,1.13333318246557e-12,8.28743872645276e-11
20,44551855,T,C,0.0224690820565662,1.0642116541807e-17,2.78402555378375e-12
15,57512284,A,T,0.037626956270443,1.57581893345295e-13,3.65880888435178e-12
08,74899141,C,T,-0.0191947321217713,6.38539581080906e-22,3.83221401413345e-12
04,103188709,C,T,-0.0375182442268149,8.91836339338729e-16,3.93284712060166e-12
04,103097205,C,G,-0.015782912983912,4.3676593909068e-12,8.06477476791701e-06
04,103488491,A,G,0.0123550692157705,1.58468082432517e-09,4.32013649413517e-07
22,41353349,C,CA,0.0188886594619661,2.82048106732451e-23,4.2781635012458e-12
08,21927460,G,C,-0.0227788716781059,1.05330697592424e-16,5.41010226927646e-12
02,24428859,T,C,0.019010320971843,7.12754740283922e-22,5.44552529032154e-12
09,78068052,C,A,0.0208053646173978,1.68474544073414e-12,6.28502344341142e-12
09,78206459,C,T,-0.01356825263581,9.59384349344286e-12,5.40295294344159e-09
06,100620931,C,T,-0.0204309430865551,2.29237435743277e-14,6.95510611354253e-12
03,136581611,G,A,-0.0214486739635909,2.52034417307513e-17,8.71066722897614e-12
07,75697418,G,A,0.0232917952491977,6.86634604772121e-16,1.0176896357292e-11
08,6564527,C,T,-0.0187779049874273,1.35220776360214e-21,1.09311472980537e-11
12,623468,AT,A,0.0198370008213286,8.96251952889019e-19,1.31623452276225e-11
X,20304633,T,G,-0.0200186528281368,6.01542869210872e-15,1.49592424541826e-11
07,36169203,T,C,0.0187970203535065,3.72759400644739e-20,1.74082932557664e-11
19,50016759,C,T,-0.0241005781417649,2.72065293045507e-14,2.02032280208588e-11
19,49697896,T,C,0.0315620202666806,1.36092218388026e-07,1.61594733700748e-07
04,155448758,A,G,0.0772570102249951,1.08078591621792e-11,2.20262360737069e-11
11,116701535,C,T,0.0410815808852663,2.38000024220602e-61,1.58446443930968e-49
11,116714293,A,G,0.139792960539717,1.18510071727145e-25,3.35124175444239e-21
11,116778293,C,T,0.0512106092033057,3.20216114952416e-10,2.21871157854152e-23
09,78729176,T,A,0.0162382058924725,1.02192821229852e-19,3.751575213443e-11
09,78759705,T,A,-0.0293661775595102,3.9644836051546e-08,6.71426108853588e-09
17,27645258,G,A,-0.0242742469124465,2.78426255677828e-14,5.09851839803701e-11
11,122533680,CTTT,C,0.0175426536764198,2.64895082807076e-26,6.48674633658708e-11
19,2787329,G,A,0.0183957147424963,1.79124458039866e-18,6.7913336711967e-11
19,2390246,T,G,-0.0387897207071612,4.12461888350214e-06,5.55567327356947e-06
17,73861097,CTT,C,-0.0179786478148726,1.25581764096162e-19,7.42606803006969e-11
10,102075479,G,A,0.0223486462720189,9.06371579399472e-15,8.10895888751178e-11
06,42921306,CT,C,0.0168171014167431,1.81269654670637e-27,8.44438428347703e-11
10,97962687,C,T,-0.016864568166263,1.59181580295621e-14,9.16570209534478e-11
10,97502298,CT,C,0.0130235063024568,2.3809793242654e-10,2.54009916021201e-07
06,139843350,C,A,0.0166629116594636,1.49702607327359e-27,9.27736644734221e-11
19,15798015,A,T,-0.0167434163012562,5.65489017080774e-29,1.03186704136536e-10
16,70791349,C,A,-0.0295305773025829,1.23428300491042e-11,2.77361898447853e-12
16,70334172,G,A,0.0335900763579763,1.63578551996415e-11,1.19359045192755e-10
16,70752800,AC,A,0.0390223712542408,2.31851435842063e-10,7.96843078938184e-10
05,131638817,C,T,-0.0223242015869273,3.23123330376772e-14,1.49030024547992e-10
02,136098560,T,TATTG,0.019253113493425,2.85894455116976e-17,1.57144995027501e-10
01,23787021,A,C,-0.0246191803713379,4.01612972056796e-13,1.67251746795538e-10
01,107607037,G,T,0.0174008938999684,2.66190742934771e-20,1.69407036848454e-10
12,133140329,C,G,0.0219422912289753,6.99213965086033e-15,1.79941598709579e-10
14,64236436,T,TA,0.0239895292751563,1.36226956004594e-13,1.84895866890293e-10
08,61539278,A,T,0.0167492893508098,7.13809683960846e-21,2.49638466265501e-10
01,182125704,T,TTGGAGGGCAGACTAGCCCAGGCCC,0.017159473589737,8.84173143534257e-19,3.24086774184581e-10
05,141911176,G,A,0.0253728740927385,1.73900625146366e-12,3.27148116579884e-10
20,62362116,G,C,0.0212156437997463,6.33317815827698e-17,3.4437849695022e-10
20,62689037,C,G,0.0150193825556867,3.51774773541238e-17,2.21817763163882e-06
06,53509452,A,G,0.0171380875002698,5.40908393249233e-19,3.69785464808703e-10
12,51779544,AG,A,-0.017177422595497,5.31307603953755e-21,3.72846774082679e-10
12,51297465,T,A,-0.015073608330969,1.87263770408822e-10,5.85193223121368e-08
16,14392641,C,T,-0.0165734651547232,2.28851000103024e-20,4.88594602811504e-10
21,16586682,T,A,-0.0593184977055803,2.32779373794597e-10,4.92461000943882e-10
06,43760327,C,G,0.0159497894947201,2.35534731497033e-26,5.82266100431378e-10
12,123785526,A,C,0.0304649356498547,1.05923190082408e-09,6.78188265815537e-10
12,124274758,CT,C,0.0137783341440381,2.13259550514489e-14,3.33938917152924e-08
03,170756985,T,G,0.0294092618388517,2.50615565328181e-11,8.36156215812504e-10
19,11258593,AAAAAAAAAAAAAAG,A,-0.0715146998350347,1.17163739577187e-216,3.35534771396445e-223
19,11257169,C,T,-0.080840296518661,5.29778449377546e-145,9.67733277333421e-211
19,11264753,G,GA,-0.127928791706286,5.66941905367446e-31,1.26386596300988e-13
04,7223319,G,T,-0.0160818700514929,1.07217065718645e-19,1.10571126457979e-09
12,105546172,A,G,0.0261647617093654,1.9218845729205e-11,1.14875287110094e-09
09,139381128,G,A,-0.0177915375308848,1.37347115293535e-12,1.17362699501707e-09
09,139099210,T,TACAC,-0.0136342091714957,4.10565187221094e-13,8.1591080929944e-07
07,99626035,G,A,0.0164419433986581,1.09022105219371e-17,1.35513353470009e-09
19,18330592,C,G,0.0171284932353416,2.50903535837515e-16,1.41442350147357e-09
22,19962963,T,G,-0.0171807931508801,1.1611574190449e-15,1.71094386968546e-09
02,30588810,C,A,-0.0194013453894239,1.02385754522938e-13,1.71365419197368e-09
01,16512586,G,C,-0.0159573412320452,3.42051202174364e-19,1.71884261604542e-09
01,109760555,T,C,-0.12764830759227,2.96744157696823e-165,6.97063690472366e-113
01,109703023,C,A,-0.0542812426552879,3.15228654543405e-55,1.42911287088898e-43
01,109775357,C,G,-0.0278094468844435,8.21208662245369e-34,5.61227586550734e-13
11,118594669,A,C,0.0171053175236757,2.76654535856437e-13,1.84707348412908e-09
11,118467590,G,A,-0.0511859220776647,2.88158634783958e-06,5.93880278458694e-07
10,65225899,A,AGGCGGC,0.0154400271264317,9.4744264007371e-24,1.85686682019042e-09
06,106378009,G,T,-0.0154162964872226,1.3395038358256e-22,2.08723131296202e-09
20,62909520,G,A,0.0201158460244423,3.01623028495403e-11,2.09265096560041e-09
20,62711459,C,T,-0.0135072138645,4.09984308095539e-15,5.44196610105573e-07
02,113867288,T,C,-0.0154911345767795,8.31048570112453e-22,2.24081235043014e-09
01,224559936,C,T,-0.0186850653181392,1.20701684314565e-13,2.50249201925859e-09
02,64887382,T,C,-0.0173260526265042,4.92492812473751e-15,2.74318019823892e-09
02,44012620,C,A,-0.0487188571503576,2.62664701940139e-25,1.2016591895455e-24
02,44007872,C,T,0.0245330298743387,7.05390789871922e-15,2.71431531694127e-16
02,43938274,C,T,-0.0608899548526995,3.59302017970312e-10,7.82671904467387e-10
12,53780724,G,T,0.0209873192758691,1.94281176045029e-12,2.91375332849308e-09
10,115788111,T,C,-0.0224937079101136,1.64387771901496e-11,3.40619178544256e-09
06,126707845,CT,C,-0.0151184426824911,5.29476982128426e-22,4.27483104859734e-09
02,3634606,T,C,0.0222564865591677,2.22315675471083e-11,4.41756767108826e-09
05,72010139,A,C,-0.0183780980121513,4.25971750719284e-13,4.73006286577634e-09
03,12451117,AGTGGCTATGGCTGT,A,-0.0193335013022564,5.35634348027238e-15,1.82889869746883e-18
03,12689451,C,T,-0.0188406138038418,6.57658988258917e-09,2.37968714298133e-17
03,12906424,A,G,0.012786283986087,4.47645319877027e-11,4.85525383279144e-09
12,100859983,C,T,-0.015986760645751,2.51452322998438e-17,5.16994073954114e-09
12,100661828,C,T,-0.0218386763457841,2.3178553465658e-07,1.78761961431055e-06
12,110020894,G,GT,0.0155440699466703,4.06491557078031e-19,5.66207710895987e-09
07,97948257,CA,C,-0.019983679033233,7.94511593265177e-13,5.9472567506395e-09
01,45175344,GA,G,0.0188568366110152,9.71806852584147e-15,6.25003348139119e-09
04,74177397,T,G,0.0530231416683409,2.96395339441893e-09,6.56063822602031e-09
20,47705763,GTT,G,0.0160927403930784,1.3501078957605e-15,6.57820873324961e-09
02,27598097,C,T,0.06449617145813,3.43137310395741e-279,5.9235104834804e-81
02,27612938,G,C,0.0223816494341089,2.96931999851472e-34,1.06925388569671e-13
06,37027872,G,A,0.0148464699700025,1.85836129759684e-22,7.77851264816525e-09
17,28848185,C,CTT,-0.0230945687913391,3.47393062307682e-11,8.25683693565332e-09
17,65108987,T,C,0.0147969337137098,2.21600934501436e-21,8.86989845873283e-09
22,50866353,A,G,0.0161255352429562,1.97770420406292e-15,9.31839071702983e-09
17,40446919,AT,A,0.0163359325287973,6.93401049423902e-15,1.18241423397565e-08
10,52373245,G,A,0.0485635862555741,5.56993887833422e-09,1.22998739890068e-08
17,65892343,G,T,0.0201477559077372,2.36062597466288e-10,1.24902497158947e-08
17,66385201,C,G,-0.0139457966738163,7.12658525915978e-10,1.64624621892106e-06
20,52532696,AT,A,-0.0151965407947496,2.73521914660075e-14,1.25864657157328e-08
20,52731402,A,T,-0.0140176917001612,3.88475673582763e-08,1.00646714065425e-06
10,118369203,C,T,-0.0152315556213686,1.64091448025952e-16,1.28869417259694e-08
10,17278171,C,G,0.0148144700475146,3.96927118923964e-18,1.5717099653225e-08
17,66879927,C,T,0.0309215569421155,2.06139828869531e-09,2.58949423136353e-09
17,65994400,G,C,0.0167245304347366,1.74802661892583e-09,5.26318929695477e-08
17,66422955,C,T,-0.0157491401450845,9.74555661694938e-10,1.70708607618579e-08
02,88541064,C,T,-0.020564214024217,3.83271554725005e-11,1.72798060596952e-08
13,51082804,G,A,0.0168296534950413,5.34948459840563e-13,1.80593141739226e-08
19,46436564,C,T,-0.13353854404869,1.8806730606075e-37,2.70454109270166e-33
19,46394322,G,A,-0.0356963219569278,3.54060709491855e-22,1.14200017689545e-17
19,46896217,G,A,0.0155711757218099,2.63920921345574e-18,6.44042161841453e-08
15,49293656,CT,C,-0.0149563588939714,6.55758668482908e-17,1.83781592348681e-08
03,69810294,T,G,-0.0151839349043002,4.65104256316863e-16,1.95248925033273e-08
13,113810015,C,CTTA,-0.0188126303612758,2.56356677887036e-10,2.35998154381636e-08
13,114264517,C,T,0.0278090557268003,1.75538686056339e-07,2.9371022347448e-07
06,20404420,C,T,-0.0190193437002249,2.97513617551126e-11,2.42816805887169e-08
21,37553132,T,G,-0.0152959580469779,3.20470185611882e-15,2.43868258790521e-08
16,79504057,G,A,0.017273890107355,7.77757924047125e-13,2.45530780833401e-08
16,79576621,G,T,0.021598500337367,9.27900372417186e-07,6.80452030765196e-06
19,57083144,A,AT,0.0158459716196738,3.2551798736827e-17,2.82653929599201e-08
06,39230571,A,C,0.0155835144639299,4.16990338160598e-14,2.8598798548928e-08
16,69598657,T,A,0.0336824866167581,1.24472562049012e-09,2.39127917848256e-08
16,69138172,T,C,0.0155931068988329,2.13727624810477e-09,5.23719400093123e-06
06,33365073,CT,C,0.0129755050108997,3.11838085057853e-11,2.86454762622261e-08
06,32900018,G,C,-0.0123727527451509,8.53099121406016e-09,1.14530206916247e-07
17,17621007,C,T,-0.0156556022795277,1.65963407705042e-09,3.37446883189131e-08
17,18115544,T,A,0.015362455188373,3.87006813534868e-08,1.55007817483303e-07
01,155136016,TAC,T,0.014362395686728,1.50948873965241e-21,3.37968723433356e-08
13,74735830,C,T,-0.0140970305231379,1.48945161967189e-21,3.49300316830095e-08
01,198994696,T,TA,-0.0166459758325738,1.75517431102233e-14,3.7181979593961e-08
01,198546175,T,G,-0.0637950711524941,8.64619855627802e-07,6.96656215917229e-06
05,74584032,T,C,0.065986750581086,1.64445753645469e-12,2.75207307736866e-167
15,64077886,T,TGC,0.0246684185450488,4.60276354432325e-10,2.00493727451189e-08
12,109167509,A,ATGTG,0.015293250275285,4.7704018155647e-14,4.22552391308604e-08
02,21288321,G,A,-0.219960898007346,-99,0
19,45232161,G,A,-0.790968780193562,-99,0
19,45241248,C,CA,-0.820398088770616,-99,0
16,72079657,C,T,-0.118852238471915,-99,5.11510583317638e-71
06,101017321,G,A,0.0291838324590039,-99,1.22908020674479e-08
12,124856660,A,T,0.0311557449598624,-99,1.84871988117413e-09
06,160564476,C,G,0.112460548087817,-99,5.22351191322246e-48
