chrom,pos,major,minor,beta,p_value,gwas_p_value
18,57829135,T,C,0.0425870885449807,1.13025351202646e-174,2.27138940433978e-109
20,34025756,A,G,0.0355721998925185,2.48396141694246e-237,1.32075219972194e-102
16,53806453,A,G,0.0342782459304438,2.91228909879839e-221,3.12914229462843e-95
12,4384844,T,G,0.10843850772789,1.8615900236229e-71,7.20063925108365e-68
13,51099616,C,T,-0.0327749279489379,1.443918306302e-96,1.79000729760424e-67
13,50655989,G,T,0.0736177942768157,3.06703538964446e-35,6.33190590191517e-39
03,141105570,A,G,0.0266008307638913,5.30320998654044e-153,1.56569564190461e-59
02,417167,T,C,-0.0628858713114366,8.7195522324624e-67,3.8996408711912e-59
02,632536,G,A,-0.0324238480369783,1.82731283311117e-70,4.12095987670113e-48
12,66361453,A,G,-0.0255319463430454,2.06782004858246e-159,4.7853591292137e-55
06,34589632,C,T,0.0333447830528064,2.45265532350445e-56,7.65422919321803e-55
01,177889480,A,G,0.0290548049112138,8.14682583561597e-72,1.81454704590329e-47
07,92253972,G,A,0.0250625307304911,9.49517068854592e-91,3.17842902445745e-47
05,127357526,C,T,0.0271154021326594,1.10853008369256e-76,1.01941639505147e-46
08,57112046,G,A,-0.0341666978668814,8.42300212225162e-52,6.40062794686175e-46
08,57136197,T,C,0.0174390547352529,3.52387761840857e-28,2.42083203964242e-22
01,78444764,C,CGGCCG,0.0354979428588839,1.03433811206671e-59,9.34275185962563e-46
06,31272261,T,C,0.0188972522712288,9.98022509700071e-31,2.92701683667136e-43
06,31610479,C,T,0.0172129670350431,5.09882646795399e-16,1.08784027751277e-35
06,126704795,C,T,0.0223428440001186,2.13204507278639e-105,2.9088735870197e-42
01,154989823,T,TGGGGGCAGTAGAGGGGGCAGTAGA,0.0248455938274881,3.72941436053722e-69,1.16952213014562e-40
06,130384187,T,C,0.023067844204537,5.25248223200033e-73,2.18981509274731e-39
13,51064533,CCT,C,-0.0283274936763939,1.9652644425655e-72,1.25873158967174e-58
13,50565104,ACT,A,0.0695624037610263,1.15748886904012e-32,2.36268457460311e-39
13,50468730,C,T,-0.0139887963897983,1.01381504763196e-14,7.77754213984631e-17
07,2859847,G,A,-0.0228622999477803,9.76532919884083e-70,3.87406504429834e-38
07,150668070,T,C,-0.0200698252557427,6.84023083221254e-58,1.30923528645155e-36
07,150554553,C,T,-0.0195218123916751,3.87980753124784e-11,5.48143461909876e-16
17,29206421,G,T,-0.0252437117401265,9.49310238111373e-60,1.33476537757852e-36
09,119124535,T,TAA,-0.0251127535055513,2.3877220525369e-52,3.49120407723802e-35
04,17875735,TCTC,T,0.017994889775067,2.46016782601409e-27,1.38722109207771e-34
04,17932319,C,T,-0.0234783170354024,2.88583920924045e-29,1.43070407554894e-33
04,18327896,G,A,-0.0105061592749382,1.36491272069797e-18,8.76738493179352e-08
16,29994922,C,T,0.0199426950931428,3.40427798861827e-96,3.71932227928596e-34
17,62017421,G,A,-0.0259023963143996,1.57469765504779e-105,7.72204531965135e-34
17,61996273,T,C,-0.03317569055353,1.38136973217316e-42,6.58768132330546e-17
X,78655777,G,C,-0.0169220900305445,3.53599981055209e-59,1.01256314417466e-33
02,27730940,C,T,-0.0199666662151952,4.11939637327027e-74,6.29072147104076e-33
14,61072875,C,T,0.0198108777377391,1.82160651006857e-71,1.50512772168642e-32
04,145568352,C,T,-0.0199942350369308,6.08147363142064e-26,1.13417427052484e-31
05,122699198,C,CTA,-0.0189505456004819,6.37881650603562e-82,3.00959134251322e-31
02,172416533,C,CTTT,-0.0215986842556487,7.20505596558264e-50,1.5729886341723e-30
05,75003678,T,C,-0.0188608302019237,4.13989317499313e-66,9.3033432679668e-30
02,218278503,C,CTGTT,-0.019423574148106,1.04718097077728e-42,1.71165858433703e-29
02,218146818,T,G,-0.0151305011811522,1.26393199414159e-20,6.6787919425718e-17
06,41909521,C,CCG,0.0366606952016579,6.4652187841054e-32,3.49932696546938e-29
06,41903798,C,A,-0.0715507306569674,5.04328362353036e-24,4.80611380046637e-25
20,32287917,C,T,-0.0186246107842088,5.68055992445612e-35,1.70790302064215e-28
20,32542814,A,G,0.0119607374869362,5.44116974346944e-20,7.19949348529342e-17
06,26180634,G,C,-0.0187622388208425,3.68413248557714e-27,2.74205959852787e-28
12,50261809,C,T,0.018569594674039,1.84815172736517e-60,5.16178672922993e-28
18,20711927,A,C,0.0124775976871152,8.77796028354641e-35,3.55716337444168e-27
18,20737641,T,TTAA,-0.0144082994484601,1.23760227449051e-18,1.12111278298106e-26
08,135578636,CAAAAAAAAAAAAA,C,0.0145934407536235,2.39029802603353e-36,1.30522739172602e-26
08,135649848,G,A,-0.0162575709467816,7.06308162800677e-23,4.53453366681785e-21
08,135843916,C,G,-0.0114048231686258,2.77780820998555e-13,2.21991942984736e-11
16,4015729,T,C,-0.018150739019742,3.88954676525535e-47,1.75657019454273e-26
16,3583173,C,T,0.0114634726284181,1.25122360907782e-10,4.90183651508128e-08
17,7571752,T,G,0.0906146767547193,1.33503392060676e-32,4.97522537198745e-26
17,7579472,C,G,-0.0125572379336713,2.01146556677613e-16,8.09929359347576e-08
17,7366619,T,C,0.0143636362627762,1.55113623778033e-11,2.58925915161956e-11
12,93990553,A,G,0.0203367396031532,1.18486577014137e-35,1.65399559231897e-25
12,94136009,C,G,0.0134959491454407,6.39123479688477e-35,4.94358865252759e-14
06,50788778,A,C,0.0217529716261284,8.02132219247142e-35,1.45956522186432e-24
12,124820705,G,A,0.0225558826808306,1.74777347122083e-33,1.58040609561139e-24
04,106215108,TC,T,-0.0169517479026701,6.96786476488665e-56,2.63062890333037e-24
03,185490184,A,G,0.0244572796166123,1.84769182689139e-23,3.27393632687066e-24
03,185828465,T,C,-0.0150601968836742,3.03467962304903e-14,3.0311673816945e-17
03,185310407,CT,C,-0.00965679091152965,3.0777540690585e-13,3.16786111428491e-12
06,142716286,G,T,-0.01804199819358,3.03954110738998e-29,3.69680281998495e-24
06,143185683,C,T,-0.00927440887390692,3.62569198331886e-16,2.82789383858214e-09
11,27728102,G,A,0.0166335909021817,3.93872050311271e-33,1.64423004227863e-23
11,27650524,G,A,-0.011445531707536,1.05507925308414e-13,2.24718003291468e-12
08,126506694,G,A,0.0122301689266954,7.20718297627892e-27,2.4565039942715e-23
08,126498265,C,A,-0.0119695204084368,1.15325524337583e-14,6.29101731660217e-21
19,47569003,A,G,-0.0173078747070246,3.65415976787056e-44,2.55739121081359e-23
09,98217348,A,G,0.0290809528326644,1.85657003066163e-33,4.18827368778261e-23
09,98192383,T,A,0.013051957900155,2.75384507839444e-23,1.86348255623693e-08
09,98380222,G,A,-0.0200687235957374,6.45032643986693e-12,1.40011990962802e-15
06,108876002,A,G,-0.0166509453862635,1.75831872315785e-48,5.00465333400567e-23
06,152168974,T,G,0.0162953973872579,4.23298864877842e-34,8.3778042276458e-23
06,151727545,C,T,0.00959400194156726,4.27792291266932e-10,1.51091043221939e-08
06,152521013,C,G,-0.00848215121457317,5.6602046972655e-09,9.92576985248025e-07
16,28632021,G,T,0.0163101798086321,1.0821193270296e-51,9.72826751159008e-23
20,33430974,C,CA,0.0102699170978221,8.84054998623055e-19,4.34644537433641e-27
20,33326680,T,C,0.0258641702770237,1.62828728479102e-12,1.0214433008371e-22
20,33219835,A,C,-0.0171853496198193,2.85742763382794e-16,2.88718037829928e-24
10,96038686,G,A,0.0144801649683489,1.23124874400529e-33,5.17749001593173e-22
10,96085377,T,A,0.0133987321511215,9.28226167615235e-09,8.54022094950414e-12
08,78099782,G,T,0.0168985593529564,3.21885648493662e-35,7.09750768835462e-22
08,77761919,C,T,-0.0246485214900809,3.85044435310813e-12,2.26808885723174e-12
10,102657908,T,C,-0.0171222777770755,1.30667280524841e-36,7.7573701955802e-22
06,29355148,A,C,-0.0165480357529128,6.91098430030148e-25,1.20167278393691e-21
06,29842444,A,G,-0.00757542045244182,5.67308231612323e-10,7.35511345619226e-08
11,66913469,G,GT,-0.0260663991201909,1.02401306099327e-26,1.49577750751609e-21
01,41544279,T,G,0.0164062219365355,9.65507068849278e-42,2.05256258168328e-21
12,46752872,C,CA,-0.0148344267077994,3.80120003565389e-43,3.96710989120376e-21
12,46791289,G,A,0.0156645852080389,3.95700099950202e-07,3.77470408095126e-09
02,56106928,C,T,-0.0168097201072681,5.76991010220409e-27,5.09796169016263e-21
02,55997021,AAC,A,0.0160965931264086,2.58408067685735e-09,1.55905157138784e-11
06,19839415,C,T,0.03392581478924,2.30751266034074e-21,6.88136482231527e-21
06,19724989,T,C,-0.00844317518425669,9.8196962299343e-15,1.0540613397392e-07
05,36796830,A,G,-0.015163372921146,2.06572105559969e-36,1.06405023843226e-20
05,36646032,G,C,0.0090392165687323,1.8454412100268e-09,1.0516150299149e-07
15,99194896,C,G,-0.0257740860645683,2.74172869221874e-28,1.66266110890454e-20
15,99395834,C,G,-0.018151734533592,2.71502334429006e-21,1.04493951268445e-09
15,99214192,TTGGAA,T,-0.0220225801034052,1.84341995737812e-15,6.91452535903169e-12
16,2160503,T,G,-0.0193941264893841,6.86914796620962e-23,1.84620310172553e-20
16,2266173,T,C,0.0120085816891674,3.43617080169816e-15,7.87490724646464e-16
16,2262987,G,A,0.0290497831061897,2.98661267360687e-07,2.60312509458635e-14
11,68388220,G,A,-0.0183022088218178,3.17359108254579e-21,2.97782135781754e-20
11,68680577,C,T,0.0100114388093642,4.40903126427363e-07,5.68407751417433e-10
11,68070095,G,A,0.00862278994080094,4.35961485069555e-08,1.03413126758175e-10
12,123101673,C,G,-0.0150521882130016,3.56597933124772e-21,3.72348109638918e-20
12,122630285,G,A,0.011587936350238,1.85193568744996e-20,2.57078853394471e-18
12,123593382,C,T,0.0115125963798193,1.85616346591081e-08,4.96286491399967e-13
05,170864021,G,T,-0.018831558983814,5.01862492901876e-23,5.63118023536308e-20
05,171198771,C,CACACAT,-0.00951547350461035,1.68336337954678e-10,2.15524322309627e-07
04,145762728,G,A,-0.019415593761888,3.69792310618014e-19,1.43201973802125e-27
13,78474468,C,A,-0.0174722351909109,7.75355439724345e-31,1.06163590622871e-19
05,42734622,C,A,0.0146371234045909,1.67944785121235e-20,1.13559393039793e-19
05,42304469,C,A,0.00794360056224143,3.00320583344033e-10,5.45383643108834e-09
19,30272202,G,A,0.0155414360778133,6.37775165636107e-25,1.17594159177536e-19
19,30609964,G,A,0.00801090865607182,1.41207038912083e-11,3.22638494459917e-07
06,160767905,T,G,0.0147476590973941,4.3005624994704e-52,1.32997549317602e-19
22,42070374,A,C,-0.0250827842060338,1.34121314982428e-23,1.33224476986294e-19
06,109781301,T,TCA,-0.0149416563075824,1.68320797036259e-44,2.0113049372431e-19
02,223960207,C,T,-0.0148377911726835,8.58309525502424e-20,2.07914215474282e-19
02,224067543,AAAAAG,A,-0.00931369847964734,1.86761098833594e-08,2.64225053731087e-10
14,25944152,A,G,-0.0165047975069895,2.38454359097158e-32,2.45422824143494e-19
17,79093822,A,G,-0.0156192229723081,2.95538739561048e-29,3.18319673228953e-19
17,79426021,GC,G,0.00975074065714867,2.09055380680804e-10,8.91519430729041e-08
02,211540507,C,A,0.0155879713675344,3.39525438228733e-35,4.25536060477028e-19
03,9975386,C,G,-0.0183817754848723,6.21415100762321e-28,1.84694353370603e-18
12,122949673,C,T,-0.0159527693905668,5.04422851956409e-22,4.26736190268432e-20
12,122583781,A,G,0.0116935969387393,1.26091635562043e-20,2.99876976613688e-17
12,122357049,AT,A,0.0137271471369908,2.53384176470192e-11,2.21772532616137e-12
01,11205058,T,C,0.0158001158479698,3.37849317456531e-20,4.51975805909606e-18
01,10833232,G,C,0.0114284853614962,2.64140586238397e-12,6.08693758516606e-11
01,10731625,A,G,-0.00839625493572449,6.17257257054469e-12,4.46918026920256e-07
03,184020542,G,T,-0.0159943020400829,4.46483361545847e-17,5.70412886384071e-18
03,184010048,C,G,0.00968572373888297,7.55367863782638e-12,7.23439577098494e-13
X,78792528,G,A,-0.0130714104014375,5.40022284951189e-32,6.346018411887e-30
X,78911186,A,G,-0.0160403025700627,5.00986270055625e-08,1.06617478204436e-18
01,155155608,A,G,-0.0133800714605039,1.00161313161556e-39,3.05491736488963e-19
01,155306195,T,C,0.0308262186414953,3.85398536544658e-10,9.55593468704307e-13
06,7702659,G,C,0.014129640854312,1.24550429106461e-42,1.96189971838131e-17
06,7231843,G,A,-0.0133283362848269,1.29812927803966e-07,1.19512488830165e-06
07,46642308,T,C,0.0138061853255241,1.00647547188268e-32,2.03455160567327e-17
07,46557704,G,A,-0.0172334364299184,1.26830615078448e-15,1.52205487986157e-14
07,46734307,G,A,0.0110105735865616,9.14931986197375e-13,6.63201989805633e-07
20,50927090,A,G,-0.0162179517786591,5.36545126685033e-21,2.0726488869955e-17
20,50807839,G,C,0.0132777746569479,4.65162513242128e-07,7.2921688009758e-09
05,77401374,TA,T,-0.0159159658229656,2.45608945379251e-27,3.18159225696203e-17
12,111884608,C,T,-0.013699800084218,3.65768386110539e-46,3.28468121587938e-17
03,171969077,G,C,-0.013455010038679,2.73198820464379e-26,3.94069576492631e-17
03,172188000,A,G,-0.0117859247500048,2.54053364429714e-20,1.81855657256023e-13
07,23513093,C,T,-0.0158168879294692,2.81490167382203e-27,4.84007025073957e-17
01,176787749,C,CT,-0.0136478403405196,4.04987765957922e-35,5.52850347855683e-17
01,176500060,T,A,0.018067884592034,1.25974708811286e-09,2.28687782485931e-08
03,128966302,C,T,0.0220184984974235,3.06283457871887e-15,5.80467982237735e-17
03,128992047,A,G,-0.0129422729712533,2.00121353603087e-16,6.7419122232975e-15
01,56597724,T,C,0.0161318063100113,7.51598690905475e-26,8.43804865098445e-17
11,30443688,T,C,0.014586128792006,1.19012965773238e-29,1.64079596015512e-16
05,130833946,T,C,-0.0158401659012105,7.99186004121592e-46,1.81800892771237e-16
05,130711004,G,GAAAAGGTTAGTT,0.0327248099899906,4.33776905990514e-10,9.19481785560524e-06
05,139059017,C,A,0.0138798091645866,5.46791749309008e-34,1.85295374819796e-16
07,93231238,T,TGAGA,0.0134422705060287,2.7207032468252e-39,2.49387482265079e-16
11,43878485,G,A,0.0147956996731889,9.73046236940037e-29,2.58673588673246e-16
05,95728898,C,G,0.0142172639446765,2.88869330198052e-18,2.98232157159016e-16
05,95856501,T,C,0.0103365600562465,9.09715972774267e-16,1.7325955650572e-11
16,4946794,C,A,0.0121268743812558,2.32919527103709e-29,4.3452562009215e-16
16,4720744,CCAGGTCCCTG,C,0.0264103018414864,1.85189755571886e-06,2.22786728323159e-09
16,20050466,C,G,0.0144925415908879,2.36326322111346e-19,5.35968850743003e-16
16,20249395,GTACT,G,-0.0156906058328681,2.52580125117112e-11,3.85421015881862e-08
16,19933600,C,T,-0.0136722755710348,4.24893000500248e-11,4.73224594764375e-12
18,56876563,A,G,-0.0180175517203465,2.8003172672394e-21,6.04738052134704e-16
18,56676022,T,G,0.015239799469366,1.53956092142351e-07,3.2178260353569e-06
02,24035507,T,C,-0.0143888166874145,4.65475059002242e-28,6.89179781231429e-16
07,73017657,C,T,0.0152553022849524,1.8375728769901e-17,7.47137718754849e-16
07,73121347,G,A,-0.00823776518006012,5.94285344757964e-13,7.06849786510507e-09
X,137050402,C,CT,-0.0132615342701023,8.34718424773679e-11,8.58737649514884e-16
X,137082312,C,A,-0.00706039553784759,3.72005843089008e-11,2.60773585396262e-12
03,50190346,G,A,0.0132974715926783,3.42470169017365e-37,9.65707835585788e-16
01,205679887,G,T,-0.0131268343861035,6.67732763510814e-39,9.85920339157966e-16
19,2176403,G,A,0.0129510830469853,3.76917452363996e-22,2.05339411700732e-15
19,1849147,G,A,-0.00872772757194258,1.1468782872707e-12,3.94868981967159e-08
15,89394600,T,C,-0.0388418767228724,1.74745012380939e-16,3.3394922620144e-15
15,89386652,G,A,-0.0141737878910198,5.07573330602981e-13,3.01549524546168e-09
15,89367562,C,A,0.00982254971718747,2.30787262074739e-17,9.57070018668768e-09
11,2165576,G,A,-0.0160767983449368,2.80887933883376e-17,3.42950870378221e-15
11,2077271,C,T,-0.0130191139127353,3.98120300989118e-12,2.31397076718027e-11
11,2665357,A,G,-0.0171825090562461,8.89318785707019e-11,5.41441941073485e-10
07,127015083,G,A,0.0465437563734305,9.93951047954148e-16,3.95185270839183e-15
10,104943048,A,C,0.0221425875690336,1.43722349708413e-09,5.13335720838375e-15
10,104649375,T,G,0.0098121162862608,3.2073679135739e-13,3.07237300312102e-13
07,76619120,CT,C,0.0183155875015356,3.82598357361056e-20,5.9124330886309e-15
12,991306,G,A,0.0153649851153603,1.58671072028558e-17,7.47103544355399e-15
12,588372,C,CT,0.00881328170971707,2.30355048111968e-12,2.32456371824871e-07
12,116196316,CAA,C,-0.0155217026163148,2.10344625590008e-18,8.63897118641989e-15
12,116595957,A,G,-0.0109415525594643,1.78034237020109e-07,3.29528994406882e-07
17,43223292,G,A,-0.0128757401698906,5.21962556377013e-20,1.10716056572087e-14
08,116631278,T,C,-0.0154500484802296,1.06159244666567e-21,1.11657879405633e-14
06,26207175,C,A,-0.0179714691291918,1.67189349382418e-25,1.20142779901723e-26
21,39689979,TAAG,T,0.0132439195296518,6.13391561055128e-21,1.17205916268463e-14
21,39983448,C,T,-0.0384611687567876,5.31506156826027e-09,1.46066292141727e-08
21,39235370,G,A,0.00739627148682571,1.17365382889508e-09,4.91670400495329e-06
16,783865,T,C,0.0148288401209075,2.74277138719201e-17,1.22100189408899e-14
16,398623,G,A,-0.0178945357711696,1.00078529154136e-08,1.11825805181696e-08
16,1121434,A,C,0.00930375919963217,2.67313688729221e-15,5.23756420174489e-08
08,13372120,G,A,-0.0263650173809402,1.26791629810056e-15,1.26238547776498e-14
08,12951025,G,A,0.00812617234388675,9.52848206606521e-15,1.41769271854848e-06
05,67596088,G,A,-0.0125480820485816,8.13691110456187e-37,1.33323246238189e-14
12,56364321,A,G,-0.0131747644175656,7.9593592186228e-28,1.61891789189528e-14
04,45182527,A,G,0.0126353745236917,1.07618285181202e-34,1.64162800189556e-14
11,69303727,T,G,0.0107146395090519,3.36241803546638e-19,1.93202372766258e-14
11,69798856,G,A,0.0115732850465866,2.45733569066947e-08,7.42729041732019e-08
09,99106848,TA,T,0.0156250518765192,6.41468298673343e-21,2.0143553927356e-14
10,79572587,T,C,-0.0393753006426938,2.29900597621651e-10,2.15408807996404e-14
10,79659934,G,A,-0.00950571964559251,1.92700206234347e-10,7.23019803500265e-11
14,23757428,C,CT,-0.0100211772767315,9.43307599940693e-15,2.34284777381708e-14
14,23779877,C,A,0.0128217145263151,3.89351785473315e-10,3.96631522942593e-14
14,23299135,T,G,0.00831385176973995,1.51193071602015e-09,5.84595365219978e-07
15,67007813,A,G,0.0143290832680697,1.72675289325325e-24,2.42455997701677e-14
15,67457698,A,G,0.0207954329500052,4.5255848920783e-10,7.73821266971983e-09
07,139749346,G,A,0.0159711343700837,4.29803008082095e-20,2.66810389065905e-14
12,3338920,GCACAGCTGGGGCTGA,G,0.013779536001491,1.10485738377874e-14,2.70671755165917e-14
12,3393100,C,T,0.0241828089703538,4.4777676065921e-13,2.57550999477875e-13
12,3284246,C,A,0.0113733820059342,5.12348202284393e-11,1.95465017558978e-08
19,8670147,C,T,-0.034302978877298,2.60420466816904e-15,3.25031059744035e-14
01,33776441,A,C,-0.0133120199253243,5.74452157534005e-26,3.29550394605223e-14
12,123759417,GAA,G,0.0148585887512929,8.02700686245015e-15,3.29585746669435e-14
12,123329101,A,G,-0.0146543186826417,4.36279123478749e-13,7.83803749602109e-14
12,120867798,A,G,-0.0316823669451732,3.36871946315032e-15,3.74404840038666e-14
05,87802144,C,T,-0.0154821063518882,9.80908092777849e-22,4.67162041941601e-14
05,87999371,C,T,0.018524890690576,8.31968542693457e-10,3.91248215393303e-08
01,218634787,A,G,0.0147260532486946,9.34650919034715e-24,5.32883842167575e-14
01,218986185,G,C,-0.0156712722727729,4.80275822843285e-10,2.24914826142116e-07
01,214609127,T,G,-0.0124754209733928,3.51346188943484e-30,6.03033465147692e-14
19,10748073,G,C,0.0131199480989349,7.52262740197423e-20,6.3727726064752e-14
19,10418784,G,A,-0.00838900732815747,1.28380208376292e-09,8.45507989946434e-06
19,10335552,G,T,-0.0352590403167588,5.11502370616128e-06,5.03819761353565e-06
06,140623538,C,T,-0.014168694863576,8.50933919310646e-22,7.79797046200366e-14
05,168256240,G,A,-0.0149383868031907,3.50637375756627e-20,9.75334436272788e-14
17,68144096,T,C,-0.0181969251131138,2.93955996896872e-14,9.87110418201402e-14
17,68206588,T,C,-0.00784248424122043,3.53906231051323e-14,5.07019058783123e-07
12,103067437,T,A,0.0138124990759843,6.4669140171005e-31,1.03455747411055e-13
12,103147927,G,GT,-0.0144735120239517,1.39443507496246e-10,8.10185015049805e-08
12,102589078,TTC,T,-0.0375694695824323,2.97815346064279e-08,3.02493620302514e-06
01,149906413,T,C,0.013093565304002,3.18488978543785e-29,1.09855545862813e-13
01,150186091,G,A,-0.0155921021992701,4.56326905618355e-10,6.96648886952645e-08
05,137618925,G,C,0.0147261767748278,4.96385546687959e-20,1.39044423701693e-13
04,1341553,A,G,-0.026993312692228,1.76825796836049e-13,1.39122294997824e-13
04,1750487,T,C,0.0109281066557939,6.29204397807357e-20,2.56080084781572e-11
01,50970475,A,G,0.0210491189579284,7.41063545040632e-15,1.46417687894565e-13
01,50584175,AG,A,0.00776036769385839,1.6066621505035e-10,5.71907100487869e-06
02,71559445,G,C,0.0118978251647457,5.36212517466038e-20,1.51782736655429e-13
02,71889624,GTA,G,-0.0166946605825203,5.80500957978557e-08,1.39756079814046e-06
02,71958303,A,G,0.00771226387633455,2.04839039733907e-07,6.6988722122318e-06
03,25118637,C,A,-0.0121676204635688,3.57036404398821e-30,1.83598063739101e-13
06,126090608,G,A,-0.011797535292002,1.10274666003213e-29,2.05232667578178e-13
06,126572573,G,A,0.0148017549506449,6.32740727046814e-10,1.77151182459699e-09
15,38502321,G,GCA,-0.0122313741943762,8.99814497140275e-31,2.50265992366911e-13
04,122713863,A,C,0.012199771300346,4.65541228194041e-29,2.54703358006185e-13
04,123828042,G,T,0.0136303363203783,2.58971594296374e-16,3.69146100563009e-13
04,123760527,A,AAAC,0.0196950850252152,2.0975827729949e-06,9.32666233978029e-08
11,2813322,C,T,-0.0459306768553884,3.36510361570874e-14,3.7530548364141e-13
11,2696744,A,G,-0.0139207101205798,1.26761776943175e-14,3.15672302540996e-11
11,2890819,G,A,0.0116703578284068,2.48038754679989e-10,3.51001683574806e-07
X,53628625,AT,A,-0.0102390511922272,5.37377617988901e-29,4.04240051004653e-13
16,88804924,T,TC,-0.0103487928666543,2.80206516712899e-10,4.265398029694e-13
16,88321027,C,T,-0.0239145035716445,5.93730367542482e-09,2.40524792057864e-08
16,88768682,T,G,-0.00862202147205199,2.68390489450831e-08,3.04036495570208e-11
20,34769811,A,G,0.0181205756647964,2.51877581679012e-28,1.2871145214168e-26
20,35743138,C,T,-0.0178785281578216,2.9661665736614e-16,2.92826099611191e-11
20,34767240,C,G,0.0244510471821408,3.01422942836598e-13,4.43634543212674e-17
12,97792368,TG,T,0.0121611084070866,4.20648938320948e-24,4.48221486990208e-13
12,97604246,C,G,0.0115515943089504,9.39407095559491e-13,2.02750101141342e-08
01,201806106,T,C,0.0111327129648757,6.36997820717262e-14,4.95533870641364e-13
01,201995653,T,G,-0.0082340767544519,1.34385056541584e-10,2.52944086152198e-07
01,201895664,T,C,-0.0154902983794865,8.91433051375443e-08,8.12752934197437e-12
15,62274940,G,C,-0.0107636580107941,3.69780109985413e-26,5.17805095456757e-13
15,62367582,G,T,-0.0377080410148333,5.56446676945082e-07,4.82586364406008e-09
06,80959985,TC,T,-0.0117654420650384,9.95266353050332e-35,5.33850421026789e-13
08,129215220,G,C,0.0132645847219142,2.36917328504705e-21,5.48075125911565e-13
02,112249583,G,A,0.0143462002939731,4.62227365042626e-15,5.67959363060048e-13
02,111874551,G,A,0.0103746122001193,1.70007527605559e-21,2.99514322791471e-10
13,54104968,C,T,0.0176639288195787,1.89701749648722e-16,5.76901177242324e-13
03,41308348,T,C,0.0117924108625936,1.02858200710713e-33,5.99029455012069e-13
06,34552736,G,A,0.0337997809617395,5.0961984305493e-58,1.52996754152049e-54
06,34163292,G,A,0.051839519449414,5.46011363512434e-14,4.98541611679691e-11
14,93115410,C,G,0.0150357686678573,1.33887679646771e-17,6.6462841777659e-13
14,93406232,T,C,0.0158246433196643,3.06345588977656e-09,3.93938422051966e-08
04,88557753,G,A,0.0112047996015335,6.79197846262639e-28,6.77683754048838e-13
04,89052323,G,T,-0.012506368114191,2.08421774334157e-07,7.58683281839492e-08
19,3438636,C,T,0.0112097085423259,4.64387287091283e-15,8.56345416288023e-13
19,3376042,C,T,0.0104627114121456,8.13447698883556e-08,2.35339089653914e-09
17,39261560,A,T,0.0126222249683226,6.44363784160073e-23,8.89290344650651e-13
10,25178864,G,A,0.0158471041410702,1.6117891676514e-17,1.01150686438041e-12
10,27914001,A,G,0.0109235175626445,1.64173334047886e-17,1.03968556842595e-12
10,27567902,A,G,0.00859323867458424,1.57429380624179e-07,4.45149726966409e-08
11,10126097,TG,T,-0.0115521976050303,2.56224806532871e-34,1.16347329998245e-12
02,69378070,G,C,0.0166325341388322,1.35798645375065e-16,1.35193087347299e-12
15,41970964,C,CA,0.0175040895291136,4.03494696179158e-15,1.67766395452492e-12
15,42084329,G,A,-0.0278981298149317,4.80185323338719e-06,1.19195109787778e-06
X,31854782,G,C,0.0100552169312382,1.55301421286208e-20,1.84544522059482e-12
01,110154688,T,C,0.0364173938196078,3.93968448967865e-13,1.99178634073895e-12
19,19717056,A,G,-0.0227996888949041,2.84508517051515e-14,2.01780651245102e-12
13,27049616,G,A,0.0118809544134447,1.5462685690139e-28,2.74880426079843e-12
17,46989416,A,ATTT,0.0148224410014374,7.17594577676831e-17,2.84980458832531e-12
17,46725779,C,A,-0.024968093630849,1.72330071129768e-09,4.51463279746157e-09
02,59291172,G,T,0.0120800005196246,1.52348928627065e-14,3.08390145070604e-12
02,58935282,G,T,0.00965331638156035,1.7258847130127e-15,8.08280248762605e-10
05,134372685,T,C,-0.0130333492438485,5.19606388222858e-15,3.11397552260544e-12
05,134578641,G,A,-0.0101191802931434,2.89302654184795e-17,7.03248287974648e-10
18,46516424,C,G,0.0127022037393734,2.77596318239488e-17,3.11756747750764e-12
18,46640782,T,C,-0.00987664679850518,2.74667883392873e-13,3.58453600219788e-07
18,46277324,C,T,-0.0144751623878704,6.76784214098786e-07,3.87261328107986e-07
05,32819073,C,T,0.0115594598975091,1.66656267664547e-26,3.25425536882048e-12
08,57170647,A,G,-0.0259041624441775,7.40860475393443e-28,9.24005303844719e-34
08,57187356,C,T,0.0198676094387315,8.62090501865765e-22,1.45421063947459e-25
08,57665019,T,G,-0.0110005595058658,4.46007903481483e-14,3.34200166326362e-12
07,28174957,G,A,0.0125451579529534,6.25875688808782e-21,3.44649476584797e-12
17,71126150,C,T,-0.0115877485469549,9.25728274496602e-26,3.58733455521451e-12
05,172779211,T,C,0.011103845352278,1.59341858719962e-12,3.68715233870933e-12
05,172758796,A,G,-0.0096831063651788,1.48298482669911e-12,4.98335379576704e-11
05,173269669,T,C,-0.00942514775792787,6.9525093980069e-09,1.79976393943867e-07
02,9770589,G,GCGGGGC,0.013658389615382,1.40132952545396e-20,3.86104245071594e-12
03,85142871,G,A,-0.0117261195943814,4.13340478591517e-24,4.28528559473628e-12
X,117865540,CA,C,0.0117897519897863,1.05616926071135e-16,4.3050538448877e-12
14,24804088,A,T,0.0119601745494334,3.46461975419673e-15,4.53923587948299e-12
14,24835017,C,CG,0.0121498966095956,1.22276139976416e-06,1.14270714758683e-07
10,81103862,T,C,-0.0111904379255829,2.31094889116774e-26,5.01741627133244e-12
10,81228378,T,C,0.0103999511312198,7.2738526720716e-07,1.93385288512478e-06
12,110044918,G,T,0.0140266934198272,2.62612401484207e-17,5.44000796692074e-12
12,115106688,C,A,0.0128848403510438,3.82301887790624e-19,5.86835214155344e-12
X,45634577,C,A,-0.00998789566960635,2.66352946196525e-15,5.97767886292752e-12
X,45226975,T,C,-0.00715399239264396,2.07123142496326e-11,1.47844778316513e-07
10,124131176,A,G,-0.0113234500323858,9.26393323799935e-27,6.34325607442897e-12
03,52835514,G,A,0.0174235569701166,2.56666633340438e-14,7.37489094487711e-12
03,53290198,G,C,-0.0149224087534855,1.09617201504397e-06,4.66732630000227e-06
01,22475425,T,G,0.0106939358279288,1.1319104449792e-18,7.375950525116e-12
01,22682366,C,T,-0.0105349316588437,1.77799461620007e-08,3.19329499468304e-07
01,22569919,CA,C,-0.0112555246162232,2.21908308581416e-07,5.08632344845731e-08
01,190278319,T,TA,0.0112733928565076,3.94619827940993e-28,7.44189004343334e-12
05,80959505,C,CA,-0.0119150073016626,1.71057205568902e-22,7.79604623477181e-12
07,121955981,G,T,0.0114263481294925,1.81239060719922e-24,8.10774157633256e-12
04,82184234,A,G,0.012612088585143,1.47017812865688e-22,8.30787460490192e-12
04,81714253,A,ATG,0.022819256567138,3.45198655018851e-08,1.04752997009552e-06
17,29230520,GGT,G,-0.0159411093886847,1.46237213209849e-24,3.30776445815246e-30
17,29729250,C,T,0.0107852128808267,8.04157523033787e-17,8.44827376023274e-12
17,29285075,C,T,-0.0335465592905152,2.02819098397862e-09,5.38635741509393e-14
13,30177474,TC,T,0.0125542780547675,2.06211996468264e-19,9.93796633530162e-12
02,183238919,T,C,-0.0116559482724196,1.37372766529557e-22,1.00229208045968e-11
14,36220876,A,G,0.00925060335658898,1.39462070546123e-09,1.08697330102984e-11
14,35786223,A,AAAG,-0.0148901772130812,1.16006482019434e-10,5.30803736963452e-08
14,35866615,T,C,-0.00872726595347657,1.94093928793296e-12,1.82973481939143e-07
06,81829439,GTTGT,G,-0.0120342043183443,1.31771756832657e-23,1.11893683328057e-11
06,45090977,C,T,0.0113092418721719,6.12156191942514e-24,1.38859955717311e-11
19,46182304,T,A,-0.0139098309178543,1.77931950550617e-16,1.40743351088181e-11
08,10519285,T,C,0.0110710300704319,4.76847647034794e-27,1.49299909685332e-11
17,36925750,A,G,-0.0111202949989069,1.80106188007144e-27,1.68858850467776e-11
06,36210480,T,TC,0.0292908534702543,1.85567772885366e-12,1.73921324496212e-11
06,36311463,T,C,0.0101744426559316,9.81582496980089e-18,9.53800467022992e-09
06,35933327,C,T,-0.0103508739938315,2.54602749023646e-09,1.27739967490972e-09
16,15147788,A,C,-0.0118250613870008,2.28519447221695e-20,1.80241336569975e-11
09,103061366,A,G,0.0117158201136746,1.02561414772386e-20,1.84041164936495e-11
17,29087285,G,A,-0.0221291832051159,4.62031789009943e-35,6.48986265182325e-22
17,29037339,G,A,-0.0360849111231689,3.74711569671583e-17,8.2986594351468e-13
09,28410683,T,C,0.011760583969717,8.68968962818307e-22,1.91955532493309e-11
18,35129076,A,C,-0.0126675368435846,5.44918507619114e-18,2.18228044678785e-11
X,85577163,C,G,-0.00915188719317084,2.89762279082404e-21,2.30155721499631e-11
22,30342010,TTGTGTG,T,0.010995041455137,1.61162818268379e-28,2.43234676070761e-11
10,4961278,T,C,-0.0159869812069537,1.94660010063932e-14,2.64635835535479e-11
10,18549889,C,T,0.0170774003552872,6.56074399937698e-14,2.69689688577305e-11
08,120456193,A,T,-0.0116266162660152,2.89991426678497e-14,2.77498345111803e-11
08,120596023,G,A,-0.0245524180400802,9.89999164232973e-13,6.01804613468284e-11
08,120661651,A,AAAAAG,-0.0124067760654665,1.62661898252164e-06,6.16234219621962e-06
12,12871099,T,G,-0.0136257779739988,1.46349083923462e-16,2.98209769415491e-11
12,12878679,AT,A,-0.0100574214524767,1.13157370105586e-13,3.9169343780358e-07
19,7193392,G,A,-0.0104453504139136,4.73591703328006e-18,3.51566697923633e-11
19,7119658,C,T,-0.0125636010931574,4.74286909458559e-07,1.24494169869783e-07
02,242502956,T,C,0.00995254591767256,2.25861365810504e-17,3.63036448079345e-11
07,50661735,G,T,0.0115713325841506,4.69474796370063e-21,3.65539292928016e-11
17,59494574,T,C,0.0113945088071166,8.56251672412895e-21,3.6789407742602e-11
14,21542766,A,G,-0.0145281747690315,8.48877461083918e-14,4.07138683514749e-11
14,21976052,C,G,0.0117192624632583,4.30414679802271e-13,3.11948349280477e-09
11,69911825,C,T,-0.0116467182508021,9.37501215180996e-21,4.1696921810692e-11
11,70020886,C,T,-0.015610713468977,8.80830800224698e-09,2.7934916507632e-06
01,172155522,G,GT,0.00974933318666167,1.99552563905306e-14,4.31937466884833e-11
01,172186310,C,T,-0.0144709268830104,6.55647361914305e-08,8.13659484104896e-10
10,120434096,T,G,0.0107113134303213,1.21967694133561e-27,4.88115052219906e-11
21,46466927,T,C,-0.0107897167989996,1.24545880982241e-28,4.90519966237557e-11
08,130721793,AATAG,A,-0.0138681352705267,8.52192941104863e-14,5.36660295310297e-11
08,131033480,G,A,0.0084440269258993,1.7702111821504e-11,2.0119379104251e-06
11,14413213,G,A,0.0204789187841837,1.3887465487227e-09,5.62100925410271e-11
11,14352199,T,TA,-0.00829872457667824,2.64295901947589e-12,5.90746801271992e-09
14,91517973,A,AG,-0.01166646706575,1.39031063348951e-18,7.58270274059165e-11
18,60845884,T,C,0.00979147851647545,5.92397919328379e-11,8.76589623963432e-11
18,60755065,G,T,0.00846430540724234,2.1613919445711e-09,9.42524640237821e-09
18,60905921,G,A,-0.00792968910674047,1.77135063664447e-07,5.21186943096532e-06
14,65520246,T,C,-0.0106632502585125,3.18501941029929e-27,9.40703954520901e-11
11,120190141,T,C,-0.0157463690727844,8.99524147817385e-14,9.75720837633958e-11
03,88196211,C,A,-0.0116690242494002,3.72647323188038e-18,1.04390125117679e-10
12,102376639,A,AG,-0.00966157516525585,4.32797838974617e-14,1.06959135676985e-10
12,102324872,T,C,-0.00950620657608968,1.12606670867317e-13,6.35870016429101e-09
12,102407746,T,C,-0.0216745199949194,9.06590958403884e-08,3.28288351039298e-09
07,71585126,C,G,-0.0109318159836337,1.29585902165884e-16,1.0786714608509e-10
07,71979229,C,T,0.00967361229513111,6.7916740371969e-08,1.01670194032714e-06
15,81009646,C,A,0.0106274749605309,9.12909573204184e-26,1.08468591974291e-10
17,65903006,G,A,0.0114506186243521,1.45946038867081e-18,1.09299175822404e-10
09,35753898,G,A,0.0122240983572805,1.31553498998763e-16,1.1151157466645e-10
10,126629608,A,G,-0.00949672163560509,4.00267188205254e-15,1.18971567596511e-10
10,126348035,T,C,-0.0111591165056537,9.58552921450629e-07,1.57094567543523e-07
10,126687452,C,G,0.00991067024003664,2.65323925243682e-07,1.75706433284497e-08
20,21111710,G,A,0.0114174854512102,7.69762639887848e-19,1.21255152812824e-10
06,40369081,C,T,0.0111471719516244,3.57973410683808e-20,1.21480727225107e-10
03,85171302,T,C,-0.00956454990519206,6.83198778992553e-14,6.66714294212554e-12
03,85669779,T,G,0.00867675155473133,1.40097240265632e-11,1.21488249430219e-10
01,39562627,C,T,0.0120081672728681,3.67540280941498e-11,1.35653388307759e-10
01,39421720,C,T,0.00828663043113518,9.19561302513387e-09,1.91182099679161e-07
16,86417679,CAA,C,-0.0108124533912884,1.89800448100985e-24,1.36804926147756e-10
12,77457439,A,G,-0.0107708617570658,8.02953544920943e-15,1.3808192341812e-10
12,77429768,TA,T,-0.0112186891217191,3.49620322996652e-09,1.75454103965186e-08
06,51796751,G,A,0.00959713422793575,1.23231907196437e-11,1.40370488173493e-10
06,52244986,G,A,0.00861402755082044,1.36555342528898e-07,4.28587446926356e-07
06,51345479,G,A,0.0260803360847492,5.41633469696563e-06,2.800415611165e-08
04,184244060,ATC,A,-0.0213931003848731,6.82589352435552e-12,1.41388501370712e-10
01,86823503,A,G,0.0152538600651254,2.03803762183611e-13,1.42750573501751e-10
02,233585299,G,T,-0.0109984502197609,3.53813952271762e-18,1.43200580564747e-10
07,6399723,GATTATTATT,G,0.0157292942382048,3.43272939270696e-13,1.5664406808983e-10
17,17409560,T,C,-0.0122874316378,9.87347878722599e-17,1.61510383335844e-10
09,94186973,C,A,-0.012004809807482,9.91913233070754e-16,1.65405759950445e-10
09,94315565,T,A,0.011162009677599,5.31026930091956e-09,6.11660527257911e-07
12,53831064,C,T,-0.013154972954162,3.35883282062158e-08,1.65706076717459e-10
12,53788193,CTTTTTT,C,0.00984656833323399,4.5203394734516e-11,3.14316061417324e-10
12,53504836,A,AGTTT,0.0126179355543206,6.36745109955193e-07,6.46173420114167e-07
19,4954455,G,A,-0.0113655106456967,1.57020473071606e-09,1.75059830134703e-10
19,4911796,C,T,0.00989992223413876,4.05328217684892e-07,9.94063228408802e-09
09,109565934,T,C,0.0115511855291836,4.30674016172967e-18,1.85273077875154e-10
15,86276000,C,T,0.0103776158265908,5.97395118790792e-26,1.88313114366228e-10
17,69307999,C,T,-0.0109018594043194,3.13140532445144e-20,1.97993399909746e-10
20,54398541,AT,A,-0.0133529529528344,1.0020939155625e-12,1.98924441168428e-10
05,176586898,T,A,0.0109460513382063,2.43434126741736e-16,2.00022932875663e-10
05,176522036,C,T,0.00813650107136779,9.89891236515985e-08,4.45616269233547e-06
06,100602753,G,A,0.0120885069671983,4.11012617043715e-16,2.10561644137805e-10
18,74970687,A,ATGG,-0.0279046233553201,3.66735919128706e-11,2.28810391467357e-10
06,105358192,G,A,0.0107586632421324,5.37293707256688e-21,2.48096069871226e-10
13,96983940,C,T,0.0104425408477649,1.26232658056359e-22,2.51396065054344e-10
10,64502169,G,C,0.0104979001505237,8.54621142137366e-22,2.62495396597556e-10
14,103859143,C,CT,0.0115314267540557,1.10087701941287e-18,2.74230837033957e-10
14,103361937,T,C,0.0104471466396356,1.18970379969235e-09,6.12811940271818e-07
20,6710434,T,G,-0.011115740721923,2.22730998344675e-14,2.81294704135203e-10
20,6542634,C,T,-0.00752773532416009,4.57215941840506e-09,7.19677097537883e-06
11,65608274,C,CA,-0.00942741636337426,1.27721207963474e-20,2.84826383618982e-10
11,66003852,G,A,-0.0182143720764275,4.37600087747338e-06,6.11089214723829e-08
01,21584941,C,T,-0.0104515588929735,6.68262013417946e-22,2.89411250156603e-10
12,69828534,C,T,0.0104613962564377,2.62725559902023e-15,3.02600696661852e-10
12,70215960,C,T,-0.00872206241020296,6.55224647301133e-08,1.20628492881473e-06
08,65002075,C,G,0.00962936599354827,1.25470741012869e-13,3.39684801550689e-10
08,65311200,A,G,0.00816886573996246,1.14984045972157e-09,8.86666420301249e-08
12,28644895,G,GGT,-0.0110707404445442,3.12483535065536e-18,3.50378799980485e-10
01,2038662,A,G,0.00966879959472362,7.93787129398948e-12,3.57016188416065e-10
01,1665702,T,C,0.0103304905990454,1.20689492692192e-14,2.79197934428957e-09
01,2253864,G,T,0.040803255509031,3.88970616457744e-07,2.15577522233492e-08
22,40611012,G,A,-0.0109734600671984,1.09249230120863e-18,3.57550525117365e-10
02,198656007,CT,C,0.0106800801152911,1.12448492298261e-19,3.58493709850761e-10
10,70208723,C,T,-0.0119830945237826,3.60102301037494e-17,3.5897048691529e-10
03,62713263,T,G,0.0110345850800995,3.55926086738529e-18,3.62419250857106e-10
16,81663793,G,A,0.011237077610798,2.03981178362831e-19,3.73208253911479e-10
16,81565749,A,G,-0.0107363133557205,1.39386595429908e-09,9.47681083334508e-07
05,112229169,C,T,-0.0103843056017901,9.430253546796e-24,3.74656135660272e-10
17,76746325,A,G,0.0102077866543447,9.33996105038066e-26,4.05703131019491e-10
01,212190116,C,A,-0.0100523361751653,6.9194976985799e-19,4.13314050858738e-10
01,212639727,G,C,0.0131951186571288,4.44502575398641e-08,1.02184773999799e-07
17,1835482,C,T,-0.0141151642889611,2.63137115009175e-11,4.43203010529256e-10
17,1514785,G,C,-0.0108545521008585,3.7183721393161e-09,8.45558479946677e-08
17,2159502,A,G,0.00808879008555168,2.71499798965901e-10,1.94503164118212e-06
14,70348141,C,CATAT,-0.0106605900478166,1.15636054540728e-15,4.45599281925385e-10
14,70467947,G,A,0.00916183229234611,7.77223063231286e-13,4.45599223285262e-09
14,70633411,C,T,-0.0286521804957752,1.17249611707343e-07,1.30478982898649e-07
08,38116737,C,CT,-0.0119518314671227,1.62908656943386e-15,4.5133431108945e-10
12,57146069,T,G,-0.0173894769853943,1.64657368772467e-11,4.54965929507458e-10
12,56918566,C,T,0.00982016722404161,2.28395473463899e-12,7.5865150749799e-08
12,57540848,C,G,0.00927314836917468,8.9557530804177e-09,3.04523089485767e-06
12,20588382,T,C,-0.0128789826733653,1.72571692185806e-14,4.98742621690719e-10
01,38455891,C,G,0.0101791578334038,9.01850085306573e-24,5.00367400597958e-10
02,241728843,C,T,0.0108171058897899,2.93708811135125e-15,5.00772190162328e-10
01,72812324,A,G,-0.0102897062708947,2.08674445030425e-21,5.18420765404094e-10
09,129464856,A,G,0.00961778119305395,1.32847682887969e-15,5.44713803960624e-10
09,129270262,A,G,-0.00895844550009131,2.07845356461974e-09,7.96566122603696e-08
08,144902714,C,T,-0.0230604859489413,5.26708309226902e-11,5.83375613298066e-10
06,90327385,A,G,0.0129054843750112,6.46828686889777e-14,5.88091397399312e-10
06,2101285,A,AT,0.0119933019780876,3.15668257061715e-15,6.31894130669482e-10
03,11630252,G,T,0.0132628892307169,1.33657639680205e-13,6.64969902501306e-10
X,109888230,G,GCCT,0.00863240643645839,1.54040490667675e-17,6.64976288901293e-10
17,43188891,C,G,0.0131287429209423,5.43306855270696e-12,1.69255502924112e-11
13,59178258,A,G,-0.0101251256984619,3.44740945626144e-26,7.52631214734168e-10
02,36777825,G,A,0.0110018219166997,5.46353510508042e-17,7.55910171936811e-10
01,150738596,G,A,0.0168958856576927,9.79689029110826e-09,7.85777784009619e-10
01,150290804,T,TA,-0.0138356523546516,2.05034535187125e-09,1.15111780609537e-07
01,151000594,CCTT,C,-0.0154008139671923,2.83865775588685e-08,3.19848745956082e-07
12,11880608,TAC,T,0.0104894176687886,4.10513309368433e-19,8.00402587717199e-10
20,39179822,G,C,-0.0293264129279704,2.03875610228846e-10,8.23787416663785e-10
14,35864990,T,C,0.0116159954833366,1.10417643951204e-15,1.31913850997413e-11
14,35568947,C,CT,-0.0122537788600612,9.98399183437288e-11,8.74757849215047e-10
09,95538573,C,T,-0.0142754188753145,1.25685781010231e-11,8.97845934381761e-10
09,96029639,T,C,-0.0106739425272295,9.50519916734938e-08,2.00215409278249e-06
05,53452239,G,A,0.0138569839383358,8.6385625109969e-13,9.15550283979099e-10
01,107971673,C,A,-0.0118025161706108,3.14051141249886e-13,9.49475554043485e-10
01,107886278,A,G,0.0107311119036746,1.70448284356706e-08,2.73413467959721e-06
01,107656927,C,T,-0.00925024602261356,5.8490003449702e-13,2.70089334444661e-07
14,79899454,T,C,-0.010000112484859,1.7600915342253e-25,9.96450366998413e-10
07,148627479,TA,T,0.0126584648417057,3.08039627336923e-13,1.05826949133114e-09
07,148383377,A,G,-0.00988569779373942,5.77486922778843e-09,1.12544025960408e-06
03,119997606,A,C,-0.0134182215139988,4.71243060013805e-13,1.09626650976178e-09
06,158740218,G,A,0.0105371196618952,3.64152060586053e-18,1.10539376908472e-09
09,139377498,C,G,-0.00996195303799553,1.79907666570721e-23,1.13740359467995e-09
01,16511901,C,CT,0.01069861017821,4.38308827183747e-19,1.19555843949189e-09
16,89381305,G,C,0.0151422965656081,4.29188170539636e-12,1.20162934219815e-09
03,94037499,C,T,0.00991615776395836,7.76725895392499e-23,1.25318307793022e-09
X,129297278,CA,C,0.00846989779521934,6.53371263484528e-19,1.36067111334724e-09
09,23356935,A,G,-0.00997718337218125,6.53973259193774e-22,1.39487486248594e-09
02,227650791,G,A,-0.0210671971479599,9.36414545689775e-10,1.49150747159493e-09
02,227261383,C,T,0.00946502382338075,1.67463945301533e-12,1.96000685593854e-07
02,227613723,C,T,0.0332720414386984,1.2917896757745e-06,1.16548379627695e-06
06,131429452,C,T,-0.0105778663021144,2.17377966594265e-17,1.52860775715892e-09
15,89928189,T,G,0.00951094987361765,2.67870039278359e-15,1.56808066086585e-09
15,89437181,GT,G,-0.0101589633964815,2.80740619331945e-11,8.89086136912652e-08
15,89432448,G,A,-0.0370679150829336,2.29921425499392e-07,1.31433525337745e-06
01,155681157,G,A,0.015709453746801,6.55240771726832e-18,8.85907791358093e-16
01,156172499,C,T,0.0232585895513855,1.32537303518125e-06,1.67263820453035e-09
12,47005736,T,A,-0.00968232462950245,3.56992909232265e-16,4.62239574809461e-11
12,47488239,A,G,0.0095208587032926,8.78163435367355e-10,2.49142624953123e-09
13,28010734,A,G,-0.0103316044153516,1.05721243347719e-17,1.74245287107992e-09
09,111707928,G,T,0.0188848149991422,4.92833340025309e-10,1.84493173591548e-09
09,111907101,T,C,0.0103643121056047,4.34463764764124e-07,3.1740477580862e-06
12,89776845,C,CT,0.00903972453821392,6.82886084455807e-16,1.87628470599676e-09
12,90206216,A,G,-0.00910530907861919,9.41525559219229e-08,1.41775995763003e-07
03,61187732,G,A,-0.0100420871011643,1.94704524998736e-20,1.8963100481862e-09
09,98104492,T,G,0.0117676569466149,5.14214944160957e-19,2.67279026493159e-11
09,97409311,A,C,0.00810294570962094,4.70202179918902e-11,5.00787805668334e-06
12,48379810,G,A,-0.0105138196272644,5.22175846695026e-17,1.97950855352141e-09
22,39836086,CCT,C,-0.0113821315980166,4.27814886768606e-15,2.07842138256209e-09
06,19078274,A,G,0.0121809119732739,2.3598005198367e-13,2.17868590365382e-09
17,79087537,G,C,-0.015332425376248,2.89552095512473e-30,4.42505211576811e-19
17,78292945,G,A,0.00998212525099228,5.9590642435479e-07,8.03712340310872e-08
11,29214768,G,C,0.0152137718062494,9.77217266980893e-12,2.19019574508226e-09
13,40766349,T,C,0.0110733311696126,1.31564150767444e-12,2.22017214321261e-09
13,41256473,T,G,-0.00942892829669278,1.97654994302141e-10,1.96101172835757e-07
19,41902522,C,CTTTT,0.0105706237411869,3.57518281464767e-18,2.24983129311822e-09
16,72505534,T,C,-0.0149281022393917,4.97619176591233e-11,2.26411618820413e-09
16,72991286,T,C,0.00846197324956412,7.84078076731757e-10,5.84618030467017e-06
16,24714679,T,C,-0.0103439989668214,2.19688987784134e-15,2.27764061655543e-09
16,24550930,G,A,0.0116447730077623,9.16326100465068e-12,4.10403948978115e-09
18,57920877,G,A,0.0288757747464883,8.5216628591668e-77,1.00446853048585e-49
18,58036384,C,T,-0.0573348078646867,3.54392930897337e-24,7.15036878585805e-29
18,57945602,C,T,0.0233484067052129,6.55460777424637e-10,5.87261314980913e-06
11,9399731,G,A,0.0099186083911088,3.24535177539153e-20,2.28703020463968e-09
03,13805578,G,A,0.00944252758577031,3.33209043010073e-19,2.46689407051368e-09
03,14043412,C,A,-0.0293966833574131,4.05542392753257e-06,1.03559848380599e-06
08,73449940,A,G,0.0107953602426801,5.37160168361515e-16,2.48776520602099e-09
01,36698861,C,T,-0.00988009707117813,1.58905417024318e-15,2.5671047765525e-09
01,36579215,A,G,-0.00991900110134571,6.535212333756e-07,1.49928278468123e-06
02,33489022,AAAG,A,-0.0205227832682508,1.01567196463304e-09,2.65029367984048e-09
02,33348679,A,G,-0.0181040577002467,1.17630302938596e-09,5.20623555221296e-09
03,170743141,A,ATAT,0.0122601383467491,2.01399656218133e-12,2.68267189881796e-09
03,171125759,A,G,0.00829195400310769,6.56154387702043e-10,3.25519411220399e-06
01,26432121,T,C,0.0126694601806863,1.16672211753723e-12,2.71373131761435e-09
05,43383398,C,T,0.0105122144667402,1.16033997816439e-09,2.75470618602683e-09
05,42884742,T,C,0.0144972633413628,1.70903008397585e-07,1.44478141855174e-07
06,83330333,T,TG,0.00983082509451714,3.40500766565714e-25,3.0615124837343e-09
11,8236262,A,C,0.00969564736031267,2.26194586602514e-21,3.14918393773746e-09
11,8607488,T,A,-0.0334052887475527,7.41897396958107e-06,8.5169813965031e-06
01,8015560,A,G,-0.010194695279467,1.88747522006902e-17,3.22281822037672e-09
05,41927601,A,C,0.0185201225662553,2.20135551611575e-13,5.68050653638384e-14
05,41546822,C,T,-0.00924865809291488,2.36521354662448e-09,3.32015573281227e-09
12,9124190,G,A,0.00983662545566067,1.65423777921849e-20,3.39148478800325e-09
10,2666859,C,T,0.00963105084122437,2.87097546736722e-24,3.49054353608483e-09
01,32393821,TATA,T,0.0144123421224113,2.73296131273579e-10,3.5080858510181e-09
01,32044601,G,T,-0.00876935917101344,1.84567694996523e-11,7.59856676881606e-07
01,23354877,T,A,-0.0102474783972402,1.31060801705701e-16,3.582719929383e-09
01,62570321,G,A,-0.00979290499231671,2.49986007015519e-17,3.71709770164595e-09
01,62135020,G,GA,0.0101146839218809,3.88019345028539e-07,4.64893827813636e-06
01,79476511,T,C,0.0108608455685434,9.67056207747325e-13,3.74211026853832e-09
01,79053326,G,A,0.0334193158547091,4.65623347818981e-07,1.10500482517478e-07
X,50334780,C,T,0.00925456990769651,1.19155023471984e-12,3.80052892629998e-09
12,14919997,G,A,-0.0117778546947276,2.91647083115882e-13,3.92317052795143e-09
07,18676842,G,T,-0.0161320297911622,8.98998709106995e-11,4.08240428914821e-09
04,38653773,T,A,0.00973138180997199,8.38530158210454e-20,4.24264373997073e-09
02,44991100,T,C,0.0130666017815893,3.7461837900625e-11,4.36812207452184e-09
02,44857116,G,A,0.00971672264588498,2.59415052948293e-07,7.94456235972559e-06
17,40426299,CAAAA,C,0.0101419841583911,3.86590935003548e-21,4.61675965933529e-09
02,100765728,C,CA,0.0136360415617433,4.1954572123551e-10,5.35570973517413e-09
02,100267808,T,C,-0.00749447856902931,6.30687786680803e-10,4.93987241396664e-06
04,18166100,T,C,-0.00937997417608337,3.61028456861568e-10,5.69289522230188e-10
04,18548257,GGTGT,G,-0.00834137486981209,6.91311595037848e-11,5.41896164855653e-09
07,28829253,G,C,-0.00970371073423429,2.34559043574885e-19,5.46735449173752e-09
03,55548726,A,C,0.0110398782444683,5.43167346884284e-14,5.48328486622684e-09
07,135212623,C,CGT,-0.0103875564124778,7.57738428753793e-12,5.5399061628984e-09
07,135105194,T,C,0.0218258870841303,1.25782822919061e-06,1.6214054662723e-07
12,131621287,T,A,0.0100991981419394,2.36130267362305e-16,5.71319313169226e-09
10,77210191,T,C,0.00951808613330526,7.39821034036954e-22,5.99392507012636e-09
02,70315987,C,T,-0.033059286563583,2.58783097231029e-09,6.04855375278179e-09
03,66438307,G,C,0.0118034910278211,6.45856250990573e-13,6.08914586482881e-09
04,101086037,G,A,0.0205368583256938,7.75056965789752e-10,6.22785656524554e-09
20,43535162,AAAAAAAG,A,0.0106234274106604,2.09506044712048e-14,6.34270069400793e-09
15,51542193,C,T,0.0095120434818947,2.11680973000696e-24,6.3634487316846e-09
22,38556260,T,G,0.00974719578571127,7.43942242853512e-18,6.3832907862814e-09
07,65086756,A,C,0.0112706647010427,2.13747293561695e-13,6.393999919302e-09
17,63561592,G,T,-0.0131058447742718,9.27541577099004e-12,6.40803480091232e-09
09,96354554,G,A,-0.00999853183260545,7.80365011684903e-17,6.48907561312527e-09
12,133361298,CCA,C,0.010224280112245,5.626850397077e-16,6.74102907219806e-09
08,49236714,C,CTG,0.00922535919176253,2.48391713727761e-14,7.20088958732107e-09
08,49588463,G,A,0.00946438645723546,1.42094915119362e-08,2.30023486057013e-08
04,177430072,T,G,-0.0107214475481047,2.67908038886543e-14,7.60476630874804e-09
02,25458100,C,A,-0.00968306489864428,4.31240961602848e-11,7.80938137138978e-09
02,25904996,C,T,0.00765531712639413,5.40921538775269e-11,1.17990538580698e-06
03,50022069,G,A,0.013985601494584,8.54789308886264e-41,2.75354359071623e-15
02,201247780,A,G,0.00941718976369052,1.82454915508566e-21,8.55683290062224e-09
05,153358226,G,A,-0.0105684976755909,3.1807703602443e-14,8.73564902094272e-09
04,86719165,T,C,-0.0132285044867802,2.05026667237285e-11,8.78726107235207e-09
01,184136522,G,A,0.00995357311511762,1.32046105047135e-17,9.2307641632755e-09
13,42737268,T,G,-0.00970327323894431,1.54443594905087e-17,9.64753496641173e-09
05,100165534,C,G,-0.00985722807876059,2.14794896035088e-16,9.79839070612584e-09
16,30337208,T,A,0.0125294104835865,4.78631990902988e-33,1.93220489401215e-15
03,14960170,C,T,0.0146653576866662,1.30258396503316e-10,1.00293626918066e-08
11,18632236,A,C,0.0125170171295414,8.36205830622117e-12,1.00299829291223e-08
04,102708997,C,A,0.00947885889070421,5.68314679407377e-20,1.03307350804828e-08
12,22017410,C,T,-0.0401013512346423,6.13757016513198e-09,1.03594114629544e-08
08,124165850,G,T,-0.00992745734804194,4.40372417101662e-16,1.09101617639002e-08
01,235512933,CA,C,-0.00945291724018828,3.20814130927677e-21,1.10408234403201e-08
X,47167011,CT,C,-0.00833759322153838,1.67033808054248e-13,1.10621713761225e-08
02,169703896,G,T,-0.0092689267569253,8.21733815045722e-13,1.11812463193925e-08
02,169632427,A,T,-0.00770877883372772,8.59750079074576e-09,1.19925368175435e-06
05,60731458,G,C,-0.00994115508348191,5.08970525199099e-18,1.18154969600992e-08
05,60999190,G,A,0.0109631030597023,2.94558828565969e-11,1.75996368229952e-08
14,84252205,A,G,0.00992980796073108,1.41919592577315e-15,1.18834269766842e-08
16,9211117,CT,C,0.0105197265559362,5.68890137144579e-15,1.1891641067799e-08
17,44262496,T,C,-0.00997562769704354,7.1025781938326e-16,1.21695986135092e-08
17,46175361,C,T,-0.0226442862735357,3.75017030311439e-08,1.22120276102374e-08
17,46288649,A,T,0.0127597187270163,1.44536545523273e-09,1.39491302059979e-08
04,87598333,T,C,0.0255633769195024,3.67943046356874e-09,1.22466101302801e-08
15,55644676,G,A,-0.0140870046009485,1.16841823491673e-10,1.24343807370493e-08
15,56139961,G,A,0.01253762166805,3.03483496879904e-07,4.09681331093281e-06
17,21283507,G,T,-0.0102167169223541,6.39269253105998e-15,1.26991120800551e-08
14,42871531,A,G,0.0101369623125796,9.26636291893667e-15,1.30399901010323e-08
18,30669870,T,TGTTA,-0.018405139373949,9.37233487352915e-10,1.30996938299167e-08
05,6767245,T,A,0.00979733749192721,9.1784631327864e-16,1.33509066178985e-08
10,22629820,C,T,0.0169444837704803,5.13965276127668e-10,1.42699680241391e-08
11,72335834,T,C,0.0100112935766227,4.65810162557718e-15,1.42826650124464e-08
04,152389138,T,TA,0.00951661548952317,3.02816710895526e-19,1.4326572352792e-08
05,50961753,T,C,0.0258823083903972,4.72319656118399e-09,1.45224099206174e-08
20,54460200,G,A,-0.0128969161467063,1.98789606596214e-12,2.96696641996283e-10
20,61564901,T,G,-0.013351121927946,4.82343801643383e-11,1.51669588334959e-08
08,74691549,C,A,0.0141773256212583,2.21259338660077e-10,1.54754030002057e-08
08,74259496,C,T,0.0179960013694809,4.7602377180098e-07,1.87484976486373e-06
05,105874890,CT,C,-0.00936895130952449,4.63866652263712e-19,1.54866051297902e-08
17,38344485,T,C,0.0103590165630546,8.0390265268422e-14,1.60098036021659e-08
02,74712596,C,CT,0.0123283512018816,5.81805085518281e-12,1.60153784525891e-08
04,12842023,G,A,-0.0104000169357179,1.02757563733467e-13,1.62016704056259e-08
17,67435050,G,A,0.0088533570453198,2.36517588708868e-11,1.73386316918852e-08
17,67499717,C,T,0.00754709509108176,6.13780843620857e-08,1.39726530748556e-06
02,23134817,C,T,0.0305621654410835,7.1926364307039e-09,1.80736292186652e-08
11,47434986,G,A,-0.00970180423614292,1.91658575243719e-15,1.88697082201095e-08
11,100610546,C,T,0.0102865418610757,7.84408942961593e-14,1.92538853675087e-08
04,3469976,A,C,-0.0104601979124702,1.77734049605783e-13,2.16459943569531e-08
04,137239025,A,T,-0.0111446989384311,1.26349857179057e-12,2.18051205705901e-08
14,94077077,A,C,-0.00991740368050606,2.10938566384991e-14,2.20081322848483e-08
20,42349984,T,C,0.0124121723619499,4.78469693822017e-11,2.20477270781669e-08
06,155551391,C,T,0.00957958401847413,3.96431773280066e-16,2.20826446995805e-08
07,92097611,C,T,-0.0111523891527038,6.39634500440004e-28,2.09137559877407e-13
07,91602466,G,A,-0.013422454830018,1.32684600466941e-06,2.23765515078093e-08
02,145336371,G,A,-0.00941466757787425,3.67471069196869e-11,2.31324930071676e-08
02,145602946,C,T,-0.00786024021802568,9.99117082801828e-08,2.8928736414137e-06
04,26206514,A,C,-0.0185180159926859,3.2985586235356e-09,2.32061419916784e-08
04,26152727,A,G,0.0294998693329594,4.69382281530375e-06,5.15018989643342e-06
X,99882543,C,G,0.00780710354763882,7.89679079892356e-14,2.38378010744971e-08
03,53675022,T,TGAA,0.0113145945327982,1.24749715502072e-11,2.39647645228877e-08
03,53373238,G,T,-0.0149757436302301,1.26137420147925e-06,4.35039192332295e-06
01,225956154,G,C,-0.00998354484262275,3.30333720536656e-14,2.44224372443715e-08
02,205365851,C,T,0.0231791443850223,6.43470323865695e-09,2.44901522132321e-08
04,124932863,A,T,0.0100175673545359,6.88894249314546e-14,2.45090134937906e-08
02,46654831,A,AT,-0.00930025213637213,5.16983029444624e-22,2.46323170365351e-08
04,30842780,G,A,-0.00908838857746941,4.8924074785076e-20,2.48125823439254e-08
10,121366194,T,C,0.00969459040583355,2.21771060511899e-16,2.48166599152336e-08
10,121181627,G,T,0.00967556258229157,2.20058397314515e-09,1.23851759187025e-06
10,125230186,T,C,0.00904916147207161,4.99399749568382e-21,2.57928596083212e-08
07,1271233,C,CT,-0.0109544415058083,2.20643030763569e-09,2.60461577474087e-08
07,1380874,C,G,-0.00835677341927657,4.53786403989815e-10,3.90383632756914e-07
11,61450330,A,G,-0.00927284627675517,1.11066125717671e-20,2.61069912175573e-08
01,208032376,G,A,-0.00904260635604412,4.46618274815074e-22,2.61432521320511e-08
01,96304750,A,AT,0.00937575819033211,1.01923232136249e-16,2.62190410800244e-08
20,15809756,G,GA,0.0138794696495256,1.52387723285456e-10,2.64196341226331e-08
03,56599469,C,CT,-0.0091989886712971,5.74830415882522e-19,2.68343496706228e-08
10,53290991,T,C,0.0123684829210028,3.60522539095549e-11,2.68512970819629e-08
07,56187347,C,T,-0.0121424380627009,5.03855012834488e-11,2.85752107278011e-08
10,115949262,G,A,0.0105722995408308,8.79499580466047e-13,2.96298578229155e-08
03,152309629,C,T,0.0124377054495281,7.96742187089069e-11,2.97433251542873e-08
15,68202469,G,A,-0.0105523796725535,1.48951040294515e-12,3.02178315839859e-08
14,33292743,C,A,0.00912850936358369,1.20593703705063e-19,3.03352360511424e-08
11,28577867,C,T,0.00845908622545805,2.12049332033393e-13,3.03574358457599e-08
11,28742220,A,C,-0.00850024838844158,1.17699438672786e-08,2.01229711095574e-07
08,89472874,CAGTT,C,-0.0106905025010242,6.57145958100231e-12,3.04583646789784e-08
08,88981540,G,A,-0.00829732249952639,2.35016271952853e-13,3.3708087852021e-06
03,33600582,A,C,0.0275275834739634,1.16292572079375e-08,3.06686189556323e-08
01,176446916,TA,T,0.0100886050131451,4.55692259034197e-16,8.96367951375969e-07
01,176110641,A,AATAC,0.013999874363472,1.89761053345621e-07,3.07686229392384e-08
02,172377212,G,C,-0.0184965842044596,2.09320762920675e-22,2.63354383301506e-19
02,172101805,A,C,-0.0186160169526184,1.52196660561672e-08,8.92828589671825e-09
02,171930391,CCG,C,-0.00933233650985423,3.87401830760094e-10,6.88578601144118e-10
20,20060745,T,G,-0.00994660106991812,3.5205829171654e-14,3.1008321590418e-08
20,20339310,T,G,-0.00915824232447656,4.55386457820869e-12,4.73314346315338e-07
19,4910021,A,C,0.0104459589029729,3.46395636696685e-15,3.47733489801414e-10
19,4363289,C,T,0.00853012162618413,1.68336741218739e-06,3.82446515432307e-08
19,34311481,C,T,-0.00949912780658015,2.55833045733017e-15,3.15068930670479e-08
08,129987702,C,T,0.00914392142645924,5.69168386137478e-18,3.20539405800448e-08
02,85818797,G,A,0.00979317988974803,2.0886619983853e-14,3.21567673784487e-08
14,68662643,A,C,-0.0129748072387218,1.02761595306131e-10,3.25160222408007e-08
06,164107529,A,G,0.0133203813466276,2.56275969308035e-10,3.26570880475376e-08
07,70106061,C,T,0.00934661388970017,2.61324875401195e-16,3.27484710036525e-08
01,217805262,C,A,0.00927106085001856,1.60403558030541e-17,3.40900735263524e-08
X,132004242,T,A,-0.0156244462532967,8.45901382367737e-09,3.50985209450286e-08
11,14819828,T,A,0.021589185719539,2.85944482941231e-10,6.88546315986369e-11
11,15030244,C,CT,-0.00930364331537391,2.67901254203844e-10,3.5862861642432e-08
03,194870655,T,C,-0.00943797990326558,7.57288480834561e-17,3.61235094782926e-08
08,56149074,A,G,0.0197365962811722,6.38648837679145e-09,3.61667415075329e-08
08,56583713,C,G,-0.0265785952752087,4.03855323513145e-06,4.97476967662948e-06
06,20706230,G,A,-0.010822541476256,6.24278863141273e-12,3.66652069302003e-08
19,50363585,CAG,C,0.02310670668629,5.03674215533404e-08,3.70821652053299e-08
19,50334866,C,T,-0.0140380980738211,1.2395504525841e-06,1.74744883458228e-06
12,41910629,C,T,0.00898256182096538,7.55316197440021e-21,3.72855857475555e-08
03,183357633,A,AAACC,-0.011210120103132,1.17445031293021e-12,3.85680830838382e-08
14,77507205,G,T,0.00972733501153372,3.74343443825064e-14,3.90657767135495e-08
15,101636268,G,T,-0.0124285213609166,1.38278119615968e-11,3.90834305599466e-08
12,49189815,A,G,-0.0275344948051115,3.97335502336562e-09,4.15332950424966e-08
12,49125027,G,A,0.00871092096826385,1.93712283107649e-11,8.06479520540676e-06
20,38569980,C,A,-0.0104391969926594,3.94190008829873e-13,4.21580282975899e-08
20,38893414,GA,G,-0.0239714936618959,2.46727955473362e-06,7.20196196952661e-06
07,75044431,C,T,0.0107013622441662,1.88576375178918e-12,4.28932200382956e-08
07,103444978,C,T,0.00902604470622062,6.20833005733912e-18,4.30391629369385e-08
04,115132438,A,T,-0.00899299799183337,1.06999162763676e-18,4.3380405504411e-08
01,119495315,T,C,-0.0116360942534618,4.82202929331873e-11,4.37677070262911e-08
01,42407229,T,C,0.0102180358223409,5.7126838337536e-13,4.50592350149425e-08
17,62019103,G,T,0.0155866971037218,1.81149934900234e-16,2.97054880708727e-14
17,62048707,C,T,0.0101654056206656,1.57655609929091e-17,5.19802106172657e-10
17,62519019,T,C,0.034752266352654,2.19157989632253e-06,4.52564127168195e-08
06,54067088,A,AT,0.020768679082954,7.39059883840909e-09,4.73350005415422e-08
08,76788172,C,T,0.0195639763217008,6.32237889643673e-09,4.86365667198255e-08
12,30773330,GT,G,-0.00893863612203576,9.82468001018486e-21,4.98311217711126e-08
13,79594926,C,T,0.00914451113629736,1.3739217928832e-19,5.01116913389579e-08
10,27829355,A,G,0.0184499533189569,2.90297401794165e-11,8.33204372449563e-10
10,34635529,C,T,-0.0116805111305912,7.87920279702088e-09,5.0610709393531e-08
10,35025593,T,A,0.0159278276389177,4.77346477788466e-07,2.74641451639001e-07
01,218647386,T,C,-0.0114692472865596,4.31596463419354e-31,2.14192851330471e-10
01,219145424,CTT,C,-0.0150049172812881,2.16866506730941e-11,5.07630248270371e-08
18,2656989,A,G,-0.0105111699993065,3.29782980320331e-12,5.16559014629503e-08
06,50798526,C,T,0.0211655231385453,1.00851163859355e-27,1.66867799452429e-24
06,51760527,T,C,-0.00882011413016968,1.26788537210465e-15,4.19262773613719e-09
15,43703277,AT,A,-0.0410139797038305,2.50641273280604e-08,5.6038070199339e-08
08,118897700,A,AT,0.0143015297461128,1.24207982345855e-09,5.61995027995819e-08
10,130382568,C,CT,0.00911910327295901,1.37660065061559e-12,5.80326817808882e-08
10,130837274,C,T,0.0078395529771919,1.11288958926998e-08,4.08176111184672e-06
01,203766395,C,T,0.00942610895040369,1.66941021609474e-11,5.87348528816912e-08
01,203489683,C,T,0.00962796113540291,6.58865158969709e-07,3.25540569268415e-06
05,3574564,C,T,-0.00915625720764081,2.42251769830508e-15,6.01223314830593e-08
12,17245591,A,G,0.0144669092529878,1.34171446135091e-09,6.03504330392584e-08
14,29702590,T,G,-0.00933754140713849,4.59531248992185e-15,6.04453007236464e-08
18,45753742,T,C,-0.0107458149683074,3.33063925148222e-11,6.07859963847164e-08
18,45946047,T,C,-0.010204094954024,9.37040458713906e-10,6.07791906872715e-07
12,107319661,G,A,-0.0100003807178638,9.5997137321818e-13,6.11864185517679e-08
04,135213286,T,C,-0.00889932557995727,2.25728509578995e-20,6.1365302456755e-08
20,51737578,A,C,-0.0149239808763196,4.71507380497985e-09,6.2647581567102e-08
20,51237903,C,T,-0.00972815295877911,3.43606310389949e-10,5.07168944139397e-07
03,153910995,T,C,-0.00885186769823246,1.43891655604573e-19,6.3495316271042e-08
10,114693230,G,A,0.00887493051382849,6.40107879448072e-12,6.48536542059324e-08
10,114401543,G,C,-0.00814770243928797,6.77839950230715e-09,1.44680151171655e-06
19,18490284,G,A,-0.00882795026623795,1.57028382584957e-12,6.54031119622146e-08
19,18116144,A,G,-0.00880459848790406,1.70702602015349e-08,9.04788742573778e-07
08,67198844,G,A,-0.00996657318737583,7.10898161974344e-13,6.63270525649567e-08
01,183097420,T,C,0.00887762945603162,1.71588980420092e-17,6.6975553209556e-08
11,74488697,AT,A,-0.0107170876579332,1.08440358512842e-11,6.84154597924167e-08
15,79403002,T,C,-0.00889578676314263,1.50707146665039e-18,6.88994453908296e-08
15,78922194,G,A,0.0187739082231826,3.343878589363e-07,6.49670125825592e-07
07,77791674,C,CA,0.00919454400078233,3.6887928162127e-14,6.89001771143402e-08
07,77438541,GT,G,0.0093709386006714,1.83044203545424e-11,7.85643399941014e-08
03,142523555,G,A,0.0112085190370628,2.71871280030488e-11,7.06083647714e-08
04,152958338,A,G,-0.00882845654272795,8.99964960201192e-20,7.09777570299722e-08
08,23345526,C,T,-0.00781469124914188,4.039742887586e-13,7.11975222616751e-08
08,23166656,A,C,0.0083313806969492,9.77972498009148e-08,2.36704709182456e-07
10,99778226,G,A,-0.00882984607471884,1.27061179338484e-18,7.31235999519058e-08
14,101141726,A,G,0.0105714644649595,8.80397802071064e-10,7.46510538939182e-08
14,101229986,T,C,-0.0106721225482268,3.19952071851991e-08,3.83424886232187e-07
14,101531854,A,G,-0.00759137288428269,3.42729210980967e-10,4.24024094243233e-06
05,39519303,C,T,0.0157961302502089,4.14651575147173e-09,7.50425884016636e-08
13,51850207,C,T,-0.0151131406626652,2.65038394000855e-08,7.51357414361882e-08
13,52332688,TA,T,0.00823763761434385,3.79609860965967e-09,3.35504240341179e-06
05,52795785,C,CT,0.0112523169126825,1.56719601054962e-11,7.6055317169979e-08
15,91419432,T,TC,-0.00881682549089435,9.31849130257392e-20,7.64754115065594e-08
05,54873285,T,C,0.00946408041997646,1.37241475935341e-13,7.68705699393898e-08
19,45493635,G,C,-0.00939320824083749,1.01870155099894e-17,7.88105402391473e-08
19,45425178,G,A,0.0179945817596196,9.43199955717675e-07,3.01207755055583e-07
19,45395844,G,A,-0.0123785968309369,3.26545379345646e-07,9.45533179963241e-07
10,102656897,C,T,-0.0167913705381557,4.32783445386303e-35,5.26016424696642e-21
05,111291610,AC,A,0.0103061397613727,8.50721281642812e-13,8.15330646298178e-08
03,45957689,T,C,-0.0100050192137838,3.7048608957882e-12,8.28531465948122e-08
X,139197228,C,T,0.00732832017043309,6.0677181833394e-15,8.29486195091385e-08
16,73801303,C,T,-0.00879806392194088,3.91112934322448e-18,8.36505134058452e-08
04,110755000,CT,C,0.00911267773383087,3.13550820227929e-15,8.83742871702761e-08
13,66204127,CT,C,0.00883839066953697,2.50664865195883e-17,9.16638507665811e-08
05,141811345,A,G,-0.00888847269813528,7.85771229783193e-17,9.23008915720983e-08
16,67991972,C,T,0.0173297493927739,1.18822584082407e-08,9.64182068607375e-08
01,10300778,T,C,-0.0101967783726109,1.31706230534424e-09,9.84569654556587e-08
01,10734800,A,G,-0.00820971392182824,8.34464859174994e-13,4.0060157971883e-07
05,171218388,T,C,-0.00875813198278534,4.8116535607083e-11,1.55363335501137e-07
19,55879672,C,T,-0.0305483227419813,2.52857471437865e-08,1.00470981288877e-07
19,56011573,C,T,-0.0257346443857454,2.29072041103295e-07,7.65992257818759e-07
12,24071748,G,A,-0.00961853469082576,9.1410639018897e-13,1.00718517438759e-07
02,10406843,CCTGTAGTGCCCACCTA,C,-0.015221111567685,5.14282353694317e-09,1.11492725409535e-07
16,72629056,C,G,-0.0164739345812894,2.03907071045557e-08,1.45491354371084e-08
16,73095430,A,AAC,0.00846781162956639,2.11425365002734e-12,1.12638002793292e-07
12,91144040,T,G,-0.00958984780753486,1.27245138580621e-12,1.17657849607978e-07
01,65298971,C,T,0.0419840422482496,6.9443271047335e-08,1.18413013301903e-07
08,6329470,T,G,0.0123314091672949,1.54090562767594e-10,1.19020285105164e-07
08,6454089,G,A,0.0140048910679794,4.71047574589868e-08,1.78214207295852e-06
12,78198931,G,C,0.00869529174668783,4.22977272134723e-11,1.19132810747889e-07
12,77824326,G,T,0.0103314510321931,1.68688282445405e-07,4.11181866115236e-07
01,74995110,C,T,0.0087625402895583,5.20498290824515e-16,1.19788044165119e-07
02,225278693,CAACA,C,0.00877995515277615,1.44276871675757e-15,1.21483218124015e-07
02,225605531,A,G,0.0388762171086478,9.84639705950208e-07,8.17830308298871e-07
11,13329139,T,C,-0.0132253643172316,1.58310017764211e-09,1.2385975789533e-07
11,12887540,C,CT,0.0133651465112169,1.09719244810586e-07,1.98045560683097e-06
06,133614576,G,A,0.00879464823780958,4.35074905058656e-16,1.31033990333381e-07
12,121622887,A,C,-0.0260785936178405,3.48616819157277e-06,1.3202215621828e-07
12,121679328,G,A,0.0132887838750896,4.20739174260762e-09,1.71368406169105e-06
12,121349342,C,CA,0.00892417442186042,6.51227563006328e-19,1.25145399874242e-06
20,47824904,A,T,0.0103754269173089,4.07331805202085e-11,1.34288071878768e-07
05,140024491,A,G,-0.00866286413600941,8.21982900146155e-17,1.35003059276196e-07
21,37468223,G,A,-0.0103759558573522,3.46657894273982e-11,1.3556996860176e-07
14,99703968,C,T,-0.00868139372831555,3.68162066563836e-17,1.38111894743063e-07
03,128289541,G,A,0.014343397765862,6.01800342545549e-09,1.40054004816648e-07
07,68023131,T,C,-0.00872629184944313,2.34770037777454e-17,1.47091785923131e-07
17,15998837,G,A,-0.00873625940547067,7.48639753205165e-19,1.48024754872028e-07
09,119041018,C,T,-0.0133382081066382,1.01510771649583e-12,4.86639692279045e-10
09,118411240,T,C,-0.015931289147655,1.08998859794611e-08,1.69521158812399e-07
09,119048567,C,G,-0.0205164589490726,2.45633539257983e-06,3.99362293804719e-06
19,4475606,C,T,0.0172825638852443,-99,2.91103436995643e-08
06,26543649,CTT,C,-0.0188675628766854,-99,2.72350220786579e-13
16,31104192,C,CA,-0.0235068059096281,-99,1.57172071766116e-08
06,34183057,A,G,0.0803507749533906,-99,5.60397873559477e-36
17,42774033,G,GA,0.0206140637187336,-99,7.39137517665152e-10
05,43125795,A,G,-0.0249111810266811,-99,9.60900556832229e-09
05,53107611,G,A,0.0217427998461028,-99,4.86220114885364e-06
20,54884793,T,G,0.0207553184357322,-99,6.32726275679816e-09
11,69509343,G,A,-0.0234802926475725,-99,4.44651264667205e-13
17,78757626,A,G,-0.0256667159151383,-99,4.8904022056786e-13
10,102317555,C,CA,-0.0313260361479671,-99,4.00045742765458e-12
10,102411904,T,A,0.0199769763949862,-99,2.45681140547431e-06
04,145839264,G,A,0.0274740609033599,-99,5.35518745420058e-29
05,171336723,G,A,0.0211157538906092,-99,2.32872725789418e-10
01,176521655,G,A,-0.0539054937057623,-99,1.94791230503e-08
02,233131825,A,G,-0.0288270563405402,-99,1.87757148892301e-09
02,242189231,T,C,0.0260171517616621,-99,7.70893144971552e-08
