chrom,pos,major,minor,beta,p_value,gwas_p_value
18,57829135,T,C,0.0430273499027121,1.43739958593909e-179,2.1605856778608e-112
16,53806453,A,G,0.0356269092968803,1.38758828997146e-240,1.81103631475783e-103
20,34025756,A,G,0.0343527835912222,4.23211148841904e-223,1.64673753520036e-96
12,4384844,T,G,0.10778986917578,3.91569945624152e-71,1.34561078317917e-67
03,141105570,A,G,0.0269045958683326,1.32246024688303e-157,2.83536537082723e-61
02,417167,T,C,-0.0636295733288864,8.00851453194762e-69,6.13726548791313e-61
02,632536,G,A,-0.0327469191839367,2.3677269858307e-72,2.14880325564536e-49
13,51121547,G,A,-0.0309620930142936,3.87982762775752e-85,2.28764349713313e-60
13,50655989,G,T,0.0748295490429125,1.30867831689119e-36,6.03858923094336e-40
06,34589632,C,T,0.0332204365148032,2.50865112677039e-56,8.9001347935562e-55
12,66361453,A,G,-0.0247201701696728,1.18620407798655e-150,3.85145882857975e-52
01,177889480,A,G,0.0288183692878449,3.42553661615257e-71,4.2146128899527e-47
07,92253972,G,A,0.0247026522327689,7.48038095962608e-89,2.96855046042908e-46
08,57122215,T,C,-0.0326821312644927,6.66512224626052e-51,6.28160819286712e-45
08,57185471,C,A,0.0166345309104551,1.1389718078746e-25,5.28910029696926e-21
01,78444764,C,CGGCCG,0.0348102071112639,6.66132402371736e-58,1.76184820010386e-44
05,127357526,C,T,0.0256489487761189,2.67052393741524e-69,2.7905855322366e-42
13,51064533,CCT,C,-0.0268531831846853,2.27240544304461e-77,5.88832167928656e-52
13,50565104,ACT,A,0.0741586661718635,3.58267767931147e-37,5.63793594229811e-41
06,31272261,T,C,0.0180715070427876,1.93721853390636e-28,6.28822683892368e-41
06,31610479,C,T,0.0172386156100187,3.61183760387826e-16,4.59492047937313e-35
06,130341728,CT,C,0.023317920367732,1.58919510183413e-72,1.5067849876832e-39
06,126704795,C,T,0.0211654720663744,1.804746461219e-95,2.26735585699084e-38
07,2859847,G,A,-0.0227732947036549,1.05113579704207e-69,4.1475529448044e-38
01,154989823,T,TGGGGGCAGTAGAGGGGGCAGTAGA,0.0218410964117523,4.90922691431219e-45,7.28278743979891e-38
01,155155389,G,GTT,-0.010814351509517,1.17741264203962e-20,1.91511796396075e-17
09,119124535,T,TAA,-0.0249336861332248,5.35171853881725e-52,5.94722910305632e-35
17,29206421,G,T,-0.0242753279905177,8.7251495277296e-56,3.26437796041811e-34
07,150668070,T,C,-0.018999477573777,1.92744645249049e-52,2.29808615446588e-33
07,150554553,C,T,-0.0191605201143658,7.51499020605919e-11,2.26996800200978e-15
X,78655777,G,C,-0.0167157653880937,3.34500101592022e-58,3.55593485510294e-33
16,29972465,C,CA,0.02066424344948,9.49692471099531e-83,4.2409130554794e-33
02,27730940,C,T,-0.0198489037091127,8.65186514448108e-74,8.04621584384073e-33
04,17922866,A,G,-0.021128244849463,7.80289723525102e-28,2.28582075798177e-32
04,17875735,TCTC,T,0.0171898645040325,3.38039463207847e-33,9.35017194899245e-32
05,75003678,T,C,-0.0195542003803014,1.98198265790464e-71,4.39232631425113e-32
04,145568352,C,T,-0.0200850698510727,1.80178470779691e-26,6.23179865831912e-31
04,145718861,GGTTA,G,0.0137873321788386,1.58434095854127e-35,1.54732291793863e-27
05,122699198,C,CTA,-0.0186254573121613,9.03744798078034e-80,1.87893695981574e-30
06,26180634,G,C,-0.0212160786477717,3.275273676025e-50,2.91026544800187e-30
17,61996255,C,A,-0.0254316860543882,1.77730369989534e-102,3.4843533544191e-30
17,61996273,T,C,-0.033465462441668,6.55002787069391e-44,4.51173953579286e-16
14,61108825,A,C,0.018769086628519,1.05327647419167e-66,9.52734758565464e-30
12,50261809,C,T,0.0189294622079992,3.33547979540299e-63,3.08000705736197e-29
06,41909521,C,CCG,0.0364974228984759,7.23414586389433e-32,4.02271334724527e-29
06,41903798,C,A,-0.0711530611018974,6.21771777193666e-24,5.93100929304222e-25
02,172416533,C,CTTT,-0.0206774912586314,3.52892599306932e-46,2.70372267797303e-28
18,20737641,T,TTAA,-0.0150620792212877,2.34949127125215e-20,7.49820683052388e-28
18,20711927,A,C,0.0120492859694721,8.84240207472951e-33,7.49594519541555e-27
16,4015729,T,C,-0.0181942726408798,2.12406719759905e-60,1.07077761974886e-27
02,218314141,C,T,-0.0216015667097972,4.85183297794792e-30,1.46030555454811e-27
02,218146818,T,G,-0.012731376764304,8.42911935402259e-16,1.50950050353938e-14
08,135578636,CAAAAAAAAAAAAA,C,0.0146680197647197,5.81948708862446e-37,7.29065542200542e-27
08,135649848,G,A,-0.0158450932396397,5.82364830943995e-22,2.4574288594438e-20
08,135843916,C,G,-0.0113496134680168,2.96026240479957e-13,2.01922475237073e-11
06,50788778,A,C,0.0226643817800981,6.37156681364215e-38,9.74441390885823e-27
20,32287917,C,T,-0.0177971951903107,2.63109611092181e-32,1.28334133828835e-26
20,32542814,A,G,0.0121683723505145,8.91837928007949e-21,3.27353366422242e-17
12,93986693,CTTT,C,0.0200959079198435,3.45157346831496e-35,4.2178713196031e-25
12,94136009,C,G,0.0133558174502197,1.98186015497771e-34,7.98230283418963e-14
11,27728102,G,A,0.0170035053858151,8.69093015816143e-35,8.55569110319066e-25
11,27650524,G,A,-0.0120684859086247,3.62374776819283e-15,1.2846360388551e-13
12,124820705,G,A,0.0224584612736316,1.91563454498001e-33,1.68955832069732e-24
17,7571752,T,G,0.0779951699650776,2.81265149270195e-26,2.46331518470617e-24
17,7366619,T,C,0.0166007189193822,1.87120426778966e-15,8.36425520825917e-11
16,28632021,G,T,0.0167939545960599,4.36718785894355e-55,3.37738705432946e-24
08,126506694,G,A,0.0169586088341936,1.24556360058764e-53,8.27740674495017e-24
06,152168974,T,G,0.0164599345304703,9.2975518689061e-62,9.09835059934116e-24
06,142716286,G,T,-0.0177368304150057,1.6279896465798e-28,1.35792971135005e-23
06,143185683,C,T,-0.00971377035886112,1.05284971181e-17,4.62473425102365e-10
04,106215108,TC,T,-0.0165952656320763,5.13701067279234e-54,1.68321004253081e-23
06,108876002,A,G,-0.0166648242356449,6.61945185067389e-49,3.04031517532697e-23
19,47564644,G,A,-0.0173446055952291,5.99138879149345e-47,3.39754447006641e-23
02,56106928,C,T,-0.0192804677815861,7.17122565441553e-36,3.73850045321051e-23
03,185490184,A,G,0.0244211063080049,6.22428039921379e-25,4.64054283032572e-23
03,185828465,T,C,-0.0153863305192034,2.9456017778402e-18,1.2721064368697e-15
20,33430974,C,CA,0.0144698677263011,4.76590896699646e-37,3.24264709648029e-27
20,33326680,T,C,0.0252791910301511,4.25922998468306e-12,5.82294284477351e-22
11,67024534,C,T,-0.0286849362472108,1.92226346931433e-26,1.2759629114409e-22
10,102661251,T,G,-0.0165005924528249,2.90845448076356e-49,1.42129187191645e-22
10,102317555,C,CA,-0.0150585370808871,7.89288134927223e-17,1.85084235889598e-12
09,98217348,A,G,0.0279278391815109,3.32294429311256e-31,3.08451397461954e-21
09,98192383,T,A,0.0132409224733797,4.40794757278374e-24,5.79393220593809e-09
09,98380222,G,A,-0.0195301922325831,1.95505040354907e-11,5.21986508278372e-15
06,19839415,C,T,0.0345155797970339,2.5714208174383e-23,3.55935168358088e-21
06,29355148,A,C,-0.0167035250287594,1.80424054383383e-37,1.30968856020882e-20
12,122820960,T,TAA,-0.0169980637147584,2.86209607575218e-21,1.61247009328257e-20
12,122583781,A,G,0.0119425443677056,4.5009109253835e-22,2.08093408175591e-18
12,122357049,AT,A,0.0126526889951277,6.53572396896665e-10,4.94831840695353e-11
17,79093822,A,G,-0.0160043763531228,4.62783625796977e-36,1.94909493790574e-20
17,78757626,A,G,-0.0137212040385911,3.2996062503243e-21,3.42263037152694e-14
01,41544279,T,G,0.0159181850759675,1.12223338817675e-39,2.18682612906379e-20
11,68388220,G,A,-0.0199957802274802,7.77630182648175e-28,3.4086516918424e-20
06,160767905,T,G,0.0148823840893911,2.14788907158263e-53,4.542287135953e-20
16,2160503,T,G,-0.0198796861491306,3.21956755292403e-24,4.74587230912695e-20
16,2266173,T,C,0.0135947582721907,2.0178421581453e-21,3.12104952646239e-14
04,145839264,G,A,0.0135982938032906,1.10918094504609e-40,1.144312728181e-28
04,145762728,G,A,-0.0191889388740418,7.05386647986347e-19,3.27067910745862e-27
08,78125457,C,T,0.015901130237427,1.28947287610161e-31,9.62688909779679e-20
08,77761919,C,T,-0.024505608594351,4.27025557742386e-12,2.83083105552009e-12
19,30272202,G,A,0.015687218705666,1.03325966377867e-37,1.30323423753894e-19
05,170864021,G,T,-0.0182951704886809,9.1147704667973e-23,1.9273915012757e-19
05,171336723,G,A,0.0106112547479783,4.30817529894082e-22,9.61798439953705e-11
14,25949019,G,T,-0.0157007537566678,3.46952218382877e-36,2.07443937122697e-19
15,99186488,G,C,-0.0234662940640494,1.07041322501831e-32,2.08649178408177e-19
15,99395834,C,G,-0.0182526470482251,2.09969486474331e-21,1.73896106945389e-09
15,99214192,TTGGAA,T,-0.0235203729616714,9.97862614775513e-18,2.81798213581162e-11
05,77431886,A,G,-0.0169680834156077,7.32805016965293e-30,4.75221101123165e-19
12,46752872,C,CA,-0.0148564099140557,1.97154948881503e-45,5.27991217745541e-19
05,36796830,A,G,-0.014567515502455,6.2051293405364e-47,5.78295615214212e-19
13,78474468,C,A,-0.0168627404575419,4.86650704047051e-29,1.38176370996469e-18
06,109781301,T,TCA,-0.0144951692630267,2.79358427541313e-42,1.64163157395608e-18
22,42070374,A,C,-0.0241764700363507,3.44195555099951e-22,1.76766513890251e-18
20,50951298,A,G,-0.0179927612262171,3.75178347115434e-26,2.75889020168578e-18
05,42734622,C,A,0.0152740360386085,4.77544631292329e-33,3.23187260340153e-18
11,43878485,G,A,0.0156381712709979,3.92141609086079e-32,3.57556010086724e-18
02,223960207,C,T,-0.0156478859564075,8.45005365047302e-31,5.47171552310072e-18
03,9975386,C,G,-0.0179632114805915,6.17928300257607e-27,7.92161902812819e-18
10,96026184,CA,C,0.0140299511959885,2.6264225882168e-42,9.90621659556813e-18
07,23513093,C,T,-0.0160546640753152,3.00728738752497e-28,1.25267572840636e-17
03,50190346,G,A,0.0140584284488578,1.16690661193007e-41,1.37811711671482e-17
03,171969077,G,C,-0.0135797690241738,6.19966700688576e-27,1.55868363280445e-17
03,172188000,A,G,-0.0118729641288519,9.68677449703808e-21,9.27236394838569e-14
X,78792528,G,A,-0.0153021890901538,4.37812740728288e-53,6.06087799748048e-29
X,137050402,C,CT,-0.0167328595026408,1.46595915381777e-21,4.28939175674437e-17
01,155155608,A,G,-0.0142667903942685,8.13449481069086e-46,2.00034528413761e-18
01,11205058,T,C,0.0152674579214197,7.12711154354029e-22,5.12148124248652e-17
01,10833232,G,C,0.010483667628835,1.36623468958824e-12,1.15814026907718e-09
06,7702659,G,C,0.0136692625605745,2.81877105638077e-47,5.34713167368123e-17
05,130833946,T,C,-0.0138743084131032,2.75956126895848e-39,5.50192137839234e-17
02,211540507,C,A,0.0145301063620464,5.12992606828834e-31,6.56817732806169e-17
16,4946794,C,A,0.0135906228946375,2.81480255544292e-39,1.09427329326976e-16
12,111865049,G,C,-0.0134772199303707,8.24234587056789e-45,1.33283624660272e-16
07,76637391,A,G,0.017926880462755,1.304732507389e-22,2.45931773253558e-16
03,184020542,G,T,-0.0180273799283127,5.01867308955653e-22,2.49466659538936e-16
05,95728898,C,G,0.0142106911422033,2.25462073959135e-18,2.68607371965771e-16
05,95856501,T,C,0.00998405486021084,6.54642876554409e-15,6.20865766896178e-11
19,8670147,C,T,-0.0368161270483647,1.60025089016185e-17,2.84900605217484e-16
16,20002523,A,C,0.0146303287490677,2.29972387128212e-20,3.16772431554296e-16
16,20249395,GTACT,G,-0.0171092240697836,4.92740115686168e-13,5.67903901260318e-09
16,19933600,C,T,-0.0134477152496724,6.91374817862064e-11,2.68849232074402e-12
19,2176403,G,A,0.0134442796029564,2.37125786218321e-36,3.21454965376064e-16
01,149906413,T,C,0.0134274588018385,2.6408284020799e-36,3.80424268004783e-16
12,116196322,A,G,-0.016653471752669,1.78981986102438e-23,6.5045985106869e-16
11,30443688,T,C,0.0142009970795534,2.17385315795945e-28,7.77026579998097e-16
05,139059017,C,A,0.0135272289274653,1.35245386824638e-32,8.16921707774644e-16
03,128966302,C,T,0.0209988029123829,4.33006913619194e-14,1.02331303799234e-15
03,128992047,A,G,-0.0125068817393377,1.52722326595844e-15,4.70582721704989e-14
06,26207175,C,A,-0.0204558125937143,7.47275767433674e-48,1.20350830329024e-28
04,45182527,A,G,0.013078729229077,2.59964084006997e-37,1.47618031476047e-15
07,46642308,T,C,0.012215012873581,8.43777333657178e-32,1.50246163510221e-15
07,46557704,G,A,-0.0152278856154315,1.8148513037681e-13,2.96752158866097e-13
15,89394600,T,C,-0.040719418111051,1.81567765999653e-18,1.54266086362773e-15
15,89386652,G,A,-0.0137183907785315,1.35029419748946e-15,3.42463277879998e-09
07,73017657,C,T,0.0160762800927017,1.72641830654429e-22,2.28215390468434e-15
07,127015083,G,A,0.0466412185776243,6.815680169574e-16,2.75228851939823e-15
07,93234412,T,TTAC,0.012779470637507,3.17880877200631e-36,4.89063110398963e-15
18,56876563,A,G,-0.0169943735260911,2.34157078086296e-20,5.38340915122113e-15
11,2165576,G,A,-0.0158320069862578,6.4667547881331e-17,6.25056821945647e-15
11,2077271,C,T,-0.0133376200991036,9.76303140396563e-13,7.15849193614108e-12
11,2665357,A,G,-0.0165915115269563,3.28361072079015e-10,1.74260798993442e-09
12,991306,G,A,0.015386293064212,6.05313665399831e-22,8.12523697539763e-15
01,205677148,G,A,0.0127734100627083,5.31179724454738e-33,9.15997201652771e-15
10,104749244,T,TA,0.0236507667421525,6.46946495256218e-17,9.82382723130232e-15
10,79572587,T,C,-0.0467490138213764,2.92682589248789e-15,9.86386020838233e-15
01,176787749,C,CT,-0.0126280779186199,1.27996357504175e-36,1.0273471646514e-14
12,120867798,A,G,-0.0321170987106437,1.11084833472114e-15,1.34731835424091e-14
02,24035507,T,C,-0.013638035894124,1.5016514478011e-25,1.56805188574898e-14
14,23779877,C,A,0.0168104391852113,1.57200263756963e-19,1.73378358571819e-14
01,214609127,T,G,-0.0126856671597653,2.28395333249353e-31,1.82797712876595e-14
08,116631278,T,C,-0.0152305089864771,2.81358395717547e-21,2.10335086589786e-14
08,13372120,G,A,-0.025754147529626,2.92186383750062e-16,2.17927795014633e-14
01,218609702,A,G,0.0137197634995311,9.61744499351512e-25,2.34606009295681e-14
16,783865,T,C,0.0146602425737175,5.19968985588219e-22,2.50233411597763e-14
19,10748073,G,C,0.0130695468374749,2.52417394622858e-27,2.81007900482593e-14
05,67596088,G,A,-0.0123251356709453,7.89828065355977e-36,3.11377329697618e-14
01,56592414,G,A,0.014725636131907,1.35906019313951e-21,3.27734033844548e-14
01,201806106,T,C,0.0130467681577058,9.98944174454967e-28,4.31678349757508e-14
05,168256240,G,A,-0.0150794545528132,1.12605290211774e-20,4.57895449825262e-14
09,99106848,TA,T,0.0152842037832309,3.20788696110571e-20,5.90433308293488e-14
17,46989416,A,ATTT,0.0158698355995511,1.08112203365351e-19,6.76741444754038e-14
12,123759417,GAA,G,0.014591072851086,1.9279507053491e-14,7.00401224745946e-14
12,123329101,A,G,-0.014533570907819,5.56597080522035e-13,1.10461726076036e-13
05,87795525,G,A,-0.0153066678823798,3.24264961141564e-21,7.53075070209141e-14
05,87949118,T,G,0.0176436534612074,2.9079046309275e-12,6.09623222024238e-10
05,137618925,G,C,0.0148082579511634,2.25431263985393e-20,8.28431714189213e-14
02,69378070,G,C,0.0174172615022721,3.61492926555561e-18,9.29180628620244e-14
11,2813322,C,T,-0.0453573201049094,3.66147695700751e-14,9.66988996072724e-14
11,2696744,A,G,-0.0127335232146114,6.48823517452302e-14,7.27445122015657e-10
11,69509343,G,A,-0.0122265901771396,6.63624937389705e-15,1.06412083760932e-13
11,69283141,G,A,-0.0106351341647357,7.75704247132064e-14,4.32829239995494e-12
11,69938920,A,G,0.010320694489357,1.47975674452924e-13,5.36446662002218e-10
17,43223292,G,A,-0.0128914332621105,7.13858535373143e-25,1.53030852657384e-13
06,80959985,TC,T,-0.0119805628648177,3.37033098220721e-36,1.63329298125567e-13
07,139749346,G,A,0.0153671658843017,7.59639943686165e-19,1.94325074824699e-13
21,39673981,T,C,0.0120191678809748,2.46526508556987e-31,2.05183856425435e-13
06,34552736,G,A,0.0337115973800857,3.8986528596854e-58,1.3721991746005e-54
06,34163292,G,A,0.0515517498568214,6.09358257527233e-14,5.15929915205548e-11
06,140623538,C,T,-0.0138436082984903,5.05099163625699e-21,2.31537857399603e-13
06,126090277,C,T,-0.0118561162380361,2.50454466227802e-34,2.69409892178651e-13
12,56364321,A,G,-0.0124904177735068,2.37565294300667e-25,2.75584275623386e-13
01,50977279,G,A,0.0164383085397417,1.51404172568139e-17,2.84515039767922e-13
13,54107352,G,A,0.0177621469794389,8.57679378146295e-17,3.27272601339428e-13
04,88557753,G,A,0.0118794154630504,5.99047821006245e-35,3.2730665508556e-13
01,33776441,A,C,-0.0127135966906591,5.42219958078557e-24,3.43482205399243e-13
15,41970964,C,CA,0.0185868161830398,5.34992560563557e-17,3.48717247519989e-13
10,27914001,A,G,0.0119858450600029,8.69552320553541e-30,3.68582079467092e-13
X,31854782,G,C,0.0103174498839024,1.10503236688924e-21,3.93796874893304e-13
01,110154688,T,C,0.0373227125982128,8.2960803132358e-14,4.59031703961415e-13
12,3338920,GCACAGCTGGGGCTGA,G,0.013025456780239,7.49457601823168e-13,4.86473553931897e-13
12,3393100,C,T,0.0232102676700559,3.63529452865742e-12,1.53947334868095e-12
12,3295708,TTGTTTGTGTG,T,0.0108485056249352,1.14491225281513e-13,3.07836316669008e-09
03,41308348,T,C,0.0117875939293734,6.34009023995745e-34,5.03874435171515e-13
05,172779211,T,C,0.0131813324736839,4.22166031326892e-22,5.18250511142917e-13
09,103061366,A,G,0.0125310948272331,1.24994179294602e-23,5.5039713854327e-13
12,103067437,T,A,0.0119206329341808,3.26543222215503e-29,6.3666083953361e-13
15,62274940,G,C,-0.0116811263929467,6.71669550497579e-32,6.76125102449186e-13
17,68153968,T,A,-0.0178467662755956,4.67775252474022e-16,7.19170813900648e-13
17,39261560,A,T,0.0125660292961481,6.94750295848059e-23,9.25826601430118e-13
05,80959505,C,CA,-0.0123649091657654,2.88559501974977e-24,1.0270119348674e-12
X,53628625,AT,A,-0.0100142115895824,5.29620874785432e-28,1.0502601005909e-12
12,97792368,TG,T,0.0116170461767919,5.31262885913999e-33,1.07314233737436e-12
16,88804924,T,TC,-0.0124161388454408,1.38496638453498e-23,1.09775785473564e-12
20,34769811,A,G,0.0172399940895182,5.83332458855406e-26,1.20088581942824e-24
20,35529001,C,T,-0.017216246618995,1.31636250443412e-15,4.04860380554027e-10
20,34767240,C,G,0.024842247076062,1.29997784962592e-13,1.22070340269735e-16
X,45634577,C,A,-0.0103061510241257,2.05605214498368e-20,1.24948137632588e-12
04,122713863,A,C,0.011794851071686,1.84965024052904e-27,1.29730272546841e-12
07,121955981,G,T,0.0117954106972881,3.79753197960113e-26,1.40605034715618e-12
09,28410683,T,C,0.01230860342196,7.10695421149703e-24,1.55603008669658e-12
02,112249583,G,A,0.0139891196062206,1.7220008324374e-14,1.75144830910177e-12
02,111874551,G,A,0.0103459502141214,1.56069537203656e-21,2.73274034377761e-10
04,123828042,G,T,0.0140383646929611,2.85708699779269e-18,1.79254942926773e-12
08,129215220,G,C,0.0129043468001222,1.97074115850271e-20,1.88293350577336e-12
02,59291172,G,T,0.0121165619612286,1.01515615608122e-14,2.13204139916819e-12
02,58935282,G,T,0.00986451635061209,3.24529434458924e-16,3.06172680106869e-10
19,46182304,T,A,-0.0143672073417838,1.36161913949824e-17,2.4019289311094e-12
16,15147788,A,C,-0.0122514991767837,6.77098060657762e-22,2.78147352736925e-12
15,67007813,A,G,0.0131036096310488,6.946515044381e-21,3.19993081828252e-12
15,67457698,A,G,0.0221034790469199,2.90824684148807e-11,5.71359150874747e-10
19,19717056,A,G,-0.022446151982625,5.70392636502028e-14,3.58779839997876e-12
14,24835773,G,GA,0.0123312464642536,3.74080690501949e-21,3.96490361639029e-12
10,25178864,G,A,0.0153529984963001,1.19707222296025e-16,4.09964398742637e-12
03,25118637,C,A,-0.0114100836621471,6.41683511487463e-27,4.28990872743725e-12
06,40369081,C,T,0.0119178049511107,5.48389678776063e-23,4.76647032860167e-12
X,117865540,CA,C,0.0116926790459382,1.45118735412777e-16,5.17382934345853e-12
03,85142871,G,A,-0.0116369441754651,6.22534518087107e-24,5.20089799849084e-12
18,46516424,C,G,0.011805515665747,8.44000449772288e-23,5.25304723632346e-12
03,52835514,G,A,0.0173744748101535,1.04396464800734e-14,5.90718565521836e-12
15,38502321,G,GCA,-0.0114474258533238,2.38526218785523e-27,6.20357936669403e-12
09,35753898,G,A,0.0129693960691839,1.26219381655036e-18,6.46057717836499e-12
01,172155522,G,GT,0.0120048653063613,1.12637032159018e-21,7.07713564402486e-12
12,110044918,G,T,0.0138868276944848,4.14243135827126e-17,7.47929815908485e-12
17,59497277,G,A,0.0117436421605359,5.2697436857937e-22,7.8951314645585e-12
04,82165790,T,C,0.01206411899483,4.5106092266908e-21,8.07578446865288e-12
04,1012300,T,C,-0.0260054717841296,6.83946626883516e-13,8.10173052665756e-12
08,130721793,AATAG,A,-0.0139020693403978,3.58008945208956e-17,9.55035372428796e-12
14,35864990,T,C,0.0124009346628053,1.30154590739982e-19,9.90756782373347e-12
05,32831670,C,T,0.0112131054498523,1.69383255276885e-25,1.09218223635901e-11
01,22475425,T,G,0.0111777870088894,7.33850920189289e-27,1.21391126973864e-11
02,242502956,T,C,0.0111930308704151,7.65409577511231e-26,1.57573611395316e-11
19,3438636,C,T,0.0117273636066602,5.13908889427164e-21,1.61985735284426e-11
08,57170647,A,G,-0.0258152149137129,7.23623840661052e-28,1.64401014580688e-33
08,57187356,C,T,0.0192479733652548,1.08516411017418e-20,1.77487915478534e-24
08,57665019,T,G,-0.0105628650674835,3.5102855065149e-13,1.6453251081749e-11
08,120456193,A,T,-0.0124203210320977,3.96131076630557e-18,1.71393809125093e-11
08,120596023,G,A,-0.0209119455122947,1.08259796625351e-09,3.38226136244595e-09
10,81136129,A,C,0.0109175698311607,3.14261018586337e-31,1.81061564615176e-11
10,124131176,A,G,-0.0110076204908907,1.49092226963067e-25,2.05301769008551e-11
17,71124903,G,A,-0.01113311666849,1.47138511008123e-23,2.07258418620702e-11
07,28174957,G,A,0.0120186475820047,1.79948408507917e-19,2.16531949938034e-11
14,21542766,A,G,-0.0146565938728977,4.15284082995984e-14,2.27857616871945e-11
14,21976052,C,G,0.0115433310043806,7.87958141415546e-13,4.61484073912089e-09
10,120434096,T,G,0.010845424448213,1.71653988078732e-28,2.36697326992512e-11
05,134372685,T,C,-0.0124923624738449,4.81084469960138e-18,2.6465488177891e-11
06,81829439,GTTGT,G,-0.0117384556593291,1.07767357203179e-22,2.86009407821356e-11
11,14413213,G,A,0.0236782258061813,1.39516139118985e-12,3.03154214345609e-11
02,71533300,C,T,0.0109157028658987,5.62110112531113e-26,3.03972459192552e-11
13,96982541,T,G,0.0109054746895365,1.07269622713316e-24,3.3495448367654e-11
07,50661735,G,T,0.0115246112912756,4.85435720602401e-21,3.60523808428141e-11
03,85171302,T,C,-0.0115121218844925,1.94068510176501e-23,8.70095290185062e-12
18,35129076,A,C,-0.0124542129881926,1.47008268547915e-17,3.9753128670453e-11
02,9770589,G,GCGGGGC,0.0129500116352227,8.71293028893243e-19,3.97832760909155e-11
X,85574990,T,A,-0.00899018323521149,1.02932673323918e-20,4.42113062715497e-11
01,39562627,C,T,0.0131280151537776,2.40565117563024e-16,4.50768309285609e-11
06,105390567,T,C,0.0114615078971345,2.66502603006964e-20,4.82776214107276e-11
17,76766437,G,GA,0.0107038043892183,4.36349395186963e-28,4.91939544803226e-11
14,91517973,A,AG,-0.011736986781524,6.44583738109511e-19,4.95987056672171e-11
12,53831064,C,T,-0.017134603438665,1.99617714078045e-13,5.01574617456357e-11
17,36925750,A,G,-0.0108121687156462,3.0650000947451e-26,5.01690918025054e-11
03,62711674,G,C,0.0114752093990857,7.64794951374167e-20,5.18657171640589e-11
06,45090977,C,T,0.010927008623649,1.30898361973637e-22,5.57666693702257e-11
12,102376639,A,AG,-0.0106731629939271,1.53275685405052e-17,5.60304283355612e-11
12,102324872,T,C,-0.00941760259109993,1.44000670602706e-13,6.86167056501655e-09
20,54398541,AT,A,-0.0135796840018911,1.7819378438022e-15,5.61987126625242e-11
12,115106688,C,A,0.0121892152597813,2.05959340244516e-17,6.35136363480486e-11
11,120190141,T,C,-0.0158036669638602,5.94044616447615e-14,6.85380790678356e-11
12,77457439,A,G,-0.0113583680406116,9.34780303070038e-20,6.98470474796512e-11
09,129464856,A,G,0.0106860551714771,1.33106033821444e-25,6.99868548738483e-11
09,94186973,C,A,-0.0118338449816834,4.94880469599917e-18,7.43971898635583e-11
06,36210480,T,TC,0.030149323153039,3.26006458837426e-13,7.60410087663531e-11
06,36311463,T,C,0.010478283058883,5.73273689348838e-23,9.19837954637008e-09
17,29230520,GGT,G,-0.0203610696282571,4.05666011815075e-49,5.5992020167956e-29
17,65967562,G,A,0.0114638923555555,8.69371073262986e-19,8.98560130145937e-11
11,10126097,TG,T,-0.0104935528151477,8.25281796285322e-29,9.05408982111478e-11
17,1835482,C,T,-0.0145415841563967,2.78210147919146e-14,9.29906963199205e-11
13,30177474,TC,T,0.0118900512321936,1.0849159747166e-17,9.53359904793932e-11
06,2101285,A,AT,0.0125134296245509,1.49738551442196e-16,9.58944946824618e-11
08,10519285,T,C,0.010566657948316,5.87604783185478e-25,1.01340081935281e-10
07,71585126,C,G,-0.0111219178562089,1.60967753650564e-20,1.0858206246946e-10
12,12871099,T,G,-0.0123378068151572,3.15163291959032e-16,1.09370083162356e-10
06,34183057,A,G,0.0795301105395732,-99,1.3363378676499e-35
