chrom,pos,major,minor,beta,p_value,gwas_p_value
18,57829135,T,C,0.0425870885449807,1.13025351202646e-174,2.27138940433978e-109
20,34025756,A,G,0.0355721998925185,2.48396141694246e-237,1.32075219972194e-102
16,53806453,A,G,0.0342782459304438,2.91228909879839e-221,3.12914229462843e-95
12,4384844,T,G,0.10843850772789,1.8615900236229e-71,7.20063925108365e-68
13,51099616,C,T,-0.0327749279489379,1.443918306302e-96,1.79000729760424e-67
13,50655989,G,T,0.0736177942768157,3.06703538964446e-35,6.33190590191517e-39
03,141105570,A,G,0.0266008307638913,5.30320998654044e-153,1.56569564190461e-59
02,417167,T,C,-0.0628858713114366,8.7195522324624e-67,3.8996408711912e-59
02,632536,G,A,-0.0324238480369783,1.82731283311117e-70,4.12095987670113e-48
12,66361453,A,G,-0.0255319463430454,2.06782004858246e-159,4.7853591292137e-55
06,34589632,C,T,0.0333447830528064,2.45265532350445e-56,7.65422919321803e-55
01,177889480,A,G,0.0290548049112138,8.14682583561597e-72,1.81454704590329e-47
07,92253972,G,A,0.0250625307304911,9.49517068854592e-91,3.17842902445745e-47
05,127357526,C,T,0.0271154021326594,1.10853008369256e-76,1.01941639505147e-46
08,57112046,G,A,-0.0341666978668814,8.42300212225162e-52,6.40062794686175e-46
08,57136197,T,C,0.0174390547352529,3.52387761840857e-28,2.42083203964242e-22
01,78444764,C,CGGCCG,0.0354979428588839,1.03433811206671e-59,9.34275185962563e-46
06,31272261,T,C,0.0188972522712288,9.98022509700071e-31,2.92701683667136e-43
06,31610479,C,T,0.0172129670350431,5.09882646795399e-16,1.08784027751277e-35
06,126704795,C,T,0.0223428440001186,2.13204507278639e-105,2.9088735870197e-42
01,154989823,T,TGGGGGCAGTAGAGGGGGCAGTAGA,0.0248455938274881,3.72941436053722e-69,1.16952213014562e-40
06,130384187,T,C,0.023067844204537,5.25248223200033e-73,2.18981509274731e-39
13,51064533,CCT,C,-0.0283274936763939,1.9652644425655e-72,1.25873158967174e-58
13,50565104,ACT,A,0.0695624037610263,1.15748886904012e-32,2.36268457460311e-39
13,50468730,C,T,-0.0139887963897983,1.01381504763196e-14,7.77754213984631e-17
07,2859847,G,A,-0.0228622999477803,9.76532919884083e-70,3.87406504429834e-38
07,150668070,T,C,-0.0200698252557427,6.84023083221254e-58,1.30923528645155e-36
07,150554553,C,T,-0.0195218123916751,3.87980753124784e-11,5.48143461909876e-16
17,29206421,G,T,-0.0252437117401265,9.49310238111373e-60,1.33476537757852e-36
09,119124535,T,TAA,-0.0251127535055513,2.3877220525369e-52,3.49120407723802e-35
04,17875735,TCTC,T,0.0182876524106721,4.3307426200958e-37,1.38722109207771e-34
04,17932319,C,T,-0.021877024725379,1.71645033041516e-28,1.43070407554894e-33
16,29994922,C,T,0.0199426950931428,3.40427798861827e-96,3.71932227928596e-34
17,62017421,G,A,-0.0259023963143996,1.57469765504779e-105,7.72204531965135e-34
17,61996273,T,C,-0.03317569055353,1.38136973217316e-42,6.58768132330546e-17
X,78655777,G,C,-0.0169220900305445,3.53599981055209e-59,1.01256314417466e-33
02,27730940,C,T,-0.0199666662151952,4.11939637327027e-74,6.29072147104076e-33
14,61072875,C,T,0.0198108777377391,1.82160651006857e-71,1.50512772168642e-32
04,145568352,C,T,-0.0199942350369308,6.08147363142064e-26,1.13417427052484e-31
05,122699198,C,CTA,-0.0189505456004819,6.37881650603562e-82,3.00959134251322e-31
02,172416533,C,CTTT,-0.0215986842556487,7.20505596558264e-50,1.5729886341723e-30
05,75003678,T,C,-0.0188608302019237,4.13989317499313e-66,9.3033432679668e-30
02,218278503,C,CTGTT,-0.019423574148106,1.04718097077728e-42,1.71165858433703e-29
02,218146818,T,G,-0.0151305011811522,1.26393199414159e-20,6.6787919425718e-17
06,41909521,C,CCG,0.0366606952016579,6.4652187841054e-32,3.49932696546938e-29
06,41903798,C,A,-0.0715507306569674,5.04328362353036e-24,4.80611380046637e-25
20,32287917,C,T,-0.0186246107842088,5.68055992445612e-35,1.70790302064215e-28
20,32542814,A,G,0.0119607374869362,5.44116974346944e-20,7.19949348529342e-17
06,26180634,G,C,-0.0205581686565717,6.39118377178554e-47,2.74205959852787e-28
12,50261809,C,T,0.018569594674039,1.84815172736517e-60,5.16178672922993e-28
18,20711927,A,C,0.0124775976871152,8.77796028354641e-35,3.55716337444168e-27
18,20737641,T,TTAA,-0.0144082994484601,1.23760227449051e-18,1.12111278298106e-26
08,135578636,CAAAAAAAAAAAAA,C,0.0145934407536235,2.39029802603353e-36,1.30522739172602e-26
08,135649848,G,A,-0.0162575709467816,7.06308162800677e-23,4.53453366681785e-21
08,135843916,C,G,-0.0114048231686258,2.77780820998555e-13,2.21991942984736e-11
16,4015729,T,C,-0.0178306173906067,1.14499121658182e-57,1.75657019454273e-26
17,7571752,T,G,0.0811354788858264,4.19682711262441e-28,4.97522537198745e-26
17,7366619,T,C,0.0171311489534252,2.99580395497137e-16,2.58925915161956e-11
12,93990553,A,G,0.0203367396031532,1.18486577014137e-35,1.65399559231897e-25
12,94136009,C,G,0.0134959491454407,6.39123479688477e-35,4.94358865252759e-14
06,50788778,A,C,0.0217529716261284,8.02132219247142e-35,1.45956522186432e-24
12,124820705,G,A,0.0225558826808306,1.74777347122083e-33,1.58040609561139e-24
04,106215108,TC,T,-0.0169517479026701,6.96786476488665e-56,2.63062890333037e-24
03,185490184,A,G,0.0251192466038698,4.20269815426987e-26,3.27393632687066e-24
03,185828465,T,C,-0.0163536568972579,2.77296600578392e-20,3.0311673816945e-17
06,142716286,G,T,-0.018272621021956,3.18126767242826e-42,3.69680281998495e-24
11,27728102,G,A,0.0166335909021817,3.93872050311271e-33,1.64423004227863e-23
11,27650524,G,A,-0.011445531707536,1.05507925308414e-13,2.24718003291468e-12
08,126506694,G,A,0.0168515907784025,1.32599958798478e-52,2.4565039942715e-23
19,47569003,A,G,-0.0173078747070246,3.65415976787056e-44,2.55739121081359e-23
09,98217348,A,G,0.0235869391855732,3.93449984406447e-23,4.18827368778261e-23
09,98316094,G,A,-0.0231148281037753,2.87100605446592e-17,3.33881505599749e-17
09,98268477,G,T,-0.0505245849352628,1.33938664974481e-10,1.16745739992756e-10
06,108876002,A,G,-0.0166509453862635,1.75831872315785e-48,5.00465333400567e-23
06,152168974,T,G,0.0161642610550552,3.36472654151605e-59,8.3778042276458e-23
16,28632021,G,T,0.0163101798086321,1.0821193270296e-51,9.72826751159008e-23
20,33430974,C,CA,0.0143817999213648,2.30420161716911e-36,4.34644537433641e-27
20,33326680,T,C,0.0260586115372132,1.11399990999135e-12,1.0214433008371e-22
10,96038686,G,A,0.0158075057223231,5.81886918556144e-53,5.17749001593173e-22
08,78099782,G,T,0.0168985593529564,3.21885648493662e-35,7.09750768835462e-22
08,77761919,C,T,-0.0246485214900809,3.85044435310813e-12,2.26808885723174e-12
10,102657908,T,C,-0.0162665999566189,1.16017392315826e-47,7.7573701955802e-22
10,102317555,C,CA,-0.0148861065754626,2.26288918207089e-16,4.00045742765458e-12
06,29355148,A,C,-0.017228481675368,1.79048690220269e-39,1.20167278393691e-21
11,66913469,G,GT,-0.0260663991201909,1.02401306099327e-26,1.49577750751609e-21
01,41544279,T,G,0.0164062219365355,9.65507068849278e-42,2.05256258168328e-21
12,46752872,C,CA,-0.0157902989490852,9.87118918945196e-51,3.96710989120376e-21
02,56106928,C,T,-0.0183846433508658,1.53364405117326e-32,5.09796169016263e-21
06,19839415,C,T,0.0343890283376365,5.33929932473589e-23,6.88136482231527e-21
05,36796830,A,G,-0.0153332378478127,1.93985267163963e-51,1.06405023843226e-20
15,99194896,C,G,-0.0257740860645683,2.74172869221874e-28,1.66266110890454e-20
15,99395834,C,G,-0.018151734533592,2.71502334429006e-21,1.04493951268445e-09
15,99214192,TTGGAA,T,-0.0220225801034052,1.84341995737812e-15,6.91452535903169e-12
16,2160503,T,G,-0.0201714039740014,1.02410816900468e-24,1.84620310172553e-20
16,2266173,T,C,0.0144760535767823,6.57437079225766e-24,7.87490724646464e-16
11,68388220,G,A,-0.0200965511800745,6.61684031518017e-28,2.97782135781754e-20
12,123101673,C,G,-0.015542393618095,1.19615709695052e-22,3.72348109638918e-20
12,122630285,G,A,0.0130699313768021,7.11658394018242e-32,2.57078853394471e-18
05,170864021,G,T,-0.018633005092061,2.15191534894872e-23,5.63118023536308e-20
05,171336723,G,A,0.0104392237253709,2.74814161919992e-21,2.32872725789418e-10
04,145762728,G,A,-0.019415593761888,3.69792310618014e-19,1.43201973802125e-27
13,78474468,C,A,-0.0174722351909109,7.75355439724345e-31,1.06163590622871e-19
05,42734622,C,A,0.0159832555105407,8.95031734611992e-36,1.13559393039793e-19
19,30272202,G,A,0.0157708165322012,7.87966097981537e-38,1.17594159177536e-19
06,160767905,T,G,0.0147476590973941,4.3005624994704e-52,1.32997549317602e-19
22,42070374,A,C,-0.0250827842060338,1.34121314982428e-23,1.33224476986294e-19
06,109781301,T,TCA,-0.0149416563075824,1.68320797036259e-44,2.0113049372431e-19
02,223960207,C,T,-0.0163887528392969,2.18027780860559e-33,2.07914215474282e-19
14,25944152,A,G,-0.0165047975069895,2.38454359097158e-32,2.45422824143494e-19
17,79093822,A,G,-0.0155368730925348,7.58929513330391e-34,3.18319673228953e-19
17,78757626,A,G,-0.0131382583566779,1.9205228019214e-19,4.8904022056786e-13
02,211540507,C,A,0.0155879713675344,3.39525438228733e-35,4.25536060477028e-19
03,9975386,C,G,-0.0183817754848723,6.21415100762321e-28,1.84694353370603e-18
12,122949673,C,T,-0.0159527693905668,5.04422851956409e-22,4.26736190268432e-20
12,122583781,A,G,0.0116935969387393,1.26091635562043e-20,2.99876976613688e-17
12,122357049,AT,A,0.0137271471369908,2.53384176470192e-11,2.21772532616137e-12
01,11205058,T,C,0.0158121415591954,3.47248445005065e-23,4.51975805909606e-18
01,10833232,G,C,0.0113264216478362,2.36458262455024e-14,6.08693758516606e-11
03,184020542,G,T,-0.0190715049112378,2.72470668203202e-24,5.70412886384071e-18
X,78792528,G,A,-0.0156320468771737,6.31570381100296e-55,6.346018411887e-30
01,155155608,A,G,-0.0133800714605039,1.00161313161556e-39,3.05491736488963e-19
01,155306195,T,C,0.0308262186414953,3.85398536544658e-10,9.55593468704307e-13
06,7702659,G,C,0.0139180410261239,1.33731129728561e-48,1.96189971838131e-17
07,46642308,T,C,0.0130600428147603,7.40590828574466e-36,2.03455160567327e-17
07,46557704,G,A,-0.0160988517510517,8.87097579545271e-15,1.52205487986157e-14
20,50927090,A,G,-0.0176283316257327,7.71980953876335e-25,2.0726488869955e-17
05,77401374,TA,T,-0.0159159658229656,2.45608945379251e-27,3.18159225696203e-17
12,111884608,C,T,-0.013699800084218,3.65768386110539e-46,3.28468121587938e-17
03,171969077,G,C,-0.013455010038679,2.73198820464379e-26,3.94069576492631e-17
03,172188000,A,G,-0.0117859247500048,2.54053364429714e-20,1.81855657256023e-13
07,23513093,C,T,-0.0158168879294692,2.81490167382203e-27,4.84007025073957e-17
01,176787749,C,CT,-0.0137214473912169,1.27925838330952e-42,5.52850347855683e-17
03,128966302,C,T,0.0220184984974235,3.06283457871887e-15,5.80467982237735e-17
03,128992047,A,G,-0.0129422729712533,2.00121353603087e-16,6.7419122232975e-15
01,56597724,T,C,0.0161318063100113,7.51598690905475e-26,8.43804865098445e-17
11,30443688,T,C,0.014586128792006,1.19012965773238e-29,1.64079596015512e-16
05,130833946,T,C,-0.0136976429244697,4.58025488766884e-38,1.81800892771237e-16
05,139059017,C,A,0.0138798091645866,5.46791749309008e-34,1.85295374819796e-16
07,93231238,T,TGAGA,0.0134422705060287,2.7207032468252e-39,2.49387482265079e-16
11,43878485,G,A,0.0147956996731889,9.73046236940037e-29,2.58673588673246e-16
05,95728898,C,G,0.0142172639446765,2.88869330198052e-18,2.98232157159016e-16
05,95856501,T,C,0.0103365600562465,9.09715972774267e-16,1.7325955650572e-11
16,4946794,C,A,0.0133684746299183,8.58333176604088e-38,4.3452562009215e-16
16,20050466,C,G,0.0155767135088527,1.81193360184822e-25,5.35968850743003e-16
18,56876563,A,G,-0.0176479502189584,1.11514760888101e-21,6.04738052134704e-16
02,24035507,T,C,-0.0143888166874145,4.65475059002242e-28,6.89179781231429e-16
07,73017657,C,T,0.0164318548869171,2.90679251125601e-23,7.47137718754849e-16
X,137050402,C,CT,-0.0160843225792336,6.58096333383052e-20,8.58737649514884e-16
03,50190346,G,A,0.0132974715926783,3.42470169017365e-37,9.65707835585788e-16
01,205679887,G,T,-0.0131268343861035,6.67732763510814e-39,9.85920339157966e-16
19,2176403,G,A,0.0131190061743046,1.87945823653679e-34,2.05339411700732e-15
15,89394600,T,C,-0.0404156713179111,4.29479200239503e-18,3.3394922620144e-15
15,89386652,G,A,-0.0137960719716057,1.18965323136961e-15,3.01549524546168e-09
11,2165576,G,A,-0.0160767983449368,2.80887933883376e-17,3.42950870378221e-15
11,2077271,C,T,-0.0130191139127353,3.98120300989118e-12,2.31397076718027e-11
11,2665357,A,G,-0.0171825090562461,8.89318785707019e-11,5.41441941073485e-10
07,127015083,G,A,0.0465437563734305,9.93951047954148e-16,3.95185270839183e-15
10,104943048,A,C,0.0275732942943743,5.34956518496535e-17,5.13335720838375e-15
07,76619120,CT,C,0.0183155875015356,3.82598357361056e-20,5.9124330886309e-15
12,991306,G,A,0.0154787914719872,4.8663541162444e-22,7.47103544355399e-15
12,116196316,CAA,C,-0.0160179344440903,7.28906809580138e-22,8.63897118641989e-15
17,43223292,G,A,-0.0135383873984146,4.45879393140478e-27,1.10716056572087e-14
08,116631278,T,C,-0.0154500484802296,1.06159244666567e-21,1.11657879405633e-14
06,26207175,C,A,-0.0197682914605038,1.71664532791491e-44,1.20142779901723e-26
21,39689979,TAAG,T,0.0130492043242319,1.19418688160778e-31,1.17205916268463e-14
16,783865,T,C,0.0148920591488561,1.66025441867365e-22,1.22100189408899e-14
08,13372120,G,A,-0.0261008437385016,1.50475005287942e-16,1.26238547776498e-14
05,67596088,G,A,-0.0125480820485816,8.13691110456187e-37,1.33323246238189e-14
12,56364321,A,G,-0.0131747644175656,7.9593592186228e-28,1.61891789189528e-14
04,45182527,A,G,0.0126353745236917,1.07618285181202e-34,1.64162800189556e-14
11,69303727,T,G,0.0107899596706889,3.64496629698672e-21,1.93202372766258e-14
09,99106848,TA,T,0.0156250518765192,6.41468298673343e-21,2.0143553927356e-14
10,79572587,T,C,-0.0463031626523645,6.68083635453141e-15,2.15408807996404e-14
14,23757428,C,CT,-0.0133102478057593,6.39020552756881e-43,2.34284777381708e-14
15,67007813,A,G,0.0143290832680697,1.72675289325325e-24,2.42455997701677e-14
15,67457698,A,G,0.0207954329500052,4.5255848920783e-10,7.73821266971983e-09
07,139749346,G,A,0.0159711343700837,4.29803008082095e-20,2.66810389065905e-14
12,3338920,GCACAGCTGGGGCTGA,G,0.0142429949884362,1.48474937769252e-17,2.70671755165917e-14
12,3393100,C,T,0.0231217086295781,3.906015122723e-12,2.57550999477875e-13
19,8670147,C,T,-0.034302978877298,2.60420466816904e-15,3.25031059744035e-14
01,33776441,A,C,-0.0133120199253243,5.74452157534005e-26,3.29550394605223e-14
12,123759417,GAA,G,0.0148585887512929,8.02700686245015e-15,3.29585746669435e-14
12,123329101,A,G,-0.0146543186826417,4.36279123478749e-13,7.83803749602109e-14
12,120867798,A,G,-0.0316823669451732,3.36871946315032e-15,3.74404840038666e-14
05,87802144,C,T,-0.0148723175300565,1.40148333398049e-21,4.67162041941601e-14
01,218634787,A,G,0.013750210583881,1.24351669232321e-23,5.32883842167575e-14
01,214609127,T,G,-0.0124754209733928,3.51346188943484e-30,6.03033465147692e-14
19,10748073,G,C,0.0129349410815448,1.29676894695653e-26,6.3727726064752e-14
06,140623538,C,T,-0.014168694863576,8.50933919310646e-22,7.79797046200366e-14
05,168256240,G,A,-0.0149383868031907,3.50637375756627e-20,9.75334436272788e-14
17,68144096,T,C,-0.01853092202793,3.74368932044931e-17,9.87110418201402e-14
12,103067437,T,A,0.0123842369712705,3.53609659762961e-31,1.03455747411055e-13
01,149906413,T,C,0.0122895655769173,1.78622604368015e-30,1.09855545862813e-13
05,137618925,G,C,0.0147261767748278,4.96385546687959e-20,1.39044423701693e-13
04,1341553,A,G,-0.026993312692228,1.76825796836049e-13,1.39122294997824e-13
04,1750487,T,C,0.0109281066557939,6.29204397807357e-20,2.56080084781572e-11
01,50970475,A,G,0.0209529212407992,5.80703687390594e-16,1.46417687894565e-13
02,71559445,G,C,0.0121951982378336,6.95992851240266e-32,1.51782736655429e-13
03,25118637,C,A,-0.0121676204635688,3.57036404398821e-30,1.83598063739101e-13
06,126090608,G,A,-0.011797535292002,1.10274666003213e-29,2.05232667578178e-13
06,126572573,G,A,0.0148017549506449,6.32740727046814e-10,1.77151182459699e-09
15,38502321,G,GCA,-0.0122313741943762,8.99814497140275e-31,2.50265992366911e-13
04,122713863,A,C,0.012199771300346,4.65541228194041e-29,2.54703358006185e-13
04,123828042,G,T,0.0145228237137735,2.59063723977205e-19,3.69146100563009e-13
11,2813322,C,T,-0.0444402072331888,1.44766514443035e-13,3.7530548364141e-13
11,2696744,A,G,-0.0137859093530499,6.08585718533743e-16,3.15672302540996e-11
X,53628625,AT,A,-0.0102390511922272,5.37377617988901e-29,4.04240051004653e-13
16,88804924,T,TC,-0.0126880937224281,2.17029881915945e-24,4.265398029694e-13
20,34769811,A,G,0.0181205756647964,2.51877581679012e-28,1.2871145214168e-26
20,35743138,C,T,-0.0178785281578216,2.9661665736614e-16,2.92826099611191e-11
20,34767240,C,G,0.0244510471821408,3.01422942836598e-13,4.43634543212674e-17
12,97792368,TG,T,0.0118507971025665,4.92193243338506e-34,4.48221486990208e-13
01,201806106,T,C,0.0125563423668899,1.26298769528831e-25,4.95533870641364e-13
15,62274940,G,C,-0.0117716835052385,3.82189269192373e-32,5.17805095456757e-13
06,80959985,TC,T,-0.0117654420650384,9.95266353050332e-35,5.33850421026789e-13
08,129215220,G,C,0.0132645847219142,2.36917328504705e-21,5.48075125911565e-13
02,112249583,G,A,0.0143462002939731,4.62227365042626e-15,5.67959363060048e-13
02,111874551,G,A,0.0103746122001193,1.70007527605559e-21,2.99514322791471e-10
13,54104968,C,T,0.0176639288195787,1.89701749648722e-16,5.76901177242324e-13
03,41308348,T,C,0.0117924108625936,1.02858200710713e-33,5.99029455012069e-13
06,34552736,G,A,0.0337997809617395,5.0961984305493e-58,1.52996754152049e-54
06,34163292,G,A,0.051839519449414,5.46011363512434e-14,4.98541611679691e-11
14,93115410,C,G,0.015001219862667,2.06110318193519e-18,6.6462841777659e-13
04,88557753,G,A,0.0117613754319183,4.71241320436637e-34,6.77683754048838e-13
19,3438636,C,T,0.012495849051299,1.75710281875996e-23,8.56345416288023e-13
17,39261560,A,T,0.0126222249683226,6.44363784160073e-23,8.89290344650651e-13
10,25178864,G,A,0.0158471041410702,1.6117891676514e-17,1.01150686438041e-12
10,27914001,A,G,0.0117992299701419,1.01940676510522e-28,1.03968556842595e-12
11,10126097,TG,T,-0.0115521976050303,2.56224806532871e-34,1.16347329998245e-12
02,69378070,G,C,0.0166325341388322,1.35798645375065e-16,1.35193087347299e-12
15,41970964,C,CA,0.0181029769048993,4.27143685848289e-16,1.67766395452492e-12
X,31854782,G,C,0.0100552169312382,1.55301421286208e-20,1.84544522059482e-12
01,110154688,T,C,0.0364173938196078,3.93968448967865e-13,1.99178634073895e-12
19,19717056,A,G,-0.0227996888949041,2.84508517051515e-14,2.01780651245102e-12
13,27049616,G,A,0.0118809544134447,1.5462685690139e-28,2.74880426079843e-12
17,46989416,A,ATTT,0.0148224410014374,7.17594577676831e-17,2.84980458832531e-12
17,46725779,C,A,-0.024968093630849,1.72330071129768e-09,4.51463279746157e-09
02,59291172,G,T,0.0120800005196246,1.52348928627065e-14,3.08390145070604e-12
02,58935282,G,T,0.00965331638156035,1.7258847130127e-15,8.08280248762605e-10
05,134372685,T,C,-0.0130333492438485,5.19606388222858e-15,3.11397552260544e-12
05,134578641,G,A,-0.0101191802931434,2.89302654184795e-17,7.03248287974648e-10
18,46516424,C,G,0.0119756978476302,2.95755970081411e-23,3.11756747750764e-12
05,32819073,C,T,0.0115594598975091,1.66656267664547e-26,3.25425536882048e-12
08,57170647,A,G,-0.0259041624441775,7.40860475393443e-28,9.24005303844719e-34
08,57187356,C,T,0.0198676094387315,8.62090501865765e-22,1.45421063947459e-25
08,57665019,T,G,-0.0110005595058658,4.46007903481483e-14,3.34200166326362e-12
07,28174957,G,A,0.0125451579529534,6.25875688808782e-21,3.44649476584797e-12
17,71126150,C,T,-0.0115877485469549,9.25728274496602e-26,3.58733455521451e-12
05,172779211,T,C,0.0127321139673895,1.37843758450331e-20,3.68715233870933e-12
02,9770589,G,GCGGGGC,0.013658389615382,1.40132952545396e-20,3.86104245071594e-12
03,85142871,G,A,-0.0117261195943814,4.13340478591517e-24,4.28528559473628e-12
X,117865540,CA,C,0.0117897519897863,1.05616926071135e-16,4.3050538448877e-12
14,24804088,A,T,0.0128325336543853,1.64910084089385e-19,4.53923587948299e-12
10,81103862,T,C,-0.0113219444801203,3.73173888401358e-32,5.01741627133244e-12
12,110044918,G,T,0.0140266934198272,2.62612401484207e-17,5.44000796692074e-12
12,115106688,C,A,0.0128848403510438,3.82301887790624e-19,5.86835214155344e-12
X,45634577,C,A,-0.0100242116367455,2.8889886568109e-19,5.97767886292752e-12
10,124131176,A,G,-0.0113234500323858,9.26393323799935e-27,6.34325607442897e-12
03,52835514,G,A,0.0173580928694654,1.3792852911469e-14,7.37489094487711e-12
01,22475425,T,G,0.0113364734750067,2.15982003704344e-27,7.375950525116e-12
01,190278319,T,TA,0.0112733928565076,3.94619827940993e-28,7.44189004343334e-12
05,80959505,C,CA,-0.0119150073016626,1.71057205568902e-22,7.79604623477181e-12
07,121955981,G,T,0.0114263481294925,1.81239060719922e-24,8.10774157633256e-12
04,82184234,A,G,0.0120458325408189,2.4740498879668e-21,8.30787460490192e-12
17,29230520,GGT,G,-0.020890632756951,3.02187722680598e-51,3.30776445815246e-30
13,30177474,TC,T,0.0125542780547675,2.06211996468264e-19,9.93796633530162e-12
02,183238919,T,C,-0.0116559482724196,1.37372766529557e-22,1.00229208045968e-11
14,36220876,A,G,0.0125933281205709,3.02665871482694e-19,1.08697330102984e-11
06,81829439,GTTGT,G,-0.0120342043183443,1.31771756832657e-23,1.11893683328057e-11
06,45090977,C,T,0.0113092418721719,6.12156191942514e-24,1.38859955717311e-11
19,46182304,T,A,-0.0139098309178543,1.77931950550617e-16,1.40743351088181e-11
08,10519285,T,C,0.0110710300704319,4.76847647034794e-27,1.49299909685332e-11
17,36925750,A,G,-0.0111202949989069,1.80106188007144e-27,1.68858850467776e-11
06,36210480,T,TC,0.0311950539482445,5.97323921270725e-14,1.73921324496212e-11
06,36311463,T,C,0.0105394158053851,4.63989276462972e-23,9.53800467022992e-09
16,15147788,A,C,-0.0118250613870008,2.28519447221695e-20,1.80241336569975e-11
09,103061366,A,G,0.0117158201136746,1.02561414772386e-20,1.84041164936495e-11
17,29087285,G,A,-0.0221291832051159,4.62031789009943e-35,6.48986265182325e-22
17,29037339,G,A,-0.0360849111231689,3.74711569671583e-17,8.2986594351468e-13
09,28410683,T,C,0.011760583969717,8.68968962818307e-22,1.91955532493309e-11
18,35129076,A,C,-0.0126675368435846,5.44918507619114e-18,2.18228044678785e-11
X,85577163,C,G,-0.00915188719317084,2.89762279082404e-21,2.30155721499631e-11
22,30342010,TTGTGTG,T,0.010995041455137,1.61162818268379e-28,2.43234676070761e-11
10,4961278,T,C,-0.0159869812069537,1.94660010063932e-14,2.64635835535479e-11
10,18549889,C,T,0.0170774003552872,6.56074399937698e-14,2.69689688577305e-11
08,120456193,A,T,-0.0123290590685911,9.11299325477245e-18,2.77498345111803e-11
08,120596023,G,A,-0.0232533427259294,1.43437974334401e-11,6.01804613468284e-11
12,12871099,T,G,-0.0127556903700847,3.99971431337908e-17,2.98209769415491e-11
19,7193392,G,A,-0.0110446303563402,1.77378244407327e-23,3.51566697923633e-11
02,242502956,T,C,0.0110343057232209,5.47146634790702e-25,3.63036448079345e-11
07,50661735,G,T,0.0115713325841506,4.69474796370063e-21,3.65539292928016e-11
17,59494574,T,C,0.0113945088071166,8.56251672412895e-21,3.6789407742602e-11
14,21542766,A,G,-0.0145281747690315,8.48877461083918e-14,4.07138683514749e-11
14,21976052,C,G,0.0117192624632583,4.30414679802271e-13,3.11948349280477e-09
11,69911825,C,T,-0.0106570557394205,7.15692482959871e-18,4.1696921810692e-11
01,172155522,G,GT,0.0115861971924786,3.67557627435842e-20,4.31937466884833e-11
10,120434096,T,G,0.0107113134303213,1.21967694133561e-27,4.88115052219906e-11
21,46466927,T,C,-0.0107897167989996,1.24545880982241e-28,4.90519966237557e-11
08,130721793,AATAG,A,-0.0134494257849854,4.60815510600456e-16,5.36660295310297e-11
11,14413213,G,A,0.0234704298484224,2.61907343103726e-12,5.62100925410271e-11
14,91517973,A,AG,-0.01166646706575,1.39031063348951e-18,7.58270274059165e-11
18,60845884,T,C,0.0108669089553593,5.34972875028466e-22,8.76589623963432e-11
14,65520246,T,C,-0.0106632502585125,3.18501941029929e-27,9.40703954520901e-11
11,120190141,T,C,-0.0157463690727844,8.99524147817385e-14,9.75720837633958e-11
03,88196211,C,A,-0.0116690242494002,3.72647323188038e-18,1.04390125117679e-10
12,102376639,A,AG,-0.0105539178353036,4.52268710318081e-17,1.06959135676985e-10
12,102324872,T,C,-0.00947322150860619,1.27320424779405e-13,6.35870016429101e-09
07,71585126,C,G,-0.0111744426906373,1.47289523860421e-20,1.0786714608509e-10
15,81009646,C,A,0.0106274749605309,9.12909573204184e-26,1.08468591974291e-10
17,65903006,G,A,0.0114506186243521,1.45946038867081e-18,1.09299175822404e-10
09,35753898,G,A,0.0122240983572805,1.31553498998763e-16,1.1151157466645e-10
10,126629608,A,G,-0.0107779629952528,1.16071261298905e-24,1.18971567596511e-10
20,21111710,G,A,0.0114174854512102,7.69762639887848e-19,1.21255152812824e-10
06,40369081,C,T,0.0111471719516244,3.57973410683808e-20,1.21480727225107e-10
03,85171302,T,C,-0.0116188854964277,1.10564294558454e-23,6.66714294212554e-12
01,39562627,C,T,0.0128447129137226,1.30947593654644e-15,1.35653388307759e-10
16,86417679,CAA,C,-0.0108124533912884,1.89800448100985e-24,1.36804926147756e-10
12,77457439,A,G,-0.0112200373454927,3.47007558784393e-19,1.3808192341812e-10
06,51796751,G,A,0.0110782045643692,1.07051089624373e-19,1.40370488173493e-10
04,184244060,ATC,A,-0.0213931003848731,6.82589352435552e-12,1.41388501370712e-10
01,86823503,A,G,0.0152538600651254,2.03803762183611e-13,1.42750573501751e-10
02,233585299,G,T,-0.0109984502197609,3.53813952271762e-18,1.43200580564747e-10
02,233131825,A,G,-0.0143985937880345,1.34592864012035e-10,1.87757148892301e-09
07,6399723,GATTATTATT,G,0.0157292942382048,3.43272939270696e-13,1.5664406808983e-10
17,17409560,T,C,-0.0122874316378,9.87347878722599e-17,1.61510383335844e-10
09,94186973,C,A,-0.0116515137639381,2.06528354848082e-17,1.65405759950445e-10
12,53831064,C,T,-0.01672423814561,8.89042290726197e-13,1.65706076717459e-10
19,4954455,G,A,-0.0130699574157416,5.00294110814287e-15,1.75059830134703e-10
09,109565934,T,C,0.0115511855291836,4.30674016172967e-18,1.85273077875154e-10
15,86276000,C,T,0.0103776158265908,5.97395118790792e-26,1.88313114366228e-10
17,69307999,C,T,-0.0109018594043194,3.13140532445144e-20,1.97993399909746e-10
20,54398541,AT,A,-0.0133529529528344,1.0020939155625e-12,1.98924441168428e-10
20,54884793,T,G,0.0104581254501924,3.49463559810644e-14,6.32726275679816e-09
05,176586898,T,A,0.0110025597517818,1.89742358125814e-21,2.00022932875663e-10
06,100602753,G,A,0.0120885069671983,4.11012617043715e-16,2.10561644137805e-10
18,74970687,A,ATGG,-0.0279046233553201,3.66735919128706e-11,2.28810391467357e-10
06,105358192,G,A,0.0107586632421324,5.37293707256688e-21,2.48096069871226e-10
13,96983940,C,T,0.0104425408477649,1.26232658056359e-22,2.51396065054344e-10
10,64502169,G,C,0.0104979001505237,8.54621142137366e-22,2.62495396597556e-10
14,103859143,C,CT,0.0110431406257182,1.77235868451463e-20,2.74230837033957e-10
20,6710434,T,G,-0.0110754074153811,2.98845456349145e-19,2.81294704135203e-10
11,65608274,C,CA,-0.0105011679843301,5.61605304013059e-28,2.84826383618982e-10
01,21584941,C,T,-0.0104515588929735,6.68262013417946e-22,2.89411250156603e-10
12,69828534,C,T,0.0108025438604893,1.52121557791469e-19,3.02600696661852e-10
08,65002075,C,G,0.0102466023414324,3.70000082446752e-27,3.39684801550689e-10
12,28644895,G,GGT,-0.0110707404445442,3.12483535065536e-18,3.50378799980485e-10
01,2038662,A,G,0.0105029046620534,6.34070881467324e-14,3.57016188416065e-10
01,1665702,T,C,0.0102489536888665,1.9342480863034e-14,2.79197934428957e-09
22,40611012,G,A,-0.0109734600671984,1.09249230120863e-18,3.57550525117365e-10
02,198656007,CT,C,0.0106800801152911,1.12448492298261e-19,3.58493709850761e-10
10,70208723,C,T,-0.0119830945237826,3.60102301037494e-17,3.5897048691529e-10
03,62713263,T,G,0.0110345850800995,3.55926086738529e-18,3.62419250857106e-10
16,81663793,G,A,0.010338765165668,1.95966320563828e-22,3.73208253911479e-10
05,112229169,C,T,-0.0103843056017901,9.430253546796e-24,3.74656135660272e-10
17,76746325,A,G,0.0102077866543447,9.33996105038066e-26,4.05703131019491e-10
01,212190116,C,A,-0.0103081704713824,4.53961280455281e-22,4.13314050858738e-10
17,1835482,C,T,-0.0140575526783467,2.33982348544811e-13,4.43203010529256e-10
14,70348141,C,CATAT,-0.0104035733064399,4.54741702717746e-15,4.45599281925385e-10
14,70467947,G,A,0.00949288439509124,1.0040179517364e-13,4.45599223285262e-09
08,38116737,C,CT,-0.0119518314671227,1.62908656943386e-15,4.5133431108945e-10
06,34183057,A,G,0.0803507749533906,-99,5.60397873559477e-36
11,69509343,G,A,-0.0234255299585604,-99,4.44651264667205e-13
04,145839264,G,A,0.0274740609033599,-99,5.35518745420058e-29
