chrom,pos,major,minor,beta,p_value,gwas_p_value
18,57829135,T,C,0.0434125827273623,2.16783959019915e-180,6.57584725154956e-113
16,53806453,A,G,0.0358874995230472,6.55611909142106e-241,1.31132876010797e-103
20,34025756,A,G,0.0346518276931925,5.12844529273438e-224,6.67386574200732e-97
12,4384844,T,G,0.108509008740303,3.86079960062947e-71,1.30497536686744e-67
13,51116901,G,T,-0.0314533682279852,1.13949276295912e-86,1.77604140775511e-61
13,50655989,G,T,0.0749977051424345,2.6212463597466e-36,1.13678279169086e-39
03,141105570,A,G,0.0271206649260566,4.85812413325215e-158,1.92543398508665e-61
02,417167,T,C,-0.06418955602398,4.09688896269256e-69,3.1652894613493e-61
02,632536,G,A,-0.0326877302827047,3.54803310694517e-71,1.43794597269132e-48
06,34589632,C,T,0.0335221868464829,1.35588565312229e-56,4.03191046611224e-55
12,66361453,A,G,-0.0249971438354209,5.22632226471632e-152,1.29618774878777e-52
01,177889480,A,G,0.0289349350892096,7.76312221700244e-71,7.05787908324778e-47
07,92253972,G,A,0.0248719374496831,6.83248020652279e-89,2.83342907449863e-46
01,78444764,C,CGGCCG,0.0352682734788248,1.23913388478019e-58,4.7992560295054e-45
08,57122215,T,C,-0.0327344478923831,2.05616103575218e-50,1.54451813644876e-44
08,57185471,C,A,0.016842045330988,5.97868446878985e-26,3.41343082219206e-21
05,127357526,C,T,0.0258950090672846,1.06685241482841e-69,1.60934635298854e-42
06,31272261,T,C,0.0181529241862665,2.5107568223764e-28,6.92821526710246e-41
06,31610479,C,T,0.0174173757874601,2.80876533828018e-16,3.38639968793329e-35
13,51064533,CCT,C,-0.0273066671499704,6.44872837842071e-79,6.54031408872566e-53
13,50565104,ACT,A,0.0743410119498101,7.02689428791888e-37,1.00278046307516e-40
06,130377843,T,C,0.0179809520386071,5.78702530086242e-43,1.66034924424308e-39
06,130341235,T,C,-0.0138893115691658,9.55817791462037e-22,1.52510496696341e-30
06,126704795,C,T,0.0214074865867055,2.29330418666022e-96,1.01061512065438e-38
07,2859847,G,A,-0.0230571664034455,1.70760092184033e-70,1.55045441952681e-38
01,154989823,T,TGGGGGCAGTAGAGGGGGCAGTAGA,0.0218632803531204,2.05328418199337e-44,2.11281908227083e-38
09,119124535,T,TAA,-0.0252763363785554,1.03793488235395e-52,2.00624886370866e-35
17,29206421,G,T,-0.0245816530992029,1.97809648521035e-56,1.33463831957059e-34
07,150668070,T,C,-0.0191101355338019,2.32172466026672e-52,2.61124888400946e-33
07,150554553,C,T,-0.0192206545561525,8.7310081726219e-11,2.74182073735263e-15
16,29972465,C,CA,0.0207863096304217,1.23594388316156e-82,4.59353958511854e-33
X,78655777,G,C,-0.0167396472991276,1.27437800124382e-57,7.50232292794196e-33
02,27730940,C,T,-0.0199460789791617,1.52696510738485e-73,1.0203235141271e-32
04,17922866,A,G,-0.0213355010555846,5.25359822527584e-28,1.77412561234856e-32
04,17956213,T,TG,0.0172376839170223,6.09594877211435e-33,1.21705062275374e-31
05,75003678,T,C,-0.0196002241846894,7.69589030813846e-71,7.9460418617966e-32
04,145568352,C,T,-0.0202445997275245,1.55160482191412e-26,5.8114831084956e-31
04,145718861,GGTTA,G,0.0138355671671099,2.56610917329859e-35,1.95211571387515e-27
06,26180634,G,C,-0.0214722993003276,9.75412786468991e-51,1.41430068861445e-30
17,61996255,C,A,-0.025641061657726,8.45746808357012e-103,2.21605020564191e-30
17,61996273,T,C,-0.033538255485517,1.54236553057318e-43,7.45318818375011e-16
14,61108825,A,C,0.0190478721882598,9.07998000991065e-68,3.29552620430289e-30
05,122699198,C,CTA,-0.0186247672171137,9.62744038137084e-79,4.50450324938377e-30
06,41909521,C,CCG,0.0372683280347371,9.64042768945365e-33,7.23267214739367e-30
06,41903798,C,A,-0.0706466260793002,2.50456294840053e-23,2.27201570914704e-24
12,50261809,C,T,0.0191470970310748,8.4636086011859e-64,1.64950812142743e-29
02,172416533,C,CTTT,-0.0210916160213433,2.26970469269211e-47,5.13064012918077e-29
16,4015729,T,C,-0.0184253326213536,4.15150451163572e-61,5.17891600206253e-28
18,20737641,T,TTAA,-0.0151773624491487,2.14991573831051e-20,7.34990334972873e-28
18,20711927,A,C,0.0121100692164869,1.10718009301033e-32,8.13416066160905e-27
02,218314141,C,T,-0.0218547978778744,2.49898454779429e-30,7.84880200754293e-28
02,218146818,T,G,-0.0129017733500248,5.4106739425066e-16,1.0106312600793e-14
20,32287917,C,T,-0.0180450461952825,9.42970548492037e-33,6.39048247847673e-27
20,32542814,A,G,0.0121753671103235,1.51369604887611e-20,4.354786013414e-17
06,50788778,A,C,0.0226871627457133,1.61152994848974e-37,1.82399080934016e-26
08,135578636,CAAAAAAAAAAAAA,C,0.0145543297714477,5.81164085660278e-36,2.55958200573298e-26
08,135649848,G,A,-0.0161301046519633,2.00973225816162e-22,1.15477109299458e-20
08,135843916,C,G,-0.0114291500935232,2.900271609699e-13,2.27191468212859e-11
12,93986693,CTTT,C,0.02030608097737,1.91668494606844e-35,2.71515741491901e-25
12,94136009,C,G,0.0134277698204333,2.38526904472498e-34,8.76205856553818e-14
11,27728102,G,A,0.0171283728662292,7.79537735136891e-35,8.22798539625993e-25
11,27650524,G,A,-0.0120680457250394,5.48122263423491e-15,1.75425254405792e-13
12,124820705,G,A,0.0227242544491998,8.96578440766594e-34,9.77893957679232e-25
17,7571752,T,G,0.0790910196896324,1.21393398290915e-26,1.18995482656567e-24
17,7366619,T,C,0.0170875161510133,4.33314944337935e-16,3.00133851071111e-11
16,28632021,G,T,0.0170468088004853,5.54106688454967e-56,1.37520208301126e-24
06,152168974,T,G,0.0167890289928892,2.32143953287167e-63,2.31326172379432e-24
06,142716286,G,T,-0.0180258313554144,4.93376682198925e-29,5.24938363994727e-24
06,143185683,C,T,-0.00965422367368806,2.68603590136261e-17,7.40154135078495e-10
04,106215108,TC,T,-0.0168325967998143,8.15599109915002e-55,7.75561320142687e-24
08,126506694,G,A,0.0170566472387684,1.52164728099282e-53,8.94832949998765e-24
06,108876002,A,G,-0.0168925530723034,1.44123545663074e-49,1.5111790149024e-23
19,47557098,G,C,-0.0191799786653758,3.73448296876364e-38,1.6638775099914e-23
03,185490184,A,G,0.0241594109138488,8.31590819435695e-23,1.85223132345559e-23
03,185828465,T,C,-0.0139256243025275,2.48649257039655e-12,2.92759554174332e-15
03,185310407,CT,C,-0.00994643753472032,7.00909684025999e-14,1.63656466168603e-12
20,33430974,C,CA,0.0147107546827119,9.35822343576184e-38,1.16964403378044e-27
20,33326680,T,C,0.0255190779013799,3.70186192088245e-12,3.75218602068204e-22
02,56106928,C,T,-0.0191680778455668,4.96507018389216e-35,1.27288798280668e-22
11,67024534,C,T,-0.0288380421897494,2.22502564010972e-26,1.44003834507055e-22
10,102661251,T,G,-0.0165246180919113,8.91463888491655e-49,2.34315477519134e-22
10,102317557,T,G,-0.0151049781294384,1.01093709417932e-16,2.19941065435598e-12
06,19839415,C,T,0.0349969329202628,1.23800629441228e-23,1.84068682597803e-21
09,98217348,A,G,0.0282324176224355,1.86221737748815e-31,2.37517184914385e-21
09,98192383,T,A,0.0134328955751239,1.95722043610977e-24,4.61177313046546e-09
09,98380222,G,A,-0.0193570869845161,3.94404194554451e-11,1.05446485556301e-14
06,29355148,A,C,-0.0168401979472022,1.39843633671175e-37,1.13638130357137e-20
01,41544279,T,G,0.0161424497342589,3.05747001773316e-40,1.14032444411471e-20
11,68388220,G,A,-0.0203255818498216,2.37129465258153e-28,1.45268665712944e-20
12,122820960,T,TAA,-0.0170078600910991,4.92612608777747e-21,2.42188127252415e-20
12,122583781,A,G,0.0121297044819237,1.92073886076379e-22,1.27800157100224e-18
12,122357049,AT,A,0.0126169620596813,9.41917632242275e-10,6.91569342250234e-11
17,79093822,A,G,-0.0159792455090059,1.66805243111183e-35,4.10384010297742e-20
06,160769811,C,T,0.0149363956230848,3.16952806200966e-52,5.7424059570209e-20
08,78125457,C,T,0.0160911436410704,6.20175195033987e-32,6.37955582321295e-20
08,77761919,C,T,-0.0243978101923998,7.27942666264511e-12,4.70753503262256e-12
04,145839264,G,A,0.0136476346749718,1.88945549031851e-40,1.68935940364368e-28
04,145762728,G,A,-0.0192459067537916,9.42073218462003e-19,4.89808339152212e-27
16,2160503,T,G,-0.0199297540460944,4.91634170137318e-24,6.69889847345925e-20
16,2266173,T,C,0.0137443993961338,1.35516606899652e-21,2.40559485036726e-14
14,25948867,T,C,-0.0161384744002435,1.27752684062997e-39,7.83527134319262e-20
05,170864021,G,T,-0.0185414905698457,4.68996998971455e-23,1.1025536986953e-19
05,171336723,G,A,0.0108285160864754,1.16493524902459e-22,5.31563688152626e-11
19,30272202,G,A,0.0157047585388614,2.54902138384612e-37,2.03007536657001e-19
12,46752872,C,CA,-0.0151087809660565,2.4588648003979e-46,2.28338004193499e-19
15,99186488,G,C,-0.023395953967213,4.16659124283504e-32,4.97302382939731e-19
15,99395834,C,G,-0.0183314055664057,2.58480617084568e-21,1.76834855502265e-09
15,99214192,TTGGAA,T,-0.0235871256689697,1.32048836428936e-17,3.27860502838271e-11
05,77431886,A,G,-0.0169605804587175,1.8181195902153e-29,8.35055096087499e-19
05,36796830,A,G,-0.0145953906294542,1.63855212831157e-46,8.40835608377847e-19
13,78474468,C,A,-0.0169760796977837,4.80766905546021e-29,1.37264053589586e-18
06,109781301,T,TCA,-0.0146107279895276,2.17412410626144e-42,1.46891171676234e-18
20,50951298,A,G,-0.0182203862305804,1.90370144475253e-26,1.73696407030994e-18
02,223960207,C,T,-0.0159782059453494,1.20813172512245e-31,1.79366045106104e-18
22,42070374,A,C,-0.0242527535445522,4.77086670901371e-22,2.29541247487854e-18
05,42734622,C,A,0.0154327742863829,2.77871579506422e-33,2.42078619663247e-18
11,43878485,G,A,0.0157909157239587,2.52870360794137e-32,2.83306948822297e-18
03,50190346,G,A,0.0142454023121882,3.43227334699481e-42,8.34129282893586e-18
07,23513093,C,T,-0.0162257246295791,1.84057995808209e-28,9.307424822606e-18
03,9975386,C,G,-0.018027143302917,8.80809610442235e-27,9.86807984571459e-18
03,171969077,G,C,-0.0137394109185565,3.41746624751949e-27,1.07837405959277e-17
03,172188000,A,G,-0.0118969891470053,1.44851845811964e-20,1.17407260933939e-13
10,96026184,CA,C,0.014039694296377,7.86284411287877e-42,1.53384886265383e-17
X,78792528,G,A,-0.0153718073067115,7.12502985457904e-53,7.85077778838721e-29
06,7702659,G,C,0.0137875863521473,1.84362512489452e-47,4.54240547453533e-17
05,130833946,T,C,-0.0139969504508295,1.88570823086058e-39,4.68389904274013e-17
12,111865049,G,C,-0.0137373606021541,6.67878293339008e-46,5.53262473908334e-17
01,11205058,T,C,0.015329007375752,9.05860314956557e-22,5.98217228379176e-17
01,10833232,G,C,0.0107694442451206,4.73452618602959e-13,5.44225198433868e-10
02,211540507,C,A,0.0146179349911975,5.54058043847096e-31,6.83796118019074e-17
07,76637391,A,G,0.0183588424753398,2.40034807965911e-23,7.45827044136543e-17
X,137050402,C,CT,-0.01670114345266,3.17804758622085e-21,7.82161042280838e-17
16,4946794,C,A,0.0137383279670577,1.35584927714124e-39,8.15072729868079e-17
19,2176403,G,A,0.013627369671202,7.7980741774109e-37,2.00626826136878e-16
19,8670147,C,T,-0.0372356744977117,1.12846141371643e-17,2.04460447991804e-16
05,95728898,C,G,0.0143051916300658,2.25024883409779e-18,2.61405943597078e-16
05,95856501,T,C,0.0101269171933321,4.08082545559234e-15,4.52626151980718e-11
03,183976103,C,T,-0.017547142051209,1.58846968548896e-22,2.89771197307904e-16
01,149906413,T,C,0.0135215680818641,2.48608306574106e-36,3.69108213583577e-16
12,116196322,A,G,-0.0168093330835184,1.36142171125482e-23,5.43182057554602e-16
16,20002523,A,C,0.0145342988289333,7.08900403210616e-20,6.24959818758622e-16
16,20249395,GTACT,G,-0.0172705365312405,4.24825420844664e-13,4.90343089972055e-09
16,19933600,C,T,-0.0138016410197129,2.92754755881817e-11,1.37472670542617e-12
04,45182527,A,G,0.013288365612567,5.58368757614213e-38,7.97312742722951e-16
05,139059017,C,A,0.0136170498234109,1.34966267183775e-32,8.1610091257136e-16
15,89394600,T,C,-0.0413491291118331,9.13895457965429e-19,8.28098176927892e-16
15,89386652,G,A,-0.0137700298468555,1.62255699313248e-15,3.98795052086262e-09
03,128966302,C,T,0.0212062290073534,3.58969355920261e-14,8.77880055172041e-16
03,128992047,A,G,-0.0125439172136416,1.93120292066184e-15,5.46884537677801e-14
11,30408765,C,T,0.0133377282327629,1.40146443279149e-33,1.53377917498341e-15
07,46642308,T,C,0.0122985236729123,8.20002020952526e-32,1.55387012717792e-15
07,46557704,G,A,-0.0151305468954966,3.68707946745362e-13,5.69656604384765e-13
06,26207175,C,A,-0.0188146568806487,1.2135997075001e-27,6.26499770569161e-29
06,26543649,CTT,C,-0.00994945348242073,1.35155041682269e-13,2.09443702332208e-14
07,73017657,C,T,0.0161909737334905,1.64473778555628e-22,2.20367703893165e-15
10,104749244,T,TA,0.0241922529085681,2.04008118635226e-17,3.64096536866953e-15
07,127015083,G,A,0.0464883696601384,1.30281284611567e-15,5.12111898074555e-15
01,176787749,C,CT,-0.0128443752667991,2.37065075609807e-37,5.42767559258354e-15
07,93234412,T,TTAC,0.0128327854430469,4.67995720491821e-36,5.69202086404266e-15
12,120867798,A,G,-0.0327494173071373,4.74177808354393e-16,6.159438554032e-15
10,79572587,T,C,-0.0472737119185607,2.19080288958538e-15,7.42100109095803e-15
12,991306,G,A,0.0154194406908109,9.16759211811468e-22,1.06344789350802e-14
14,23779877,C,A,0.0169830629984817,1.16444987108357e-19,1.39569988722356e-14
01,205720483,A,G,0.0125817079122397,4.449269068187e-36,1.42055174730815e-14
11,2165576,G,A,-0.0157115382024146,1.74819291459911e-16,1.4296657645787e-14
11,2077271,C,T,-0.0134274240622881,9.70903824416451e-13,7.41639878106328e-12
11,2665357,A,G,-0.0166902182858317,3.37464643646831e-10,1.78226467139168e-09
18,56876563,A,G,-0.0168168353090781,1.00225678263541e-19,1.5295850466096e-14
08,116631278,T,C,-0.0153929873432729,1.95329472842993e-21,1.65598786253774e-14
01,56592414,G,A,0.0149907410134881,4.77260181527443e-22,1.68496013099362e-14
02,23896049,G,A,-0.0140110624533512,2.81574626895859e-24,1.7427102687276e-14
01,218609702,A,G,0.0138110909395466,9.57730053148725e-25,2.33713045846428e-14
01,214619101,C,A,-0.012699377738591,7.17164507454226e-31,2.64454619370775e-14
16,783865,T,C,0.0147434106829035,5.68227417537891e-22,2.64596191215212e-14
05,168256240,G,A,-0.0152558820188789,7.2202638983807e-21,3.42428663853322e-14
08,13372120,G,A,-0.0257154679878664,5.0378800348689e-16,3.49152284353307e-14
09,99106848,TA,T,0.0155230864430332,1.48378439949558e-20,3.52609342931829e-14
12,123759417,GAA,G,0.014835632057589,1.05506052379436e-14,3.70056453716456e-14
12,123329101,A,G,-0.0148822565042423,2.21519402290254e-13,4.42475675558927e-14
05,67596088,G,A,-0.0123478295549862,1.66378017311743e-35,4.11158475492428e-14
19,10748073,G,C,0.0130665057291535,5.63228757349202e-27,4.17220907097469e-14
01,201806106,T,C,0.013082051613108,1.59205070498828e-27,5.33696845940919e-14
17,43223292,G,A,-0.0131411970551109,1.82320364480107e-25,7.50577766104039e-14
11,69509343,G,A,-0.0123715072566815,4.81323610501899e-15,7.85709628952152e-14
11,69283141,G,A,-0.0107935777884446,4.85144235244296e-14,2.9058177113957e-12
11,69938920,A,G,0.0104818320609286,8.98674795117951e-14,3.76278520046006e-10
05,137618925,G,C,0.0148605738764717,2.93927559255286e-20,9.85796445436503e-14
02,69378070,G,C,0.0175046471771145,4.08341389017106e-18,1.01670788747409e-13
06,34552736,G,A,0.0340230982325637,1.98369557050117e-58,5.72079011326527e-55
06,34163292,G,A,0.051363743639719,1.09012946223266e-13,8.74498037631613e-11
05,87694757,T,TA,-0.0154796887811369,3.712242054153e-20,1.14946171160976e-13
01,33774752,C,A,-0.013053295878145,7.05679103725134e-25,1.31225695971862e-13
17,46989416,A,ATTT,0.0157688968938715,3.14994222371697e-19,1.40713518807301e-13
06,140623538,C,T,-0.0140344781444716,2.66583310766163e-21,1.55431014052953e-13
11,2813322,C,T,-0.0450910894281913,7.51888186715499e-14,1.92487643596833e-13
11,2696744,A,G,-0.0129171526224179,4.15986269100532e-14,5.31330305176684e-10
04,88557753,G,A,0.0120720935934634,1.38340945283738e-35,1.95093438956378e-13
13,54107352,G,A,0.0180033742882017,5.26819601916615e-17,2.24266111035141e-13
07,139749346,G,A,0.015423803906194,9.58212143147821e-19,2.28164890227538e-13
12,56364321,A,G,-0.0125963355802086,1.94061483746605e-25,2.49236870049697e-13
06,80959985,TC,T,-0.0119494048535758,1.43427848391484e-35,2.70633050653205e-13
X,31854782,G,C,0.0104547402919069,5.96603123445786e-22,2.73454438396438e-13
15,41970964,C,CA,0.018738514425076,4.79942031825789e-17,3.17007653429836e-13
09,103061366,A,G,0.0127365629218384,4.64727215933326e-24,3.28167517883195e-13
06,126090277,C,T,-0.0118781420104335,5.0904154449124e-34,3.43628578094322e-13
01,50977279,G,A,0.0164707194935714,2.12623827711108e-17,3.65406592676733e-13
21,39690072,C,G,0.0122937236313641,4.78721154993386e-28,3.69527924365432e-13
17,68153968,T,A,-0.0181775106124123,2.11065728195447e-16,3.85311622853611e-13
05,172779211,T,C,0.0133222245496223,2.88219996586226e-22,4.14901608981477e-13
01,110154688,T,C,0.0375251960043917,8.86003406971942e-14,4.86335413048262e-13
04,122713863,A,C,0.0120738113231014,2.43483664355823e-28,5.36338044760482e-13
12,3338920,GCACAGCTGGGGCTGA,G,0.0130784990633575,8.55819840170938e-13,5.43914513140272e-13
12,3393100,C,T,0.0234459970281885,3.05541057910427e-12,1.31099093380267e-12
12,3295708,TTGTTTGTGTG,T,0.0109219777124233,1.13566000433789e-13,3.09099563353158e-09
12,97792368,TG,T,0.0118372668677665,8.98623824597705e-34,5.61627577160888e-13
03,41308348,T,C,0.0118042540169225,1.36477847459284e-33,6.62917090336982e-13
12,103067437,T,A,0.0119622609404772,4.84285368027255e-29,7.40814790671872e-13
10,27914001,A,G,0.0119020554664725,4.95252721245124e-29,7.64696234429377e-13
16,88755325,C,G,-0.0117712011621462,1.15113320374786e-32,8.52859893763759e-13
04,123828042,G,T,0.0143303491845833,9.58528902761205e-19,8.73405242829892e-13
X,45634577,C,A,-0.0104387978482691,1.19879706376474e-20,9.07563881886558e-13
20,34769811,A,G,0.017383581765093,4.67471696855325e-26,1.00055134351477e-24
20,35743138,C,T,-0.016902291462097,1.3021228555732e-14,4.66454363065711e-10
20,34767240,C,G,0.0243864700683597,4.07119243916896e-13,8.42712323426408e-17
17,39261560,A,T,0.0126011108763386,1.00757124548864e-22,1.12761871993106e-12
15,62274940,G,C,-0.0116244299075446,3.25384249918901e-31,1.22844653624498e-12
X,53628625,AT,A,-0.0100120076606193,1.20560116939424e-27,1.48722990462501e-12
07,121955981,G,T,0.0118274118301497,5.8847163301818e-26,1.71441428163721e-12
19,46182304,T,A,-0.0145421497553162,9.04842489221477e-18,1.81568855583328e-12
09,28410683,T,C,0.012343333908404,1.04525287174933e-23,1.86353494556705e-12
05,80959505,C,CA,-0.0122640278863346,1.32021059392135e-23,2.18461196602699e-12
02,112249583,G,A,0.0140110751277959,2.32367060343414e-14,2.24907422002225e-12
02,111874551,G,A,0.0104129165873992,1.58239823399523e-21,2.73786336180127e-10
15,67007813,A,G,0.0132781928089016,3.83778984844532e-21,2.2982621654742e-12
15,67457698,A,G,0.0223926249088808,2.17447601415536e-11,4.410694637501e-10
03,85142871,G,A,-0.011898210168965,1.22223253941216e-24,2.40931103087292e-12
19,19717056,A,G,-0.0227679510490432,3.66781104758496e-14,2.43663182667213e-12
16,15147788,A,C,-0.0123325015817263,6.77940494077352e-22,2.7751152547481e-12
14,24835773,G,GA,0.0124775135181493,2.33841577587448e-21,3.0691239973802e-12
10,25178864,G,A,0.0155283717762064,8.58344351477886e-17,3.2124095204748e-12
02,59291172,G,T,0.0120703438644657,1.90208505082739e-14,3.51813996858928e-12
02,58935282,G,T,0.00992758394993965,3.29706831583137e-16,3.14603008378884e-10
15,38502321,G,GCA,-0.0116567101136579,6.0081526691619e-28,3.53670235398634e-12
09,35753898,G,A,0.0132161870211967,4.76509877696034e-19,3.55691170990848e-12
06,40369081,C,T,0.0120251970124681,4.34061756676406e-23,4.23660927310507e-12
17,59497277,G,A,0.0119408197097484,2.03077789652493e-22,4.86287024785336e-12
12,110044918,G,T,0.0140888022997136,2.35085732472783e-17,5.10513729748784e-12
X,117865540,CA,C,0.0117548853572227,1.58754613415901e-16,5.48278112088685e-12
03,52835514,G,A,0.0174948251075272,1.02478623734367e-14,5.82112891556091e-12
03,25110415,A,T,-0.0114118088139072,1.30228662728096e-26,5.90906455604105e-12
05,32831670,C,T,0.0114265968962168,4.33246927782127e-26,6.07710439832094e-12
04,82165790,T,C,0.0122073379565135,2.82311113103125e-21,6.27295290772118e-12
08,129215220,G,C,0.0126507159338768,1.84586081105233e-19,6.93414220061603e-12
01,22475425,T,G,0.0113795963382137,1.94817054215865e-27,6.98232294861886e-12
08,130721793,AATAG,A,-0.014072843900298,2.38646579792609e-17,7.27023864941721e-12
18,46516424,C,G,0.011756216958799,2.39180487644663e-22,8.82086541987407e-12
14,35864990,T,C,0.0125038596441053,1.13244292542412e-19,9.15366571551693e-12
01,172155522,G,GT,0.0120008818001862,2.12777431095893e-21,9.84555522925198e-12
19,3411021,G,T,0.0112456145472918,9.99935989523598e-29,1.01034693006766e-11
04,1012300,T,C,-0.0260515535180051,8.79942065973685e-13,1.01845943701279e-11
11,14413213,G,A,0.024357287920239,4.48840994412107e-13,1.10150589979408e-11
17,71124903,G,A,-0.011294986909562,6.62906901202424e-24,1.44301046236408e-11
07,28174957,G,A,0.0121721931909332,1.08519084213509e-19,1.62455771580907e-11
10,81136129,A,C,0.010992936553557,3.02344753670328e-31,1.79697690518457e-11
08,120456193,A,T,-0.0124830204834021,4.46398404121043e-18,1.83225711160661e-11
08,120596023,G,A,-0.021264564828049,7.33345276183664e-10,2.33518907304767e-09
10,120434096,T,G,0.0109434505578313,1.2752833751681e-28,2.12119202472846e-11
02,71549440,GT,G,0.0110671593197275,2.57713611192739e-26,2.22857290924672e-11
07,50661735,G,T,0.011717925682234,1.95850426882924e-21,2.26787607706968e-11
10,124138255,CA,C,-0.0112743889199743,2.00993250288255e-26,2.43001273463632e-11
12,77457439,A,G,-0.011703089696045,1.27057386220049e-20,2.47764640622079e-11
13,96982541,T,G,0.0110381535423604,5.96721204325247e-25,2.61441056711228e-11
01,39562627,C,T,0.0133634778200207,1.11327891047638e-16,2.73160176435654e-11
03,85171302,T,C,-0.0117836536963157,3.51915342063566e-24,3.87840129873803e-12
18,35129076,A,C,-0.012612636549732,9.39410319330629e-18,3.03232569493653e-11
12,53831064,C,T,-0.0174324567864304,1.10589310894503e-13,3.13092922636853e-11
05,134372685,T,C,-0.012516156397132,6.54386956276915e-14,3.17738548355868e-11
05,134597890,G,A,-0.00956003790269828,9.76058448301806e-16,6.66144676965765e-09
02,242495392,T,C,0.0110122788458056,2.8986417576811e-25,3.59198743423157e-11
14,91517973,A,AG,-0.0118985613549519,3.64946472891749e-19,3.62215107744365e-11
X,85574990,T,A,-0.00907972636034348,7.68237948866266e-21,3.79830289025793e-11
08,57170647,A,G,-0.025980777910208,7.42556720301292e-28,1.73648137908916e-33
08,57187356,C,T,0.019449942648601,7.73698513492132e-21,1.28586445708291e-24
08,57665019,T,G,-0.0103995543977218,1.13019039522308e-12,4.02367796511936e-11
06,81829439,GTTGT,G,-0.011722694025756,2.31785522451928e-22,4.09163688602375e-11
06,105390567,T,C,0.0115452916081423,2.51312881632338e-20,4.65887027690956e-11
12,115106688,C,A,0.0123519933616575,1.26193917374082e-17,4.73877386794665e-11
17,36925750,A,G,-0.0108860107124147,2.99361413561683e-26,4.93237210245299e-11
02,9770589,G,GCGGGGC,0.0129649169456331,1.33851779588085e-18,5.04104755600043e-11
12,12871099,T,G,-0.0126317991956725,9.81744412937956e-17,5.24901811208208e-11
17,65960854,T,C,0.0135369710175693,5.25699887646542e-16,5.32729052624608e-11
12,102376639,A,AG,-0.0107320732774473,1.6610657172744e-17,5.88120049104254e-11
12,102324872,T,C,-0.00948619135147808,1.38846578575354e-13,6.71025088565097e-09
06,45090977,C,T,0.0109758880026704,1.60934425742911e-22,6.125585984894e-11
06,36210480,T,TC,0.0305058471384153,2.4646920500689e-13,6.15137971799878e-11
06,36311463,T,C,0.0106358087463642,2.51243606336278e-23,6.8344736453245e-09
14,21542766,A,G,-0.014428021824767,1.47572807059984e-13,6.32171939735333e-11
14,21976052,C,G,0.0117425076286843,4.52431211108319e-13,3.06808988356631e-09
03,62711674,G,C,0.0114897104229411,1.19566723551326e-19,6.53490320235986e-11
20,54398541,AT,A,-0.0136133045588513,2.31916358907002e-15,6.71607482258743e-11
03,88196211,C,A,-0.0118044902866117,1.91810102428098e-18,7.20250560061669e-11
11,10126097,TG,T,-0.0106189705067908,4.25134593202187e-29,7.20882377738181e-11
21,46466927,T,C,-0.0107202008995898,3.95702285337714e-28,7.39924175505225e-11
04,1341553,A,G,-0.0243302567013758,3.60645141827335e-11,2.60217130772586e-11
04,1750487,T,C,0.0107281683716555,3.70412686496048e-19,7.6739769578732e-11
09,129464856,A,G,0.0107158010940641,2.02583996163729e-25,8.2580427412479e-11
01,190278319,T,TA,0.0107124753545942,2.02242546882954e-25,8.43020264391386e-11
06,51796751,G,A,0.0112368453023819,4.12770101344471e-20,8.68191654228029e-11
17,76766437,G,GA,0.0106326411647169,2.14963291258785e-27,8.77474692816457e-11
06,2101285,A,AT,0.0126213125100773,1.30410781207998e-16,8.85794261195534e-11
17,79087537,G,C,-0.0157205507074828,2.73706498769475e-34,1.48355417377322e-19
17,29230520,GGT,G,-0.0206354482138878,9.15327384939394e-50,2.3713806316726e-29
08,10519285,T,C,0.0106550916095063,4.87770310993416e-25,9.40934175247919e-11
09,94186973,C,A,-0.0118354384740745,8.05924369833342e-18,9.82938949187312e-11
06,34183057,A,G,0.0809760322017245,-99,2.64497492220823e-36
17,78757626,A,G,-0.0278630894029204,-99,2.17215194138163e-14
01,155155608,A,G,-0.025302570624992,-99,1.13707542685634e-18
