chrom,pos,major,minor,beta,p_value,gwas_p_value
6,26093141,G,A,0.151828384767269,0,1.6681409274164e-246
6,26104632,G,T,0.0962401490664892,3.54934337439864e-298,1.522575239111e-161
6,135418635,C,T,0.0766308956946446,0,3.14321577974514e-211
22,37462936,G,A,-0.0669510323718535,0,2.55899382601201e-204
8,41630447,G,A,-0.0594623814731788,1.56132989205586e-183,2.42276053307557e-132
8,41542093,G,A,0.10251324170897,4.36369608207518e-71,6.9489917952787e-83
17,42329004,C,A,0.0579413059450403,9.31887307577399e-240,1.26315416294951e-129
1,158586966,A,T,-0.0577540941716875,3.84228224042616e-221,8.04185439203652e-126
7,100240296,G,A,-0.0383924259268479,5.06889280540431e-143,5.82906868486045e-66
16,238348,CAAAAAAAA,C,0.043577711590188,1.07709634026858e-58,6.31941812445647e-63
16,157592,C,CAA,0.0282647707813845,1.7638019591083e-46,9.13942140024882e-45
16,632138,C,T,0.0229386649823069,2.10099125927031e-39,3.75389404096851e-22
1,3691528,A,G,0.0414065773944874,2.85436181921282e-90,2.17820067394077e-56
16,88856084,G,C,0.0352311997531451,1.93300305868067e-81,3.78443598109444e-52
16,88788934,G,A,-0.0208313081431511,2.04915976595689e-34,8.59468648071195e-18
19,4502201,C,T,-0.0324946052028052,7.54844963934442e-120,9.36939375982047e-49
6,29510630,G,C,0.0531130103331803,8.90802245249115e-58,2.03077217966462e-47
6,29554829,T,C,0.048877632366338,6.32022919860299e-23,2.26868496474038e-17
6,30120637,T,C,-0.031822631881854,1.08799828636043e-15,4.14286347555497e-18
1,203654668,C,CTT,0.0505603264166171,8.49831009629393e-53,1.03332705143124e-43
6,109625879,G,A,0.029562574893105,2.87366445500917e-107,9.48716509262476e-42
1,248039451,C,T,0.0304390652664752,2.14821960750586e-78,6.98380576711859e-40
17,27149900,T,C,0.0363615856948188,8.33832784150986e-57,1.014361905516e-38
14,65515843,T,TA,-0.0289611170557352,1.86232759328122e-81,3.06426487605115e-35
14,65281472,G,C,-0.0211986904172208,4.54198691600252e-26,2.49144564686617e-15
19,17252041,G,A,0.0396105373613716,9.35978132084012e-30,4.56953824895042e-35
19,17252974,T,C,-0.0209566593881893,7.49471265070149e-33,7.43326691727747e-28
5,154020584,A,G,0.0205383775658339,2.64295913602557e-26,2.33111497391078e-34
5,154034327,AAAAAAAAAAAAC,A,0.0293779356874971,5.52727637031891e-12,1.68369073936272e-30
3,195834303,C,T,-0.0261885951258124,4.48303074955418e-64,5.38585251221151e-34
3,195922427,G,A,-0.0201981175738977,1.34627111821024e-21,5.6448684620011e-18
6,16290761,T,A,-0.0270231320763911,7.99453036291341e-73,1.98830297938126e-33
15,66067777,A,G,-0.0295998165679021,2.21132854383407e-42,7.50433130480639e-32
15,65869272,C,T,-0.0154660097789062,6.80353809539788e-13,3.11982033943734e-10
8,42399667,T,C,-0.0258443174273148,1.25628084564699e-73,1.22041163365681e-31
19,44278781,G,A,0.0297294462656983,6.48345019305782e-47,5.53666915055029e-30
6,31113276,A,G,0.0220203979108061,1.193095165535e-33,5.10001830244258e-32
6,31431691,G,T,0.0254021382082337,1.29289036365059e-11,1.186375288346e-11
6,31105891,G,A,0.0202104171914232,4.19554699164169e-10,1.02861266771079e-14
8,126506694,G,A,-0.0252548965123702,9.83982380984333e-66,3.22053543627255e-29
6,32394098,G,A,0.0183494683550127,1.33422287743231e-22,1.09614713709708e-28
6,32107139,C,T,0.0178993959114422,1.20605104093661e-14,4.48858683366059e-19
6,31948448,A,G,-0.0234755289801508,2.33488734397931e-10,1.36004006251598e-07
11,116648917,C,G,0.0337521391477424,1.78879103695823e-33,5.11772922178007e-26
9,91392686,TTC,T,0.0506336989625308,8.13045670232654e-28,4.80421877001464e-25
19,13001547,A,G,0.0212500367593817,3.83098866736844e-45,6.09044144523036e-25
19,13017948,T,C,-0.0334203676375291,1.41880819003279e-08,6.05024471112726e-12
1,205226288,T,C,0.0212282320177416,2.3250581477244e-50,7.09004827778906e-22
6,25536591,A,C,0.0807241936301961,5.45978651750825e-181,7.3320280429766e-124
6,25528452,A,G,0.0579714689197346,2.76207511214884e-25,2.68790120399792e-14
6,25497896,C,T,0.0625646453273518,1.83687936865789e-24,7.70355697393244e-15
5,1114944,A,G,0.0199803985327015,8.01286911543802e-29,2.81973182290831e-20
5,1287194,A,G,-0.0121297381571864,4.84340174010616e-12,4.91427171616596e-10
5,1057960,T,C,-0.0135994040277599,5.1813418403733e-07,2.33038753665475e-06
7,5234362,T,G,0.0292215016078628,2.9759718120783e-18,2.57470780757483e-18
7,5566353,C,T,0.0129113194377159,2.51653401463913e-16,4.64286802207349e-10
8,23418122,G,A,-0.0191928406693482,1.48979163855845e-43,2.74865428630518e-18
9,136129115,A,T,0.0393528772806006,5.30403198199967e-20,4.02443736432062e-18
9,135864436,C,G,-0.0344038257735212,2.65285221328464e-15,6.06114550553978e-14
8,86256210,A,C,-0.018534957996309,8.20846093827699e-39,4.59599530799149e-17
1,25600747,C,A,0.0240973344453228,2.88977930221583e-62,7.05055216414186e-17
1,25677605,G,A,0.0287897966199309,6.16146526405609e-23,4.48653078810349e-08
8,19824667,C,T,-0.0189001758050608,1.04965126554695e-19,7.66673522390363e-17
8,19928160,G,A,-0.0111236176401124,1.34805702908999e-07,5.39404208515057e-08
17,78102517,C,T,0.0161598710084352,3.21151628319428e-23,8.59473189365315e-17
17,77992104,G,A,0.0275366746947544,3.98328164505661e-06,8.10818209557963e-11
11,9769562,G,C,-0.0182284476500569,2.23202838641519e-31,9.42208297071717e-16
11,61581656,G,A,0.0193172208689629,1.08063252047309e-26,1.23424936308154e-15
11,100474166,T,TCCCA,0.0294604738744584,5.8504752693619e-19,1.31243818656248e-15
11,100820663,G,A,0.0178161771902484,1.16206153466635e-07,3.62519682537749e-06
19,18633437,A,C,0.0258077733621912,1.73105920275302e-23,1.31949432801629e-15
19,18527257,G,A,-0.0160340144443245,4.45291754558544e-16,6.1180104887735e-06
1,43418026,T,C,-0.0206329549753205,3.10315704579374e-23,3.24554779461871e-15
1,29208859,G,A,-0.0172094232740924,1.1538564699097e-36,3.51578721480343e-15
3,12298302,G,GT,0.0157584385096898,3.52110263307339e-21,8.08718785163709e-15
3,12360884,TG,T,-0.0182210320844601,1.86840101933266e-09,3.08317977353346e-11
7,99074000,C,T,0.0424777647789917,6.51682205246014e-14,1.11780337554938e-14
7,99393523,C,G,-0.0172041722465241,6.90384428718216e-12,1.33141066947147e-10
4,145026126,C,T,0.0454673449021942,2.69518665939845e-15,2.9114662982796e-14
8,98708415,G,C,0.030715630896853,7.43877167973137e-16,7.68600184859516e-14
2,8756183,C,T,0.0168461656056481,1.63293611710754e-21,8.63410462197764e-14
2,8574287,C,T,-0.011558517712605,2.01791298884386e-09,9.09493168657119e-07
4,110889007,A,C,0.0171002113458051,1.39948015407835e-26,1.01493991160115e-13
12,112979034,AAT,A,-0.0284449518196023,5.25179259345237e-16,1.98285231196728e-13
1,172425529,C,G,-0.0159280222477766,1.30938387142158e-36,3.74660943940704e-13
7,99211007,A,G,0.0382003204791128,5.44201460448584e-12,9.23640603660929e-14
7,99835613,G,T,-0.0198433456192135,3.68395707950129e-12,3.45286831412963e-12
7,99956290,C,G,-0.0157176642506732,7.77569765175712e-08,2.29177782276186e-08
8,145710909,GA,G,-0.0153787092363431,4.03122674513678e-32,2.3390800873947e-12
2,219272294,T,G,0.015428007578666,1.66831070762399e-27,3.14867727548767e-12
20,4157072,C,G,0.0153558508537454,2.333829532582e-25,6.80938232639449e-12
10,50248924,G,A,0.0175511027888057,1.99117904588475e-18,7.92901478855377e-12
19,45422846,G,A,0.0184507955791659,5.41593473529155e-16,2.39888373026613e-11
1,78574129,G,A,0.0167564399144696,1.04237205427836e-17,3.00240406053508e-11
17,42238570,C,CA,0.030845586385275,8.04002611433993e-52,6.89758781316852e-39
17,42268274,T,C,-0.0248840559835767,2.42441007231418e-19,2.78764868717335e-25
17,41956178,G,A,-0.0409376927560258,1.78620107025743e-11,7.48286177838994e-06
9,114835495,G,A,0.0245532385095156,3.42024014995858e-13,3.67614741273749e-11
8,131026459,C,G,0.0144258815394199,8.88372626575525e-26,4.75450371482101e-11
7,123430826,A,AT,0.0228355315198739,1.44791703187966e-09,6.39768831614419e-11
7,123440559,A,G,-0.0113044453489576,1.14036198184555e-10,6.81813392841273e-09
8,26266834,A,G,0.015605550543826,5.16925290143105e-19,6.47243526249542e-11
17,8157310,T,C,-0.017632456275433,1.95738299971759e-15,1.06607891139477e-10
5,72144005,T,C,-0.0256662041583246,2.64436030228311e-12,1.19953633785749e-10
18,43774771,A,AT,0.0165178901577654,1.25455031252985e-16,1.24950001996827e-10
11,122933181,A,G,-0.034911073880364,2.81111111753994e-11,1.67335271172451e-10
17,7391328,CT,C,-0.0162862401110648,2.81517966096245e-17,2.01960812509856e-10
14,74304411,G,C,0.0548677150242762,1.07655952062309e-10,2.17213811811997e-10
3,182549364,AT,A,0.0165235742881264,4.62612566932765e-16,2.80059506943692e-10
3,24341264,T,A,-0.0150274297528962,6.19072079118956e-19,3.63446122548152e-10
1,118242864,G,A,-0.0140272065765987,1.35720635054379e-21,4.06849676958075e-10
3,196511108,TA,T,0.0138544633568431,8.5832847129261e-28,5.23255015581737e-10
2,111847078,A,T,-0.013173551340388,2.9477567084002e-16,7.03259741324882e-10
2,112142072,G,A,0.0115501361799834,6.25450017823851e-08,1.57611883148802e-06
20,32525370,G,A,-0.013892267125058,5.63766377504958e-19,9.61096059660566e-10
6,136218401,G,GGT,-0.0105598727007213,1.66739489418026e-11,1.00681526280798e-09
6,136087922,G,A,0.0466587278450463,2.14452670496381e-07,1.34253493285009e-08
6,135812251,G,T,-0.0238465760194384,1.98397061852307e-06,2.2618320555044e-09
2,26114117,C,G,-0.013441055782396,2.52012693577712e-21,1.02515485472496e-09
