chrom,pos,major,minor,beta,p_value,gwas_p_value
22,37413669,ACAGACGG,A,-0.0370467899856146,1.25665685156187e-42,0
22,37462936,G,A,-0.135858431172579,0,0
22,37409078,C,T,-0.0245307917391069,3.58945625760252e-52,6.66350917156825e-134
06,25878848,A,G,0.297530812763755,0,0
06,25950144,A,G,0.163777980891254,0,3.64828401802373e-256
06,25978402,T,C,0.173973347729787,0,0
06,25918225,T,C,0.320325644326503,0,0
06,41905275,G,A,-0.103134828323362,0,0
06,41800758,CT,C,0.0706171287631296,3.96336163649855e-171,3.02075365039051e-139
06,135402339,T,C,0.236733265252683,0,0
06,135312308,G,GA,-0.097376288392682,8.5770654046782e-114,1.37016848753107e-98
06,27037080,C,T,0.179431179215737,0,0
06,27091383,A,G,0.166761693050637,2.20735188013688e-135,9.21321365379726e-103
04,55408875,A,T,0.0961984765412003,0,1.64806984513551e-256
06,109625879,G,A,0.0823872873121914,0,7.35874438927425e-252
06,139840693,C,A,0.0820783055598373,0,1.56165589655629e-250
07,100240296,G,A,-0.0801125491101864,0,7.26797717343332e-227
16,170328,C,T,-0.0696105149404592,0,8.4070791177652e-223
16,215106,C,A,-0.0975025613904908,8.32222248621272e-126,1.66146261356401e-51
16,293562,T,C,0.0537719973720962,1.6785947142519e-134,3.89388009027403e-132
19,4502201,C,T,-0.0626529393407918,4.43243033554876e-210,9.25339549250675e-178
19,13000550,G,C,0.0701987036580412,0,1.22652022075875e-177
03,195831237,C,T,-0.0734614259263308,1.53650298077374e-303,2.37000455160155e-165
03,195921311,G,A,-0.0737633733546578,1.33498816422605e-116,6.20158981220864e-88
22,50971266,C,T,-0.066031597760373,2.82707665105324e-284,3.21369259964324e-145
09,4852599,A,G,-0.0761020733389897,5.96924536198476e-221,5.43912352640163e-145
15,66074028,A,T,-0.0696053093515753,1.46466556220243e-216,1.98791184361432e-133
03,142311712,C,T,0.0597919833657155,0,1.05997185280339e-130
20,55991637,A,G,0.0577759566593011,0,2.35623029478212e-125
18,43802778,G,A,0.0660557649629842,1.10793443875299e-207,2.74996760308928e-124
14,65487694,T,C,0.0558930277023107,8.25533275385541e-305,4.32778738376469e-116
03,24334511,TTTTG,T,-0.0593375945646636,1.96724744051373e-226,3.25717142404315e-114
02,112142072,G,A,0.0492317504212446,9.5728161215362e-84,1.02142262265791e-103
02,112167931,T,C,0.0425029615840986,7.14865685683902e-67,1.29895630932772e-97
02,112250758,G,A,0.0539537816498398,1.17611459230444e-52,8.86732129891887e-61
06,16294722,C,G,-0.0533529956119916,3.25911685014479e-224,1.36093580743504e-100
10,46005429,A,ACCACTGAT,0.109079813089168,3.13142004290982e-131,1.16627827685759e-97
10,45974016,T,TAA,0.035817124126323,2.55994436040744e-55,1.8214844478027e-19
07,50427982,G,A,0.0505962221476066,5.21831148087273e-253,5.09009525245981e-96
17,27178761,C,T,0.0629070668979701,2.42165082072094e-139,4.7989635807803e-94
19,33754548,C,T,-0.0781767747457196,3.28607333882246e-79,9.24262590192382e-92
19,33750393,A,G,0.0401411776736989,2.6529447970391e-66,3.89060790975971e-40
19,33742939,C,T,0.0347054081829275,1.43018635772964e-38,8.3317488807042e-19
22,32883103,A,G,0.0494411879019351,1.15322302874133e-204,2.15809839977744e-89
02,60629438,TAC,T,0.0466236016614635,4.43169417589724e-190,3.65191440407813e-79
05,154035237,C,T,0.0845111299588223,1.48806172790142e-111,2.01565489888257e-78
05,154023222,G,A,0.0337492109758008,1.23613988166064e-40,1.46860796665584e-14
17,19937918,C,CTTT,-0.0424055957306278,2.81101658924477e-191,1.69752362288476e-68
12,4331068,C,CTT,0.0516736422067319,1.85696621991224e-103,5.4031706212268e-68
10,71094504,T,C,0.0658426485003043,2.28049000500786e-80,1.1789022569609e-64
10,45388231,C,G,-0.046658943869954,2.2538545204486e-131,1.79640473379693e-64
10,45866149,A,G,0.0613654913219574,1.70258989391633e-52,4.40334212801733e-37
10,45887115,C,T,0.0334129695277256,2.79944549186479e-26,7.92874828893927e-09
12,121156041,A,T,-0.0430338777882013,3.57068028823187e-104,6.06300465559887e-64
12,121378074,C,CT,0.0220262052115562,5.07480892366606e-24,2.11391137655905e-14
06,30382328,G,A,0.0902537897827635,1.86823018356165e-188,8.05261133520236e-139
06,31321806,C,T,0.0560011936729027,1.96376834825932e-18,2.89730124918796e-12
01,198552088,T,C,0.12555828095591,7.29590255300825e-68,4.70664029189905e-63
01,199010721,T,C,-0.0352572722438297,1.97220662453654e-64,4.23925292524448e-35
01,205201325,A,C,0.0401142400450102,6.1808018073788e-143,4.8673102977784e-60
05,1287194,A,G,-0.0338843172415615,2.48835705670166e-53,2.82401820326658e-56
05,1280940,GAGCCCACC,G,-0.0263491459086899,3.22136780133251e-27,3.35798905016151e-44
05,1104938,T,C,-0.0199732028238106,5.95884856322476e-23,9.05571128786192e-15
21,35125373,A,T,-0.0387219792528195,2.93591655876958e-106,2.48522567921148e-52
08,21767275,C,G,0.0495332499301553,2.96030006454893e-70,2.24859691825289e-50
08,23418122,G,A,-0.0353259310456687,1.04115307648403e-115,4.31929614645886e-47
06,25314597,A,G,0.146664754003293,2.50057906122757e-253,8.05541765530291e-218
06,25299249,G,A,0.131430165072404,1.81734644039257e-55,2.53646614254132e-46
06,25365888,C,T,-0.0404204731490386,3.24992295854051e-21,1.06077905057406e-32
16,30103160,C,A,-0.0336865098305787,7.47779397492821e-97,2.40121838536037e-42
06,164478388,C,A,-0.0331247613173172,3.80553833094123e-109,2.97668800899615e-42
07,5234362,T,G,0.0526290254510566,4.40327033132128e-52,5.32932537725454e-42
04,122796917,G,A,0.0320149088065742,2.41425109567807e-86,3.84853494464933e-38
16,87886545,C,T,0.0367650534136767,7.13095553743682e-61,9.10940928144075e-38
13,76076293,T,G,-0.0515930331704266,1.9073736256139e-45,2.74325186966309e-37
19,33073431,G,A,0.0242665974489011,3.2128153846761e-33,8.60020217086407e-37
19,33072069,A,G,-0.0210344930616873,2.01255974428871e-27,4.2431564077942e-33
01,203281175,C,G,0.030054461347308,2.16588897704936e-93,3.45174714197972e-35
01,47670911,C,T,-0.0299523169040144,7.08897532619156e-91,7.94851582935186e-35
X,56752297,C,CAT,0.0328518046320785,3.10770369782815e-57,1.53073490194506e-34
X,56869925,G,A,0.0351525606435113,1.46824006106103e-16,3.55522977923713e-11
11,67197757,A,G,-0.0267744816960664,3.52306877465999e-59,1.87227312655696e-34
01,118251143,C,T,0.0713178092689521,7.82558315231593e-87,1.10071734372719e-33
01,118154775,G,A,-0.0587728291854403,1.47544713173943e-62,1.27864585944224e-19
01,118175425,CCTCT,C,0.0233288759664793,3.68319404600572e-36,8.58691187955507e-19
14,74238030,G,A,0.0872346190084665,4.17710032134937e-27,1.18104929632545e-33
14,74293531,C,T,0.0166934253921203,1.30536052402644e-14,4.21268859331365e-16
08,128972721,A,G,-0.0307013830184915,2.7698063089571e-67,1.23669286962667e-33
18,60920854,C,T,0.0860113353864919,2.05668204327614e-35,1.77875399161098e-33
09,140100317,C,G,0.0428756321674174,2.34208277793064e-42,7.31691683452707e-33
02,111807677,G,A,-0.0313758529783339,1.96578389019171e-47,2.12967833249017e-50
02,111944538,C,A,0.0887727208041505,2.55118490971111e-27,2.51874608270088e-27
02,111609385,C,T,0.0251165335157428,3.08772832215052e-39,7.3975263261789e-33
01,248039451,C,T,-0.0305877857780914,3.8080661208449e-64,7.8691134015478e-33
16,30987380,G,GT,0.0284649062418479,9.25410430524948e-56,1.35209602339892e-32
11,16664123,T,C,0.026193533797613,4.85023764801795e-57,1.41884232702294e-32
11,16402901,GCA,G,0.056224811588777,2.80039641950818e-12,1.69833969494517e-19
19,18633437,A,C,0.0345579972000562,5.78777511018297e-46,3.23797166185965e-32
19,18425758,G,A,-0.0390057156220911,1.45174914987646e-15,4.36687778460904e-15
03,16928092,G,A,-0.0470440662926818,5.9844630100945e-27,8.67847456614955e-32
03,16970938,A,G,0.0242474687725437,6.13157471694953e-32,8.78533535499889e-24
03,17098399,A,G,0.0931805821692183,2.24026326953652e-13,5.79473984639553e-12
07,99579032,A,G,-0.0425651543304073,1.75857101583375e-42,7.96356916555443e-36
07,99083738,C,T,0.109979843614388,1.45958645826773e-29,9.18034245262524e-32
07,98703938,C,T,-0.0433165841968433,1.54188230710878e-13,7.5265338575152e-12
14,23495048,T,C,-0.0318103842711052,2.1281023041942e-55,1.07540294951538e-31
17,42329004,C,A,0.0312167441619965,1.45400033526619e-57,1.11427106342351e-31
03,141333839,C,T,0.0503055575717322,6.98361149300131e-26,1.28750112604137e-31
03,141178347,A,G,-0.0239850440202599,4.27300922596692e-32,3.13234860025163e-29
03,141623304,A,G,-0.0176623536793296,1.43477440742204e-13,8.96674905229579e-10
06,135812251,G,T,-0.0562141949450004,6.06670590984003e-27,6.08356002654497e-39
06,136087922,G,A,0.128161612929546,1.68380881624371e-37,1.66292743123269e-31
06,135622819,T,G,0.0303136593747355,1.57064852704909e-81,1.70220585292122e-37
06,32389997,T,C,0.0199674158556903,1.38672479013718e-17,1.04059740839941e-30
06,32075563,T,C,-0.0204469266553053,3.4839330465032e-34,1.5897337346439e-24
11,19250164,A,C,0.0313225001054531,1.11217147559007e-54,1.71503208167517e-30
07,44872911,G,A,-0.0276906609516219,1.65451083970455e-86,2.14884987195221e-30
06,31525912,T,C,0.061126386755789,1.85086333299796e-45,3.11770095117002e-33
06,31432006,G,A,0.0539284015248085,5.76342796706776e-43,8.81065873438037e-32
06,31420188,T,C,-0.0763853573562573,8.57844967095136e-15,7.31197803103081e-18
06,15182168,A,G,-0.0214347935961719,2.52156439713884e-36,1.17056491468303e-29
06,15177099,T,C,-0.035705163177699,7.64675085123301e-14,1.04806066115776e-26
17,76124810,A,AG,-0.0339295931048785,3.25469464859185e-47,2.20766977244763e-29
17,76183233,C,T,0.0942044520191199,8.59441549938607e-18,4.2055350649104e-16
11,33913568,T,C,0.0272526912773182,4.60476900892388e-82,3.06425528914135e-29
19,8454884,T,C,0.0821610463349466,6.59849292033827e-31,3.18187068654927e-29
20,30401406,A,AG,0.0313929094489184,9.47289953739079e-32,6.04064575768649e-29
20,30673978,G,A,0.0167215426693052,7.92021516623498e-18,1.59256573308219e-13
04,87968798,A,T,-0.0285740740618926,1.69365131226721e-30,2.55295666279584e-28
04,88061353,A,G,0.0222793830684725,1.28778603690075e-17,4.71058549652506e-20
20,52230030,TAGATAGCG,T,0.108580477169609,7.50951880741168e-29,1.17712660560693e-27
10,101301093,C,A,0.0301450618968916,1.2904023622841e-45,1.55118585024976e-27
21,46269526,G,A,0.0367976284459852,1.27311673962453e-36,1.56946699390364e-27
04,15603069,C,G,-0.0266041465558457,6.7666961327839e-64,1.70170038815383e-27
22,21980257,A,G,-0.0333949871440968,7.79193408161174e-40,2.14158278606121e-27
08,30279470,C,CAAAAAAG,0.0300838998563059,1.98935930115211e-45,2.87345942305413e-27
01,23840615,T,TA,0.0266475690865485,3.10805814059433e-45,4.65583411460419e-27
01,24194014,A,T,0.0149897004783576,8.74275925795808e-15,2.96121087153301e-09
06,111509449,TCTCTCTCCCTCTCTCC,T,0.0391665964682417,1.4465328020108e-34,4.89578560464685e-27
02,43451957,G,A,0.0499144661906674,2.96775315154496e-31,6.22830693309783e-27
19,4476270,G,A,-0.0566213857590166,9.75013708532534e-171,2.00143554135399e-157
03,20105673,G,A,0.028067566124888,1.25433994692434e-49,6.74827920199613e-27
10,64899893,C,G,-0.0723596851561563,1.38384322223588e-28,1.01723003745217e-26
22,30551644,A,AAC,0.0443135679842838,4.4493580303988e-32,1.62593430572574e-26
X,55044188,C,G,-0.0831095440860125,1.06217311985564e-30,2.01640830667911e-26
X,55141551,CA,C,-0.0205890986553202,2.5444685290893e-41,2.35363440870198e-17
X,55047741,G,A,0.0279947436239744,2.09955333481395e-09,2.94956642541597e-12
01,2996602,C,T,0.0305418019282792,2.83145718323137e-41,3.88093649093603e-26
08,145134151,T,TG,0.0455477338808207,1.00160412603531e-30,4.1172477456637e-26
05,88191635,C,T,0.0308870793959339,9.38987356538938e-40,5.58387182220867e-26
14,102994065,C,T,-0.0266670642732035,9.71347276261568e-53,7.54318184638441e-26
11,2320013,C,T,0.0398012258536141,3.17367589022357e-31,3.24419095354845e-25
08,126500031,C,G,-0.0255812602539661,1.97056319147672e-59,5.5761504451537e-25
10,104791594,GC,G,-0.0260681565777767,1.01569814828506e-50,1.52677955871154e-24
14,70328410,T,A,-0.0332848240721789,4.39685940824437e-31,1.72325860867291e-24
14,70133531,G,GT,0.0221361918968339,2.901765525187e-15,6.2098892146234e-12
17,29262773,T,C,0.0351203722994855,1.52955187748314e-32,2.39693966189545e-24
09,135864436,C,G,-0.0544227799088447,3.31342300986745e-29,2.97594744462902e-24
09,136128000,G,C,-0.0492786244708218,1.03833058939988e-24,4.86536193886943e-21
09,135860412,G,A,-0.0518670102588855,2.38276431367478e-17,2.74345911120301e-13
20,31125583,CT,C,-0.0246526404002558,1.83810425912731e-33,5.62994951090363e-24
20,30644320,G,GA,0.0232397731418148,3.98246275023189e-22,3.03169397713677e-19
11,65351364,G,A,-0.0273798173202438,6.3492416412174e-35,1.06849120839467e-23
11,65086603,A,ATT,0.0235447795228863,4.38425371573906e-14,8.22090358997332e-12
15,56545985,A,C,-0.0246224663876857,6.69000379442097e-56,1.16361012129978e-23
11,4128845,A,G,-0.0247045480934758,1.08297784681697e-52,2.44442908627369e-23
11,108055198,C,CAA,-0.0249904386212128,8.23226979661813e-54,2.49343046004606e-23
17,67081278,A,G,0.0803223099533505,2.04897419254887e-24,2.61590637075108e-23
14,37623674,ATC,A,0.0260713812008263,7.36497549945221e-41,7.9565231368512e-23
09,136931778,C,A,0.0320046283635549,6.83162597537796e-31,1.17386318719984e-22
03,132226100,A,G,-0.050209798722477,1.05691683777237e-24,4.66637029687007e-22
22,36774449,G,A,0.0251401111969388,4.35655420686805e-39,5.31313074949978e-22
22,36425023,G,A,-0.04147875146428,1.47293377944095e-11,5.27356807570842e-11
09,100753408,C,CT,-0.0291659942695061,6.11271770990598e-33,9.45358589594843e-22
01,68165693,C,A,-0.025570764091933,1.61437566870689e-38,1.42462012457606e-21
02,23901362,A,C,-0.0309171539817538,1.12153509967736e-29,1.49833018002145e-21
12,57146069,T,G,0.0377672318501494,4.48305050978314e-26,1.7734764392291e-21
08,130624105,C,G,0.0233246568153549,2.49358156400202e-50,3.34624652312502e-21
05,173287851,G,A,-0.0232721329744977,6.6736657833086e-48,3.59394385984818e-21
13,110407906,T,C,0.0244088321630716,6.39440978221712e-40,3.88217097391038e-21
12,88836215,T,G,-0.0247368738750298,2.71920140278409e-37,8.43581465948353e-21
14,58765903,C,T,0.0258576348728169,3.36120915420439e-35,1.00649749978181e-20
03,49320183,C,G,0.0271436799216134,1.42523295577682e-31,1.20452949109336e-20
02,26291565,A,G,0.0279751369341125,4.25966712966475e-30,1.52035358155618e-20
15,40299200,TTTTG,T,0.0288507975474423,2.33065414647157e-29,1.73516832972646e-20
08,98708415,G,C,0.0423753608261748,1.74560096941298e-23,2.06508074509592e-20
01,40002356,A,C,-0.0267940499252951,1.19873691041235e-31,2.09725766318101e-20
04,145047380,A,G,-0.0198513273017648,1.82122976698425e-42,2.59840210204291e-20
04,145026126,C,T,0.0406833271530069,2.72042924744499e-10,5.94422028359456e-14
12,52482028,G,A,-0.0280932707984116,3.75069092119765e-29,4.047090027592e-20
05,67585723,C,A,0.0253535742800737,2.55148140267684e-33,4.07074361259275e-20
19,16248973,C,T,0.0320653929968996,3.76371722346346e-26,4.9930301431641e-20
16,89772424,A,C,0.0197523787520042,1.21543004636086e-33,5.25873034812456e-20
16,89299460,T,A,0.0353445943300653,4.07795508161361e-09,2.8152645152969e-14
01,66018227,C,T,0.0235606695528043,3.01656766263351e-38,6.53680343017283e-20
03,88134404,T,G,-0.030331161399663,3.5359319607076e-26,1.24031249499195e-19
14,96003198,G,A,0.0255217547893747,6.56155133272039e-32,1.49389032418927e-19
06,110092900,A,C,-0.0481207414394739,4.38077946739636e-137,1.7290914510043e-56
06,109860860,C,T,-0.0489162647299386,3.50890469285707e-54,1.94441413757472e-21
06,109933619,A,AT,0.0503621180075492,1.85496284212403e-14,8.99105432502772e-28
16,89105007,G,A,0.0441168952358477,2.63731448686375e-19,3.53984493698908e-19
20,4157072,C,G,0.0228990840773219,8.33945534332685e-29,3.78586813155187e-19
20,3778042,A,T,-0.017030130437108,2.08480820421808e-19,2.43640241673579e-11
06,32591337,A,T,-0.0206349456107854,2.12925331604284e-28,2.80436749730267e-10
06,32406342,C,A,0.0169468397064412,2.44124962821867e-15,1.1314857741056e-21
04,39294235,A,ATTAT,0.0217279706098242,2.32597212365891e-32,4.87869764044693e-19
02,239069926,C,T,0.0216418710954984,2.42394936530974e-46,8.39133976156211e-19
02,236369478,G,A,0.0219636626451835,9.91852949061075e-42,1.17303591718487e-18
08,8862521,G,C,-0.0212799991374402,9.66889998996613e-46,2.60089916063018e-18
22,44324727,C,G,0.0255584827216805,2.01617154589851e-27,2.91637031038773e-18
02,64902288,C,A,0.0197711096225974,6.2605543320121e-17,3.35916867316539e-18
02,64870073,CTGTT,C,0.0267418496176809,1.19415621895823e-10,2.79217588182902e-16
06,21722916,T,C,0.0279788562696682,4.65790676327376e-25,5.43987452301679e-18
01,158618480,A,T,-0.0251812216485614,5.29870727512497e-33,8.7238227864773e-18
01,158638260,G,A,-0.0970331210184818,6.72591562127754e-18,1.53270837337822e-15
02,211543055,T,C,0.0225744810054571,9.70695682871285e-33,8.87596697572005e-18
07,17814536,A,G,-0.0207712321029596,1.48905852372148e-45,1.13418197649538e-17
16,68689419,A,G,-0.0240685585691142,5.55601892597595e-28,1.21411102273644e-17
13,41584690,T,C,0.0189956338590034,7.38843462398103e-20,1.22136133395371e-17
13,41160270,T,C,-0.0200364595357455,1.71876638589666e-16,3.81873142976706e-17
01,37928884,A,T,0.0208267868558151,2.14908687477445e-47,1.49997012505533e-17
05,172198287,GT,G,0.0210456255478446,3.66346951313326e-49,2.04897887171499e-17
02,113844384,G,A,-0.0209940965355804,1.64567806736817e-37,2.41735055063107e-17
11,113981241,A,G,-0.0219913847509218,4.23320924351289e-32,2.85372108531548e-17
07,100362411,A,G,-0.0566328028166291,8.15587520774008e-173,1.59616360456924e-80
07,100366917,G,A,-0.0580311391480478,1.81023623031154e-59,6.00723114152258e-27
07,100414147,G,A,0.0891984075846447,6.0184672104685e-30,5.37412276545735e-45
12,53760162,A,G,-0.0281356328342708,1.03789858425129e-22,4.63492120449739e-17
17,7571752,T,G,-0.0936008145236305,1.80029463616806e-17,5.38416552901746e-17
11,94886632,C,T,0.0207672404879268,3.96007947065312e-36,5.6680190581997e-17
01,154428283,A,G,0.0206142442470255,1.63757055611877e-38,6.08676502761717e-17
17,80516236,G,A,-0.0381131172783586,2.31883601711969e-19,7.47046956455701e-17
06,35901151,G,A,-0.0219949889507115,1.45470638780902e-29,9.64014992136456e-17
01,25600747,C,A,-0.0202521050047557,7.42947307278438e-38,1.28464245976529e-16
01,114922790,C,T,0.0230496802428798,9.2214862694461e-27,1.53799965093464e-16
06,90960875,C,CT,0.0213599801991679,2.80998857057621e-32,1.75644108719163e-16
X,48326779,C,T,0.0417311723043553,2.22455025130991e-17,1.90593115358867e-16
08,141876709,C,T,0.0335686405402804,8.37736019188311e-20,2.09549908002419e-16
12,111921214,C,CAAA,-0.0262132105957615,2.13155850219333e-23,2.85040421089433e-16
16,67239386,T,TTTTG,0.0389131193206585,1.43423913676905e-16,3.62441990159818e-16
16,67519937,C,CA,-0.0411481574206462,1.3542781824082e-15,3.6552726027708e-15
12,93747502,T,G,0.0209318302482395,2.81726367328478e-31,3.75066468147726e-16
17,37740161,C,T,-0.0271929777072297,1.63221733161486e-18,6.02916516570828e-16
17,38238725,C,T,-0.0164144097004194,5.31961194788674e-17,1.92546351032263e-10
03,133490334,C,A,0.0248420391615345,7.47340228467752e-23,6.12919697239224e-16
03,71256309,C,T,-0.0237211443665979,3.01757165749053e-24,6.34191853251182e-16
05,102600524,G,A,0.0207221071831504,1.74941741196986e-30,6.41705199073516e-16
21,36350830,A,G,-0.0203686661042521,3.97678981303102e-33,6.98472033699811e-16
01,11881141,C,A,-0.0266089673573929,1.49994819811497e-21,7.01400333522209e-16
02,65639280,G,GAAAGAA,-0.0199435957071634,3.79502290961856e-37,7.58993935115436e-16
10,104756030,A,T,-0.0253120106197371,2.73762503357079e-29,3.62352604558903e-22
10,103885557,T,C,0.0184436399725199,2.56436651700516e-25,4.96842076801831e-14
11,57421457,C,A,-0.020813674045336,2.46680769763935e-29,8.53493381729632e-16
14,68528028,C,T,-0.0270219996610736,2.1664315099427e-21,8.86561663353491e-16
14,35259151,G,A,-0.0321175691462908,5.33556919469631e-19,9.02616222121861e-16
20,4983092,G,A,-0.0204780743448412,2.43697575690365e-30,1.090128959664e-15
07,98847097,G,C,0.0832779325223988,2.87839695347452e-23,2.60628613760202e-24
07,98495408,G,C,-0.0479729687252822,1.49087463448621e-16,2.9863465087145e-15
07,98881382,C,T,-0.0410133362317236,3.55933167914509e-16,6.0520480140759e-15
06,52630153,T,C,-0.0199000478735469,3.33141691039275e-30,3.28075408814445e-15
20,49100045,G,A,0.0192011304077094,4.57709672204657e-38,3.6985864470375e-15
02,8756183,C,T,-0.0196815494324611,4.04831755819209e-32,3.79139070815853e-15
04,39224297,A,G,0.0189913532468018,1.9961236652034e-21,2.13337597198312e-15
04,38645052,TA,T,-0.0201354038079453,9.8426150927929e-14,5.39824042724414e-15
02,58976863,C,T,-0.0276575098452708,1.45647469695949e-19,4.91102309294975e-15
16,50110650,A,AC,0.0209181666384957,9.44683321061571e-26,6.20067364780983e-15
16,31002664,G,A,0.0283586470312631,4.39757152439171e-55,7.10666661525578e-32
16,28863965,A,T,0.0198290994535363,4.88315785793133e-30,1.24794292195895e-14
18,51744051,T,C,-0.0197057170902378,1.79686765569295e-28,1.58196108764199e-14
03,66325074,A,T,0.0200788786323026,1.73437075123766e-27,1.80631148951869e-14
12,21331549,T,C,-0.0259052383892628,4.00300507642768e-19,2.02250670303923e-14
03,178740422,A,T,-0.0174418923226841,1.28606583622753e-18,2.21546032674083e-14
03,178865976,G,A,-0.0747255616232311,3.19195959484983e-10,1.05015538950065e-13
12,48160770,T,C,0.0235989254175414,1.22477763954057e-20,2.41501017907164e-14
16,89057213,G,A,0.0459893547601354,1.94341733609302e-18,9.78943289548245e-19
16,88573169,G,A,-0.0494325157664613,2.03697007908479e-16,2.86205853564617e-14
08,26249018,A,G,0.0201984698907748,4.7145238978798e-25,3.08676008685411e-14
17,44365490,T,C,0.0187515771429943,9.54657688883078e-39,5.27836820447092e-14
09,115914583,C,T,-0.0694440729999744,1.67470961620881e-14,6.02401192047128e-14
19,1277427,C,T,0.034827868144433,2.4404535315981e-16,7.03329190261695e-14
07,135347107,C,G,0.0273912087525972,1.92869557124188e-17,8.25984956060258e-14
16,4296986,G,A,0.0337972283103405,5.72157227858705e-16,8.88393430676458e-14
01,62902874,G,A,0.0186139611731845,1.13540057668654e-29,9.17243253175948e-14
04,69395639,T,TA,-0.0252308997938542,1.96479179795667e-20,9.91351734221399e-14
04,69533183,C,T,0.0182315373642663,5.77675890270445e-15,4.37754454135879e-09
07,92097611,C,T,-0.0182068807955415,2.99000314586121e-39,1.07973555763044e-13
15,44028047,C,T,-0.0590109683038908,2.23848473749751e-14,1.08626923011755e-13
16,392392,C,G,-0.0850233076814956,1.17652239437869e-76,2.51411054981207e-65
16,347257,G,T,0.0535472104341442,9.34692462202235e-35,5.72777857311507e-44
16,354899,G,A,-0.0387672949418404,2.21278598999097e-27,2.41163012012729e-20
14,103844854,G,A,0.0383893120971875,2.77032108112458e-15,1.17221276473009e-13
13,109412704,G,A,0.0180450169600714,1.70817738169531e-35,1.27226431865894e-13
13,113875080,C,T,-0.0199521421772439,2.2765604012274e-21,1.53890254983109e-13
13,114268740,G,A,-0.0288094964933832,1.62591508479054e-10,7.75009470195037e-10
12,133060065,AACCTAACCCGG,A,0.0197845972851388,3.15815583566282e-23,2.00209779745253e-13
01,20915701,A,C,0.0186504911725123,6.54952477621137e-26,2.12621753749156e-13
01,26884676,G,A,0.0219589815216305,1.69185549823482e-19,2.13820341385549e-13
22,28181399,T,C,-0.018319584123969,1.96031571599565e-33,2.20651097893057e-13
12,10581027,G,A,0.026873080297138,7.67557963510588e-17,2.38197905822982e-13
10,105169859,G,A,-0.0267907483456678,2.19333994172273e-15,1.09262840959017e-13
10,105656616,A,G,-0.028888115141209,4.76873680122641e-14,3.62654031679856e-13
21,45064961,A,G,-0.0188858353241176,1.10389571482391e-23,4.13374180638885e-13
13,31070212,C,T,-0.0686637516740923,1.61002623122229e-13,4.93776593438812e-13
14,55443602,A,G,-0.0213512750348565,2.73051254947458e-19,6.05608160111852e-13
02,152409809,A,C,0.0178473269190019,1.54013244028983e-27,6.08241412252543e-13
19,15452852,T,A,0.0236880506078536,1.62358188041415e-17,6.35770443161723e-13
03,169529895,C,A,0.0210421672511467,1.37852024509665e-19,7.68947034105421e-13
17,40005650,G,A,0.0311535157593479,6.48236016147559e-15,7.88502047726399e-13
15,44934255,T,G,0.0473509052926104,1.00218877098831e-13,7.8854313871792e-13
01,229784725,C,T,-0.0172329535293579,1.72983363906838e-34,1.02166476848438e-12
22,40592628,A,ATGGAACTCTTGCTGATGTTTTTTTC,0.0177520176667519,3.51681092958192e-30,1.29924481598974e-12
14,101176769,G,A,0.0198124564556069,7.85366286755544e-20,1.58750678637062e-12
17,71188283,T,C,-0.0176243326655723,2.30157101570681e-25,1.99192267962474e-12
19,4064057,T,C,-0.102059628505745,-99,6.38368331099574e-65
19,4426164,C,CT,-0.0911982185098348,-99,1.46640071222153e-96
16,31461820,T,C,-0.0475315855371626,-99,1.76780300847346e-15
06,32784304,C,T,0.104201929851566,-99,5.43225902891973e-24
04,38953016,A,G,0.03591107052706,-99,8.48619414745282e-15
11,67024534,C,T,-0.084927648704832,-99,1.10005794043224e-25
16,89055228,G,A,-0.0775479785042327,-99,8.06760165534633e-18
