chrom,pos,major,minor,beta,p_value,gwas_p_value
07,50427982,G,A,0.100318111725854,0,0
08,41630447,G,A,0.106852489678752,0,0
08,41549491,G,A,-0.181151685480732,2.23391514085599e-162,8.14156566507222e-191
06,41770336,ATTT,A,-0.0989191400070726,0,0
06,41921241,G,T,0.0831687096556368,1.31896878497233e-193,3.57911749411235e-289
06,41852616,A,T,-0.0949538565836608,1.51200091099041e-95,2.39975829936397e-61
06,139838419,A,C,0.101437743234805,0,0
01,158438974,CA,C,0.110152045768362,0,0
01,158638260,G,A,-0.233381352619591,2.56305124254902e-89,6.33314683119765e-107
20,55991637,A,G,0.091839069453277,0,5.41951645903878e-291
22,50971266,C,T,-0.0961496136060483,0,1.85332550810517e-283
04,55408875,A,T,0.0872938689382677,0,5.09214336728025e-196
01,248039451,C,T,-0.0753386153818513,0,3.37398748917515e-176
17,42329004,C,A,-0.0740983531642382,1.86043260044565e-292,2.09402669131196e-157
09,4852599,A,G,-0.0819938809137681,1.72294038995503e-237,7.93304397464756e-156
02,8756183,C,T,-0.0666631276316348,0,7.23971994908696e-146
06,135421176,C,T,0.0717780420464935,1.77832103017963e-235,5.014298645309e-138
03,142312371,G,A,0.0603613803268527,5.76956881887107e-295,1.68388812276106e-123
01,203281175,C,G,0.0565866681237783,7.841370067012e-302,1.67899281298646e-111
19,33754548,C,T,-0.0852211855470717,1.97163121311366e-90,4.29914207213097e-77
06,32577633,G,C,0.0659844716921677,2.74185773326397e-99,7.71989770002587e-74
19,4366219,A,G,-0.0506432286915057,5.8715620941478e-117,2.08264414444085e-73
19,4074697,C,T,-0.0353439116688654,6.01222194591878e-41,2.46879185878252e-29
22,32881746,A,G,0.046102346878294,1.68678666989202e-165,3.7035189888621e-72
01,172402127,C,G,0.0447785809067186,2.06496349215003e-202,1.14629835092431e-70
02,60629438,TAC,T,0.0398416983902539,2.41805670948382e-68,9.4896317607101e-68
02,60723672,C,T,0.0229790819781542,1.2911623769092e-27,3.14072250134819e-35
01,47670911,C,T,-0.0429425133527,3.10213913281353e-171,2.03833471081834e-64
04,146055117,T,C,-0.0654723987549001,2.26847250544477e-76,3.52230540425856e-61
12,121112429,T,C,-0.048904240485723,4.71668143763722e-147,9.35939375008635e-61
12,120894510,C,G,-0.0432836833398488,4.90249090268084e-93,6.06671928658349e-40
12,4330507,G,GA,0.0489366605215729,9.85069236114155e-87,4.55366782820751e-57
01,29439016,T,A,-0.0398700765452139,6.9113808028994e-165,1.19358406857623e-56
11,118967524,C,T,-0.040150084878495,4.86353187254533e-135,3.41661397135539e-56
01,25600747,C,A,-0.0401201614511017,8.58746887967051e-133,4.36790164209974e-56
02,112167931,T,C,0.0367310446639414,5.32149893556261e-54,1.50894419236386e-54
02,112145488,G,T,0.0448951411188085,2.56424739039599e-41,1.76918905379902e-50
02,112250758,G,A,0.0391489936743398,2.85725145532009e-26,1.19098875599248e-34
14,65283676,G,A,0.0436521304940339,2.88285518115862e-96,3.83850549589179e-54
18,43845880,C,CTT,0.0390925626395181,2.60842099517717e-138,6.2114819504161e-54
07,80301004,T,C,0.0283732560626268,1.94713945050653e-68,4.90042399873483e-53
07,80303700,AGCACAAATAAAGCACT,A,-0.040893738243008,4.53665006489563e-36,6.03234744236747e-52
06,164478388,C,A,-0.0384114584048186,1.54999425412134e-135,3.21597273660931e-52
09,100747611,C,G,-0.04606533700384,2.05049057859423e-80,4.29863434113231e-52
17,44125277,CT,C,-0.0463108539765305,2.64267711855374e-81,4.60060933180146e-52
16,631752,G,A,-0.0366831553193482,3.83132430998501e-69,8.18357084052761e-51
01,43432149,C,CTT,0.0466231628219161,6.13245705422928e-75,1.25176328198473e-49
07,44872911,G,A,-0.0369856980171637,1.07253412351949e-141,3.18515727712301e-49
06,109570193,G,A,0.0344086076263266,1.60506856640255e-92,2.64878645094748e-48
06,109356751,G,GA,-0.0298532718932345,1.60498814596835e-16,2.24496589191818e-21
19,12999458,C,T,0.037465551028364,1.52427022918427e-107,3.58829188408466e-48
16,87886490,C,T,0.0421977295330206,1.05738230443068e-73,3.93798873570099e-46
11,19250164,A,C,0.0401971168707045,1.90476402748138e-82,1.2797106597399e-45
04,122798413,T,C,0.0364881927944264,3.27690754690338e-103,1.76866074490245e-45
17,19942335,A,G,-0.0350176766482336,1.15179628756118e-121,4.13239493012809e-44
11,67246630,C,T,-0.0317151278934995,1.13413212776378e-67,9.06692085430869e-44
16,89818089,G,A,0.034187650693469,3.52400583296663e-120,3.80482159039784e-42
08,21807757,A,G,0.0459853853622275,8.87578401743946e-59,4.8988983215184e-42
16,30103160,C,A,-0.0348020582965979,9.60465593051365e-96,6.23840389814444e-42
12,112979034,AAT,A,0.0601088488193034,1.38907631618023e-49,2.14102727215053e-41
03,20105673,G,A,0.0362174146335735,1.51794331690169e-75,1.70347199682818e-40
03,50329826,G,A,-0.0359066528155104,5.64219332288662e-76,3.07817814183721e-40
05,1285974,C,A,-0.0256284331796548,1.23582333284265e-19,4.80019578665601e-38
05,1104938,T,C,-0.0242618201859455,1.95174007792047e-32,3.70380075846207e-20
05,1287194,A,G,-0.0224147458081683,1.84644402512312e-20,5.14877156841911e-32
11,94886632,C,T,0.03319905795032,1.09124369732994e-67,4.34342729849987e-37
11,95298828,T,A,-0.0204915969992835,3.25029418676051e-12,1.20023541578058e-09
09,79925531,T,TCAC,0.03948273839512,8.64805049665763e-55,3.69213681499452e-36
01,198552088,T,C,0.0855189766715458,2.59592990264963e-28,1.83325631153816e-35
01,199000727,G,A,-0.0228045051064737,6.4074149470061e-17,4.38810656883094e-09
01,198613955,T,A,0.0184437074476516,7.86007733214647e-17,4.54863453434248e-14
10,45393201,T,G,-0.0326290989416343,6.73681218880719e-77,2.40513229139724e-35
10,45890294,C,A,0.0290772801873724,3.49520534127933e-12,1.9578941535133e-10
01,20915701,A,C,0.0327006467670232,1.32218804791328e-70,2.98219210435456e-35
12,88836215,T,G,-0.0337150982216002,6.32655650506587e-63,1.25378079464059e-34
01,23840570,C,T,0.0309501717611028,1.86190675302011e-88,1.48337144922506e-34
16,30987380,G,GT,0.0320126020490304,2.78121528674607e-72,2.32680516900756e-34
03,141150026,A,G,-0.0278675448939301,5.80239815202698e-66,1.06988354753823e-33
03,141643004,G,A,0.0502302629026019,1.06307328214733e-12,6.30791243909746e-11
03,141248515,A,G,0.0322821307341656,1.99362319990264e-12,3.02712656812928e-19
10,3886904,A,G,-0.058092733237428,1.23350047873705e-38,1.1829535460209e-33
10,3851367,C,T,0.0584124706080118,8.28899991815569e-12,1.21105582723559e-11
17,37461643,T,G,-0.0349669636927112,3.16834304837333e-55,1.18819493148783e-33
17,47857324,C,T,-0.0336623602772921,6.41996020883205e-61,1.47483109574213e-33
09,136139907,GAAACTGCC,G,0.0314004440201399,4.92038224495572e-43,5.83408151779116e-33
09,135860412,G,A,-0.0754344119527419,1.56013291683821e-31,4.34788582663612e-29
09,136127366,C,T,-0.0460275543264441,2.56146897846194e-19,2.95954591620229e-22
03,24334511,TTTTG,T,-0.032158146432573,5.06530943972507e-63,2.07150001661609e-32
01,205246061,G,T,0.030491843135446,4.26507843416806e-71,4.56702737888675e-32
01,211401552,A,G,0.0405203618043523,3.54231166013736e-34,1.19802043574055e-31
01,211897587,G,C,0.0204218465035277,1.94461936215087e-12,1.02190459266239e-12
10,71094504,T,C,0.0471396218227356,4.30509268364006e-39,1.27739331533889e-31
12,122188507,C,CACACCA,0.0294803551389889,1.39860917219935e-48,1.64584737072456e-31
12,122507507,T,C,0.015002708671785,1.30305817870614e-14,1.57334727595332e-09
18,60920854,C,T,0.0850976815073252,3.19294141831565e-32,1.80788238257119e-30
20,44590298,C,G,0.0366122071858453,6.58897328923059e-43,6.66147589587599e-30
11,116648917,C,G,-0.0419295806622518,2.52301773782731e-38,1.0955755526702e-29
02,43451957,G,A,0.0538699115346011,1.33146580259195e-33,7.21364732505239e-29
14,37718177,G,A,0.0307314099462494,3.65810670838256e-50,1.98594254903782e-28
20,30357011,TA,T,0.0339456470357569,2.76861836211123e-44,2.38628485629946e-28
06,44203319,G,A,-0.03056278766176,1.05812299044564e-49,3.50549417395655e-28
16,67191890,C,CTCCAG,0.0459764545971186,6.62721811526141e-21,1.7652646910813e-27
16,67260418,T,C,0.0467208055989458,4.66855337097426e-11,2.80518556001033e-19
10,96158215,G,C,0.0274551709076751,1.08078461423472e-68,1.90355457254427e-27
11,33913568,T,C,0.027358234864416,9.47558538202657e-77,2.07886039471211e-27
10,80805016,T,C,0.0313667019441117,9.47173743948253e-43,1.04580254871224e-26
19,33073431,G,A,0.0293867047313592,4.53831813870455e-47,1.95248533087696e-26
03,71256309,C,T,-0.0323402246050149,1.58467625495475e-40,2.83313296257679e-26
11,16363658,C,T,0.0482647233576949,9.926992320405e-31,3.07877370408011e-26
13,76079802,C,T,-0.0444008374061862,9.83938743395301e-32,4.03702885302979e-26
06,90981085,TAA,T,0.0275477043109888,8.30093972033547e-61,4.09573331594748e-26
15,78539661,A,G,0.0270783518432394,3.29576882737035e-58,4.87391854877576e-26
03,16929593,C,T,-0.0422144784787414,2.44555380352973e-22,2.85573722039499e-25
03,16970938,A,G,0.0252680499066704,1.01719575106607e-31,3.26908069339153e-21
03,17098399,A,G,0.109160642737494,1.53115401719158e-16,7.02173448360884e-15
19,45411941,T,C,-0.0327084540211336,3.15590535027354e-28,5.50749660317386e-25
19,45412079,C,T,0.0327058615311211,2.36961455856643e-14,1.79494396035837e-16
22,36762634,C,T,0.0279917844621831,2.04341388072737e-46,8.68545248694792e-25
04,145026126,C,T,-0.0727335577154468,4.40835539662517e-27,1.13632437963416e-24
04,144896336,A,G,-0.0189608296077183,1.27753531496642e-25,1.26066394063986e-09
04,145469881,A,G,-0.0710877523766888,1.89057272021256e-09,7.64768796990038e-10
21,46269526,G,A,0.0354212969277352,1.15884967316611e-31,7.35878642593662e-24
02,174219135,G,A,0.0558035867644259,7.45488021739456e-26,2.36207740550146e-23
11,61618169,A,G,-0.0338975899913859,3.05790851889898e-32,2.52279201910846e-23
10,46008203,C,T,0.0495974742810062,3.06252609201015e-26,5.0346486350607e-23
17,76183233,C,T,0.113495253472298,3.37875387952343e-23,2.2434760104348e-22
17,76124810,A,AG,-0.0291670181565296,9.14805579283562e-26,2.15821116016675e-20
17,76404184,TATCA,T,0.0184379691767169,6.39939393368635e-26,9.2131442989807e-14
09,97254654,C,CT,0.0252544675096936,1.02240185297831e-50,8.69523453618985e-22
X,40846264,G,A,0.0259022976484606,6.4136716973131e-29,9.24061722924753e-22
10,101278725,C,T,0.026489876393677,3.05396355139934e-37,1.82905339753692e-21
08,48885436,A,T,-0.0338059814373085,4.18012825352923e-28,2.13301185276188e-21
09,115914583,C,T,-0.0906845740087622,4.50746308736051e-22,3.39717989237191e-21
01,11904076,T,C,-0.0273237735769292,1.10235080685031e-33,7.20302184638663e-21
15,66067206,CT,C,-0.0269164075609933,1.2776886671486e-34,7.52402206999091e-21
06,53127997,A,C,-0.0256888750984462,2.60600655415142e-37,7.82280048412987e-21
07,98611365,C,T,-0.0699327271992789,8.11091322258358e-23,8.35698134483784e-21
07,98526557,C,T,-0.066823960770161,5.6930759170784e-13,7.68078733142839e-12
06,111528108,C,T,0.0344541555116534,1.16588717682336e-26,1.02905317079409e-20
16,89562001,A,AT,-0.0229699087683399,1.76751997131016e-38,1.16927484524277e-21
16,89105007,G,A,0.0441552988126198,1.287767347247e-17,1.57324538629409e-20
15,56560825,G,T,-0.0233613059916476,1.30164675836008e-54,1.89864967350765e-20
02,27730940,C,T,-0.023862820479563,5.67307663761578e-45,2.2620143298175e-20
02,111807677,G,A,-0.0244594054940196,1.21908940814145e-25,5.03992224218558e-24
02,112047920,G,A,-0.02155463967102,2.59907193447778e-13,4.13327370837986e-10
02,111612050,T,TTCCC,0.0185191488361778,2.72610460479957e-18,6.31370158075457e-20
01,2996602,C,T,0.0274055621437922,3.23467654264113e-31,6.64873655516353e-20
11,67194593,C,T,-0.026726399087013,9.24620262841298e-46,8.03797933473407e-43
11,67200812,C,T,-0.0380210267818442,1.22331312057965e-10,2.76715437682729e-18
20,62554813,T,C,0.0562711785671362,1.2297809354621e-20,4.06338944419442e-19
04,146016257,T,C,-0.0652176171626165,1.55180718777704e-67,5.90956683748363e-59
04,145091680,G,A,-0.0483539220907899,1.22848770906654e-18,4.41045408130733e-17
04,145974892,T,G,0.0443686481768826,2.07899583465314e-14,2.83966524567533e-18
08,30280630,G,A,0.0252148307659304,2.53609471566708e-30,1.78341212415363e-18
06,107437166,C,T,-0.0236000750401118,7.31857799637654e-35,1.91187548197492e-18
08,86260295,T,A,0.0222729002997525,2.76065314224705e-41,4.23575481702984e-18
16,426007,G,A,-0.0317116810101215,6.05428997158492e-15,5.57902406759203e-23
03,142024351,C,A,0.0577524866392616,3.21814729011138e-166,1.19545383330919e-108
03,141295050,A,G,-0.030525236772429,9.80916355289789e-42,2.29384321732989e-33
03,141658320,C,G,-0.0277303220073304,1.19961528034788e-27,6.94300876767453e-18
02,220063084,C,T,0.0216730701112663,2.04841019619332e-35,1.27585374206418e-17
02,220155459,C,A,-0.0669673334893962,1.36467776469995e-10,1.14730702871438e-12
05,67608714,TAGAA,T,0.0245977787606996,1.67373751250078e-28,1.51477493021857e-17
08,19823648,A,T,0.0237649352268691,2.42509373343778e-30,1.60222258981562e-17
17,27199518,G,A,0.0230197891279002,5.09031215739259e-25,1.85819179518348e-17
17,27579011,C,T,-0.0466002383116571,2.38539725099565e-12,1.14943473995276e-13
22,30590026,C,T,0.0321352850245644,1.13767672461571e-19,2.63183305076073e-17
22,31069603,T,A,-0.0332371182380962,9.90115669403356e-17,1.61608363427689e-15
16,170328,C,T,-0.0637131043708128,-99,1.3545964311496e-42
11,67097778,T,C,-0.0896159787381451,-99,7.4939390937416e-30
