chrom,pos,major,minor,beta,p_value,gwas_p_value
8,41630405,G,A,0.12389439404399,0,0
6,41750351,C,T,-0.100171782282612,0,0
6,41921241,G,T,0.0880165892517934,3.58702131545007e-247,1.0921890090229e-304
6,41706629,T,C,0.121001616074182,1.02474290994049e-94,5.01617985279808e-21
6,139838419,A,C,0.0792192334728051,0,0
6,139842599,T,G,0.133733596516855,3.26889314863374e-97,1.41004263481904e-174
1,158638260,G,A,-0.29054138647536,5.68178291234704e-157,1.41757123346343e-192
1,158586966,A,T,0.12274594113366,1.27345744866335e-232,0
7,50427982,G,A,0.0873451811114017,0,2.56833093431524e-298
22,50971266,C,T,-0.0863918664461117,0,8.71734838555073e-261
4,55408875,A,T,0.0770087943167257,1.75350850229143e-289,5.79892898353722e-174
6,135424179,C,G,0.0732470808096115,4.60450063140868e-294,2.51676873941383e-168
20,55991637,A,G,0.0636175971290194,0,7.55131840614593e-160
6,26093141,G,A,0.124706303796179,1.61804674518813e-207,3.19497298437109e-149
6,26104632,G,T,0.0643876753730454,1.57183230993812e-114,7.1073993497068e-58
3,142312371,G,A,0.0593439893052755,0,9.42577165563418e-136
9,4853751,A,G,-0.0708702712426972,3.33092201484997e-200,5.5362160252677e-132
1,25600747,C,A,-0.0648711316342868,0,3.68931539896043e-117
1,25677605,G,A,-0.0504744376566586,2.43234114016548e-57,1.85512404160223e-09
22,37462936,G,A,-0.0545597511168634,8.49415726431129e-296,5.21024606472748e-116
17,42329004,C,A,-0.0589415677342182,2.30562293167188e-211,3.86757688459858e-114
18,43845880,C,CTT,0.0503569720292171,1.6581208975332e-259,4.33085271818756e-100
1,248039451,C,T,-0.0518909837303902,7.16108124778476e-191,7.73464003858639e-96
1,203281175,C,G,0.0468838569271164,1.64625551326693e-236,1.37349654211523e-87
10,71094504,T,C,0.0742483239018807,3.53752009911722e-107,3.71381248018781e-86
19,4454083,C,T,-0.050957632269545,1.00879831448495e-125,4.19481882787981e-82
19,4064057,T,C,-0.0437119533268819,1.25265299558216e-60,2.91793167635046e-47
14,65263003,G,C,0.0509326358721036,5.06587426379238e-147,1.47410348925409e-77
14,65249815,C,T,-0.0334738107512469,1.28122208819256e-23,2.85652238719244e-09
6,109633815,A,G,-0.0432784868045249,4.23515261314519e-209,3.60130443171047e-75
19,12999458,C,T,0.042420714346094,4.05320583305e-156,2.03991014952193e-69
2,8756183,C,T,-0.0425280722757933,3.41490204830647e-151,1.64237289217681e-68
19,17252974,T,C,0.0384934276434446,5.20678261097111e-91,3.12344036219476e-68
19,17252041,G,A,-0.0534700107383172,3.30466392769829e-45,2.07694047983343e-59
19,33754548,C,T,-0.0736292075845241,3.62943173427827e-77,8.05669677344629e-66
9,91392686,TTC,T,-0.0908170328523423,5.46608152414059e-73,1.79280776987054e-65
22,32881746,A,G,0.0408157918912104,5.62734049403119e-148,1.07510475145192e-64
17,44162056,T,A,-0.0460295272428404,3.44556218271152e-92,5.11677892143777e-59
2,112167931,T,C,0.0367240150286977,3.46132433944896e-61,5.18134126016007e-58
2,112145488,G,T,0.0381504119683767,1.08927562688457e-34,7.41512635415541e-41
2,112279333,A,AG,0.0328913792974786,1.26445325524935e-23,6.43862170841081e-27
12,112979034,AAT,A,0.0664164648034831,2.9850397632869e-68,7.01041238658841e-57
1,43429105,T,C,0.0444805655962933,1.55249255511255e-80,4.40014977397233e-53
2,60629438,TAC,T,0.0324167591376159,5.69534748796251e-52,2.84349369586152e-51
2,60723672,C,T,0.0183910215718983,1.40200735519168e-20,2.35443370042654e-26
4,146055117,T,C,-0.0532712795591532,8.30638917618246e-58,1.99258311999334e-50
4,146143199,G,GAA,0.0511614281449717,4.45462838508515e-19,7.52078750900151e-22
6,31326251,C,T,-0.0332036187645375,1.29172543785132e-56,4.47438151121115e-50
6,31506691,G,A,-0.0426966764881469,1.13614451493035e-43,3.72619821358396e-41
6,31082127,G,A,0.019510250137118,1.72938592269284e-23,8.20880877165908e-20
17,76124810,A,AG,-0.0433745910948502,4.21626037684229e-80,1.32535865410832e-49
17,76183233,C,T,0.11320317317578,2.69114470523093e-26,1.48427944760913e-23
2,24030829,AAT,A,-0.0467390103625961,1.9600269805695e-68,5.62930650718408e-49
12,121151062,CTCTCTTG,C,-0.0400978706737677,1.52311335041766e-109,6.21107839209902e-49
12,120878530,C,T,-0.0289275080470968,1.09924376326622e-48,5.74769288044019e-19
7,100226665,T,C,-0.0357170100216571,1.11049870625973e-102,1.6467596184938e-48
1,29352596,AAG,A,-0.0344050792113789,1.0359382220638e-141,2.71914280151073e-48
11,100456604,C,T,-0.0575221560875541,1.49237028007858e-57,1.54036670284814e-47
9,100746855,G,GCA,-0.0410453793732876,7.80546881181616e-73,3.32380341706975e-47
12,4330507,G,GA,0.0404278746713898,7.72644440480147e-68,9.21896857422476e-45
6,32662473,A,C,0.0338251030467524,1.5895974594987e-31,2.14893388138413e-43
6,32601930,T,C,-0.0230552690108491,2.28220633704586e-51,4.99906132123154e-41
16,621894,C,CT,-0.0311025539351949,6.07914610253255e-54,4.86974220248376e-42
16,170328,C,T,-0.0290718322410726,4.66477810497511e-57,9.90266030714013e-35
16,193224,G,A,-0.0759864208570897,7.21395412497151e-12,4.31302219787707e-11
11,19250164,A,C,0.0356054149974629,7.01906991361139e-74,5.92999410545372e-41
16,87886490,C,T,0.0369515484951551,1.31677411288087e-64,1.90680857983749e-40
1,3691528,A,G,-0.0374862966473625,1.6547053438828e-63,6.36304250072149e-40
4,122798413,T,C,0.0314735835592481,9.16606860301154e-88,8.32173360869633e-39
1,47691568,G,GCAGA,-0.0308380041379148,7.624071809455e-103,3.56715784780219e-38
3,20105673,G,A,0.0325815353042605,8.75058923691525e-70,1.55867269294247e-37
16,30103160,C,A,-0.0307067078312439,4.06817376414613e-85,2.23668563241526e-37
6,164478388,C,A,-0.0302205373508458,3.80363155965994e-96,2.86715223552191e-37
7,44872911,G,A,-0.0299312987687113,3.25213555597505e-106,3.6894217072576e-37
3,195830380,T,A,-0.0326667981252756,2.9212349474648e-49,4.25766502275475e-36
3,195918956,A,C,-0.0316788295405966,1.64376740286682e-23,2.66083990843181e-16
3,196231122,A,T,-0.0180969559821757,3.40757502241266e-16,9.62329549804283e-12
19,1056492,C,G,0.0388896531468467,2.53719131759774e-48,4.53447762117767e-36
19,783519,G,A,0.0221396742364881,1.18076458182388e-12,3.39693898743757e-10
11,9770910,C,T,0.0309022626987611,4.40267090121483e-73,5.50520314509477e-36
5,1282319,C,A,-0.0230528023006583,4.21195800250625e-19,1.15575725776231e-35
5,1104938,T,C,-0.02301800799607,5.52814872146365e-33,4.61475221462177e-21
5,1287194,A,G,-0.0207884898959072,8.19677024500919e-21,1.49366598411303e-29
9,79925531,T,TCAC,0.0365750501478447,1.35638765816198e-53,2.07258355507542e-35
1,20916238,G,A,0.0303409630775077,2.82502087134662e-64,1.50021663357861e-33
10,45388231,C,G,-0.0291804642624249,1.97567187341775e-79,3.11147320983966e-33
1,198552088,T,C,0.0733309500282461,5.55063364717718e-24,8.63531192945817e-32
1,198994696,T,TA,-0.0323338358907295,1.81353644380165e-37,3.68987758846069e-22
1,198613955,T,A,0.0217197700958386,3.031273312634e-25,4.8417551126063e-16
19,45411941,T,C,-0.034140019660058,1.24944806672661e-34,1.09063283489461e-31
19,45412079,C,T,0.0405355706824689,6.0038206486881e-24,1.43710942402534e-26
15,66067206,CT,C,-0.0312005804615087,4.61343605082823e-52,4.39561150625578e-31
11,116648917,C,G,-0.0403007332016834,3.08588531365644e-40,4.56855757603479e-31
9,135860412,G,A,-0.066439738432446,4.53754443830943e-28,7.11847963521877e-31
9,136139907,GAAACTGCC,G,0.0298845232502541,5.48012293643576e-37,2.01167372734512e-27
9,135858225,G,C,0.0179797559171827,2.36717761104739e-18,7.13085141360394e-16
17,19965972,A,G,0.0275804352246856,1.01592893530012e-65,3.53571307958724e-30
20,30401406,A,AG,0.0325433845213893,2.82098508179866e-46,4.82012122114907e-30
1,23840570,C,T,0.026844899911634,4.51568094073405e-76,7.51447349673618e-30
8,19912370,G,A,0.0402328370965103,2.76100558238187e-34,3.4318598788151e-29
8,19793581,C,T,-0.0617851150648011,7.57687676335601e-13,4.56573740291898e-14
11,67246630,C,T,-0.0232035967827302,5.86217955002943e-42,4.1921893814753e-29
11,67097778,T,C,-0.0406004016273117,2.8512947795247e-21,1.35176702937318e-28
3,24334511,TTTTG,T,-0.0284034521118018,3.3371492345449e-56,6.05050919630287e-29
11,94886632,C,T,0.0269711733710375,6.25092483406854e-63,6.93338464533059e-29
1,172402127,C,G,0.0263413014426153,5.27555678027537e-81,7.96935107044201e-29
12,54685880,C,T,0.0550916459237471,4.23791535968304e-37,1.57583802176826e-28
12,54698408,G,A,0.0343266687112082,9.6711116171526e-22,5.37146065679253e-14
16,30987380,G,GT,0.0271271890669268,1.86315906668616e-59,1.73275835461984e-28
7,123430826,A,AT,-0.0486603129074259,3.35574906368261e-33,2.2125198404908e-28
8,21779937,C,G,0.0353102449464881,1.78794699709017e-38,3.75896127326964e-28
11,16363658,C,T,0.0447257986906485,7.82843147539111e-27,1.01136261984458e-27
11,16664123,T,C,0.0163253319244085,1.61805227492377e-23,8.83172771102396e-14
11,118971251,A,G,-0.0256060163312561,5.62206023102305e-65,5.35578673330369e-27
6,44203319,G,A,-0.0280238668158816,3.41278551871515e-35,5.75550934625756e-27
6,43758873,A,G,0.0173997557672452,2.89189263992828e-23,4.75900736502927e-13
10,3886904,A,G,-0.0479219123358098,1.71131860908705e-30,3.83528474752675e-26
8,130624105,C,G,0.025898380009007,6.77434995234472e-42,1.20907899423027e-25
8,131025818,C,T,0.0252267811041539,1.87035739508353e-44,2.94262095121584e-25
12,88836215,T,G,-0.0269296997122067,3.22084272683962e-46,1.28434723470607e-25
6,29919021,C,A,0.0238567753392614,4.03413682084535e-38,2.40715970454064e-25
6,29488393,C,CAA,0.0204382008996541,7.66214408634878e-15,1.70791846325554e-22
6,29582758,CAAAAAAAAAA,C,-0.0264518030411108,3.58145089026923e-13,4.66128267703658e-13
17,47857324,C,T,-0.0269234525340782,7.12955359001438e-45,6.70594761791884e-25
9,115914583,C,T,-0.092230770379662,1.01899960482289e-25,1.0966071512254e-24
6,31249267,G,C,-0.0449546530163614,5.98207810262261e-28,6.05099825492309e-40
6,31312538,G,A,0.0288267746106925,1.65396848443379e-50,4.84047728456872e-31
6,30335350,T,C,0.0347243859829312,1.07777124902549e-30,1.1622371462538e-20
11,61549458,A,G,-0.0251779704615812,3.21133615560403e-49,3.39054408145215e-24
2,174219135,G,A,0.0529611550103508,1.75371377701327e-26,8.24273853892719e-24
16,89771870,T,TA,0.024107759915941,2.84018312681119e-60,2.62047851095929e-23
1,26890836,G,A,0.028991776617127,2.0530530292559e-34,2.73423094697214e-23
6,34238295,G,A,-0.0544133564496001,2.39902258137848e-25,3.73070907973219e-23
8,41576528,A,G,-0.047869182468873,5.96968273054647e-131,1.2471662026556e-40
12,53760162,A,G,-0.0319382860787755,2.56295065112016e-30,1.20060649944097e-22
11,33913568,T,C,0.0230578938572263,1.87142246158664e-62,1.74004684490947e-22
3,16929593,C,T,-0.0373774445672578,4.06366789945521e-20,2.03382849120754e-22
3,16970938,A,G,0.0209799123713079,3.00190890687393e-25,1.74091719704525e-17
3,16858562,A,G,0.097403984660933,1.48103291542855e-14,1.50408017433518e-13
3,141147414,T,C,-0.0193744400374357,2.00246776421257e-39,2.2529539707126e-22
3,141248515,A,G,0.032529018560273,3.69566824907758e-14,3.87620761017044e-19
13,76079802,C,T,-0.038209644051802,4.99593278072556e-27,2.7556854865954e-22
1,225957206,C,T,-0.0364205163083463,2.92636447660694e-27,4.17951675588219e-22
19,33073431,G,A,0.024828885504217,1.34116258238713e-38,8.49838112671278e-22
16,11439795,T,TTGG,0.0241352913547702,1.9610193090015e-41,8.52552766394409e-22
18,60920854,C,T,0.0661195474308652,1.14058492571167e-22,1.84679821775168e-21
3,71256309,C,T,-0.0271487310041885,7.22352901984555e-33,2.08066337913621e-21
2,61616653,G,T,-0.0234128099101035,5.98711633713437e-42,3.11145285402353e-21
4,110865465,A,G,-0.022851762792762,7.7790494435686e-49,4.16112106223756e-21
15,56721875,A,G,-0.0223036000276309,3.91760163241877e-54,4.46556579170014e-21
12,21386493,A,C,-0.0301032023621403,6.93694126845544e-29,5.1850685039249e-21
13,41153585,A,G,-0.0267022810366149,1.36181524749666e-31,6.74120738655785e-21
14,37623674,ATC,A,0.024095788426126,5.37750475912832e-37,8.72049561937956e-21
17,57506092,G,A,-0.0236138188843602,5.23659071248796e-19,3.17351478510013e-20
17,57114918,C,CAAAAAAAAAAAAAAAAAAAA,-0.0180157729391726,6.16537735018956e-22,4.76902357987856e-17
17,4901982,C,T,-0.0570176205454797,1.76781653581752e-21,4.62142462588463e-20
17,37406927,C,CTTT,-0.0258204648980535,1.12954308094545e-31,5.07257922620301e-20
6,90981085,TAA,T,0.0223374502414051,5.43701059320219e-46,5.84263581400958e-20
1,2996602,C,T,0.0257024889097053,2.84832775605586e-31,6.14525920789973e-20
11,64004643,C,G,-0.0515705599192952,4.90347102806908e-22,6.25521271371167e-20
7,80312637,T,C,-0.0334341760946705,1.44210836706614e-25,1.06742262753848e-19
7,92273578,C,T,0.0293193462843476,2.52097230598898e-28,1.37304816627553e-19
7,92682609,G,A,-0.0329745892646592,2.61710050461438e-25,3.77306275605783e-18
7,92639117,A,G,-0.0347691157741541,3.94825462675963e-12,2.19955962506803e-13
6,121838999,C,A,-0.0264720848790144,6.92502199634967e-27,1.00650007908626e-18
16,67239386,T,TTTTG,0.0535354729515433,4.15297728674873e-28,2.02443177930553e-18
16,67677506,A,AAAT,-0.043093160492786,6.23948128569124e-18,6.01683327923809e-09
8,145115465,C,T,0.0383490562422485,4.24347057169311e-21,2.76003246909225e-18
8,30285091,C,G,0.0234841257530634,5.76682493090743e-30,3.50052636736937e-18
7,73022933,AAG,A,0.0305214726313393,3.20223501364769e-23,3.63118496978159e-18
20,44557474,T,C,0.026092494406418,1.3701380918391e-25,5.49107996428382e-18
3,12269266,C,T,-0.0207332016900483,1.08278081322079e-41,6.2303618713245e-18
8,41512581,C,CACAGCAGAGTCTAT,-0.10443350140297,-99,7.98848722320878e-26
8,41543675,G,A,-0.468039705560499,-99,2.14906095463892e-261
