chrom,pos,major,minor,beta,p_value,gwas_p_value
07,50427982,G,A,0.10031811172586,0,0
08,41630447,G,A,0.106852489678766,0,0
06,41770336,ATTT,A,-0.0989191400070528,0,0
06,41921241,G,T,0.0831687096556371,1.3189687849688e-193,3.57911749411235e-289
06,41852616,A,T,-0.0949538565836544,1.51200091103494e-95,2.39975829936397e-61
06,139838419,A,C,0.101437743234812,0,0
01,158438974,CA,C,0.110152045768337,0,0
01,158638260,G,A,-0.233381352619568,2.5630512426522e-89,6.33314683119765e-107
20,55991637,A,G,0.091839069453229,0,5.41951645903878e-291
22,50971266,C,T,-0.0961496136060349,0,1.85332550810517e-283
04,55408875,A,T,0.0872938689382506,0,5.09214336728025e-196
01,248039451,C,T,-0.0753386153818572,0,3.37398748917515e-176
17,42329004,C,A,-0.0740983531642567,1.86043259982272e-292,2.09402669131196e-157
09,4852599,A,G,-0.0819938809137597,1.72294039015148e-237,7.93304397464756e-156
02,8756183,C,T,-0.0666631276316417,0,7.23971994908696e-146
06,135421176,C,T,0.0717780420464577,1.77832103113052e-235,5.014298645309e-138
03,142312371,G,A,0.0603613803268602,5.76956881789367e-295,1.68388812276106e-123
01,203281175,C,G,0.0565866681237582,7.8413700708436e-302,1.67899281298646e-111
19,33754548,C,T,-0.0852211855471057,1.97163121279335e-90,4.29914207213097e-77
06,32577633,G,C,0.0659844716921447,2.7418577336954e-99,7.71989770002587e-74
19,4366219,A,G,-0.0506432286914962,5.87156209473632e-117,2.08264414444085e-73
19,4074697,C,T,-0.0353439116688714,6.01222194573726e-41,2.46879185878252e-29
22,32881746,A,G,0.0461023468782893,1.68678667002144e-165,3.7035189888621e-72
01,172402127,C,G,0.0447785809067114,2.06496349245966e-202,1.14629835092431e-70
02,60629438,TAC,T,0.0398416983902478,2.41805670959787e-68,9.4896317607101e-68
02,60723672,C,T,0.022979081978151,1.29116237693103e-27,3.14072250134819e-35
01,47670911,C,T,-0.0429425133526976,3.1021391329532e-171,2.03833471081834e-64
04,146055117,T,C,-0.0654723987549106,2.26847250531997e-76,3.52230540425856e-61
12,121112429,T,C,-0.0489042404857197,4.71668143785418e-147,9.35939375008635e-61
12,120894510,C,G,-0.0432836833398521,4.90249090252888e-93,6.06671928658349e-40
12,4330507,G,GA,0.0489366605215753,9.85069236095882e-87,4.55366782820751e-57
01,29439016,T,A,-0.0398700765452102,6.91138080338563e-165,1.19358406857623e-56
11,118967524,C,T,-0.0401500848784946,4.86353187256997e-135,3.41661397135539e-56
01,25600747,C,A,-0.0486058582596277,3.57125701992557e-185,4.36790164209974e-56
01,25677605,G,A,-0.0425578444531544,2.06425140506097e-36,4.68074057394008e-08
02,112167931,T,C,0.036731044663928,5.32149893602788e-54,1.50894419236386e-54
02,112145488,G,T,0.0448951411188064,2.56424739041823e-41,1.76918905379902e-50
02,112250758,G,A,0.0391489936743407,2.85725145531329e-26,1.19098875599248e-34
14,65283676,G,A,0.0436521304940297,2.88285518127967e-96,3.83850549589179e-54
18,43845880,C,CTT,0.039092562639517,2.60842099521994e-138,6.2114819504161e-54
07,80301004,T,C,0.0283732560626256,1.94713945053029e-68,4.90042399873483e-53
07,80303700,AGCACAAATAAAGCACT,A,-0.0408937382430072,4.53665006491087e-36,6.03234744236747e-52
06,164478388,C,A,-0.038411458404819,1.5499942541111e-135,3.21597273660931e-52
09,100747611,C,G,-0.0460653370038545,2.05049057836275e-80,4.29863434113231e-52
17,44125277,CT,C,-0.0463108539765374,2.64267711840914e-81,4.60060933180146e-52
16,631752,G,A,-0.0366831553193324,3.83132431049977e-69,8.18357084052761e-51
01,43432149,C,CTT,0.0466231628219136,6.13245705434081e-75,1.25176328198473e-49
07,44872911,G,A,-0.036985698017164,1.07253412351179e-141,3.18515727712301e-49
06,109570193,G,A,0.0344086076263256,1.60506856642239e-92,2.64878645094748e-48
06,109356751,G,GA,-0.0298532718932336,1.60498814597178e-16,2.24496589191818e-21
19,12999458,C,T,0.03746555102836,1.52427022926514e-107,3.58829188408466e-48
16,87886490,C,T,0.0421977295330146,1.05738230448012e-73,3.93798873570099e-46
11,19250164,A,C,0.0401971168706959,1.90476402763343e-82,1.2797106597399e-45
04,122798413,T,C,0.03648819279443,3.27690754675068e-103,1.76866074490245e-45
17,19942335,A,G,-0.0350176766482292,1.15179628763989e-121,4.13239493012809e-44
11,67246630,C,T,-0.0317151278934959,1.13413212780288e-67,9.06692085430869e-44
16,89818089,G,A,0.0341876506934709,3.52400583285706e-120,3.80482159039784e-42
08,21807757,A,G,0.0459853853622367,8.8757840169753e-59,4.8988983215184e-42
16,30103160,C,A,-0.0348020582966108,9.60465592898171e-96,6.23840389814444e-42
12,112979034,AAT,A,0.0601088488192781,1.38907631630867e-49,2.14102727215053e-41
03,20105673,G,A,0.0362174146335814,1.51794331678915e-75,1.70347199682818e-40
03,50329826,G,A,-0.0359066528155045,5.64219332320523e-76,3.07817814183721e-40
05,1285974,C,A,-0.0256284331796617,1.23582333281465e-19,4.80019578665601e-38
05,1104938,T,C,-0.0242618201859432,1.95174007794734e-32,3.70380075846207e-20
05,1287194,A,G,-0.0224147458081675,1.84644402512917e-20,5.14877156841911e-32
11,94886632,C,T,0.0331990579503314,1.09124369721667e-67,4.34342729849987e-37
11,95298828,T,A,-0.0204915969992846,3.2502941867519e-12,1.20023541578058e-09
09,79925531,T,TCAC,0.0394827383951152,8.64805049691504e-55,3.69213681499452e-36
01,198552088,T,C,0.0855189766715431,2.59592990265949e-28,1.83325631153816e-35
01,199000727,G,A,-0.0228045051064796,6.40741494688968e-17,4.38810656883094e-09
01,198613955,T,A,0.0184437074476526,7.86007733211651e-17,4.54863453434248e-14
10,45393201,T,G,-0.0326290989416376,6.73681218857081e-77,2.40513229139724e-35
10,45890294,C,A,0.0290772801873703,3.49520534129175e-12,1.9578941535133e-10
01,20915701,A,C,0.0327006467670323,1.3221880477974e-70,2.98219210435456e-35
12,88836215,T,G,-0.0337150982215913,6.32655650553503e-63,1.25378079464059e-34
01,23840570,C,T,0.0309501717610952,1.8619067532034e-88,1.48337144922506e-34
16,30987380,G,GT,0.0320126020490285,2.78121528679888e-72,2.32680516900756e-34
03,141150026,A,G,-0.0278675448939253,5.80239815232284e-66,1.06988354753823e-33
03,141643004,G,A,0.0502302629026031,1.06307328214591e-12,6.30791243909746e-11
03,141248515,A,G,0.0322821307341665,1.99362319989983e-12,3.02712656812928e-19
10,3886904,A,G,-0.0580927332374278,1.23350047873834e-38,1.1829535460209e-33
10,3851367,C,T,0.0584124706080066,8.28899991819122e-12,1.21105582723559e-11
17,37461643,T,G,-0.034966963692704,3.16834304853246e-55,1.18819493148783e-33
17,47857324,C,T,-0.0336623602773061,6.41996020810409e-61,1.47483109574213e-33
09,136139907,GAAACTGCC,G,0.0314004440201505,4.92038224464111e-43,5.83408151779116e-33
09,135860412,G,A,-0.0754344119527237,1.56013291689009e-31,4.34788582663612e-29
09,136127366,C,T,-0.046027554326454,2.56146897841648e-19,2.95954591620229e-22
03,24334511,TTTTG,T,-0.032158146432574,5.06530943968376e-63,2.07150001661609e-32
01,205246061,G,T,0.0304918431354468,4.26507843413742e-71,4.56702737888675e-32
01,211401552,A,G,0.0405203618043389,3.54231166031274e-34,1.19802043574055e-31
01,211897587,G,C,0.0204218465035277,1.94461936215094e-12,1.02190459266239e-12
10,71094504,T,C,0.0471396218227164,4.30509268394237e-39,1.27739331533889e-31
12,122188507,C,CACACCA,0.0294803551389935,1.39860917215396e-48,1.64584737072456e-31
12,122507507,T,C,0.015002708671785,1.30305817870661e-14,1.57334727595332e-09
18,60920854,C,T,0.0850976815073201,3.19294141834288e-32,1.80788238257119e-30
20,44590298,C,G,0.0366122071858364,6.58897328953744e-43,6.66147589587599e-30
11,116648917,C,G,-0.0419295806622711,2.5230177376318e-38,1.0955755526702e-29
02,43451957,G,A,0.0538861863518191,1.68071621659957e-31,7.21364732505239e-29
02,43161180,G,A,0.0155082784347153,3.51991179875213e-14,1.32831782776886e-08
14,37718177,G,A,0.0307314099462491,3.65810670839123e-50,1.98594254903782e-28
20,30357011,TA,T,0.0339456470357582,2.76861836209066e-44,2.38628485629946e-28
06,44203319,G,A,-0.0305627876617665,1.05812299039672e-49,3.50549417395655e-28
16,67191890,C,CTCCAG,0.0451754806888639,3.19223292132578e-20,1.7652646910813e-27
16,67260418,T,C,0.046160104890883,7.94296067833042e-11,2.80518556001033e-19
10,96158215,G,C,0.0274551709076676,1.08078461432613e-68,1.90355457254427e-27
11,33913568,T,C,0.0273582348644144,9.47558538221915e-77,2.07886039471211e-27
10,80805016,T,C,0.031366701944109,9.47173743963855e-43,1.04580254871224e-26
19,33073431,G,A,0.0293867047313589,4.53831813871064e-47,1.95248533087696e-26
03,71256309,C,T,-0.0323402246050124,1.58467625497672e-40,2.83313296257679e-26
11,16363658,C,T,0.0482647233576977,9.92699232032598e-31,3.07877370408011e-26
13,76079802,C,T,-0.0444008374061842,9.83938743401412e-32,4.03702885302979e-26
06,90981085,TAA,T,0.0275477043109945,8.30093971987065e-61,4.09573331594748e-26
15,78539661,A,G,0.0270783518432315,3.29576882762264e-58,4.87391854877576e-26
03,16929593,C,T,-0.0422144784787564,2.44555380344697e-22,2.85573722039499e-25
03,16970938,A,G,0.0252680499066665,1.01719575108757e-31,3.26908069339153e-21
03,17098399,A,G,0.109160642737504,1.53115401718225e-16,7.02173448360884e-15
19,45411941,T,C,-0.0320304184373841,5.79689588147556e-25,5.50749660317386e-25
19,45412079,C,T,0.0325881855189159,1.49337342779608e-13,1.79494396035837e-16
19,45755368,G,T,0.0145492908327564,1.32128261611418e-09,4.45308184173343e-08
22,36762634,C,T,0.0279917844621816,2.04341388074861e-46,8.68545248694792e-25
04,145026126,C,T,-0.0754230964664915,2.55326332293872e-29,1.13632437963416e-24
04,144885825,T,A,-0.0190799927593411,2.06086733868032e-24,3.09551035045285e-08
04,145469881,A,G,-0.0714852294554197,1.49120553612118e-09,7.64768796990038e-10
21,46269526,G,A,0.0354212969277583,1.15884967306216e-31,7.35878642593662e-24
02,174219135,G,A,0.0558035867644086,7.45488021765129e-26,2.36207740550146e-23
11,61618169,A,G,-0.0338975899913776,3.0579085190048e-32,2.52279201910846e-23
10,46008203,C,T,0.0467442588119455,3.54470806982634e-23,5.0346486350607e-23
10,45769518,A,C,-0.0154177585009053,2.6343187143362e-09,2.3823292741658e-09
17,76183233,C,T,0.113495253472272,3.37875387959998e-23,2.2434760104348e-22
17,76124810,A,AG,-0.0291670181565251,9.14805579299268e-26,2.15821116016675e-20
17,76404184,TATCA,T,0.0184379691767175,6.39939393366254e-26,9.2131442989807e-14
09,97254654,C,CT,0.025254467509694,1.0224018529741e-50,8.69523453618985e-22
X,40846264,G,A,0.0259022976484505,6.4136716976248e-29,9.24061722924753e-22
10,101278725,C,T,0.0264898763936765,3.05396355140939e-37,1.82905339753692e-21
08,48885436,A,T,-0.0338059814372972,4.18012825369871e-28,2.13301185276188e-21
09,115914583,C,T,-0.090684574008748,4.5074630874265e-22,3.39717989237191e-21
01,11904076,T,C,-0.0200207173564505,5.74820706627695e-18,7.20302184638663e-21
01,11856378,G,A,0.0163378616514589,1.94667928826095e-17,3.51530428119253e-19
15,66067206,CT,C,-0.0267661253174586,3.47319470975692e-32,7.52402206999091e-21
15,66532936,C,T,0.0201028086095753,1.65512318639625e-06,4.11799699461002e-06
06,53127997,A,C,-0.0256888750984422,2.60600655421733e-37,7.82280048412987e-21
07,98611365,C,T,-0.0598754856180743,2.0795229276192e-15,8.35698134483784e-21
07,98526557,C,T,-0.0724536030887712,6.28394903825402e-15,7.68078733142839e-12
07,98481436,C,T,-0.0155136625656065,8.41236468970253e-17,1.8045547337615e-12
06,111528108,C,T,0.0344541555116379,1.16588717688366e-26,1.02905317079409e-20
16,89562001,A,AT,-0.0244053892664135,1.25621347075627e-27,1.16927484524277e-21
16,89105007,G,A,0.0465809579255039,4.03907160368948e-19,1.57324538629409e-20
16,88858646,G,T,0.0175859405931964,1.1367963924544e-16,9.38383061404888e-08
15,56560825,G,T,-0.0233613059916461,1.3016467583801e-54,1.89864967350765e-20
02,27730940,C,T,-0.0238628204795576,5.67307663786849e-45,2.2620143298175e-20
02,111807677,G,A,-0.0244594054940163,1.21908940815904e-25,5.03992224218558e-24
02,112047920,G,A,-0.0215546396710206,2.59907193447396e-13,4.13327370837986e-10
02,111612050,T,TTCCC,0.0185191488361777,2.72610460479996e-18,6.31370158075457e-20
01,2996602,C,T,0.0268563471831307,7.15017990341067e-28,6.64873655516353e-20
01,3098661,A,G,0.0237149603382647,2.1375795687289e-08,1.81603245150612e-08
11,67194593,C,T,-0.0267263990870143,9.24620262831712e-46,8.03797933473407e-43
11,67200812,C,T,-0.0380210267818364,1.22331312059026e-10,2.76715437682729e-18
20,62554813,T,C,0.0608708339240452,3.83183813930483e-23,4.06338944419442e-19
20,62711459,C,T,0.0137950939697832,2.37300606172795e-18,6.51437720022552e-06
20,62272248,T,C,0.0237599592382064,2.31283006340181e-08,2.17661829264058e-06
04,146016257,T,C,-0.0652176171625901,1.55180718796821e-67,5.90956683748363e-59
04,145091680,G,A,-0.0483539220907899,1.22848770906637e-18,4.41045408130733e-17
04,145974892,T,G,0.0443686481768941,2.07899583462124e-14,2.83966524567533e-18
08,30280630,G,A,0.0252148307659215,2.53609471578491e-30,1.78341212415363e-18
06,107437166,C,T,-0.023600075040101,7.31857799688884e-35,1.91187548197492e-18
08,86260295,T,A,0.0222729002997573,2.76065314213676e-41,4.23575481702984e-18
16,426007,G,A,-0.0299565055767539,2.28376305853572e-13,5.57902406759203e-23
16,193224,G,A,-0.0678389783135961,8.98330674944943e-09,1.69094378694397e-07
03,142024351,C,A,0.0577524866392633,3.21814729004507e-166,1.19545383330919e-108
03,141295050,A,G,-0.0305252367724271,9.8091635530159e-42,2.29384321732989e-33
03,141658320,C,G,-0.0277303220073313,1.19961528034318e-27,6.94300876767453e-18
02,220063084,C,T,0.0216730701112655,2.04841019620565e-35,1.27585374206418e-17
02,220155459,C,A,-0.0669673334893986,1.36467776469769e-10,1.14730702871438e-12
05,67608714,TAGAA,T,0.0225083457463411,1.12821538976115e-19,1.51477493021857e-17
05,67698942,T,C,0.0168862815286161,1.85664716619266e-08,3.48956543866728e-10
08,19823648,A,T,0.0231282384156429,1.52664583031735e-28,1.60222258981562e-17
08,19793581,C,T,-0.0521826152034348,1.61162722106348e-08,3.55291088106681e-09
17,27199518,G,A,0.0230197891279059,5.09031215725425e-25,1.85819179518348e-17
17,27579011,C,T,-0.0466002383116525,2.38539725100719e-12,1.14943473995276e-13
22,30590026,C,T,0.0324416729824878,5.75118679163129e-20,2.63183305076073e-17
22,31069603,T,A,-0.0324454190413006,5.21260415925238e-16,1.61608363427689e-15
19,49132867,G,C,0.106907364797616,1.15548524282647e-17,4.14184277765004e-17
17,78111877,T,C,-0.0211730762023889,9.05494829411431e-45,4.30617174561829e-17
13,110407815,C,A,0.0225181993984349,7.63816926446489e-32,4.88200778479299e-17
08,130603357,C,T,0.0294237317189774,8.95628094162537e-23,5.27561590722642e-17
13,41160270,T,C,-0.0213207862860694,1.36620422199682e-17,5.88412335864307e-17
13,41581666,C,A,0.0215517118895797,1.29545587281403e-16,1.30929611849137e-16
19,10668452,G,A,-0.0217289442585734,5.3539309988733e-30,6.64823096323631e-17
19,10940097,G,A,0.0511737214857745,5.1674205567874e-06,8.30023076921637e-07
20,3777946,A,G,-0.018341588078265,1.05822886373829e-20,7.37144487770266e-17
20,4157072,C,G,0.0195874910208582,9.424319889286e-19,2.14556992866506e-13
20,3742066,T,C,0.0219740888186707,5.56715278710263e-08,1.47836124413563e-12
04,154557616,C,T,-0.089681618625244,3.14628120991119e-17,8.37470170107444e-17
12,53743050,C,T,-0.0289398941352126,3.04465349312636e-22,1.07845298616746e-16
07,92273578,C,T,0.0274326142991087,7.31993782891419e-22,1.26550993800653e-16
07,92682609,G,A,-0.033382418352482,2.05259182997945e-23,2.29720353847585e-16
07,92636040,C,T,0.081391674483523,8.17243769817429e-11,1.18175531739062e-13
07,32945782,G,A,-0.0162729466785062,1.99092023874906e-18,1.36393799851549e-16
07,33081514,A,G,0.0163194313090756,2.52421590011606e-14,8.3159124549094e-16
15,75349961,A,G,-0.0219406665977651,3.18993108585038e-15,2.04368431161003e-16
15,75498744,G,C,0.0159497672049828,3.18588633317254e-14,4.1405406673555e-14
05,156383422,G,A,0.0217025982154663,2.04806621039355e-31,2.84518963613046e-16
X,123259530,G,A,-0.0200282575864275,2.99835803379486e-22,3.58187933292293e-16
19,55763262,G,A,0.0401633317232617,6.12087767632899e-19,3.81882813192904e-16
19,55698183,T,C,-0.0237178916247239,6.02279554329943e-09,5.52965864741472e-07
14,68462624,G,A,-0.0263815738679175,9.54383887201806e-23,3.89310195883845e-16
08,41479805,AGGAACAG,A,0.0335342504197027,3.30662984398056e-68,9.90302800609791e-21
08,41513531,C,T,-0.0315146522178508,9.63676403079844e-58,1.96479474042804e-18
04,87968798,A,T,-0.0252651858934689,2.88693585993421e-23,4.833701857245e-16
09,91392686,TTC,T,-0.0460214063567946,9.61340035697503e-18,4.9612322076718e-16
11,4117155,C,T,-0.0210179833049749,2.89513948680215e-35,5.09393262664623e-16
22,30598516,T,G,0.0317730275096309,2.34690102882388e-19,9.51047164401319e-17
22,31094178,A,G,-0.0329327379755912,2.8573483581743e-16,1.02536894985599e-15
16,67046033,G,A,0.050436373709226,1.72468101495737e-25,1.28164750481535e-26
16,66453303,TGAGG,T,-0.0144895049378484,1.95679285018871e-21,1.30637561792959e-12
02,61798641,A,AAAAT,-0.0227339553548583,4.89572160693711e-23,1.16401255406293e-15
02,62286552,A,G,0.0200730342876984,3.20872610604976e-18,2.4716206256607e-12
02,182334684,T,C,-0.018668415029787,4.62790832699747e-25,1.18608134210715e-15
02,181899414,A,AAAAAG,0.0147912199298568,1.44587264177806e-10,2.39695144914948e-10
14,102994065,C,T,-0.0197633416993438,3.02529301105792e-23,1.24852300735792e-15
14,103066145,T,G,0.0174960202481953,3.21119345732984e-10,1.94962849980304e-09
09,33909004,T,TTAAATAAA,-0.0207464039273434,3.15510563805778e-32,1.94567941385905e-15
06,121814703,C,T,-0.0245101021925763,5.59551697692011e-18,2.40518272815707e-15
06,122092897,G,A,-0.0218263249999313,5.65758919573895e-08,8.58298254440433e-09
06,34184374,G,T,-0.0464299078138068,2.73877482547131e-16,2.5773324164863e-15
06,33694659,G,A,0.0299007854783078,1.18844318030208e-07,2.16336136876688e-07
12,21331549,T,C,-0.0277795730822706,2.8772102805337e-20,2.71619189120439e-15
02,23901362,A,C,-0.0215363883635356,7.45051435511702e-14,2.87847215251326e-15
02,24112724,A,T,0.0179205274945008,2.76253981508343e-14,2.42654203516757e-14
02,62524545,C,T,-0.0269554979719212,4.52931078237799e-17,2.95793815941712e-15
02,62420656,C,T,0.0197191857617191,3.30674431027973e-19,2.61832332142102e-13
03,38207038,T,TGGGGCTGGGGTGGAGGGCGGGACAGA,-0.0583641749128887,2.48301717390596e-16,3.49399191537787e-15
11,108055198,C,CAA,-0.0179000115079657,2.77016674116205e-24,3.58316273346652e-15
11,108143456,C,G,-0.0402351769146591,2.98043826095593e-07,5.50114100708024e-11
04,39292432,C,CA,0.0210472323198709,3.24275706519864e-22,4.04058457847948e-15
04,38952778,A,G,0.0124066112884032,1.9068543342264e-09,4.8597886172883e-07
13,33139872,G,GT,-0.020234307105476,2.09127351713368e-32,5.0297824067801e-15
11,5311063,A,T,0.0188234211243501,3.7359694246122e-18,6.02693462170377e-15
11,5335943,C,T,0.0112797825927157,6.81377301909415e-09,2.0541109082398e-07
22,28181399,T,C,-0.0201935864003523,1.90637315259104e-37,6.20646440753738e-15
04,103458877,A,G,0.0204935369988846,1.60246072621226e-29,6.50406081703378e-15
10,65005236,C,A,-0.0502849079767495,1.34661532697412e-12,7.62995344853915e-15
10,65048306,C,A,0.0147903291668748,2.71062734339009e-19,8.06867314414564e-12
04,57797414,C,T,0.0216406135610223,1.54143646069439e-15,8.63386617118831e-15
04,57731458,CT,C,-0.0168002430207448,4.29652952370683e-09,1.57257800554162e-10
11,64004723,G,C,-0.0470760994516251,4.46200389001022e-16,9.7198814247785e-15
17,71203231,C,CAAAAA,-0.0276721446164041,8.86165882632308e-21,1.00198786702635e-14
08,126482077,G,A,-0.0195064255213347,1.2330966495943e-40,1.17035196513248e-14
19,17252041,G,A,-0.0294778650560532,2.68634761018548e-13,1.32253763976655e-14
19,17240393,G,A,0.0194632568987208,2.80362851431053e-14,2.50104808861666e-13
17,57114918,C,CAAAAAAAAAAAAAAAAAAAA,-0.0200206777691756,6.62033143051005e-32,1.7725250765948e-14
02,160677375,G,C,-0.0182659236402652,3.58351945604981e-16,2.20300350183206e-14
02,160604541,G,A,-0.0416965024178028,6.15839259103727e-07,4.16635438394063e-11
14,70083647,G,C,0.0218766408551856,5.98683565051321e-15,3.6795780566883e-14
14,70192364,C,CAA,-0.019769805787173,3.14404755021292e-10,2.31103728639152e-11
07,21412762,T,G,-0.0230756533945185,2.0902081403274e-21,4.02165380043113e-14
12,10596720,C,T,0.0280947602303807,7.24612284625465e-19,4.15037224139244e-14
08,108408926,T,C,0.0192323062656213,8.76322910056245e-32,4.48749536649933e-14
14,101175755,CGGCCCCCA,C,0.0242785677158256,3.97273219892462e-20,4.69026565489562e-14
03,195782184,C,T,-0.0195308073562113,5.85629502850856e-18,5.23016185576433e-14
03,196230791,T,G,-0.0164360132957544,2.49483859374728e-12,2.40495807217949e-10
12,7130665,T,C,-0.0340060550807023,1.20809276819039e-14,6.66794109134828e-14
12,6739497,C,T,-0.0139471584384079,2.38487322824285e-10,3.15522520542184e-07
07,47634093,G,A,0.0195785925314365,8.20261370477106e-28,7.29214255215604e-14
18,41972228,C,T,-0.0279145177912514,9.73399211672174e-18,8.49742526135976e-14
07,43623123,C,G,-0.0192393826950179,2.05481617201494e-29,8.6007443797306e-14
11,100435284,G,A,-0.0263713433015466,3.4019336454712e-18,9.34515425789409e-14
02,65639543,C,A,-0.0190106813425508,9.50808569696457e-32,1.170783077358e-13
03,178786875,GT,G,-0.0215584694335492,5.16327354452844e-22,1.20831978428842e-13
16,28489342,G,A,-0.0192008240830671,5.32610338808456e-31,1.51851439648653e-13
15,69729049,T,C,0.0817225810903337,7.36277921362187e-14,1.71264075682953e-13
13,109422126,A,C,-0.01923132533652,8.32858425858048e-27,1.97754223476419e-13
10,104733275,GT,G,0.0263815615656743,2.43753100972106e-15,3.03189821165138e-13
10,104520891,T,C,-0.0153164851726373,2.58942586745133e-08,1.39388215318798e-07
01,26884676,G,A,0.0224132855373211,6.98654832362749e-19,5.50026487622511e-13
11,2322136,C,T,0.0286043835741061,6.87338727695255e-16,6.00851730217759e-13
09,137117194,C,T,0.0180894340453448,1.25922694771573e-18,6.0201680910702e-13
09,136941088,G,A,0.0132007575451097,1.37551961748939e-09,2.18530817712872e-07
03,48638801,C,T,0.0487353202790109,9.53605506854767e-12,6.17465431777497e-13
03,48989644,G,A,-0.0325795170218759,1.20950769136015e-14,7.60734799880072e-13
03,49048054,C,T,-0.0508435038070359,2.34527168215505e-11,2.17433034946637e-10
01,229784725,C,T,-0.0180295055184977,5.99088098693292e-35,7.01969264658593e-13
06,36550277,C,CAA,-0.0216896499110526,1.04863550466846e-15,9.34360784256394e-13
06,36098410,C,A,-0.0136685131799331,3.60951602936901e-11,1.03352808597581e-07
06,15137040,G,T,-0.0137372417100049,2.70474057639107e-13,1.04306033336755e-12
06,15177099,T,C,-0.024039212741275,1.58587336689562e-06,3.59486876524744e-12
16,170328,C,T,-0.0649488569959898,-99,1.3545964311496e-42
22,31069480,G,A,0.119069470950265,-99,1.9075259399201e-07
08,41549491,G,A,-0.412566070730568,-99,8.14156566507222e-191
16,66955516,T,C,-0.109909800727108,-99,1.49326368560488e-09
11,67097778,T,C,-0.0896159787381408,-99,7.4939390937416e-30
