chrom,pos,major,minor,beta,p_value,gwas_p_value
09,113858933,C,T,0.0576878443458144,5.05552210352318e-134,0
13,28604007,T,C,0.523813136261492,0,0
13,28618462,T,C,-0.0626439185928247,1.06351285354135e-270,6.10141159029128e-66
02,182308352,G,A,-0.113906300500559,0,0
08,130604563,A,G,0.0925878588316361,0,7.31657161269799e-293
01,92925654,G,C,0.381679881859194,1.70695237348514e-301,6.40978962633204e-292
16,85936389,T,TGGTGGCTGCA,-0.0738659775950051,0,1.77120210077374e-263
16,86002593,A,AAAT,0.0779804222567967,7.326648901144e-187,2.08399505397484e-222
03,128305302,G,A,-0.0723424437701244,0,2.34841647728641e-178
03,42906116,T,C,0.12702246958799,6.26599696518609e-147,2.91011380190433e-169
03,42900891,G,A,-0.0413172820751448,3.25319892246641e-128,5.95484337922536e-99
15,80260014,T,C,-0.0634727666281799,8.88557233822892e-134,3.30897523135643e-121
15,80189453,GC,G,-0.0297272094352685,2.6292849527846e-56,4.93933023301864e-43
01,150584103,G,T,-0.0671713225324987,1.05853101673971e-174,8.82659675589694e-111
06,31333963,T,C,-0.0554664545908879,1.39573506495157e-111,7.39755846865564e-107
06,31461372,T,A,0.031036439639018,8.9209238929459e-67,1.14597505736611e-66
12,69744014,C,A,0.112245084556436,1.02187583504267e-116,2.25541353605481e-103
19,54326212,G,T,-0.0640444577036027,1.37688603638981e-149,8.161205326788e-98
07,50270105,T,A,-0.0515638307653472,9.2498107836907e-139,6.48116425272875e-97
19,45744842,A,G,-0.0589545258451776,2.74260570326605e-160,9.96117461938429e-95
13,41002641,C,T,0.0535770216786308,4.53381962301444e-185,4.16410846398074e-91
17,81075836,G,C,0.0552439363414825,3.33925499586821e-278,7.51565129928409e-91
01,236105910,C,T,0.0804309334766826,8.56852611828459e-111,1.40321331251761e-89
14,103847287,A,T,-0.0565678670810181,2.3450125774743e-150,1.09610927271636e-88
20,48887268,C,T,-0.0536251359868404,4.54517938699577e-78,9.54053437793433e-87
20,48955424,T,C,-0.0431318296944469,4.19561115386369e-80,1.27306658654417e-58
20,48906967,T,G,0.0302068488115095,1.66094945498078e-46,1.77888101702067e-64
06,29890406,G,A,-0.0548179977490348,3.26802345469277e-160,1.42076470619385e-84
07,92408370,C,T,-0.0796596778951709,4.12991596339761e-93,1.70523513604888e-77
05,149501803,C,T,-0.0476168662776402,2.187032607612e-99,2.49869692302748e-76
05,149483427,G,C,-0.0299339075419645,8.69932981162412e-44,1.01384023088644e-35
20,31191015,C,T,0.0486221183234887,2.7899476311365e-89,9.51294500271568e-70
20,31037693,C,G,-0.0250463309132601,1.74030370975314e-37,2.04104474065838e-26
09,113865102,G,GT,0.0789286472279397,7.71047271057272e-268,0
09,113864545,T,C,0.0253316264718082,1.36956625731588e-44,2.1386187406101e-82
14,23589349,G,A,-0.0421564615042427,1.44584604201983e-159,6.10590737368564e-63
12,111884608,C,T,0.0411290417626262,1.62942451330645e-171,2.73111000652504e-61
10,99111751,T,A,0.0370782999443394,1.28119211738358e-59,3.74292768991878e-61
10,98998195,A,G,-0.0261941554482454,1.47935006237793e-42,6.87501334588247e-48
09,91533616,C,G,0.0403499606960529,4.96508205648556e-83,5.27118959147314e-61
09,91492779,C,T,0.0267285176398735,2.64078861976954e-24,7.69338207256099e-28
09,136145404,C,A,-0.0456263263211835,1.1304822229019e-109,6.40836750321394e-60
10,25217783,G,A,-0.0419117332261149,2.13915860137993e-127,1.28931289389185e-58
12,6493351,G,A,0.0521746091827791,9.5003056526633e-82,1.99952226180364e-58
12,6502131,T,G,0.0274434644150713,2.77352503485932e-21,9.93657566395865e-06
12,6445982,C,A,0.0204763498240907,1.59776658102858e-25,1.14436113739646e-21
17,56386607,G,GTCCTCCTCT,-0.0826298958951993,2.72005343894374e-46,3.29821924637259e-58
17,56410041,A,G,0.0293807260573221,1.41687431379375e-77,3.1949842311744e-48
03,39307162,G,A,0.0524983678050204,5.28425235547007e-81,1.35408814726811e-57
06,82463477,CTT,C,0.040761996553541,8.63652107998493e-98,1.12863154882632e-51
02,111752151,T,C,0.148362556292381,1.39764439269463e-62,3.44160689437059e-51
02,111753076,CAAAAAAAAA,C,0.0429821223517233,2.30336956722853e-34,1.12586779955586e-29
02,111910694,C,T,-0.0231337588287784,1.56574423304001e-36,3.16738083590303e-16
10,101292390,C,T,-0.0376577879587852,1.92785576153439e-103,2.73181089915075e-48
11,122519979,C,A,0.0551601563228772,5.38410451074927e-61,5.40195841814622e-48
19,44281898,G,A,-0.0371078277275474,4.66047257653789e-102,3.11511990882549e-47
17,57879610,G,A,-0.0307285637073831,1.67841731873964e-67,2.39353625785495e-46
17,57893149,G,A,-0.0457470476549321,1.00728120328814e-20,2.28620094712003e-40
17,57416562,T,G,-0.0389103364650632,9.33990303969312e-15,3.39741213517468e-08
06,41978609,ATCT,A,0.0406334572209311,9.79510911925247e-75,5.06548185035284e-45
04,7045070,TGCGGCG,T,-0.0351019624940906,8.53483106790926e-96,3.35771745381687e-42
07,6502367,T,C,0.0378675908526711,2.5050783902555e-73,3.37108017924708e-42
22,17579495,G,A,-0.0912748868884233,1.58725107132645e-35,3.77387732276985e-42
22,17675324,C,T,-0.0549948103294326,2.2635269336219e-22,1.45031794989204e-27
22,17589567,C,T,0.0233173855380204,1.00074054168895e-23,5.81136233439561e-22
14,25461989,T,C,0.0344607942140641,1.35751188994944e-93,2.43200899399663e-41
03,46406367,C,T,0.0438634312896461,1.24307846100785e-68,2.67718122914922e-39
03,46319892,C,CA,-0.0258306162618792,2.15769554165468e-23,2.5872004193175e-15
03,46361413,C,CTCTAT,-0.0249620457071186,3.97715065642068e-26,1.8905662243165e-07
15,42248515,CAGG,C,-0.0442429394609692,7.13126021449747e-37,4.03079911404667e-39
15,42644790,G,T,0.078964972379334,2.27055039961834e-19,6.42153109248715e-20
15,42226255,T,C,0.0193215258507057,2.82136861665058e-20,6.98434595861266e-23
04,83570300,T,C,-0.0412355185834328,1.78419502680355e-54,5.85088057314992e-38
15,64628454,A,ATC,-0.049208530270957,1.67844675341888e-47,1.16953860579464e-37
18,60920854,C,T,-0.0995529097096255,4.94520937518958e-44,1.53297953996262e-37
18,60906684,T,C,-0.0255775222329152,4.08001703462225e-25,8.35203454631976e-13
02,136883823,T,C,0.0350558511028019,2.61571297231342e-60,1.56494261442028e-35
13,108960385,T,A,-0.112726660410352,1.53416645969581e-35,1.53055537221468e-34
13,108918867,G,A,0.0570084609301417,2.92957074699371e-13,3.5510123219053e-13
09,22151139,G,A,-0.0331072071683954,2.39956012334797e-20,1.79989407084738e-34
09,21990457,T,C,-0.0258383951709013,3.61560808779309e-25,1.46731712602321e-22
09,22144316,T,C,-0.017072688247239,4.18620701272492e-18,1.62077451835781e-22
03,128667249,T,G,-0.0829776400610213,1.36974625783109e-41,8.77530979920224e-46
03,128459069,C,A,0.039298084639048,4.78479414070017e-35,3.24834270336779e-29
03,128552757,C,T,0.0423178829126644,1.20628901754458e-14,3.44774491031984e-12
19,18398628,C,G,-0.0268633731431554,3.8050366741736e-30,9.30860749708988e-34
19,18116144,A,G,-0.0303360237260097,1.25050680866503e-33,5.49942365336839e-31
17,72720728,T,C,-0.0322488258613085,2.99538789936786e-31,4.02821670501883e-32
17,72766252,A,G,0.0217232947715846,9.00209168978828e-41,8.68343932704046e-26
08,6880925,A,G,-0.0471385330561853,6.80068525630826e-36,3.6914905219206e-31
08,6696017,A,G,0.0231840845380761,2.57898670569655e-32,3.52717232431159e-18
08,6913031,G,A,-0.0226278899982711,2.17324090727088e-24,1.32836086325232e-14
06,135419037,AC,A,-0.0337415568376826,6.80756179735629e-38,1.06877590237321e-30
06,135659438,CA,C,0.0189056635136797,6.97399243919245e-20,3.91511405580344e-14
06,135043731,C,T,0.0205845325240092,7.85966361129654e-13,9.63188759788233e-12
12,108711079,C,T,-0.0295867370164636,1.51926557687841e-63,5.77480640331694e-30
20,8609588,T,A,0.0282962669677312,2.14341568204883e-84,8.82680784415327e-30
22,43549646,T,C,0.0289422944475183,1.06030127348768e-71,1.02087744796809e-28
08,116584677,A,ATT,0.0275197665615644,8.78318852139873e-69,6.95148150815481e-28
10,8467037,C,T,-0.0280134779591773,6.33663282843823e-60,1.80599873345142e-27
02,241569692,C,T,-0.0348113267493464,8.32081344906934e-39,2.86190228539813e-27
06,7140831,G,A,0.036549214064377,6.8969041675222e-40,5.20760537675136e-27
06,7156759,C,T,0.0356871085934539,1.59522221494564e-13,2.41401882690699e-08
06,6709118,C,T,-0.0172406872030188,1.7956451805535e-13,5.0493385920153e-10
06,44591721,G,A,-0.0438504253241702,2.16528823792145e-28,6.36943311572565e-27
06,44232074,A,G,-0.0194204447918235,4.6743299142685e-30,2.63985290434099e-15
03,196504902,G,C,-0.0264471508559777,3.87935128312849e-61,1.79779447123927e-25
06,144385777,C,T,0.0681439623303436,1.44619388714416e-25,4.49218280211427e-25
06,144375816,A,AG,-0.0261484608656413,4.32113092141512e-10,6.22733742630685e-10
03,12266804,A,G,-0.0259788965923198,2.23358869929436e-53,2.91568823418895e-24
17,28267098,C,CT,-0.0256732640001005,2.23571791677112e-61,3.96506341561261e-24
04,84159219,T,G,-0.0263974316522062,1.3001851633731e-46,1.02655833516657e-23
19,6675989,G,A,-0.0364397145373897,9.95709870180563e-25,1.03551118737904e-23
19,6468331,T,C,-0.0133874416552128,2.95674653474014e-11,9.86631686913837e-09
19,6215042,T,C,0.012514842932358,2.27621873616406e-10,3.11767242918811e-07
11,1874221,C,T,-0.0257216309756511,3.44061555335472e-38,1.09939410182783e-23
11,2356603,C,T,-0.021494235899371,5.53414706824111e-11,7.91960068422942e-10
11,2219937,G,A,0.017104664645621,8.9859733147756e-10,3.25609215259941e-09
01,150740358,G,A,-0.0408279646421982,6.38846808149246e-70,4.14867802309959e-70
01,150683512,A,C,0.0267229230301788,1.82896364760397e-64,2.00322266989363e-68
01,150684486,T,C,0.0809616209506286,9.83144521850476e-11,2.75110887268953e-07
19,33751852,G,C,-0.0827181004483111,1.16624120554174e-28,3.29548158529739e-23
19,33759471,C,T,0.0246574519527774,2.61375895106147e-34,2.91470092037401e-14
20,31185423,C,G,0.0451180661943392,3.34078932179114e-72,3.42232865534311e-62
20,31082056,G,A,-0.0276542752762755,1.10913473016627e-33,9.72531104838576e-29
20,30250942,C,T,-0.0205456603354919,1.90429070006991e-15,3.49508314769092e-12
20,42838712,C,G,0.0177962723437285,5.62252959732926e-18,9.35328378694209e-23
20,42839620,A,G,0.0225818737020443,9.29219161160124e-09,3.84091577761339e-21
12,10593041,T,C,0.0363280425704609,3.2578641382007e-30,1.06270745575983e-22
16,84582965,C,T,0.029235042536133,1.74830093735582e-34,1.91890421094183e-22
04,39033511,A,T,0.0258202058413407,1.62026381668698e-43,1.95799469339674e-22
02,65665273,T,G,-0.023114055409117,1.23833724649739e-28,6.90981649887729e-22
02,65542416,A,C,-0.0128067797581224,6.91814912795939e-10,3.37407892452798e-09
X,147583958,A,G,0.0182850570401493,2.57837761231007e-35,8.2008413276753e-22
X,147683026,C,T,-0.0316663501743727,2.35427557702126e-09,1.02735165106503e-12
07,137909675,C,G,-0.0235646674136144,1.62133082189838e-56,5.25087907820814e-21
16,30482803,C,T,-0.0209714960998437,3.09100070121556e-24,6.36025210536019e-21
16,30078492,C,G,0.0141246226288178,5.28933151840719e-14,9.71266913660893e-13
16,30798689,G,A,-0.0137998836623887,2.45704375761009e-07,6.86777176748457e-11
02,225753342,A,G,-0.0320738285988282,3.97990625839141e-28,6.66773609861854e-21
05,131709032,TAATA,T,-0.0233517875871704,1.38752478752608e-56,8.83267691176815e-21
01,185395846,C,G,-0.0247573405195472,3.16641964725242e-38,2.39021479525002e-20
01,26577985,G,A,-0.0292832415833352,1.1798164991389e-27,2.47009822853705e-20
01,27046982,G,A,0.0177041426289517,4.60872911355706e-09,5.16683528593305e-07
06,10533463,C,T,0.023038430356034,6.46709208943644e-53,2.75588829688853e-20
06,25866935,T,C,-0.0439735138944576,3.24427317814677e-31,2.27223146420529e-28
06,25715657,G,A,0.028124433977116,5.72630127692499e-10,1.40072344123964e-11
08,48651633,A,G,-0.0563929453028451,5.3817948381465e-20,8.18877222312862e-20
08,48760435,AAT,A,0.0167240032747419,2.31025495773532e-10,2.74609892590468e-08
05,55453942,A,T,0.0304371753440347,2.04762941891702e-20,2.37059571030818e-19
05,54973552,T,TG,0.0163402843456513,2.31702233815522e-16,4.7667711905519e-11
01,110470764,G,A,0.0313132985349843,6.33602009665094e-21,2.59884871295357e-19
01,110370456,T,A,0.0178837070146816,1.39813872683646e-21,8.63724104821298e-14
01,110232983,G,A,0.0147998251377265,3.19652967975613e-09,6.7868864439337e-07
22,24621826,A,G,-0.023887850949802,6.07082679845235e-34,9.06839774650076e-19
21,16373836,A,T,-0.0303396052260004,3.68208586666844e-25,9.8193474392147e-19
03,141314133,A,T,-0.022556597041575,4.73018058900434e-42,9.98307832090859e-19
11,307036,T,C,-0.0242852539956395,4.49436837584738e-29,1.31405304874746e-18
11,696437,A,G,-0.0148898473342328,5.60573915295607e-14,1.44746041843068e-07
04,145035788,G,A,0.0219625610045588,1.16208053638619e-46,2.82124290072654e-18
02,12893977,C,T,0.0215518661613629,1.66552996365773e-34,1.03998233007045e-17
02,13069454,T,TA,-0.0676407739220133,1.50342376669395e-08,1.8331490412799e-09
13,72513420,A,G,0.050668186376151,3.2019591190584e-19,1.35384475419879e-17
03,123105643,C,T,-0.0253996101155769,1.25044382371719e-26,1.79175291772533e-17
09,34130435,G,A,0.0317921510875172,4.38615063281811e-22,2.32631966016895e-17
13,110039214,T,C,-0.0207386540902693,1.36801342711893e-21,6.164562984711e-17
13,110504805,A,T,0.017178751518366,6.92759715291196e-12,2.8237321607173e-10
13,109795142,G,A,0.0149371985749384,1.18247648235714e-11,3.2389803141598e-10
10,64566258,C,T,-0.0215861679644543,1.50535504937941e-35,6.9421482603374e-17
03,98429219,G,C,0.0209102656793649,1.18139092523667e-40,8.67163690206015e-17
17,35851177,C,A,0.0215916121944266,9.29570112664736e-34,8.78084804541765e-17
01,101143084,T,A,-0.0204975326694026,1.04093794309918e-31,1.06390515072159e-16
01,101540999,T,C,-0.0130313222669132,1.09667950964022e-06,1.20730338062763e-06
01,150269181,A,AT,-0.0273369006746833,5.51391918671435e-29,3.97031123250065e-28
01,149876124,T,C,-0.0223739318373287,4.65684548624008e-11,1.26201808229931e-16
01,150278389,C,T,0.0206543672667692,2.70837945433811e-10,8.28436943699471e-12
03,188135783,A,T,0.0211950750715287,9.66712513647282e-43,2.12760813298197e-16
14,93115410,C,G,-0.0245145230230288,1.43843427992583e-16,2.53557991827466e-16
14,93550009,G,A,0.0175184378450297,6.91007797671569e-16,1.67665687248126e-12
14,93014929,G,A,0.0146189748613105,8.3965215279026e-14,5.15909214970105e-11
09,126997050,A,G,0.0260498424107044,1.14361928562665e-21,2.84366144680085e-16
09,127006954,C,T,-0.015424330382789,5.08813059156562e-08,3.03920861482838e-06
18,43845880,C,CTT,0.020552400848985,3.34229964278507e-40,2.98034182817292e-16
12,740009,C,G,-0.0205988879307995,2.16719283999339e-24,3.78462392086229e-16
12,1075536,T,C,0.0141025488973866,8.89518646832448e-12,3.27308785127476e-11
12,1065075,T,C,-0.0202231268292215,3.98153244059677e-07,2.90371077946634e-10
01,9710192,A,AG,-0.0215227178742307,6.25387674658649e-24,3.94158386946913e-16
01,9241839,G,A,0.0318223847473085,7.9520593009133e-12,2.95895109589199e-11
01,9987736,CTTTTT,C,-0.0201884426287851,6.41331127087664e-10,2.69917772362842e-09
11,128328913,G,A,-0.0226878279666086,2.65130947565372e-23,4.21000175301988e-16
11,128525873,C,CT,0.0278551988856192,6.52642354570807e-20,3.62876063835372e-15
11,128633309,A,G,0.0147492114103513,5.58712044993731e-10,1.27383881792594e-07
04,105864529,ACT,A,0.0636386562794154,1.03365077904074e-19,9.51915956912253e-16
04,105972376,GA,G,0.0161826973560759,1.3568303742632e-19,3.6140655492284e-07
18,77463679,C,CATTT,-0.0204166266430637,1.88133260421259e-32,2.03986574937434e-15
08,68811043,T,A,-0.0202031858195696,7.55939084989731e-34,2.36076405483508e-15
17,25848196,T,C,0.0200250676703755,9.51571851295342e-35,2.45031273284754e-15
19,1026477,T,G,-0.0209994904554125,1.5748952395875e-20,3.3623060752714e-15
19,836186,CA,C,0.0222923885485797,7.80833575800017e-17,8.3095507762226e-13
19,807442,C,G,0.0134690865336799,1.57404164616833e-10,4.4709492112375e-06
01,159174885,T,C,0.0217518951590052,3.55937104035473e-21,4.84428176332027e-15
01,159175494,C,T,-0.0739644927522853,4.81792313309034e-12,3.33069121370336e-13
19,42765675,TC,T,0.0375141527048724,3.12533728483069e-15,7.48455100229932e-15
19,42598589,C,T,-0.0316307852111061,1.3853901801559e-10,6.48365563295409e-11
15,66098057,C,CT,-0.022846698655815,3.06007393862489e-23,8.71918514931611e-15
01,154405024,A,G,0.0195411425215525,1.16075552043078e-29,1.0543156816716e-14
01,154849661,C,T,0.0171386638798355,2.93582653264332e-06,9.16193518876363e-06
10,73525525,T,C,0.0194497587128877,6.72405508250807e-32,1.1068675106816e-14
10,73504424,C,T,0.0144351876086321,5.81286228610507e-07,5.27681104429402e-06
02,219133417,C,CT,-0.0199161709482199,2.57833825361687e-36,1.13543306015165e-14
01,212620214,A,G,0.0195735869657759,1.72515684332108e-31,1.58143466425091e-14
06,46893355,G,A,-0.0280315620210305,1.52438054765347e-18,1.68908720787109e-14
06,107441753,G,A,-0.0204312500724349,6.9073162518684e-27,1.77044299972248e-14
17,43525166,C,CT,0.0248414730685616,1.76586927340052e-20,2.09410414103585e-14
13,41216534,C,T,-0.027731360183579,9.81238517486164e-42,6.72896212307764e-24
06,16743006,C,T,-0.0203700298865082,2.53925084795401e-26,3.11932105761601e-14
17,2181498,C,CT,-0.0188255959840032,5.25208187692027e-19,3.43735804535584e-14
17,1958536,A,G,0.0132485830306468,5.73069207508979e-11,2.72095237995718e-09
21,39846142,G,A,-0.0281047183782186,1.01904804051272e-16,3.60229284727925e-14
21,39491202,G,T,-0.0156884212116821,8.58231480274167e-18,3.52347688850441e-09
14,35355300,G,A,-0.0155226824285806,1.15320203245392e-24,7.5659695790388e-14
14,35287886,C,A,0.0248302363134691,1.01856600437358e-07,4.01932602133907e-11
01,46354863,T,A,-0.018969089604632,2.46511560652733e-32,9.15637541360526e-14
19,52179156,A,T,0.0191151467303035,4.99755317575447e-22,1.17853485037776e-13
19,51727962,C,A,-0.0171333315820992,2.15540361400436e-14,2.4094348893485e-10
12,4330068,TTC,T,-0.0225977303765115,3.9426454897851e-20,1.39084743775639e-13
01,43408279,C,G,-0.0229479045480099,3.42330086952084e-15,1.49271288886738e-13
01,43784956,A,G,0.0126428030214166,4.115890250267e-12,7.8918918743211e-08
05,71741094,G,T,0.0247325987015207,3.59921132398462e-13,1.56745792709341e-13
05,71765229,A,T,-0.0160768691538493,5.945026251453e-10,4.46057725476412e-10
04,110947478,A,G,-0.0198067972424236,7.09813354352087e-25,1.6879951016229e-13
03,47128525,TA,T,0.0161718421693614,2.62053852148049e-16,2.56721005742678e-13
03,46731524,A,G,-0.0172650303459218,5.23805713435316e-15,1.59465091282351e-11
03,46651986,A,G,-0.0589674146641745,4.62626877470047e-09,8.85507459225087e-09
01,162225145,T,A,-0.0249944634712287,1.360103844816e-17,3.1751947808039e-13
01,169710669,A,G,0.0228626582594315,6.11955205926883e-15,3.36902573386262e-13
01,169577333,A,G,-0.0154055054595211,1.23507076495565e-19,2.54002055747834e-10
10,89878334,G,A,0.0419960986245475,1.95073274611461e-14,3.77283479728987e-13
17,17715317,G,C,0.019104560135581,7.98086065285111e-26,3.96046852222917e-13
17,16522922,G,A,-0.0694202715732785,2.16048259497749e-10,4.51332299190543e-13
17,16813349,C,T,-0.0164785164722716,1.33808071606669e-09,1.05418128341194e-09
06,156938699,C,T,-0.0201912659388447,3.42393186101939e-22,4.59386722762519e-13
20,39271481,G,C,-0.0183764527086361,9.37171608225671e-30,4.85411265233443e-13
03,71771215,TG,T,0.0197445436436594,9.41683824586279e-29,8.26383577675964e-13
04,57765731,G,C,-0.0230132997248727,7.41300938660606e-18,8.6539664274286e-13
03,46298373,G,T,-0.0858879798119684,4.83546590613242e-57,8.64437966606942e-34
03,46354839,C,T,0.0322070317708925,6.45248868241337e-55,4.87350631447862e-16
03,46360433,ATTTG,A,-0.0404465109459195,4.13746519654619e-18,9.24537471651161e-21
02,227291731,C,G,0.022544603069846,3.6839536383554e-18,9.30923405214568e-13
07,50324652,G,A,0.0407880218236872,5.7536754327535e-47,8.76991967084717e-34
07,50339221,T,A,-0.0602301326419548,1.34618685711888e-27,1.36335865730601e-45
20,1597255,TG,T,0.0215600905991534,5.3262310423663e-16,9.5998884937133e-13
20,1931582,A,C,-0.0158199905927978,5.61678328226395e-14,4.60418815972227e-09
14,75225369,C,CAAATAAAT,0.0181749109910943,3.50319989533639e-29,1.06728496947726e-12
16,89822757,G,A,-0.0226422705967285,7.05115559024306e-18,1.19550858814417e-12
01,205782718,A,G,0.0181179734827028,1.27307104384818e-26,1.2264614288827e-12
01,205297880,G,A,-0.0238541616430505,3.43045109593012e-07,1.22144508153322e-06
03,72397279,A,G,0.0181740599807374,3.07627207360099e-28,1.36704096536073e-12
01,90051225,G,A,-0.0176713455761669,1.60754323025387e-33,1.37870620047303e-12
08,82058535,CA,C,0.019584837368432,2.54502118203983e-21,1.55595461069286e-12
01,244487967,C,G,-0.0254296111401172,3.06378896625046e-15,1.91938417534619e-12
01,244000874,T,C,-0.0203897459977089,1.81199904665043e-08,2.05531633547334e-07
07,28724491,C,T,-0.0211099929735593,1.24178707344604e-17,1.97606826735856e-12
07,28279488,C,A,0.0178995467649719,7.58096138178331e-09,1.34823385905433e-07
02,8445160,T,A,-0.0177807906947028,2.12768135341031e-26,1.98582332264313e-12
02,8563029,T,A,0.0208801154547389,3.08450701442745e-13,3.40607933329951e-11
19,12957650,C,T,-0.0380671577380929,2.51700941703628e-14,1.9967983140393e-12
19,13212214,C,T,0.0641091962707351,6.96812326883314e-11,1.511188108945e-11
19,13110959,T,A,-0.0400443299474588,3.02812756450216e-10,4.71922893960124e-09
03,43020501,T,C,0.131690874972448,1.42996596605915e-78,2.39091158925222e-83
03,43017694,G,A,-0.0357110852437286,1.77543455141986e-61,6.221319691784e-54
03,43035282,G,A,0.116627670988677,7.28029877173432e-30,1.49233215633802e-31
01,118168826,C,T,0.0236760623392881,1.13051423033059e-16,2.9062363539413e-12
10,96009182,T,TA,-0.0177847720224977,7.63951877952278e-28,3.25938491910275e-12
06,41166149,A,G,-0.0256263618963218,1.64747073522244e-15,3.31868912345646e-12
06,41639754,G,C,-0.03166256757541,3.89830525929392e-06,9.15955772212046e-06
02,46076545,C,T,-0.019629236853858,6.22961582575959e-14,3.68165422047132e-12
02,45891375,G,A,-0.0141133508354432,1.68955916801276e-08,1.07982412414987e-06
02,46194216,C,T,-0.0139002735471921,1.35005185143104e-07,1.4538930195166e-07
11,60152563,A,T,-0.01819983987466,1.84562981008883e-18,3.71591564133615e-12
11,60041862,C,A,0.0150775402098079,1.64167209809101e-12,1.61947471224014e-08
07,2757867,A,C,0.0188688323787231,2.58229898071398e-21,4.17439254393934e-12
19,36911982,T,TA,-0.0211247228454296,1.773446095815e-18,4.28815220273042e-12
08,27226790,A,C,-0.0176390632406563,2.04097575715465e-26,4.53050416990144e-12
16,57061189,T,C,0.015392067753392,6.67816837864995e-16,4.58598829834997e-12
16,57060340,T,C,-0.019241370397496,2.211379814055e-07,9.52648188478205e-10
07,143081942,G,C,0.0192407385092347,3.1948859362083e-20,5.08427594264246e-12
01,37943089,C,G,-0.0292051836641881,1.08960735112167e-14,5.13305347490372e-12
01,38397369,T,C,-0.0136106142949799,1.94165215358257e-15,8.2859699207768e-07
01,62107021,G,A,0.0208198680860361,2.89819713360882e-18,5.14562460491622e-12
19,53400760,C,A,0.0172663082071025,3.0137433593288e-31,5.24080522489206e-12
05,173205318,A,G,0.0193760779230492,3.07703530492277e-20,5.76107695650654e-12
16,4066891,C,G,0.0162438199456817,5.20699691515118e-19,5.98268034411516e-12
16,4141233,C,T,0.0205990283106752,5.46231086808219e-08,4.0938413300907e-09
22,29637658,G,C,-0.0174104437254708,7.54288946219356e-27,6.35482094262502e-12
01,153388190,G,T,0.0268443664391446,7.04390176685104e-15,6.88239746832025e-12
02,169721381,A,G,0.0182754496652138,1.06312963718927e-21,7.12606245027006e-12
16,28100661,ACACACAC,A,-0.018774479969495,1.19695224425971e-23,7.20278001695329e-12
02,102125930,G,A,-0.016995612785125,5.93827307877502e-15,7.47302370501815e-12
02,101783573,T,C,-0.0132410119122054,4.67099446025309e-09,4.71348000077563e-08
12,54685880,C,T,-0.0362214667012587,9.68019080842038e-14,8.61108025198931e-12
12,54484742,G,GCACTGGGGA,0.0134100422165756,2.95780681881789e-15,9.40375693116093e-06
01,156474119,G,A,0.0196083629963509,6.52895000734925e-15,9.51996101346083e-12
01,156146640,G,A,-0.0433441794839372,1.36578656654112e-11,1.41377261616211e-11
01,156955522,C,CT,0.0161483045543945,5.87670806475272e-13,2.60444054752228e-08
14,103871719,G,A,-0.0525981508834243,3.18394291675125e-143,7.41681129301962e-81
05,55001538,C,CT,0.0184627345648537,6.37082741672759e-22,9.36451062273793e-12
01,53249554,A,G,-0.0174406025862481,3.20216144996295e-25,1.02145970179592e-11
17,32535460,A,T,-0.0205001116496398,1.56296172492811e-17,1.07281367337345e-11
11,119028813,G,C,0.0163876147609059,2.55019785057729e-19,1.17901973263991e-11
11,119189585,C,T,-0.0391163483632949,2.07110966235898e-06,9.47866605345865e-08
22,39496744,G,A,-0.0254298663785571,1.64354148817743e-14,1.36030358134152e-11
02,160422288,CAA,C,0.0170623372934662,3.90083497153945e-29,1.3859896920282e-11
08,56986737,A,G,0.0237526406841198,5.08586119317906e-21,1.4266148264661e-11
08,56831611,A,C,0.0183021575469352,1.33331211316617e-14,1.17516165782617e-06
03,172276979,C,T,-0.0247614032255823,4.11246538229269e-14,1.97176618373483e-11
03,172234017,G,A,-0.0334552484502773,8.10063806828888e-08,1.73105512318055e-07
04,145967068,G,A,-0.0173770173800972,5.16025408691818e-23,2.00636731824192e-11
01,10441978,T,C,0.0284664305037325,3.10706423101399e-14,2.06749612507631e-11
01,10733081,T,C,0.016866451045925,2.62446548743398e-16,1.21976362947644e-09
01,10001980,A,T,-0.0144799440012741,9.02120330628588e-08,7.46429908556421e-08
05,111094074,T,C,-0.0176599089012396,3.34809788546273e-22,2.29719361832285e-11
22,50013402,T,G,-0.0171124848633977,1.36905523077306e-23,2.46807891931842e-11
01,28206250,T,C,0.0794295288887151,1.5661881966828e-11,2.59964482847178e-11
05,150572644,C,T,-0.0449231934008321,8.7584382498398e-11,2.88624120544968e-11
05,150847505,T,C,0.0128458305371959,6.87580518761635e-14,6.34185600512327e-08
19,49992217,C,CA,0.0295539028429318,3.89001371628231e-13,2.89325464222971e-11
01,221147666,A,G,-0.0168032734937493,1.3194557402331e-25,2.93702802919128e-11
02,182058432,T,C,0.0222282565901899,2.41629663891126e-23,4.26256047067405e-21
02,182144206,A,C,-0.0570767696339789,5.13284467451115e-17,5.82053120394735e-18
02,182166403,C,T,-0.0377920107647629,5.94658244444291e-13,2.27583440237268e-13
02,148708512,A,AT,0.0185837991390162,1.68569992645544e-19,3.26194300077354e-11
19,7827830,G,A,-0.0231829355595681,9.71144396096542e-15,3.77836305027257e-11
10,44879711,A,G,-0.0178949942406713,7.24695154430334e-20,3.96050035439704e-11
01,234908170,C,T,0.0160027222753443,3.38079620447412e-14,4.03377108120819e-11
01,234799217,T,TC,-0.0176642085274502,4.75853399075709e-11,3.10216056462797e-10
01,235342840,C,CAAAAAAAAAAAAAAA,0.0140091053905331,2.21552604007524e-11,2.95094454516033e-08
12,124851142,T,C,-0.0153625970878427,1.47928525181121e-14,4.91650533682958e-11
12,125303282,C,T,0.0167429592303459,9.5977804014517e-07,3.43467854355651e-06
12,124826462,C,T,-0.0156625291584622,1.75681511333975e-06,6.41810210129454e-08
01,41330166,C,T,0.0261514575225251,1.95898284243166e-13,5.46009905997682e-11
18,20720402,CT,C,0.0184339840963628,2.86175025328519e-20,5.90353871029181e-11
15,75201736,C,CT,0.0190117262724506,2.01795310909985e-17,6.05402863984549e-11
02,31457981,C,T,-0.0180776972644741,3.37924807268191e-19,6.47466422863738e-11
12,57146069,T,G,0.0258671051259648,8.05029826476709e-12,7.28079502291369e-11
12,57645789,T,A,-0.0169240954170097,6.84936923235713e-11,1.45207905515723e-08
19,18404936,G,A,-0.0261478779733981,6.04559523600497e-31,1.71048964981959e-32
19,18429163,G,A,0.0328448901170016,1.18737418794e-10,4.69010018147934e-14
19,45425460,G,A,0.0185621636561199,1.28518908653451e-20,9.28120838007135e-13
19,45146402,T,C,0.0188563986768896,2.29974535382256e-13,7.87223698261342e-11
19,45259002,A,C,0.0258355318703495,1.30445057937236e-07,1.64966933532561e-08
06,32776921,T,C,-0.0571425091831251,5.21883523770257e-52,5.59490765294643e-53
06,33073463,G,A,0.0287312258205271,6.26405283402047e-25,2.68105091753285e-11
06,32743397,C,CTGGCCCCAAATTTA,0.0176918710152733,8.43167668710732e-25,3.71266590416654e-30
01,54889010,TA,T,-0.0173507626545517,8.62797430057021e-18,8.56792722536145e-11
01,54703197,C,A,0.015302283710169,3.47642570192745e-14,3.87554440365814e-08
17,7402556,A,G,0.0202337004175097,2.12924381738428e-16,8.97975855148983e-11
17,7733833,G,A,0.0132884858291055,1.12721321871487e-13,7.48221278854051e-06
01,205199200,G,A,-0.0250835546305354,4.42357298186753e-12,9.08103811389292e-11
01,205689807,T,G,0.0165993235056762,5.56118360978063e-22,1.06984472228782e-10
17,47461433,G,A,0.0169821543398944,1.0008716895616e-20,9.1629404060383e-11
17,47296341,G,A,0.0165456734153657,2.74017422784485e-08,1.22159496469296e-06
01,67480843,T,TAA,0.0181119751102561,4.74514250932947e-18,9.63080900582175e-11
10,50303536,C,T,-0.0190666555054186,1.63943774587969e-16,1.06578462115462e-10
19,18510925,T,C,-0.0498757476205997,-99,1.42603968856775e-29
07,50370254,C,T,-0.128603407911702,-99,9.03318528776034e-82
09,113926870,T,TA,0.202631519877129,-99,0
