chrom,pos,major,minor,beta,p_value,gwas_p_value
08,10665444,A,C,-0.0223625681065129,7.07850287001236e-34,2.55030971204292e-20
08,10212969,A,G,0.0188255237511362,9.58512521453959e-08,1.18571578319596e-11
17,44327070,G,A,0.0255693452566424,1.66715112881524e-23,6.17040925558292e-15
11,113386347,T,G,-0.0199143831656191,1.14641716807544e-30,4.63226275231679e-13
11,13279018,A,ATG,0.0184565062131506,2.2849410228658e-25,2.53419065856048e-11
18,35201153,G,T,0.0184482166269553,5.02014321338732e-20,1.43933887418354e-10
03,35683935,T,G,0.0179217933311261,2.69630221779384e-22,1.62234283095329e-10
06,11997050,A,G,0.0173449512337973,1.20310192403223e-28,2.21655900819441e-10
14,75346892,C,CT,-0.0188934272782581,3.30611259597193e-18,2.61647414004997e-10
03,136153468,T,C,-0.0173606489254639,4.35099264240474e-22,3.87309001612647e-10
15,48013713,C,A,-0.0170466249110953,6.46537498898633e-21,1.0670191935417e-09
02,10178236,G,A,0.0204617194205965,3.81132837763362e-14,1.09752791754056e-09
02,148651037,AC,A,0.016761743798305,9.60055393662482e-22,1.35640324562531e-09
18,53164693,C,T,0.021286485592328,3.67235370199481e-13,1.74515379802852e-09
16,7667538,T,C,-0.017504053521334,4.25479171187359e-17,2.42217429620498e-09
03,16924440,T,C,0.0197308248916011,8.70682544658688e-14,2.55547506819913e-09
09,96217447,A,G,-0.0167884554779575,2.36449658177844e-16,6.80234506967995e-09
22,41753603,G,A,0.0172401007615799,1.64223813118529e-15,8.22191572430179e-09
03,107198451,G,T,-0.0158689994214473,6.81666615155442e-20,1.03839570835142e-08
02,58754871,G,T,-0.0169609519516745,2.17456935897352e-15,1.22832207071354e-08
04,183166469,G,A,0.0180331622192717,2.58494650762112e-13,1.31246532766844e-08
06,32076499,G,A,0.0163396066352317,7.06136389970081e-17,1.5463369242669e-08
01,37170940,G,A,0.0182103380985194,1.92608635180162e-13,2.28064824766776e-08
09,23297808,T,C,0.0156230901251238,2.23239668671547e-17,2.41558243078483e-08
11,31807524,T,C,0.0185876365471901,6.45063809665691e-12,3.19674927221392e-08
14,72170969,A,G,0.0168939614068136,8.73481646241347e-14,3.25542615068013e-08
14,72462873,G,GT,-0.0145928168851039,6.87871461924332e-11,5.61978460535323e-06
07,126026203,T,A,-0.0154308153439031,9.81831921126224e-17,3.54539972903369e-08
08,4937757,C,G,0.0163565394419788,3.88996354549138e-14,3.72746672827596e-08
06,27387306,CAGATAGAT,C,0.0150706604000749,1.35972850384622e-19,4.74353880390819e-08
16,6336912,T,C,0.0168371909774666,9.02334336894682e-14,5.41431613925986e-08
16,6410243,AT,A,0.0215191142232045,4.40282225933186e-08,1.79801123953789e-06
05,87735044,C,T,0.0266716094408041,2.9340151887445e-09,5.48262696186717e-08
09,98273305,T,G,0.0254311069470937,2.32064469620664e-09,6.1598115250919e-08
02,81092727,C,CA,-0.0162053186467535,6.4009198154717e-14,8.86751030913545e-08
10,106814862,A,G,-0.0147543421887471,3.38222061296238e-17,9.50584672776642e-08
09,28717246,T,A,-0.0165013377464983,2.19025486003808e-12,1.01924321231485e-07
07,158947227,A,G,-0.0154996625306901,5.68128929196232e-14,1.08446602635098e-07
17,79045773,A,G,-0.0211138086490217,9.96443615737259e-10,1.28255137454045e-07
12,74489288,C,T,-0.014671055409608,2.1966107275445e-16,1.3756545424456e-07
02,157053380,T,G,-0.0155087073399686,9.77002871702307e-09,1.67222107774149e-07
02,157274735,GA,G,0.0128438193994225,2.01412337940471e-11,1.14534061547566e-06
09,4145340,G,A,-0.0145138019705763,1.80565487755344e-15,1.96303365394198e-07
X,38421803,G,T,0.0201165775968915,2.73265832775926e-08,1.97191015106765e-07
07,12261911,G,A,0.0150557653965876,2.81038403787166e-13,2.11441857983334e-07
07,127158623,C,T,0.0142216893400283,6.26635165032367e-18,2.18826643977195e-07
15,78148518,A,C,-0.0152786701674076,2.10100730510863e-13,2.19425107336936e-07
11,47240490,A,T,-0.0165122429988797,2.87498965682209e-11,2.2227777306299e-07
08,135430110,T,TA,0.0151777542726712,1.36285811503967e-13,2.5356640966114e-07
03,50374568,T,C,0.0220450031647656,7.6363492958746e-09,2.68251979183631e-07
10,10874029,G,A,-0.0177817908018709,2.51658921213027e-10,2.74375244087029e-07
06,87669877,T,A,-0.0296987028469868,4.96524029733895e-08,2.83746638027367e-07
08,115497443,G,A,-0.0223106537817681,8.44131599642012e-09,3.01884893224773e-07
09,87619423,C,A,-0.0140317818054756,2.04669365081352e-16,3.46806553416959e-07
03,49162284,C,T,-0.0215911149388344,8.07167807931e-09,3.58082444300992e-07
02,164440010,T,G,-0.0276316467090621,4.52316720457391e-08,3.81315889736776e-07
03,81698481,A,G,-0.0144504527650664,9.24896406580823e-14,3.88066692391223e-07
02,166179650,T,C,0.0139535215220574,4.84417011798454e-15,4.95921349665679e-07
22,48028048,G,A,-0.0147910635816041,1.59410576945157e-16,5.06337909035029e-07
10,62049022,CT,C,-0.0158831520516765,2.17993186656485e-13,5.06501902442238e-07
01,7778877,A,G,0.0174569389487211,7.73694038886985e-10,5.12523510891211e-07
01,43983845,A,ATTT,0.0138990396313972,7.35432976456704e-19,5.51400724807426e-07
05,165510163,T,C,-0.0162760932356602,1.50902778107675e-10,5.74244898839198e-07
17,17642003,A,G,0.0139860071667592,6.96495874157336e-15,5.9961587279922e-07
06,25818755,G,A,-0.0157600895167878,1.01432740600195e-10,6.12342946323507e-07
16,31006289,G,GTGGTGCTA,-0.014359987746279,1.39576411916131e-13,6.49466869393791e-07
06,29563067,T,G,0.020811735774856,2.19905411062324e-08,7.07169654192919e-07
09,86000825,C,T,0.0402949739596695,3.79648228846485e-07,7.98482911227727e-07
11,88480873,GA,G,-0.0141559249318578,1.65829475945719e-14,8.16800572874054e-07
05,166185949,G,A,-0.018871422289263,1.13436077759154e-08,8.89042093069684e-07
