chrom,pos,major,minor,beta,p_value,gwas_p_value
09,4763176,C,T,-0.0694881357779797,0,0
09,4763491,G,A,0.0755329285088586,5.88802523030173e-267,0
06,135418635,C,T,0.108216560951941,0,0
03,56848999,T,C,0.115068428527474,0,0
12,111884608,C,T,0.1145407933686,0,1.51342956911675e-306
12,112036797,T,C,0.0662797979038181,4.44345464519874e-168,3.67395806205321e-07
06,33541507,G,A,-0.0812594935348401,0,1.47898319187876e-281
06,33546498,C,T,0.0684540231494791,2.95144734020723e-131,3.60050475367519e-193
11,200343,T,C,0.0929021497366222,0,5.74567601796295e-207
10,65027610,A,T,0.0765809529655159,0,8.66000697130557e-197
07,106373646,C,T,-0.0731411827339836,0,1.84894449651176e-182
12,122216910,A,G,-0.110171014810529,1.50891052916915e-240,1.44842071434609e-179
17,27764062,GA,G,0.0704042230275903,0,7.83579141877694e-171
05,88180196,T,C,0.14903580877133,3.59815536467284e-190,1.04931487835494e-168
01,247719769,G,A,-0.130455525335408,3.59750471901333e-169,1.03459872738924e-157
01,248039451,C,T,-0.0383432505377732,8.75269881981433e-86,3.02186679750946e-47
02,31477838,A,G,-0.073429163832633,8.91515740175186e-276,1.44373743496041e-150
08,106581528,A,T,-0.0681038365728287,1.34678222625991e-235,1.62321690102691e-131
05,75996909,G,A,-0.147386099893584,1.0783952598076e-143,2.33235297215e-131
19,16206012,C,T,-0.229968898758191,1.35391353527016e-135,4.78444614530672e-130
22,50628937,G,A,0.107684219622846,1.67244644928447e-125,3.61961800478356e-108
03,184090266,T,C,-0.0747258596243426,0,4.32826202868593e-103
03,184090242,C,T,0.112280023683423,6.79167483506391e-83,9.28121707767682e-103
03,184091149,G,T,-0.0635767200004258,1.68435829071053e-229,3.86420052086595e-08
12,6293825,T,C,-0.0523141132544068,3.19626505497e-277,1.72574825874346e-95
01,171939290,A,C,0.0657217068273265,1.01170079721533e-139,5.07275579646059e-94
18,20720973,T,G,0.0518626606744101,1.09514505131032e-267,5.95340022105056e-94
12,54712308,A,G,-0.0513776568645215,9.45312424124039e-232,9.17705094476543e-91
01,205237137,T,C,0.0507320331305097,1.19051223795491e-190,1.40283154813877e-85
17,33885904,A,G,0.065732966419742,1.79529008570639e-121,3.19710324105709e-81
17,33886764,C,T,0.105829267723189,8.00972052490567e-25,6.33392524002254e-19
11,119073886,T,G,0.0446889725488525,1.16031532028189e-65,9.43390266124024e-81
11,119185748,G,A,0.0528993465367238,2.55850938534793e-32,7.74621645027443e-13
11,119054208,G,T,0.0563445390454432,5.7258072884595e-25,5.52490510556621e-71
06,25549050,G,C,-0.0475169689492427,9.67529400546501e-202,2.32028543611133e-78
X,39710195,C,T,0.0400413670102368,4.50447318587495e-146,2.39035059237305e-73
06,31349415,T,G,0.0676054390444133,1.24612394100568e-63,5.34658136911412e-70
06,31319157,A,C,0.0387471564718439,9.82044411390796e-62,3.6829354970745e-53
06,31483649,G,C,0.0545287776008642,2.65623497519773e-20,1.61790934113441e-19
12,29435505,T,TA,-0.0441100127983974,2.69119672357934e-180,6.02875900233329e-68
02,241510903,G,A,0.0638843651742183,7.99890847921289e-88,3.28082718944127e-67
16,28505660,G,C,0.064336607654999,3.43726043080325e-84,2.61385417569273e-65
02,27730940,C,T,0.0437295339082513,3.254834093186e-145,2.36726098498479e-64
14,101176769,G,A,-0.0485384507715182,1.58220012839261e-101,8.71019944766021e-62
09,135598876,T,C,-0.181963555494461,5.44850786236413e-42,2.93574233118701e-61
14,103566835,C,G,0.0475710908391534,7.65769765527701e-82,8.02014852049062e-60
14,103100938,CAT,C,-0.0446082649442056,3.41486083684051e-64,3.38501030746169e-48
19,45716197,A,G,-0.0359360042398644,2.12697662853105e-66,3.22687896290155e-58
19,45751157,G,C,-0.0388770830317278,4.04146910907264e-46,2.614170725664e-56
12,57019443,T,C,0.0418980374825246,8.63178122370626e-122,2.36185668838772e-57
09,99192919,A,C,0.0486520955609235,5.68184815369667e-91,3.67492597062349e-57
04,6891455,T,G,0.0527880310916989,4.63972553228561e-81,5.26968895726995e-57
08,144996029,A,G,0.0404664395917397,2.43660420780077e-139,1.06614385688115e-56
12,65005079,C,G,0.0435132604039073,2.45706036092588e-108,2.55871772093383e-56
20,57598332,C,CAA,0.0467527635594346,1.51275599564282e-66,2.0101293928159e-54
20,57597971,G,C,-0.0680293231034234,6.42987053911899e-33,2.359241036602e-38
06,33399778,C,T,0.0462303955801952,3.32848278676932e-101,4.34516122417739e-98
06,33055355,A,G,-0.073022657283262,1.95000040647059e-56,2.65954446910245e-60
06,33444731,G,C,-0.0595042457374738,8.39841415513935e-45,7.70432905930279e-51
12,109491468,A,G,0.0393207409194171,3.73713210691126e-127,1.98000330595691e-53
07,123411223,A,C,0.0709866130941779,5.20571055038657e-62,6.14208152803284e-53
11,113953622,G,A,-0.100414104644083,1.68218026002136e-55,1.28486025309804e-51
01,12042261,A,G,-0.0381287626066186,1.16619860523965e-138,1.84831824756019e-51
09,21990457,T,C,-0.0405798550669919,1.40745273241484e-70,7.37632771530157e-50
09,22143570,A,T,-0.0441477425658895,1.52336173803495e-44,1.1791937667332e-40
11,61567753,C,A,0.0405176108648383,1.08677177060523e-92,1.51296648951261e-49
17,4839400,C,G,0.0681076393947734,5.00390361773088e-51,1.17960464329038e-48
17,4837195,C,A,-0.0580279854765389,6.89769970196898e-26,1.0935737323266e-27
14,103058769,A,G,-0.0501684745457109,1.85713449143662e-70,2.0488051196078e-48
14,103558302,C,T,-0.0256889973984574,2.34351468214153e-18,2.23872417798258e-07
14,103498872,CA,C,0.0309755996903886,1.50798273269413e-15,4.32564761323272e-15
05,159595612,C,G,0.040010118218716,4.09119065139267e-86,2.92215488667811e-47
22,43405871,T,A,0.0369722221410732,2.24823574853123e-126,6.11675819073086e-47
02,43451957,G,A,-0.0694611476911217,3.40217998228676e-54,9.73307527814601e-47
13,95897359,T,C,-0.07611212579907,7.46500373863337e-71,3.44861294191424e-46
13,95900071,C,T,-0.025654713840069,6.75431661066017e-47,2.24280404071288e-09
13,110492626,C,T,-0.0593288150110456,3.37031330572882e-56,5.45102664281389e-46
17,42446420,G,C,-0.0330118630585357,7.41634100970923e-75,4.87241201142688e-45
20,30294682,T,C,0.112163317533466,3.22398914460564e-41,5.4034176218983e-45
20,30426297,G,A,-0.0269030067926959,1.86944266631325e-38,1.41612708744356e-27
01,25600747,C,A,-0.0389410835205664,1.6427716574506e-71,6.44645540946604e-45
01,25892525,T,C,0.0249902535682788,7.13320101870225e-35,8.27654250659922e-16
19,19765499,C,T,0.144781187308638,8.35227796417753e-43,4.21696856879257e-42
19,19396616,C,T,-0.0795469124335635,2.25398115148773e-12,1.66019368216002e-12
15,65181280,C,A,0.0498634991459819,5.62502690677036e-55,5.10074149768044e-42
09,91392686,TTC,T,-0.0764650497613119,9.58421534233312e-46,4.75324725588589e-41
02,211543055,T,C,-0.0365480106444781,2.97237929138862e-76,9.95885318414093e-41
05,1285974,C,A,0.0286353115794425,2.12609847947194e-25,1.02609074238349e-40
05,1287194,A,G,0.0196339022441336,2.26326405982162e-17,4.57280954802791e-31
06,32190406,A,G,-0.0330583936403757,5.43991961209379e-51,4.02096663457613e-40
06,32024832,C,T,-0.0243298234782181,1.29101866361493e-35,1.27414188777394e-23
06,32194956,G,A,-0.0269025563574645,1.47257208403737e-18,2.65756045868105e-17
14,68476880,T,C,-0.0461244578546621,3.05021936940396e-54,7.97905432418148e-40
15,43933941,T,C,0.111601625749929,5.6732067958234e-41,3.66596501473118e-39
15,63341238,G,C,-0.0440304918452425,1.99939304945456e-53,2.62570002111223e-38
03,122833003,T,C,0.0334621536342727,3.06163784354326e-89,2.76584898958791e-38
11,128330520,C,T,0.0307552007699703,2.69004670970724e-57,9.52685683184674e-37
11,128577624,G,C,-0.0268082647760724,4.95727994934175e-24,4.70536886384123e-22
11,127959511,TGAG,T,-0.0200094642165143,2.32196132957734e-17,9.34613711005014e-15
03,12268191,C,G,-0.032245441118051,2.72088966407422e-86,2.76450983868908e-36
02,219093934,G,A,0.0375318066139091,5.9334562979332e-57,9.1510967945348e-36
03,18250509,C,A,-0.0387585928017008,2.14087768571022e-53,1.95601041072307e-35
01,45852564,T,C,-0.0361858695292525,5.84497805640386e-58,2.64502158523734e-35
17,2140382,A,AAT,0.0274901379983637,3.41661478884149e-50,3.75166663731086e-35
17,2001825,T,C,-0.0211424949061752,1.52067397495805e-15,5.99533216147979e-23
12,48208368,T,C,0.0268539104959326,2.72292125145039e-41,6.71606212190976e-35
12,48213720,C,G,0.0516085461457167,3.0328530720907e-14,4.28741892239209e-24
12,48427329,T,C,0.0161507224797575,1.2123612030958e-13,1.20360777003829e-10
01,118155145,AAGTC,A,0.0371840503542106,2.15494411038943e-52,4.23229423340635e-34
01,113156860,A,AAAAC,0.0311227501310407,3.56843541074477e-91,4.27353436804353e-34
17,64224775,C,T,0.0904116230684527,7.45593905782823e-36,7.27459184453888e-34
03,58315263,A,T,-0.0327306774714625,3.35602428660864e-64,9.2745971214352e-34
06,30375884,T,C,0.0301679280390859,1.56416739092518e-25,3.38725039711296e-33
06,30824451,T,C,-0.0314206373130176,2.30616417244871e-36,6.86253864784013e-23
06,29910742,C,G,-0.0262558627504012,1.02921847586634e-33,1.63981301805436e-20
13,114018038,A,C,0.0357968249302936,6.60588671167957e-104,7.35452988830471e-33
13,114009340,A,G,-0.0510429454568164,7.21915338186788e-18,5.38763113433549e-08
14,69663768,C,T,0.0936805364878131,8.84906440433548e-41,9.32898922579027e-33
14,69307485,A,G,-0.0183527499156228,1.32823406737178e-14,6.24766734243327e-14
07,44873125,C,A,-0.0302244490193691,7.12416380481983e-80,1.64608030104238e-32
05,158635102,T,C,-0.0336292180420911,3.19158246283772e-46,4.7237843966503e-32
14,105757392,T,C,0.031994201326447,6.6401387829214e-60,6.6699097706585e-32
09,100691168,G,A,0.0292236475364765,3.62296248568594e-51,1.0830455354104e-31
09,100299493,G,T,-0.0186512752172666,2.93153246844945e-12,1.44546373721977e-12
20,1930798,T,C,-0.0331002282946219,4.32651160354317e-51,1.6837729832941e-30
02,121035039,TGTGA,T,0.030984887188009,2.26800757265275e-56,7.61329269813427e-30
02,112167931,T,C,0.0312743137450079,2.58987445403619e-53,1.77076845422925e-29
05,131824486,A,C,0.026301213624597,3.56534130522716e-26,2.04550088206524e-29
05,131640536,G,A,0.0160586682016279,9.91949278700935e-15,2.07270158378077e-17
19,17194833,TGGTTAATAACCCTTTG,T,-0.0364373528389548,1.56843954204082e-38,2.20540297945136e-29
19,17252383,T,TC,0.0175150857447325,1.1569102019706e-18,2.23144777650185e-08
06,164478388,C,A,0.0284873755507907,1.09445573464365e-74,2.90047404207485e-29
16,88556651,G,A,0.0411501190001053,2.94331076835384e-28,4.29297981810905e-29
16,88553198,T,C,-0.0168149253438939,1.16926227452882e-18,1.37511813148766e-11
16,88593218,C,G,0.031128391077237,4.20241965020862e-11,6.67619673304603e-16
09,307197,C,T,-0.0259620532401711,3.50561687948709e-22,1.05410454981161e-28
09,273160,C,T,-0.020134273086082,6.09181546551746e-13,1.47934164518106e-26
09,140133,G,A,0.0175225918958872,1.05907327691088e-12,1.20983887112857e-12
11,8846102,G,T,-0.0277157336404144,1.59173669609285e-79,6.55042303118247e-28
12,740009,C,G,-0.0277433163348001,2.73113607817764e-76,2.12827151685183e-27
22,44324727,C,G,-0.0330819250640678,3.0252212156903e-41,3.47919159333896e-27
16,85415838,C,T,0.0406132762187256,2.58757498179149e-28,3.98585259658846e-27
16,85706416,ATTATTTC,A,0.0219619639420756,4.74663163718529e-19,9.12056595104748e-15
16,85432887,C,T,0.0201521801692275,2.37025545734225e-20,8.05293948877255e-15
09,136892523,C,T,0.0308981040688042,2.33100574480304e-45,5.35943818606381e-27
06,25599234,T,C,0.0352999460652537,1.82397292400041e-52,4.21678054945491e-66
06,25618486,G,A,0.0293407248878861,2.86477015859087e-33,9.09751186019392e-53
06,26092170,G,T,-0.032161454315779,1.65443919729527e-22,2.61050454113574e-22
11,126290510,G,A,0.0219795316264885,6.26483040385334e-46,1.11095702868717e-26
11,126266650,T,C,-0.021830050991113,1.7738965337337e-11,6.66928994053061e-19
15,99248041,G,A,-0.0382050496026669,1.61384157906525e-34,2.80044444160908e-26
22,37462936,G,A,0.0269103483468666,3.61534919948182e-64,5.72122035359109e-26
09,136131322,G,T,-0.051375483772098,6.34831157604737e-25,7.65169685969918e-21
05,141510261,CA,C,-0.0246385315061315,5.69129828722544e-46,1.42892619190626e-25
05,141574533,C,A,0.0267695223130736,8.57530524723731e-09,5.42134009657111e-13
15,39297872,G,A,0.0266222989018867,4.68015072008243e-60,2.79245700422512e-25
04,110945819,C,A,-0.0280927318640766,1.23694197180828e-39,1.06864959800741e-24
04,111379036,T,G,-0.0155652829992176,2.53860017235653e-08,1.40897064894923e-06
19,39233969,T,G,0.0555452909626013,4.73444804177106e-26,1.29940095716191e-24
07,100240296,G,A,-0.0255656243524087,4.36449948527609e-41,1.72631271498979e-24
07,100016413,C,CA,0.030973896820591,8.85558836009027e-24,2.98241992358865e-21
12,51671807,C,CCT,0.0399083829404361,5.02014542466281e-25,3.73148914320345e-24
12,51194827,A,G,-0.022739882583076,9.09027559804602e-30,3.20059069800312e-17
12,51693021,C,T,-0.077760273610886,1.93697363941066e-10,1.89101407462793e-10
02,160677375,G,C,0.0250655531570872,3.47757088084833e-26,5.01241852513136e-24
02,160592889,C,T,0.0601376537474779,8.76996151782563e-16,1.71336552055383e-23
02,160779145,C,T,-0.0227483487637406,1.29979575198952e-10,2.7868001744575e-09
07,116515781,A,T,-0.0299523856846976,1.68473647230579e-38,5.06241547414905e-24
10,50280238,C,T,-0.0300285296598023,7.59501090215627e-38,7.89561726263301e-24
01,10271688,C,G,-0.0399433815370826,2.15397473336815e-29,9.59583430165374e-24
09,38197187,A,T,-0.0254037343522156,1.878160338136e-66,1.02376752775188e-23
01,40419732,C,T,0.0296343139889996,1.07122037154129e-38,1.08818645865814e-23
01,40831381,C,T,-0.0258364065255622,1.65661786701558e-07,5.09921991254609e-06
11,116703146,T,C,-0.0386190126338925,1.06769092848804e-31,3.01776028776257e-23
11,116637146,C,T,-0.0344746932934753,1.1371315394584e-12,8.83785477629417e-10
03,124366890,C,T,0.111716858722582,5.90499728128169e-28,1.25535422038571e-22
03,124339527,G,A,-0.024249929581562,1.15978827623127e-57,2.53604471204718e-16
02,70165966,G,A,-0.0320620209759466,1.5984182625152e-32,1.27413247036094e-22
12,49652731,G,A,-0.0474144145448012,6.09622226476419e-26,1.35018873787124e-22
06,109617657,AAAG,A,-0.0246973747296112,1.35432188940247e-60,1.72819866757993e-22
15,91528070,C,G,-0.0364848381420606,2.52978719852761e-28,3.60429385038501e-22
13,33168050,G,A,0.0254362056028279,7.62220408628339e-31,5.62830202085567e-22
13,32755834,T,C,0.0127796921080314,2.56901192629134e-12,9.55046523028258e-07
07,2822986,T,A,0.0264159496268419,2.34189084203392e-29,7.53146042597948e-22
07,2518689,G,C,0.0142071419628674,2.41576460252156e-11,3.65703351793602e-08
16,525812,A,T,0.0438260960254299,4.30554726393483e-23,1.02595469310319e-21
16,769026,G,C,-0.0152189846659312,4.06840753234891e-09,7.37666435702449e-08
21,36368659,G,A,-0.01711458823813,2.0844549349248e-15,2.18946431306811e-21
21,36393747,G,C,-0.0351670413166129,4.73312885050883e-12,1.32511420040223e-17
21,36392564,A,G,-0.0328081987583016,6.41113185834985e-09,4.82580787393792e-11
04,88203828,A,G,0.0235161065341685,3.78239496807585e-32,2.52672483901589e-21
04,87865538,C,T,0.0131458371153203,1.65304930607407e-09,4.51298059890498e-08
11,65485218,G,A,-0.0187257971508673,2.8551402738103e-13,3.78822782482249e-21
11,65607203,CA,C,-0.0170063106281519,2.19190740958187e-11,1.1370745244906e-18
05,65916784,G,A,-0.0194407564960015,1.94710681132665e-15,4.01573553501927e-21
05,66002427,G,T,-0.0142662863291331,5.41579135149465e-09,3.48589235666349e-16
12,50914877,G,GTTT,-0.0253249792263055,8.48920699159491e-42,4.10149756424462e-21
05,77786395,GA,G,-0.027627375195158,3.29068645457309e-26,5.14027385188377e-21
05,77868334,T,C,0.0128180961414126,1.03717998542865e-12,1.46144489299181e-06
06,47606029,C,T,0.0261473795682386,3.09623102383145e-31,6.35392746197053e-21
06,47320386,G,A,-0.0279986270669003,1.91216911294779e-13,7.33254550594477e-13
03,183748637,C,T,-0.0299326226363727,3.67457872725732e-81,3.73383226566607e-31
03,183926133,G,C,0.0956405678406832,1.87065204400613e-23,9.53516670083654e-29
03,183639786,G,A,-0.0926702338722583,1.24052156133835e-21,1.27239111883008e-15
14,65487694,T,C,0.0226033822491246,1.94776865115093e-34,1.16219500219542e-20
14,65002599,CAGGGGCAAGATCTGATGGTTTTATAAGGGGAA,C,-0.0154002902895707,1.71078100496368e-07,1.09392309689455e-08
01,27262545,C,T,0.0699912739033806,2.54807243836876e-21,3.35901715520659e-20
06,52733768,GT,G,0.0224562766182433,3.13673415495547e-33,4.81558477800602e-20
06,52250982,T,TA,-0.0158679449952911,5.18578763525715e-12,1.75553440375587e-10
02,227268955,C,T,0.0293449155237768,4.86790526734652e-29,5.06096406274805e-20
05,72034656,G,GATC,-0.0304519381622353,1.52342259834144e-21,6.63631923715118e-20
05,72196167,T,G,0.0165413279796241,4.41956901870134e-08,6.51568734328386e-10
07,80216205,G,A,0.0204977290574457,2.36401013748825e-31,7.57224640390016e-20
07,80283457,A,C,0.025259289705422,3.969251825637e-07,3.20302262711654e-12
X,67919944,G,A,-0.0314387111625475,5.52787857973977e-22,9.5733338032613e-20
X,68381264,C,A,0.0144026234832239,6.02790591894744e-12,7.03305282458929e-09
09,127191583,C,CAG,0.0239069952104047,3.71883212972478e-38,3.23872986835006e-19
13,41584690,T,C,-0.0216022443500323,2.46944148293955e-23,3.91252464470913e-19
13,41189703,T,C,0.0187794681950676,2.7042116575742e-12,7.72550611623296e-14
06,33895406,C,T,-0.0794266348521204,1.69468164985585e-28,3.53858922405626e-24
06,34178764,C,A,-0.0343188853000166,3.02451185217489e-23,1.47438732862793e-16
06,33893513,G,T,-0.0405029642608849,3.18073638462346e-14,1.52160327577767e-10
04,106034084,C,T,-0.0204673244067012,4.65907315944406e-22,5.36809871664e-19
04,106202633,C,A,-0.0431327637182218,9.18943782670676e-12,1.97144358663994e-17
04,105758059,T,A,0.0383325013912549,9.23565065023914e-08,2.27478496072201e-08
01,2172988,C,T,0.0167918437729527,7.29010210826895e-26,5.74337000627593e-19
01,2146165,C,A,-0.0254769450019566,1.29363415512625e-09,1.68944276240112e-13
01,2232532,G,A,-0.0168094392368512,8.23762965236436e-08,1.54611936506639e-07
22,19689697,C,G,-0.0237754660059798,2.19643291330412e-30,7.01460949106168e-19
22,19972559,G,A,0.0229276832065345,1.95898234449218e-21,1.66452406374534e-16
22,19536580,A,T,-0.0280385469504489,8.36282176327942e-07,1.39495942364531e-06
07,99927436,A,G,0.0329765740510884,3.66023331920281e-30,3.29125007739767e-22
07,99202373,C,T,-0.0355072474361843,3.10134573790568e-12,6.00582044515005e-08
07,99250475,T,C,-0.0204381759648535,4.27874406986283e-08,1.46442072636673e-07
12,121414915,G,A,-0.0226553323168302,8.44847233867594e-33,8.78048028328122e-19
12,121838735,C,G,-0.0737187236482667,4.07317238364513e-15,7.35951419790522e-15
12,121855918,G,A,-0.0562398986760575,8.67272353615053e-11,1.41811709534368e-10
10,25199838,G,A,0.0235341192624411,1.28411589157141e-37,9.2999693250611e-19
17,29690454,C,CT,-0.0231911506887108,3.96655102252982e-49,1.16713912699725e-18
05,74666492,C,T,0.022867209235929,2.54929784539815e-39,1.33510076190147e-18
12,123817569,G,T,-0.0251222748976502,1.5273966023275e-22,1.65745622286946e-18
12,123796279,A,C,0.0344756600951902,1.36653141929353e-11,1.49793677062945e-13
14,93510379,T,C,0.0357897449772141,1.76647713929131e-21,2.27681173520294e-18
14,93118229,C,T,-0.0178789025037066,8.97750298637226e-11,7.27413032450525e-08
11,10669228,C,T,-0.0218497617301964,3.12180972350661e-26,2.44496551016226e-18
11,10639018,A,G,-0.0349624627440382,2.23491220546179e-08,3.99114026295465e-11
01,230295691,A,G,-0.0225443206009047,7.1702144194481e-40,2.89753101787259e-18
20,8603950,C,G,0.022034425155227,9.03987140396017e-51,3.08724270460524e-18
01,171949999,T,G,0.0587003739448764,3.36322130125852e-110,4.12476135006045e-93
01,171980928,T,C,-0.0321659375690857,1.74563220334724e-20,1.25809494930419e-28
01,172011395,A,G,-0.0455853703768032,5.76800975251931e-14,1.7320075271461e-15
04,57767327,T,A,-0.0280454740821497,2.34945506120264e-25,6.5896230474055e-18
05,111059676,G,A,-0.0410037341290709,1.34682952512657e-20,7.24443439686215e-18
16,9050637,A,C,-0.0279367620348086,1.99393220713432e-25,8.39729089076863e-18
07,18201223,A,G,-0.0263174376766524,2.41357541919815e-26,1.24579210945612e-17
01,91587561,A,G,0.0252607538041563,1.3392534845465e-21,1.37610187132701e-17
01,91978963,T,TAA,0.0115377342420766,1.57647335290696e-11,8.60883764688331e-06
01,110232983,G,A,-0.0231382340986014,1.15653380386755e-24,3.12591469182911e-17
01,110470764,G,A,0.0229320047869043,7.1126273361515e-13,9.67278734183659e-12
17,27672837,G,A,0.0650596896238884,0,6.0261923471198e-165
17,27554378,C,T,0.0907426968012768,3.4511581336994e-12,7.34626745696842e-23
17,27497880,T,G,-0.0188708032219722,3.51590792034062e-09,1.38588387749942e-23
16,75408954,TA,T,-0.0217262013948877,6.36132564771384e-39,4.21819971810287e-17
03,178756807,T,C,0.0214241240123001,5.88827150229158e-42,4.49742814645278e-17
10,94839642,G,A,-0.0212477800374388,4.99397932042615e-42,5.35388985424253e-17
21,39836204,G,A,0.0307675575095385,7.86502137540637e-22,5.93601839944778e-17
01,8913656,A,G,0.0211235320531931,3.27589893005467e-48,7.99061329064184e-17
08,22440742,C,G,0.0246162564851194,4.40698196146411e-24,1.11038467054677e-16
08,21959139,GC,G,-0.0352483655415516,2.40128812365215e-07,1.36495298206716e-07
03,56573038,T,C,0.0332569975818387,3.85508833984048e-39,2.50607900248754e-24
03,56592234,A,G,0.0565326670345657,1.80181928131195e-22,4.30881710932101e-17
03,56410418,G,A,-0.0485781004750545,8.73076975067874e-14,2.12561466111609e-17
01,28211384,G,A,-0.0192590725313256,4.32139967595515e-26,1.49470765413656e-16
01,28109632,A,G,0.06901748881492,8.0660508446019e-08,4.16596112004259e-09
01,27860948,C,G,0.0359369781090415,7.62355419572082e-08,2.48159244510409e-09
02,38044344,C,T,-0.0225500536545992,3.48401140229756e-30,1.62826658705523e-16
02,66677531,C,G,-0.0192288600862383,1.6546244292108e-22,1.87985182416744e-16
02,66638815,A,C,-0.0441961903620217,5.43031857012235e-07,4.3213553894961e-11
X,65225504,G,T,0.0770402705638509,4.89743603639596e-18,1.89115613068752e-16
X,65254612,GGT,G,0.0155658058940077,1.33843638606941e-09,9.61407065436804e-07
12,57848639,A,G,0.0195492287826061,2.30600379489748e-33,2.05508046540589e-16
12,57992447,G,A,-0.0353296035084388,4.86404102024672e-10,7.69065666809088e-14
12,57378487,C,T,0.0414080362571849,3.4821240443082e-07,4.91797243550814e-06
02,192696255,A,G,0.0218170140323095,4.49353066558591e-29,2.71653899279938e-16
02,192697988,T,C,0.0172552410052519,5.81238788728184e-07,6.34634034172762e-06
01,156474929,GC,G,0.0209322697030753,1.90590325184304e-26,2.84337386286615e-16
01,156962191,G,T,-0.0239656333293934,2.10691477083e-13,6.05343589380764e-15
15,57185969,A,G,-0.0252410567605987,2.35053279092535e-24,3.15312997005973e-16
01,7794289,G,A,-0.0216910052786849,1.69787842494211e-32,3.87179877222858e-16
19,58931895,TA,T,0.0205939152821795,1.77538614195523e-43,4.25210461430038e-16
02,46075677,G,T,-0.0241491454401015,1.70185924777413e-25,4.65649170770786e-16
19,45146402,T,C,0.0234591817180306,7.85757912334249e-19,5.50900712541946e-16
19,45590184,A,C,0.0174884608599327,1.21229274878401e-21,3.45428856538565e-12
19,51728477,C,T,-0.0219776969488038,5.4733936151275e-27,5.97400324378129e-16
19,52186074,T,G,0.0181177772914075,3.45389908334992e-07,3.16852716573062e-06
04,152373929,C,CA,-0.0206435649155947,4.09789096045294e-38,8.30458177179068e-16
16,79754440,A,T,0.0220426644181414,2.14790741647607e-28,1.01494035653637e-15
07,129685597,G,A,0.0199543707038179,1.01838129108942e-27,1.09812765573859e-15
07,129247134,A,G,0.029966609490964,4.52777628516496e-12,8.78097443469892e-13
11,108025214,T,C,-0.020395751924171,1.28598094464588e-37,1.15534164884748e-15
07,73016541,C,CTCTT,-0.0226911304222851,3.06671813296191e-27,1.25237048820924e-15
12,93916757,A,G,0.0276309431282527,8.72647337264211e-21,1.71933082534928e-15
01,154017501,T,C,0.020413696170611,7.83740117109699e-25,2.77416329840333e-15
01,154356377,A,T,-0.012987281974857,8.57657898638217e-10,1.31197912895674e-06
02,12877060,G,A,0.0201194030214321,1.14460302580823e-40,2.79406079436667e-15
13,71236607,A,T,-0.0201822861997548,1.33446345092192e-35,3.14117620221415e-15
07,36084529,T,C,0.0201834152172762,9.40824424123348e-20,3.3931280396824e-15
07,36495986,T,TA,0.0125025027803388,2.77829442675151e-11,2.25607985841193e-07
12,110356084,C,CT,0.0336652277253894,4.15151492432089e-28,3.40713949701933e-15
12,110740470,T,G,0.0461251866746214,1.56442572544903e-17,1.67851932794385e-11
12,110836321,T,C,0.0591929431423561,6.59799691848564e-16,1.45202980418413e-11
05,61531217,AT,A,0.0201688242801155,2.91217061197124e-34,4.24482264338281e-15
01,157029199,A,G,-0.0245386749207045,3.77461985772983e-14,4.44075560554651e-15
01,156745499,T,C,-0.0174317909294907,8.83001248940335e-16,3.01521358155109e-11
19,33072069,A,G,-0.0216623805639466,3.21786398813008e-28,4.66389354040395e-15
10,104313377,C,T,0.0211492575815407,3.14269194847204e-27,7.53553904344771e-15
11,47427159,C,CAG,0.0278328764008884,4.76866132171974e-16,8.98134359330969e-15
11,47421962,C,CGG,0.0190341354979075,1.00791419921542e-30,2.75269799856523e-13
20,54987048,CTCA,C,0.032368617926566,7.46026533861359e-18,9.1746429649553e-15
16,87888119,T,C,0.0216525144695592,6.29652065894168e-22,9.69438138268957e-15
16,88093162,C,G,0.013498197322583,1.84590662991559e-12,1.02226919158439e-06
19,10463118,G,C,-0.047308641642288,3.11526031278233e-15,1.02842374429478e-14
19,10730352,A,G,0.0167722408704289,5.55275230958035e-14,2.26385800866733e-09
12,115555530,C,T,-0.0200914534775155,5.06036484058039e-31,1.04031299136075e-14
03,72397279,A,G,0.0199708662879465,6.34952615852929e-33,1.16537434542087e-14
10,81164146,C,T,0.0324526099306132,2.40808140646694e-16,1.24409974736773e-14
10,81137634,A,T,-0.0208766784352309,2.84118145101979e-17,2.04911649261093e-12
10,81218501,C,A,-0.0136308110581023,1.70560439506176e-07,5.54056799284851e-06
05,76273100,T,G,-0.0758034548280953,3.25612604681119e-36,3.14932745643376e-33
05,76981809,G,T,0.0225653352188639,2.30827327621636e-14,3.61512307700211e-11
05,76217581,G,A,-0.0510676639287537,5.56979480281416e-09,4.21029640835779e-08
10,121010256,A,G,-0.0296831828017919,1.90632541222401e-18,1.81964786165966e-14
03,185548683,G,A,-0.0199702731365475,5.69092457944779e-30,2.10472496610411e-14
19,36045635,TGTAG,T,0.0192939741703354,2.84028321869755e-19,2.43249129981812e-14
19,35665190,A,C,-0.0156074534455028,5.25578891492905e-15,2.9149404422879e-10
19,35553800,A,AATAACGGTG,-0.0253274017130129,3.21005517066106e-07,6.51247233401856e-07
03,107379837,G,A,-0.0198360967558677,6.19120071520529e-30,2.47629024800059e-14
17,57636269,A,AAAAT,-0.0211824947956741,6.5286434196894e-14,2.69679354199167e-14
17,57496970,A,C,-0.0179189292407752,6.80764661313437e-12,3.03257234232949e-12
17,19861142,A,ACTCCAGATATCC,0.0198226013808766,5.29415161759828e-31,2.85627084295126e-14
01,150327896,C,CA,0.0203194603403905,1.18149250625947e-26,2.99540907251804e-14
01,150793134,AAAAACAAAAC,A,0.0171328845599165,7.42965112126954e-08,2.36390419183282e-06
03,168860010,A,G,0.0208322795736286,2.92321459098459e-29,3.91612237495759e-14
03,169338409,G,T,-0.0202354444177541,1.57239409428925e-09,1.83320421006421e-07
03,168909150,T,TG,0.0175380365382343,1.00653867296615e-09,8.57786918691623e-07
08,142321638,C,T,-0.0211779232681272,2.02657200778649e-24,4.35972922598623e-14
11,17070581,G,A,0.0189202877719516,2.09314028663829e-36,6.57600489083401e-14
04,3443931,G,A,0.0173501125057054,2.07903668383537e-15,7.33597987321145e-14
04,3180021,C,T,0.0143421240684515,7.85607575425006e-13,5.2395575478133e-09
04,3449915,A,G,0.0639623973418124,2.93698906902104e-07,6.07589343343009e-10
02,225761259,C,T,-0.0406319347103079,1.23992090030047e-20,7.58409032284919e-14
02,225816642,A,T,-0.056078425024073,5.41552655425713e-09,5.38377647379935e-12
02,225782301,A,C,-0.0145844327226555,1.07140061882596e-10,3.30728213856175e-07
01,43840982,C,T,0.0536068436949539,3.50069769526837e-15,8.70768013828631e-14
01,43804340,G,A,0.0352742571118884,2.65117272583383e-07,1.88724245398113e-06
01,43385060,T,C,-0.0569517161193775,3.21911234695407e-06,2.39506551942425e-06
01,88102437,G,A,-0.0402064779173699,3.77506766105403e-15,1.17481890249485e-13
19,39229089,A,G,0.0499235152751173,2.38658625407562e-24,4.36316449351958e-23
20,42816845,G,A,-0.020670359762894,2.50397578520763e-23,1.44545436911053e-13
02,85658862,G,A,-0.0199575191423767,3.09166542705369e-24,1.65693468965815e-13
02,85766300,G,A,0.0594260542680619,7.00993063436488e-09,7.27555691246805e-08
02,85447484,T,A,-0.0142933728348412,1.26874818247458e-11,2.59277125606422e-08
11,57383377,G,A,0.0242663594961151,5.70975628883729e-25,1.65816028997533e-13
11,57195237,A,G,0.0200332731655946,5.81545450027977e-10,1.01960100872113e-11
11,57006583,C,CAAAA,0.0138974025059762,1.11750122329484e-07,2.2094542978209e-09
01,94876928,G,A,0.0189790998578191,3.18433827061219e-31,1.7096757274933e-13
06,110717493,T,C,-0.0195691641609404,1.51641630447163e-26,1.92623818194794e-13
18,41996250,C,G,0.0276229065146809,4.91190806813428e-17,2.00482103745886e-13
12,47149094,C,T,0.0360395400986365,2.6635747539135e-15,2.00993110801803e-13
01,198990494,G,A,-0.0211391404635178,6.67468018333775e-22,2.044356177268e-13
01,249191706,A,G,0.022181847760161,3.48545333882649e-20,2.18870248947774e-13
01,249084997,G,A,-0.0542296389438807,3.24207167856348e-06,3.88946268424501e-07
06,36500799,C,T,0.0830780436523392,1.52239085622811e-11,2.30022543165024e-13
06,36405555,T,A,0.0135077916594129,3.5205743496654e-11,1.10565079456656e-08
01,111736594,C,T,-0.021602572190404,5.32782855074447e-24,2.71995443188578e-13
01,111740345,G,C,-0.0191233447626503,7.30939665601518e-13,2.0254727983283e-08
01,112200081,A,G,-0.0180614539459867,6.88247571686396e-09,2.10838218609824e-07
19,2003785,A,G,0.0254742844332295,7.03066494082542e-16,2.72324028575795e-13
19,2214242,G,A,0.025246884861912,2.4907240525475e-11,1.37980591430222e-10
03,69884051,A,C,0.0194109452086366,3.19931872441198e-26,2.81657778524334e-13
05,176745683,T,A,0.0601471392340125,1.67068229832125e-13,2.85720549471798e-13
05,176524465,C,T,-0.0433444213289894,4.26904772987475e-06,3.1700540714994e-06
19,45807931,T,C,-0.0386281783724349,2.80678538002464e-54,3.17839991768646e-51
19,46301456,A,C,-0.0149584337791377,4.11430574730275e-15,2.88642037264143e-13
19,45927315,G,T,-0.0444297700771631,2.10930638117518e-08,3.72097699578796e-12
11,120215843,C,G,0.0189432187634827,9.1064807384113e-28,3.35150625567362e-13
09,123482482,T,TA,-0.020035336655942,3.27450998558872e-23,4.35321608165757e-13
17,56409089,G,C,0.0184130876396962,2.22621663005029e-31,5.13216486424573e-13
10,30460206,G,A,-0.0180125799057454,1.05190518699309e-16,5.57603836522633e-13
10,30083363,C,T,0.0362265647781078,1.40235331423855e-06,1.74910373763379e-06
10,30251648,C,A,0.0119976138004022,9.62204438936867e-11,8.17800293071307e-08
07,158556134,C,T,0.0384232149345406,1.3910404632803e-14,5.7744074412708e-13
02,202167831,CA,C,-0.018358936221776,9.45319546191779e-20,8.66310228768563e-13
02,201804972,G,T,-0.0155399820207035,9.21315031468982e-07,8.98957572611909e-07
14,104644776,C,T,0.0202881237924084,4.15324705761464e-19,8.7212061418503e-13
14,104782751,G,A,-0.0148361865235103,6.84886770995674e-11,5.34500026952466e-08
08,106458967,CA,C,-0.0480623671030484,5.29220731165618e-20,1.62436031437652e-17
08,106368131,T,A,-0.0597159673674379,1.12362535736975e-06,4.94031285594285e-06
09,4774830,G,C,0.0842585895465261,1.55014532741671e-211,4.05854488120519e-205
09,4856417,G,A,-0.0494611673513403,3.71887119701047e-116,3.29133129091198e-137
09,5038596,A,ATTT,0.0397762186939532,1.86854307393925e-88,1.07402119421924e-35
09,2622278,G,A,0.0188210149737965,6.92237996014791e-28,1.19229826713427e-12
05,133836058,C,CT,-0.0184556709271397,5.34355850451841e-29,1.39721042484132e-12
14,55888213,A,G,0.022878024722988,7.82810769086352e-18,1.41100542355642e-12
02,74716140,A,G,0.0256830597732468,2.92980942084426e-16,1.5503997451086e-12
19,49189315,AG,A,-0.0201219529540093,1.20236445242985e-17,1.57534785339199e-12
19,48786770,G,T,-0.0189654685437507,1.19099349032727e-08,1.12643268698248e-08
19,49461352,AT,A,-0.0166649392786495,2.5501433054174e-07,4.69841869271604e-06
18,9618005,G,A,-0.0202864372191446,1.80703914508464e-20,1.61001173829381e-12
17,35843050,T,C,0.0185135904319822,6.11337023378589e-25,1.73807234265888e-12
18,57345190,C,T,-0.0284663713475844,1.83761864289128e-15,1.76984507559435e-12
14,81856323,G,A,-0.0188965301948175,1.44040215389924e-23,1.91946189100688e-12
19,55526345,G,T,0.023118406560876,4.90201723877706e-14,1.95957792552351e-12
19,55668722,C,CCTGT,-0.0163648685540891,1.24244895686862e-09,1.71770946146755e-08
19,55993436,G,T,0.0381486418721186,2.68523254361542e-06,1.47118717248842e-06
16,81870969,C,T,-0.0256194666852782,5.01427403472201e-14,2.21310943252876e-12
16,81590668,C,G,-0.0140487621176009,6.96101806160415e-11,2.4827091690317e-07
18,813554,G,A,0.0192138143785694,6.29288690198833e-22,2.21745349450676e-12
19,54676763,C,T,0.0178974682975948,1.46446582893606e-29,2.29243891420127e-12
X,109933231,C,A,-0.0155414198548381,1.11747283682751e-21,2.64223244430915e-12
17,46493572,A,AT,0.0176294521332233,1.63277599902255e-19,2.68156509360385e-12
17,46976429,CAAA,C,-0.0118194729058756,2.49897654085366e-08,5.81422861951169e-06
20,43680918,AC,A,-0.0177010802415315,1.4420174257689e-31,2.79266492446446e-12
15,75932129,G,T,-0.0204124288514885,1.62212411052153e-19,3.1435658355917e-12
12,8142199,GA,G,-0.0179166987054317,7.04418527880693e-30,3.32644625573119e-12
17,27882705,C,A,0.0598496991942929,0,9.69437321582214e-171
17,27876805,C,G,-0.027101793371186,3.23400303897583e-22,1.14258745254254e-82
17,27989105,C,T,0.0551723709225256,1.05685058494156e-06,6.35661456248773e-14
21,40741846,A,C,-0.0190629585421278,2.2057854727076e-18,4.41213640590564e-12
21,40466570,G,A,-0.0134608520694077,2.83598981916009e-08,4.18944571388413e-06
18,60920854,C,T,-0.0514173189735104,1.15337511230076e-12,5.07329937758149e-12
18,72908865,CAATT,C,-0.0361952762066779,3.04714381201963e-13,5.09497435231228e-12
18,73408493,A,G,0.0143082233053972,3.03453136752485e-11,8.31730123011488e-07
19,6802571,C,T,-0.0810434019941404,2.87125570809668e-12,5.53665210172545e-12
01,236702973,T,A,0.0191531019333355,2.01873795929859e-21,5.56264553773826e-12
09,93546913,G,A,0.0166212801471975,2.13040698917076e-19,5.68682114152105e-12
09,93915270,T,C,-0.0292682559069256,1.03986722225309e-09,1.68727128904729e-08
09,93659079,C,A,0.0152723467135094,2.06244482102489e-06,2.44897498231963e-07
09,35690310,C,T,-0.0195903248667332,7.91314977457641e-20,5.99728918279517e-12
08,131024701,G,A,-0.0170693384450804,9.26925849353622e-18,6.23733309987374e-12
01,93426167,G,A,-0.0415018174534712,6.03429294197464e-11,7.45916490247585e-12
01,93694789,C,G,-0.0132163941507705,2.21947654754288e-13,8.59898642834419e-09
01,93518718,T,C,0.0582930285483414,9.44614313539306e-07,1.12633449353567e-07
01,27002647,T,C,0.0412764556449802,3.71254585883774e-19,1.45830565565773e-18
01,26646726,G,A,0.0194739893196304,8.77357872857441e-16,7.72317636391624e-12
03,172294500,G,A,0.0520391886602466,1.44770258841353e-12,8.46930677618034e-12
02,160782335,T,C,0.021786253635855,1.34229782757806e-16,5.66617110997985e-16
02,160994197,C,T,0.0694253580582599,5.03659734267943e-10,3.44521876668708e-13
02,160811023,G,GTA,0.0162069646416589,3.9663821792253e-13,9.50332329034674e-07
01,150511628,C,G,0.016678418754699,6.36133616851284e-15,7.63913461625098e-14
01,150839698,C,CA,0.0159122227931043,4.60182876725418e-10,8.56398223238485e-12
02,234274654,T,A,-0.0216384110288858,6.26780464741981e-10,8.57834942019762e-12
02,234331562,T,C,0.0133839920795108,2.87909692159304e-14,6.15331189346998e-11
07,130761235,A,G,0.0196294304918505,2.93293559205686e-19,8.7152185658178e-12
04,17685308,T,G,0.0153098132173135,7.29043867527654e-16,8.80261613328375e-12
04,17866325,G,A,0.0181648501744392,1.91571331554617e-07,8.29986141089577e-10
07,135667551,GA,G,0.0325322130465903,1.8427959093788e-12,9.05969850167062e-12
07,135343187,C,CAAAAAAAA,-0.0300004413051196,8.79175129205713e-12,1.08414506827527e-10
10,3707315,C,T,-0.0245232786519048,4.50359122863493e-15,1.07388569487242e-11
08,30280833,A,G,-0.0196147412033481,7.96211794680341e-19,1.11008428668768e-11
10,11906591,C,CT,0.0225244384488626,8.46430968897832e-16,1.12379003997632e-11
10,11836092,G,A,-0.0348807912535697,2.96733085716433e-07,3.58694969811122e-07
14,51108109,T,TA,0.0172531899113304,8.6836769503271e-31,1.12690635609922e-11
10,14603429,G,T,0.017197606787395,5.57848218497555e-29,1.22767539598523e-11
13,47242857,C,CGGTGGCGG,-0.0180651810461563,8.44465696636082e-23,1.26127449771622e-11
01,62107021,G,A,0.0197555257037986,1.66114827733295e-14,1.39087560219901e-11
01,61918044,A,G,-0.0159087341098014,1.56953659634006e-09,7.88963592777667e-08
04,39698738,A,G,0.017021992958201,5.1641529377996e-31,1.53217168861916e-11
08,125867834,A,T,0.0180868737496494,7.83175030298727e-15,1.86055758485294e-11
08,126345401,C,CT,-0.0135216901961676,4.26155735495843e-13,8.35339624491517e-08
19,3408665,A,T,-0.0176783473299662,1.9705259557083e-22,2.41013909390601e-11
20,61060986,G,C,0.0172814952668253,2.34861914966291e-27,2.44381123653792e-11
05,86939590,T,C,0.0810858183294926,2.36078247819254e-12,2.56231919954296e-11
05,87094544,T,G,0.0446054892786506,4.15655308144333e-11,1.89753988291318e-09
05,87183345,G,T,0.0293630203803831,2.37600705760698e-08,1.01094288924152e-06
17,7756999,CT,C,0.0194906158408379,6.13421513846064e-14,2.5976432709211e-11
17,7491978,C,T,0.0202429500077944,1.17286996265964e-09,1.59060720567576e-09
21,16377682,G,GCCCCCC,-0.0240347510273662,1.91488334298599e-13,2.7794342321964e-11
21,16811537,AAAAAAAAAACTC,A,-0.0119290330821864,8.4756342361319e-12,7.71629321958468e-06
18,67529964,T,TACTC,0.016104833908924,1.49703605986495e-25,2.99361914301794e-11
18,67736183,T,TGCTA,-0.0622495130100929,3.28324085051244e-07,1.49105170599082e-07
18,67935986,C,T,0.037484895467498,6.21868201570881e-06,4.868869106506e-06
01,29203907,T,C,-0.02920221464583,1.0199601596045e-10,3.01839746775132e-11
01,29241567,ACGAGGGAAAAT,A,0.0176531409837542,3.23843854174009e-09,6.32968812977467e-09
02,110445505,C,T,-0.0288424029870645,2.30865157524425e-13,3.03899601415164e-11
15,50353277,T,G,0.0171448388054657,1.15712579656187e-11,3.52637847316129e-11
15,50648339,T,C,-0.0146469730515811,7.1306800792114e-16,5.04237522036096e-11
04,100042242,G,A,-0.0183515876010007,3.15069126067109e-19,3.61555446373363e-11
05,60126424,C,T,-0.0204961680595362,1.0128542075535e-16,3.67589733869554e-11
09,19076194,CA,C,0.0178461953953593,2.35411839232931e-21,3.7731156162602e-11
22,28187396,A,G,0.0199966867673901,1.9844177448079e-16,3.81372368702715e-11
22,28663507,G,A,0.0222441941357336,8.76810057604635e-08,8.13421335932411e-07
16,5023403,GCTTCCGGAACAGTGTCAGCCTGGTTCTGCCAGGCCCA,G,-0.0163355962421823,4.4620110660378e-23,3.83586243827142e-11
11,63991801,T,C,-0.0219882934709942,4.03958348232068e-15,4.210163571084e-11
01,2996602,C,T,-0.0210405084029208,6.18872646869094e-14,4.39176798696175e-11
01,3311212,G,C,0.0169740312205613,1.92820135701042e-10,1.43627704714637e-08
01,3028987,A,G,0.0139377637024665,1.36062970836917e-11,9.62518829357906e-07
06,43354431,G,A,-0.0212208548428766,6.84860531607587e-22,4.5996264560244e-11
06,42861746,T,A,-0.0196520122373515,1.87240931174298e-16,3.91190384645845e-09
06,43751075,A,G,0.0205260484492007,2.38593777944439e-09,1.84650680031504e-07
06,29545715,A,G,0.0245424915256146,2.65198833870421e-19,3.18694630392863e-24
06,29782633,T,C,-0.026014536928877,1.31547218250936e-34,3.60316355576407e-19
06,29488393,C,CAA,-0.0207758606518873,2.52726747071984e-17,5.5101760624744e-13
05,90264895,G,GA,0.0171891535922991,1.99612486678437e-22,5.01365438056068e-11
06,116720514,C,T,0.0330949053906889,1.6577607399129e-12,5.02637436143914e-11
05,156399950,G,A,0.0172244796420073,6.74620837260657e-22,5.06557909980851e-11
01,185365267,T,C,0.0175307631335714,1.16212003557721e-20,5.15287622396309e-11
01,161188893,T,G,0.0292806911005014,4.37379437817161e-12,5.23405363453924e-11
01,161655516,C,T,0.0150020299340731,7.3404982532275e-14,3.47246325414718e-08
13,72371415,G,A,-0.0169266432582424,2.46230461371696e-23,5.48353495590297e-11
03,27425746,T,C,-0.0186180853003366,5.53649281239302e-18,5.65187321272379e-11
09,131465481,C,G,-0.0234068419881743,3.20458819241711e-14,5.66884849504059e-11
06,37156606,C,T,0.0168568426099937,1.64706981300931e-27,7.22519701470964e-11
01,180905694,C,T,-0.0166271199034602,1.68980022992398e-16,7.43438502232004e-11
01,181101725,G,A,0.0187720012669899,1.52329797227216e-06,5.82983093879274e-07
22,30678530,A,G,-0.0193936802231044,4.60047755751379e-17,7.83670648874082e-11
20,32188142,C,T,0.0227865117455596,2.55289866874336e-14,8.46345716580468e-11
09,113155247,T,G,0.0244364208510259,1.63039833460947e-13,9.31940655536925e-11
03,196520724,G,T,0.015819429314991,1.12068422144865e-15,9.61216372790823e-11
03,196061252,C,CT,-0.0202634476264718,7.76996635503196e-07,1.21834809495945e-06
03,196625049,TAAAAAA,T,-0.0120566151759734,3.92543023711925e-09,7.88474615672312e-07
12,80213826,AAAC,A,0.0370431185481467,9.32093680542539e-12,9.96206326706313e-11
04,157716129,C,A,-0.0296676194668791,1.71866410705856e-12,1.04305618875681e-10
16,78558325,G,A,-0.020474387549514,1.65204088923917e-15,1.12183043080559e-10
08,11688148,C,T,0.0163589685668189,4.53474237399992e-26,1.16215708913033e-10
02,68962137,G,A,0.0188575765896488,3.64985542951874e-17,1.2073406003543e-10
08,120993823,G,A,-0.0186228687522093,5.36827229673691e-17,1.27904049268524e-10
12,48228821,A,C,0.0361404308812307,1.99923763672895e-15,2.03937347074952e-14
12,48728490,C,T,0.015511013328924,1.99409297286484e-15,1.29029325727497e-10
12,48254353,T,A,0.0415326977260014,2.63114681259222e-09,1.38663267151156e-08
07,1002981,C,T,-0.0170562699743019,6.70300016336876e-21,1.33259875593495e-10
X,129083597,G,A,0.0225957815692415,5.01093377977257e-12,1.33971801800381e-10
10,65261184,C,T,0.0636883947244297,3.64888945170904e-216,1.24380000701659e-148
10,65381594,T,C,0.0531236947850488,1.09671071939693e-13,7.58608338212223e-08
10,65234339,T,C,-0.0183302880399571,1.55630491635668e-21,2.00712873001094e-82
11,77704282,G,T,0.0176683570979912,3.18624406816426e-19,1.44464672977177e-10
01,213937382,A,G,0.0165537539842528,2.46087008824775e-14,1.50066265351016e-10
01,213808464,A,C,0.0144871225281616,4.00513673110463e-10,1.78235618608825e-08
01,214177319,T,G,-0.0143768495289923,2.50733291258376e-07,8.22374947946629e-06
18,56118358,C,T,0.073836375871603,9.57975219408535e-11,1.65813124831569e-10
X,76870485,G,GTTG,0.0155970139905776,8.55643392567751e-15,1.66344076225228e-10
01,171915181,T,C,0.0564384830704858,6.85819866581577e-89,3.10602846062839e-72
01,171693887,C,T,0.0932734420311174,2.13974885164769e-22,1.21474728644923e-19
01,171929451,A,G,-0.0374512434405066,4.10380343257019e-27,4.12618358719797e-38
01,202223657,T,A,-0.0590683526033497,8.15297893329219e-11,1.90986110837414e-10
11,85673124,G,A,-0.0202796591127256,7.33203574879442e-15,1.95683154860821e-10
07,25987129,G,A,-0.0179759346696192,3.11539904086366e-17,1.99609351357848e-10
17,44238616,TAAAAAAAA,T,0.0163150857685759,8.75367760302352e-25,2.09672427578591e-10
03,47305729,C,T,-0.0507492516860485,7.00981556953435e-11,2.179561047125e-10
22,29633234,C,T,0.0151336598634631,9.98067555538063e-18,2.38050672881911e-10
22,29992506,G,A,-0.0326681115356765,8.94494432450007e-08,1.38914762012523e-07
22,29135543,G,A,0.0216546227413098,2.29037139301759e-06,1.03402749281217e-07
12,78220740,G,A,-0.0188064540657586,1.20890527736584e-15,3.02995742532225e-10
10,65016174,T,G,0.0766109445325538,0,4.04492489160367e-195
10,64532595,C,T,-0.0182671954719368,6.41906285381014e-18,1.32139316790884e-10
17,42497027,G,A,-0.0290600046005433,1.39491704833017e-48,1.3821433200987e-33
17,43361350,G,C,-0.0155657357616321,9.77943543423595e-11,8.51776186708528e-06
21,35349371,T,C,0.018959977690881,1.82570275393938e-15,3.21473160219627e-10
01,47704240,G,A,0.0162638667238046,6.45633966549413e-23,3.23070264190117e-10
01,205108083,C,T,0.035691187023182,2.57333872121257e-69,7.90830839208406e-68
01,205124544,C,T,-0.0386711591386093,2.77918176219546e-27,5.58348303887848e-45
01,204957045,C,CACAG,-0.0173347562487523,1.525806746467e-17,2.61147854079293e-08
12,12878362,A,AT,-0.0180572603850289,3.18718529108048e-16,4.18351684863381e-10
14,94847262,T,A,0.0366304334345331,5.43521726745132e-11,4.27123330424258e-10
16,53154361,A,G,0.0162620526443768,9.33711525546046e-22,4.40900052763343e-10
09,73031065,T,A,0.01669991840612,5.59710828299887e-19,4.57606629835588e-10
18,22470489,TTGTAGATTTGTAGATCAGAAGCCAG,T,0.0280798815011177,2.54247166722813e-10,4.83836956276043e-10
18,22850093,T,C,0.0133129812158719,2.32718650490962e-10,3.90073830035993e-07
04,144971029,G,C,0.0398182781850832,5.2372072130275e-08,4.87935017963435e-10
04,145038627,T,C,0.0117150389164091,4.88818212080991e-13,5.2962865329051e-08
10,97053775,T,G,0.0295217557067941,1.53908013684318e-10,4.98518538853839e-10
10,97511471,C,CA,0.0143808249627633,3.53230784952356e-15,6.22625904773658e-08
10,97124665,G,A,-0.0219354160076283,4.86273121070874e-07,4.44078555020155e-08
13,110878639,G,T,-0.0190481088745521,5.89576147679594e-13,1.84124320142989e-11
13,111038196,G,A,-0.0166072185201834,4.40362789529764e-16,5.52163097126952e-10
13,110930454,G,A,0.0143002152672694,8.14545672536137e-10,1.10403096610856e-08
05,139069628,T,TG,-0.0169250054652262,4.02589614355214e-18,5.75791204432589e-10
02,55298154,C,T,0.0224769130188628,3.73036464601986e-13,6.15838371335643e-10
10,16857133,C,G,-0.0149810050867381,4.38338021996457e-14,6.52196509892573e-10
10,17225826,A,G,-0.0149106458141112,2.34346245773218e-13,7.45376474706449e-10
02,203664625,G,A,0.01568229880362,2.95569104250933e-25,6.68061920237802e-10
09,130284652,G,C,0.0159739360058834,1.04382502817466e-21,7.19562365642626e-10
02,23882542,A,G,0.0209177760057635,1.28537074986596e-09,7.31396302578435e-10
02,24174295,T,G,-0.0179469344440641,6.1900859597156e-09,5.0622153115173e-09
11,5701074,C,A,-0.0296852967695078,1.77896549651399e-09,7.51546614469668e-10
11,5869808,AGG,A,0.0174082596541758,8.74002489285504e-14,1.30040886271516e-09
11,5629050,T,C,-0.0129852957582774,3.59071592573813e-12,2.30304505541566e-08
14,23723553,T,A,-0.0159337068710735,2.61155291618005e-23,8.33241370406806e-10
02,101788815,A,G,-0.0195951668712301,4.87846487783146e-14,8.6155916290851e-10
20,62268124,C,T,-0.0345408132329341,1.31801829338442e-06,8.86055151769467e-10
20,62325833,C,A,-0.0462959055075853,1.6239502696286e-07,7.33482345896386e-06
20,62348907,G,A,-0.0143843003473427,9.86618111204957e-13,1.50625693588495e-09
22,35730085,C,A,0.0162635938389358,4.0289998299743e-19,9.22871273702991e-10
04,124761762,ATG,A,0.0167831272446784,4.99748519860217e-13,9.40375259510016e-10
04,124274892,G,A,0.0419656356442357,1.06061577297323e-06,3.13773686599056e-06
04,124670681,C,T,-0.0195301741354007,1.23245583016651e-06,7.50120478734269e-08
03,101246803,G,A,-0.0163674394436058,2.00190644218797e-20,9.4079454892694e-10
17,29673219,A,T,-0.0215694263987566,2.87263966826771e-35,5.13324319816016e-15
17,28822229,A,G,0.0802631972647537,3.10236083089067e-12,2.39004863774389e-09
17,28886139,C,T,0.0488578150322254,1.40947096040455e-07,2.56618018342497e-08
03,56942070,G,T,-0.069619193106101,0,8.50544961827301e-167
03,56931719,C,T,-0.116902800584816,4.50033308145157e-24,2.80248362405368e-14
17,16912680,C,G,-0.0156462876344334,5.89564618379203e-22,9.93782280320866e-10
17,16807364,A,C,-0.0188818745967455,2.57752544193801e-06,7.78781746851258e-06
02,236003790,T,C,0.0165760816860958,3.89666023984213e-22,1.01247675024001e-09
02,235890001,T,C,-0.0444329104732821,4.36823330639992e-08,4.12279709530366e-07
12,46067218,C,T,-0.0176432873881205,1.35155984356092e-15,1.05448984013702e-09
10,101271982,C,A,-0.016056109028702,1.20081133954813e-19,1.06630680313597e-09
16,50151358,A,G,-0.0189062122499455,3.45349961415275e-14,1.09159576843995e-09
07,16735271,G,A,-0.0181171427768287,5.99548686248349e-16,1.14142529778263e-09
19,13018934,G,A,-0.0403717930219701,7.42399042044294e-09,1.18335066982665e-09
19,12820174,C,CAAAT,0.0300636484760222,3.2138805996462e-07,2.59328960825106e-08
19,13220703,C,G,0.0128589667305983,9.98008278410316e-10,1.14410976215877e-07
02,145481827,A,G,-0.0291271097334368,4.5733746024373e-11,1.18583574870323e-09
08,128825578,G,A,0.0156365087063659,3.15214059730096e-21,1.27649453853729e-09
17,59250810,CA,C,0.0188438049223895,3.00514388519697e-16,1.31653517358448e-09
15,85361644,G,A,-0.0154077145106488,7.16280794294269e-25,1.35650598554044e-09
02,47126346,C,T,0.0162209638691684,2.56104095528116e-19,1.45204756239828e-09
10,114806697,G,A,0.0188126882470674,8.75802519816208e-14,1.53344108710989e-09
06,135670155,G,A,0.0665468675114257,7.53265012486847e-16,1.95281051078554e-11
06,135691516,T,A,0.0179331651966185,1.57641658724681e-29,1.73739182062819e-07
06,135754769,T,C,0.0621081615559091,1.31791599019797e-09,6.60373678650441e-07
18,43735266,C,T,-0.0159048630087634,4.39234401663077e-19,1.60875834479347e-09
09,35038606,C,CT,-0.0200042421929951,6.26262751931906e-14,1.63681373562574e-09
17,55453126,T,G,-0.0356522421934698,2.82091241159096e-10,1.77399703941791e-09
07,37461507,C,G,-0.0286347796354841,1.84170216642825e-09,1.78896978677597e-09
07,37470797,G,C,0.0192173055394416,2.90343107282211e-07,3.02356710250337e-07
10,89722262,T,C,0.0210872594129315,3.74404554638519e-13,1.83199923435478e-09
04,120257739,C,T,0.0152097816103338,9.53465726262911e-25,1.95279760207111e-09
14,31375322,A,T,0.0151855928277235,6.67663372607017e-24,2.03052719462947e-09
09,95519623,T,A,0.0180685964491696,3.72186955253348e-14,2.07634027906831e-09
01,36757801,G,T,-0.0151490474685087,2.04021489542504e-25,2.12590724395096e-09
01,226538054,C,A,-0.0214675957999328,3.20856709628863e-12,2.14796913582041e-09
16,11347858,T,C,0.0165763755918316,9.53399601570259e-16,2.36275746932456e-09
02,109228723,G,A,0.0157223201448198,2.0960515620466e-20,2.46841023551463e-09
18,53397199,C,T,-0.0220835786505234,5.25911561103666e-16,2.81907891248071e-09
18,53539357,A,T,-0.0201902521023065,5.34894408280653e-10,8.72323127077392e-06
02,27598097,C,T,0.0430358639409428,7.11406347784252e-140,1.27403091089273e-61
10,114155586,C,T,-0.0241536813453728,6.64633062626714e-11,2.98613880016387e-09
10,113915574,CA,C,0.0137144761054925,3.5148073219682e-09,8.95507766079554e-06
03,136531403,A,ATT,-0.0154983299062808,1.41010362962068e-21,3.02886486859953e-09
02,113867288,T,C,0.0151072747381546,2.40506008617404e-21,3.05589914583476e-09
07,55160538,G,A,-0.0160325372557376,1.34830972492543e-16,3.05688078694049e-09
11,73308769,AC,A,0.0245298084878604,4.47222719134199e-11,3.41336911149681e-09
14,64890645,C,T,-0.0201054881960852,1.28379947074362e-10,3.51678133392574e-09
14,65227583,T,A,0.0137878535274953,1.91156143274327e-08,1.08369614291019e-06
08,56798862,C,T,-0.0154080636513963,5.70391765537349e-19,3.61922120572183e-09
X,24573976,C,T,-0.0142200419166932,7.67907767318475e-13,3.66235480204781e-09
06,22502304,A,G,-0.0217500171163517,3.52512834115154e-10,3.67805439496209e-09
06,22930522,C,A,0.0125485578327666,2.14985723658432e-13,1.2156459702567e-06
13,51384616,T,C,0.0149783892895808,7.65106049053206e-17,3.84650654610257e-09
13,51164693,C,T,-0.0144577508997881,2.39366714208372e-07,2.41162685006253e-06
08,66792632,T,G,-0.0155998142467101,1.91406478855097e-17,4.0294502176493e-09
06,11593985,A,G,-0.0149184104902752,1.77430276356272e-22,4.08217835567847e-09
X,130550893,G,A,-0.0126483364660659,1.63863532546958e-15,4.30322295981082e-09
04,148284104,A,T,0.0182681924262582,3.42013831113444e-13,4.48719048257652e-09
12,32849568,C,CT,0.0209986381295119,1.0067186153105e-11,4.77009410579775e-09
08,103500296,C,T,0.023165222102613,4.2168446535874e-11,5.21030931254781e-09
17,3814429,C,T,-0.0186750243880131,3.64225275307262e-13,5.31035337016772e-09
03,167446024,T,TA,0.0176240560239873,1.03917861862218e-14,5.50116967436516e-09
04,123192240,A,C,0.0523072588636042,2.99612992927995e-09,6.13391143447749e-09
01,234730972,G,A,-0.0149327867081465,6.69132413026809e-18,6.63447014776076e-09
01,235017928,G,T,-0.0149613350257298,4.32502610226986e-08,1.21562688648081e-06
02,70047206,GA,G,-0.0287320446315172,1.37646062020859e-30,4.13798511465958e-20
03,114618833,C,T,0.0146944393703339,2.2516206948633e-21,6.92111478288628e-09
09,96204538,G,C,-0.0143361164399287,6.03097231951873e-18,7.06775604744065e-09
09,95854235,C,T,0.0147177252684198,6.29313281961269e-07,2.41691886646284e-06
14,65578874,C,T,0.0197272261967045,3.04565137066201e-26,1.47927598899168e-13
02,170827760,G,A,0.0291368814722431,3.84278069243353e-08,7.99233452595365e-09
02,170552147,C,CAA,0.0126233972090774,5.26626978933554e-10,5.0625268800766e-07
15,49438415,C,T,0.0179211565373209,6.37668803195491e-13,8.30736014125043e-09
16,83980529,C,G,-0.0146916126506487,4.20260144122201e-21,8.40419612433557e-09
07,92263350,A,T,-0.0183933008543798,1.50405191518136e-11,9.36892386018616e-09
07,92751998,C,T,0.0185755101719565,7.73032361812935e-07,4.25037716773621e-06
03,18311412,A,G,-0.0373430737293287,3.73801225066562e-43,6.91610273449742e-34
03,18754505,GA,G,0.0163137360840117,1.10426646866258e-13,9.51223996710246e-09
06,135227089,C,T,0.0462358599360955,2.9075696419472e-107,2.79388444369749e-77
06,135307358,A,AT,-0.0656408100492854,1.80641506972887e-40,7.88409386193706e-55
06,135052237,A,G,0.0340375172373579,1.09811465603668e-36,1.26043492229686e-29
17,38238725,C,T,0.0155493169559101,2.61939590302165e-16,9.63580645401114e-09
05,96119339,G,T,-0.0173863009168405,6.54633491031157e-13,9.72524860104402e-09
12,21343229,C,G,0.0161281600362137,4.09480666078227e-12,9.86428436105513e-09
12,21670261,T,C,-0.0390539625863562,2.73296657999829e-07,8.40211898791624e-08
02,198628203,T,TA,0.0151165127449665,7.05254461092931e-24,1.03686211906481e-08
06,131302473,T,C,0.0146759776578313,5.68244904312537e-19,1.07667982444524e-08
03,156791268,C,T,0.015380730580627,1.28020767321836e-20,1.08579780713022e-08
10,63814070,A,T,0.015119082666292,2.35482597689245e-17,1.11856824563269e-08
17,738952,T,C,-0.0156207176452074,2.98052302351866e-15,1.12467315316719e-08
14,69648746,T,G,0.0952244049256341,1.83365708975877e-42,1.75630955857006e-32
14,68657993,G,A,-0.0390517007130251,3.29186468092861e-35,4.22557301697916e-28
08,21769432,A,G,-0.0351184703918044,2.56949223280113e-09,1.13287722531863e-08
08,22241165,G,A,0.0520174696815964,2.79123261165247e-06,3.71448461149794e-06
02,242630957,CTT,C,0.0144774576900492,6.69464421557364e-21,1.14068476848934e-08
06,25509356,AG,A,0.051541192753245,1.44921099041702e-101,3.33650565188422e-56
06,25461412,A,G,0.0495137950781837,1.41728148882093e-22,1.25488666729561e-09
06,25276266,G,A,0.0197222309501676,1.94171946193022e-17,8.12686747397283e-06
09,85091707,T,G,-0.0167941851482452,2.30967576565348e-13,1.18266573907036e-08
04,3254767,T,A,-0.0184203578365148,8.24547215495763e-20,3.67836949272775e-13
04,2769594,G,A,0.0130623137215648,2.93588092911257e-11,1.36765020865879e-07
07,14026357,G,A,0.0158659261510141,2.02229278444619e-14,1.23465035074112e-08
02,64909166,C,T,-0.0173285621126388,1.6324974486901e-14,1.2551130011398e-08
02,65086804,C,T,0.0303004004525462,2.08999842522816e-07,2.53510135446096e-06
19,1163596,A,G,0.013679869169504,4.26984432867293e-12,1.32530848967187e-08
19,1074315,C,T,-0.0200001191071169,6.92136577385626e-07,1.10888752804171e-07
04,76313222,A,T,-0.0177525045652862,2.81917452675141e-12,1.36194536591353e-08
07,152379340,TAA,T,0.0149878422837123,1.22394809100787e-18,1.42048201730262e-08
08,10551594,C,T,-0.0200739196858152,5.20769324005244e-12,1.5034904801799e-08
11,68964574,G,C,0.014381792571521,1.65209359466241e-19,1.50778303624986e-08
11,68562328,C,T,0.0249856741127765,6.58286377841948e-07,2.95564200787266e-07
03,128203494,AT,A,0.0137872410123739,2.16872109205532e-10,1.59182997453342e-08
03,128122820,T,C,-0.0152762652944453,2.03713313809352e-08,2.35320606032395e-06
03,128321226,A,G,0.0140315684871973,5.00358761480746e-08,2.83270811533336e-06
05,88296994,C,A,0.0893618753332235,1.09787252394996e-70,1.21153471193338e-79
05,88409185,C,T,0.039577600823812,3.6263500890969e-07,1.16938527022022e-07
05,88242605,C,A,0.0132065320918064,8.21773222038605e-12,1.16170625097129e-21
11,58101886,A,G,0.0634528444320871,6.89005461128558e-09,1.79254340160394e-08
11,57767306,C,T,0.0557294036750618,1.11518617066976e-06,2.34310966233752e-06
01,93678968,G,T,-0.0151968402847738,1.83678889459824e-17,8.20673640166631e-09
01,93806633,G,A,-0.0631055884561952,4.43983076654146e-08,4.63568909640366e-07
01,94042636,A,C,0.0429462899254769,4.15084898251115e-07,1.83763572505594e-08
X,114822737,C,T,0.0122710096834061,1.68896547519535e-14,2.00301798858577e-08
X,114597269,G,C,0.0201765197009321,3.5312752275406e-06,7.37917548865389e-06
12,123698603,T,A,-0.0287979526186092,7.02461405123246e-29,1.51659651298486e-17
12,122932805,C,T,-0.0504442967561337,1.31481842550488e-08,8.1307185509709e-07
12,122911488,C,T,-0.0605972345406831,1.54365027945444e-08,6.01514878058946e-07
19,41826020,A,C,-0.018874222673267,2.79290316041106e-11,2.21255930440661e-08
14,53577243,C,A,-0.0189610143314764,3.14667257476667e-11,2.21914391060866e-08
09,14103618,A,C,0.0145898979483755,3.05732648793597e-18,2.23826856101854e-08
12,68516354,T,TA,-0.0165132388004962,4.46689120654227e-13,2.31126597537391e-08
02,37148230,T,A,0.0174202932348851,1.69084096965068e-22,2.34774107594382e-08
02,37354912,G,C,0.0275876900163008,6.36188076121393e-11,8.52397515972481e-07
20,49087629,C,T,0.0157334505570115,2.96377695543793e-12,2.35385547414989e-08
20,48895112,G,A,0.0126785720519332,3.13506918516579e-12,3.07890659461755e-06
12,52305786,T,C,-0.0168353599159203,1.54804723420893e-12,2.35423748725408e-08
02,219223666,G,A,0.0272241791097973,2.61482388613809e-18,3.94031476442494e-26
02,219272294,T,G,0.0136505412506077,9.75734833930293e-11,4.43798208008538e-16
04,48964603,C,T,-0.0144229327673337,3.50190274741235e-19,2.4500843230869e-08
07,99393523,C,G,-0.024130301175448,1.23524778868852e-16,1.31105878040631e-13
07,99292372,A,G,0.0408850014752825,4.97452413347082e-08,5.89923880894843e-09
03,126247198,T,A,-0.0134885247381666,8.98641697516435e-14,2.56232229336811e-08
03,126691104,G,A,0.0151048748436623,6.91160575356458e-07,1.30195242154917e-06
18,21072433,T,C,-0.0164125224066709,3.76532276676108e-19,6.60311084430801e-12
18,21483568,A,G,-0.0404060310494789,2.87278953068369e-06,2.56766396614301e-08
05,75935631,A,T,-0.122608677247124,3.94133965203295e-93,1.06004173000368e-90
05,75003678,T,C,0.018472926590356,3.78762731766493e-24,5.75912762243076e-14
05,75633515,C,A,0.0322320442225421,6.07219691667313e-13,3.41460913157361e-13
08,101468154,A,T,-0.0207491969334909,1.98482990759079e-10,2.67094194052582e-08
16,4281391,T,G,-0.0161672372637564,4.87099690894189e-09,2.68214527513237e-08
16,4066061,G,T,-0.0117488587878637,9.67140021398801e-09,1.18780000413174e-06
06,2885930,T,C,-0.0147194559333783,1.38121952715916e-15,2.85440573282521e-08
12,6511657,G,A,-0.0224946094693417,2.82662996966204e-29,2.63235019020523e-17
12,6365716,A,G,-0.0213400872923038,1.0976213269782e-20,7.34301693587681e-17
12,6849216,T,C,0.0291086364027565,8.27424127060056e-11,2.86391837728438e-08
22,38247696,G,A,0.0368113138957081,8.11874214072795e-09,2.87524854532411e-08
08,95961979,G,C,-0.0139911562144811,3.08737126947218e-21,2.99686364759874e-08
05,60225523,A,G,-0.0343514442005939,3.3048060307739e-10,1.87362211122405e-10
05,60713484,G,A,0.0192678541570699,7.53983857562797e-09,3.09344973642826e-08
11,49307328,G,A,-0.0202899431063192,1.9646674820903e-10,3.12246481219834e-08
16,30870957,G,A,-0.0158179466304796,3.47714385990514e-13,3.21502852723088e-08
11,129172175,T,A,0.0145949606669489,9.20409586932717e-16,3.22713216305515e-08
11,128672508,T,G,-0.0191752663888747,6.23258623410682e-07,3.89870950233191e-06
03,37596805,C,G,-0.0147188105830687,1.20721928897779e-16,3.42232085179275e-08
05,158614087,A,C,-0.0325289876326071,4.13578051691895e-41,4.73298549612065e-32
05,158390165,A,G,0.0176021189775755,3.47613884267362e-07,9.71644499554975e-10
06,158092638,C,T,0.0147210952651485,1.93929187877298e-10,3.8036233237492e-08
06,158255182,G,T,-0.0161010995643011,2.25682439751334e-10,6.1018878907025e-06
06,158322995,G,A,0.0639844535771899,1.34787963071203e-07,7.64876209171191e-06
11,72440124,C,G,0.0242600114244394,1.51487555377594e-09,4.1305926713438e-08
04,154461313,C,CT,0.0401872103270613,7.08511183295891e-09,4.13635785292913e-08
04,154557616,C,T,0.0491558211413893,4.16154957745909e-06,9.49059173541197e-06
01,54848731,GAAAGAAAGA,G,0.0202762427294518,2.61199554439894e-11,4.14420417388994e-08
02,191477846,C,T,-0.0186913931851044,7.63081010463461e-11,4.18449534607968e-08
02,106193552,A,G,0.0146457573372007,4.62437146713838e-15,4.19102137357085e-08
06,22481782,A,G,-0.0218880764190953,2.34562789049579e-10,4.77965542867159e-09
06,21982663,C,T,-0.0142250031777383,3.2816052135661e-19,4.2203228108287e-08
07,50436731,A,G,0.0274268101895876,2.37460046563484e-09,4.38319969735154e-08
07,50274215,T,C,-0.0249349457854764,5.6785277495717e-07,4.32434198148853e-06
03,25432899,C,G,-0.0186380024348799,1.01807762485725e-10,4.43979571183264e-08
15,78541769,T,C,-0.0140776136567614,1.90254765702459e-13,4.52936695551479e-08
15,78985317,G,A,0.0147215170795442,4.67567430566673e-08,9.14943880927829e-07
16,4608652,AC,A,0.0411084469714139,-99,2.64857293425188e-08
19,38759180,T,C,0.037800168111376,-99,1.45452044276688e-13
17,42594755,G,A,-0.231506954395369,-99,3.71254781555806e-32
03,56932367,A,T,0.176422967820627,-99,1.609023437622e-41
14,65799876,A,G,-0.0513456099154933,-99,2.20812594431753e-16
14,69452088,A,G,0.0646102252267686,-99,1.23159940614436e-25
08,130604272,AC,A,-0.0489070495864535,-99,2.16057993107733e-11
08,130681008,G,A,0.0429957047376303,-99,1.82492818694954e-09
09,135864436,C,G,-0.161455739704334,-99,2.57231346179284e-49
09,136073343,T,A,-0.320493155380094,-99,2.23420620379636e-43
01,156869714,G,A,0.0660597122351508,-99,3.31586058410667e-16
05,158229824,C,T,-0.0563800266065068,-99,3.89869050432933e-12
