chrom,pos,major,minor,beta,p_value,gwas_p_value
09,4763176,C,T,-0.0694881357779717,0,0
09,4763491,G,A,0.0755329285088578,5.8880252303714e-267,0
06,135418635,C,T,0.10821656095197,0,0
03,56848999,T,C,0.115068428527501,0,0
03,56932367,A,T,0.129793820330269,1.1763743679939e-117,1.609023437622e-41
12,111884608,C,T,0.0943314593946233,0,1.51342956911675e-306
06,33541507,G,A,-0.0812594935348737,0,1.47898319187876e-281
06,33546498,C,T,0.0684540231494925,2.9514473398639e-131,3.60050475367519e-193
11,200343,T,C,0.092902149736634,0,5.74567601796295e-207
10,65027610,A,T,0.0765809529655446,0,8.66000697130557e-197
07,106373646,C,T,-0.0731411827339907,0,1.84894449651176e-182
12,122216910,A,G,-0.110171014810542,1.50891052897667e-240,1.44842071434609e-179
17,27764062,GA,G,0.0704042230275905,0,7.83579141877694e-171
05,88180196,T,C,0.149035808771457,3.59815536200738e-190,1.04931487835494e-168
01,247719769,G,A,-0.130455525335357,3.59750472009876e-169,1.03459872738924e-157
01,248039451,C,T,-0.0383432505377649,8.75269882054983e-86,3.02186679750946e-47
02,31477838,A,G,-0.0734291638326192,8.91515740385865e-276,1.44373743496041e-150
08,106581528,A,T,-0.0681038365728261,1.34678222631523e-235,1.62321690102691e-131
05,75996909,G,A,-0.147386099893534,1.07839526004126e-143,2.33235297215e-131
19,16206012,C,T,-0.229968898758287,1.35391353492011e-135,4.78444614530672e-130
22,50628937,G,A,0.107684219622879,1.67244644899525e-125,3.61961800478356e-108
03,184090266,T,C,-0.0308467317647494,2.8292533489625e-79,4.32826202868593e-103
03,184090242,C,T,0.121085583864637,1.068545471256e-108,9.28121707767682e-103
03,184093040,G,A,0.0612337698336047,9.89064838192718e-118,3.58852738145796e-90
12,6293825,T,C,-0.0523141132543955,3.19626505585006e-277,1.72574825874346e-95
01,171939290,A,C,0.06572170682732,1.01170079727875e-139,5.07275579646059e-94
18,20720973,T,G,0.0518626606744145,1.09514505119731e-267,5.95340022105056e-94
12,54712308,A,G,-0.051377656864509,9.45312424366504e-232,9.17705094476543e-91
01,205237137,T,C,0.0507320331305299,1.19051223754454e-190,1.40283154813877e-85
17,33885904,A,G,0.0657329664197303,1.79529008588152e-121,3.19710324105709e-81
17,33886764,C,T,0.105829267723158,8.00972052515617e-25,6.33392524002254e-19
11,119073886,T,G,0.0446889725488156,1.16031532056263e-65,9.43390266124024e-81
11,119185748,G,A,0.0528993465367254,2.55850938533658e-32,7.74621645027443e-13
11,119054208,G,T,0.0563445390454404,5.72580728848931e-25,5.52490510556621e-71
06,25549050,G,C,-0.0475169689492432,9.67529400537086e-202,2.32028543611133e-78
X,39710195,C,T,0.0400413670102406,4.50447318559082e-146,2.39035059237305e-73
06,31349415,T,G,0.0676054390444379,1.24612394087724e-63,5.34658136911412e-70
06,31319157,A,C,0.0387471564718456,9.82044411378835e-62,3.6829354970745e-53
06,31483649,G,C,0.0545287776008626,2.65623497520407e-20,1.61790934113441e-19
12,29435505,T,TA,-0.0441100127983987,2.69119672351502e-180,6.02875900233329e-68
02,241510903,G,A,0.0638843651741738,7.9989084814166e-88,3.28082718944127e-67
16,28505660,G,C,0.0643366076550056,3.43726043066465e-84,2.61385417569273e-65
02,27730940,C,T,0.0437295339082353,3.25483409397184e-145,2.36726098498479e-64
14,101176769,G,A,-0.0485384507715195,1.58220012837174e-101,8.71019944766021e-62
09,135598876,T,C,-0.181963555494478,5.44850786227165e-42,2.93574233118701e-61
14,103566835,C,G,0.0475710908391835,7.65769765348946e-82,8.02014852049062e-60
14,103100938,CAT,C,-0.0446082649442054,3.41486083684567e-64,3.38501030746169e-48
19,45716197,A,G,-0.0359360042398615,2.12697662858242e-66,3.22687896290155e-58
19,45751157,G,C,-0.0388770830317264,4.04146910910201e-46,2.614170725664e-56
12,57019443,T,C,0.0418980374825315,8.63178122291487e-122,2.36185668838772e-57
09,99192919,A,C,0.0486520955609365,5.68184815307117e-91,3.67492597062349e-57
04,6891455,T,G,0.0527880310917193,4.63972553162486e-81,5.26968895726995e-57
08,144996029,A,G,0.040466439591745,2.43660420759643e-139,1.06614385688115e-56
12,65005079,C,G,0.0435132604039094,2.45706036086766e-108,2.55871772093383e-56
20,57598332,C,CAA,0.0467527635594261,1.51275599572469e-66,2.0101293928159e-54
20,57597971,G,C,-0.0680293231034401,6.42987053889275e-33,2.359241036602e-38
06,33399778,C,T,0.0462303955802043,3.32848278646859e-101,4.34516122417739e-98
06,33055355,A,G,-0.0730226572832501,1.95000040655046e-56,2.65954446910245e-60
06,33444731,G,C,-0.0595042457374639,8.3984141554151e-45,7.70432905930279e-51
12,109491468,A,G,0.0393207409194314,3.73713210612625e-127,1.98000330595691e-53
07,123411223,A,C,0.0709866130941812,5.20571055031797e-62,6.14208152803284e-53
11,113953622,G,A,-0.100414104644073,1.68218026006564e-55,1.28486025309804e-51
01,12042261,A,G,-0.0381287626066098,1.16619860540896e-138,1.84831824756019e-51
09,21990457,T,C,-0.0405798550669775,1.40745273257351e-70,7.37632771530157e-50
09,22143570,A,T,-0.044147742565893,1.52336173801054e-44,1.1791937667332e-40
11,61567753,C,A,0.0405176108648193,1.08677177081803e-92,1.51296648951261e-49
17,4839400,C,G,0.0681076393947223,5.00390361858266e-51,1.17960464329038e-48
17,4837195,C,A,-0.0580279854765587,6.89769970170602e-26,1.0935737323266e-27
14,103058769,A,G,-0.0432536580879581,6.17020131398775e-41,2.0488051196078e-48
14,103235012,G,A,-0.0187561009172121,8.93203377234588e-26,4.16430120686367e-23
05,159595612,C,G,0.0400101182187072,4.09119065173937e-86,2.92215488667811e-47
22,43405871,T,A,0.036972222141078,2.24823574836851e-126,6.11675819073086e-47
02,43451957,G,A,-0.069461147691118,3.40217998233196e-54,9.73307527814601e-47
13,95897359,T,C,-0.076112125799095,7.46500373785419e-71,3.44861294191424e-46
13,95900071,C,T,-0.0256547138400734,6.75431661042311e-47,2.24280404071288e-09
13,110492626,C,T,-0.0593288150110398,3.37031330580855e-56,5.45102664281389e-46
17,42446420,G,C,-0.0330118630585323,7.41634100996166e-75,4.87241201142688e-45
17,42594755,G,A,-0.114804457252453,6.20140831605431e-23,3.71254781555806e-32
20,30294682,T,C,0.112163317533426,3.22398914481469e-41,5.4034176218983e-45
20,30426297,G,A,-0.0269030067926929,1.86944266634829e-38,1.41612708744356e-27
01,25600747,C,A,-0.0389410835205704,1.64277165739674e-71,6.44645540946604e-45
01,25892525,T,C,0.0249902535682787,7.13320101870714e-35,8.27654250659922e-16
19,19765499,C,T,0.144781187308522,8.35227796544718e-43,4.21696856879257e-42
19,19396616,C,T,-0.0795469124335893,2.25398115145105e-12,1.66019368216002e-12
15,65181280,C,A,0.0498634991459814,5.62502690678232e-55,5.10074149768044e-42
09,91392686,TTC,T,-0.0764650497613074,9.58421534244782e-46,4.75324725588589e-41
02,211543055,T,C,-0.0365480106444719,2.9723792915607e-76,9.95885318414093e-41
05,1285974,C,A,0.0286353115794432,2.12609847946634e-25,1.02609074238349e-40
05,1287194,A,G,0.019633902244133,2.26326405982643e-17,4.57280954802791e-31
06,32190406,A,G,-0.0330583936403846,5.43991961176372e-51,4.02096663457613e-40
06,32024832,C,T,-0.0243298234782123,1.29101866366425e-35,1.27414188777394e-23
06,32194956,G,A,-0.0269025563574643,1.47257208403823e-18,2.65756045868105e-17
14,68476880,T,C,-0.0461244578546551,3.05021936951447e-54,7.97905432418148e-40
15,43933941,T,C,0.111601625749925,5.67320679585834e-41,3.66596501473118e-39
15,63341238,G,C,-0.0440304918452362,1.99939304952255e-53,2.62570002111223e-38
03,122833003,T,C,0.033462153634281,3.06163784323751e-89,2.76584898958791e-38
11,128330520,C,T,0.0307552007699707,2.69004670969742e-57,9.52685683184674e-37
11,128577624,G,C,-0.0268082647760642,4.95727994949708e-24,4.70536886384123e-22
11,127959511,TGAG,T,-0.0200094642165144,2.32196132957644e-17,9.34613711005014e-15
03,12268191,C,G,-0.0322454411180262,2.7208896648855e-86,2.76450983868908e-36
02,219093934,G,A,0.0375318066139001,5.93345629829525e-57,9.1510967945348e-36
03,18250509,C,A,-0.0387585928017011,2.1408776857054e-53,1.95601041072307e-35
01,45852564,T,C,-0.0361858695292444,5.84497805674039e-58,2.64502158523734e-35
17,2140382,A,AAT,0.0274901379983633,3.41661478885226e-50,3.75166663731086e-35
17,2001825,T,C,-0.0211424949061761,1.52067397495349e-15,5.99533216147979e-23
12,48208368,T,C,0.0268539104959213,2.72292125165963e-41,6.71606212190976e-35
12,48213720,C,G,0.0516085461457181,3.03285307208596e-14,4.28741892239209e-24
12,48427329,T,C,0.0161507224797577,1.21236120309508e-13,1.20360777003829e-10
01,118155145,AAGTC,A,0.0371840503542325,2.15494411009354e-52,4.23229423340635e-34
01,113156860,A,AAAAC,0.0311227501310412,3.56843541072241e-91,4.27353436804353e-34
17,64224775,C,T,0.0904116230684585,7.45593905775541e-36,7.27459184453888e-34
03,58315263,A,T,-0.0327306774714749,3.35602428624406e-64,9.2745971214352e-34
06,30375884,T,C,0.0301679280390686,1.56416739102366e-25,3.38725039711296e-33
06,30824451,T,C,-0.031420637313021,2.30616417240891e-36,6.86253864784013e-23
06,29910742,C,G,-0.0262558627503986,1.02921847588155e-33,1.63981301805436e-20
13,114018038,A,C,0.0303200492896075,2.64048727075839e-88,7.35452988830471e-33
14,69663768,C,T,0.0936805364878851,8.84906440311348e-41,9.32898922579027e-33
14,69452088,A,G,0.0312941422392858,4.33333394810858e-41,1.23159940614436e-25
14,69307485,A,G,-0.0183527499156225,1.32823406737307e-14,6.24766734243327e-14
07,44873125,C,A,-0.0302244490193681,7.12416380490856e-80,1.64608030104238e-32
05,158635102,T,C,-0.0336292180420899,3.1915824628616e-46,4.7237843966503e-32
05,158229824,C,T,-0.0294203705102392,1.42642439362432e-11,3.89869050432933e-12
14,105757392,T,C,0.0319942013264642,6.64013878196631e-60,6.6699097706585e-32
09,100691168,G,A,0.0292236475365015,3.62296248498045e-51,1.0830455354104e-31
09,100299493,G,T,-0.0186512752172658,2.93153246845559e-12,1.44546373721977e-12
20,1930798,T,C,-0.0331002282946325,4.32651160322588e-51,1.6837729832941e-30
02,121035039,TGTGA,T,0.0309848871880086,2.26800757265971e-56,7.61329269813427e-30
02,112167931,T,C,0.0312743137450038,2.58987445411561e-53,1.77076845422925e-29
05,131824486,A,C,0.0263012136246021,3.56534130515019e-26,2.04550088206524e-29
05,131640536,G,A,0.0160586682016283,9.91949278699467e-15,2.07270158378077e-17
19,17194833,TGGTTAATAACCCTTTG,T,-0.0344352103386425,2.40332969387489e-46,2.20540297945136e-29
06,164478388,C,A,0.028487375550781,1.09445573476795e-74,2.90047404207485e-29
16,88556651,G,A,0.0411501190001116,2.94331076829909e-28,4.29297981810905e-29
16,88553198,T,C,-0.0168149253438934,1.16926227453168e-18,1.37511813148766e-11
16,88593218,C,G,0.0311283910772374,4.20241965020642e-11,6.67619673304603e-16
09,307197,C,T,-0.0259620532401607,3.50561687962066e-22,1.05410454981161e-28
09,273160,C,T,-0.0201342730860838,6.09181546548991e-13,1.47934164518106e-26
09,140133,G,A,0.0175225918958871,1.05907327691109e-12,1.20983887112857e-12
11,8846102,G,T,-0.0277157336404082,1.59173669622069e-79,6.55042303118247e-28
12,740009,C,G,-0.0277433163348003,2.73113607816923e-76,2.12827151685183e-27
22,44324727,C,G,-0.0330819250640651,3.0252212157353e-41,3.47919159333896e-27
16,85415838,C,T,0.0406132762187414,2.58757498166802e-28,3.98585259658846e-27
16,85706416,ATTATTTC,A,0.0219619639420745,4.746631637203e-19,9.12056595104748e-15
16,85432887,C,T,0.020152180169228,2.3702554573367e-20,8.05293948877255e-15
09,136892523,C,T,0.0308981040688094,2.33100574472407e-45,5.35943818606381e-27
06,25599234,T,C,0.0352999460652565,1.82397292396871e-52,4.21678054945491e-66
06,25618486,G,A,0.0293407248878855,2.86477015859932e-33,9.09751186019392e-53
06,26092170,G,T,-0.0321614543157776,1.65443919730221e-22,2.61050454113574e-22
11,126290510,G,A,0.0270751562562859,1.07929312779859e-72,1.11095702868717e-26
15,99248041,G,A,-0.0382050496026682,1.61384157905655e-34,2.80044444160908e-26
22,37462936,G,A,0.026910348346863,3.61534919962205e-64,5.72122035359109e-26
09,136131322,G,T,-0.0513754837720674,6.34831157645276e-25,7.65169685969918e-21
05,141510261,CA,C,-0.0274013764202526,7.63955003032785e-58,1.42892619190626e-25
15,39297872,G,A,0.0266222989018816,4.68015072032262e-60,2.79245700422512e-25
04,110945819,C,A,-0.0279508210937223,3.14945764321907e-46,1.06864959800741e-24
19,39233969,T,G,0.055545290962618,4.73444804161129e-26,1.29940095716191e-24
19,38759180,T,C,0.0189130319203975,6.63577270993353e-31,1.45452044276688e-13
07,100240296,G,A,-0.0255656243524206,4.36449948490684e-41,1.72631271498979e-24
07,100016413,C,CA,0.0309738968205905,8.85558836010583e-24,2.98241992358865e-21
12,51671807,C,CCT,0.0399083829404235,5.0201454248316e-25,3.73148914320345e-24
12,51194827,A,G,-0.0227398825830807,9.09027559780377e-30,3.20059069800312e-17
12,51693021,C,T,-0.0777602736108796,1.93697363941738e-10,1.89101407462793e-10
02,160677375,G,C,0.0250655531570741,3.47757088105502e-26,5.01241852513136e-24
02,160592889,C,T,0.0601376537474589,8.76996151800721e-16,1.71336552055383e-23
02,160779145,C,T,-0.0227483487637371,1.29979575199805e-10,2.7868001744575e-09
07,116515781,A,T,-0.0299523856846857,1.68473647241941e-38,5.06241547414905e-24
10,50280238,C,T,-0.0300285296597818,7.59501090301717e-38,7.89561726263301e-24
01,10271688,C,G,-0.0399433815370873,2.15397473333633e-29,9.59583430165374e-24
09,38197187,A,T,-0.0254037343522284,1.87816033785406e-66,1.02376752775188e-23
01,40419732,C,T,0.0289078860031854,1.49878319252319e-39,1.08818645865814e-23
11,116703146,T,C,-0.038619012633897,1.06769092847082e-31,3.01776028776257e-23
11,116637146,C,T,-0.0344746932934904,1.13713153943271e-12,8.83785477629417e-10
03,124366890,C,T,0.111716858722598,5.90499728117725e-28,1.25535422038571e-22
03,124339527,G,A,-0.0242499295815611,1.15978827624166e-57,2.53604471204718e-16
02,70165966,G,A,-0.032062020975952,1.59841826247684e-32,1.27413247036094e-22
12,49652731,G,A,-0.0474144145448266,6.09622226439833e-26,1.35018873787124e-22
06,109617657,AAAG,A,-0.0246973747296075,1.35432188945729e-60,1.72819866757993e-22
15,91528070,C,G,-0.0364848381420755,2.52978719840012e-28,3.60429385038501e-22
13,33168050,G,A,0.0252423533416572,3.83493489815396e-46,5.62830202085567e-22
07,2822986,T,A,0.0266687663296648,5.79278412331451e-39,7.53146042597948e-22
16,525812,A,T,0.0451163202262157,3.91256254724827e-25,1.02595469310319e-21
21,36368659,G,A,-0.0204551183537088,2.34327537385842e-24,2.18946431306811e-21
21,36393747,G,C,-0.0315088304687578,4.51240459156581e-10,1.32511420040223e-17
04,88203828,A,G,0.024147458204602,6.53699696185401e-52,2.52672483901589e-21
11,65485218,G,A,-0.0246391240476495,7.0588724678553e-44,3.78822782482249e-21
05,65916784,G,A,-0.0244665052069426,1.85944026270716e-47,4.01573553501927e-21
12,50914877,G,GTTT,-0.0253249792262989,8.48920699200378e-42,4.10149756424462e-21
05,77786395,GA,G,-0.0272873008046755,1.3221869928666e-34,5.14027385188377e-21
06,47606029,C,T,0.0261473795682528,3.09623102360302e-31,6.35392746197053e-21
06,47320386,G,A,-0.0279986270669004,1.91216911294742e-13,7.33254550594477e-13
03,183748637,C,T,-0.0299326226363722,3.674578727279e-81,3.73383226566607e-31
03,183926133,G,C,0.0956405678406771,1.87065204401829e-23,9.53516670083654e-29
03,183639786,G,A,-0.0926702338722695,1.24052156132445e-21,1.27239111883008e-15
14,65487694,T,C,0.0235334419927383,1.24082003461796e-40,1.16219500219542e-20
14,65799876,A,G,-0.0253399472329275,3.48781986627992e-19,2.20812594431753e-16
01,27262545,C,T,0.0699912739034341,2.54807243819192e-21,3.35901715520659e-20
06,52733768,GT,G,0.0224562766182405,3.136734155013e-33,4.81558477800602e-20
06,52250982,T,TA,-0.015867944995291,5.18578763525989e-12,1.75553440375587e-10
02,227268955,C,T,0.0293449155237695,4.86790526749827e-29,5.06096406274805e-20
05,72034656,G,GATC,-0.0334980308975516,3.74899481582637e-26,6.63631923715118e-20
07,80216205,G,A,0.0234942287723624,4.93278585458514e-49,7.57224640390016e-20
X,67919944,G,A,-0.0314387111625397,5.52787857986897e-22,9.5733338032613e-20
X,68381264,C,A,0.0144026234832252,6.02790591892288e-12,7.03305282458929e-09
09,127191583,C,CAG,0.0239069952104009,3.71883212982223e-38,3.23872986835006e-19
13,41584690,T,C,-0.0251049662027934,4.87617755634537e-33,3.91252464470913e-19
06,33895406,C,T,-0.0794266348521674,1.69468164973221e-28,3.53858922405626e-24
06,34178764,C,A,-0.034318885300007,3.0245118522593e-23,1.47438732862793e-16
06,33893513,G,T,-0.0405029642608748,3.18073638467023e-14,1.52160327577767e-10
04,106034084,C,T,-0.0207865997104309,3.7420423963111e-23,5.36809871664e-19
04,106202633,C,A,-0.0438237815104222,4.280246073517e-12,1.97144358663994e-17
01,2172988,C,T,0.0224661405295861,3.4811048804889e-53,5.74337000627593e-19
22,19689697,C,G,-0.0237925667624054,3.79409466994873e-31,7.01460949106168e-19
22,19972559,G,A,0.0228830077681443,1.31221271683549e-21,1.66452406374534e-16
07,99927436,A,G,0.0297871440923676,3.31618949662599e-26,3.29125007739767e-22
07,99393523,C,G,-0.0218657300978071,2.26918400436667e-13,1.31105878040631e-13
12,121414915,G,A,-0.0226553323168292,8.44847233872768e-33,8.78048028328122e-19
12,121838735,C,G,-0.0737187236482563,4.07317238368161e-15,7.35951419790522e-15
12,121855918,G,A,-0.0562398986760675,8.67272353608439e-11,1.41811709534368e-10
10,25199838,G,A,0.0235341192624418,1.28411589156487e-37,9.2999693250611e-19
17,29690454,C,CT,-0.0231911506887104,3.96655102254206e-49,1.16713912699725e-18
05,74666492,C,T,0.0228672092359273,2.54929784543076e-39,1.33510076190147e-18
12,123817569,G,T,-0.0251222748976471,1.52739660234579e-22,1.65745622286946e-18
12,123796279,A,C,0.0344756600951829,1.3665314193071e-11,1.49793677062945e-13
14,93510379,T,C,0.0354259454707619,1.53362873966001e-22,2.27681173520294e-18
11,10669228,C,T,-0.0237746479788535,2.45399920564249e-33,2.44496551016226e-18
01,230295691,A,G,-0.0225443206009069,7.17021441932534e-40,2.89753101787259e-18
20,8603950,C,G,0.0220344251552313,9.03987140356907e-51,3.08724270460524e-18
01,171949999,T,G,0.0587003739448593,3.36322130174374e-110,4.12476135006045e-93
01,171980928,T,C,-0.0321659375690801,1.74563220337319e-20,1.25809494930419e-28
01,172011395,A,G,-0.0455853703768025,5.76800975252436e-14,1.7320075271461e-15
04,57767327,T,A,-0.0280454740821549,2.34945506115446e-25,6.5896230474055e-18
05,111059676,G,A,-0.0410037341290711,1.34682952512588e-20,7.24443439686215e-18
16,9050637,A,C,-0.0279367620348088,1.99393220713285e-25,8.39729089076863e-18
07,18201223,A,G,-0.0263174376766603,2.41357541911548e-26,1.24579210945612e-17
01,91587561,A,G,0.0250913302891271,4.20360971627343e-28,1.37610187132701e-17
01,110232983,G,A,-0.0231382340985927,1.1565338039137e-24,3.12591469182911e-17
01,110470764,G,A,0.0229320047869074,7.11262733610133e-13,9.67278734183659e-12
17,27672837,G,A,0.067285147104949,0,6.0261923471198e-165
17,27554378,C,T,0.0929125710200557,1.03393767136603e-12,7.34626745696842e-23
16,75408954,TA,T,-0.0217262013948848,6.36132564785941e-39,4.21819971810287e-17
03,178756807,T,C,0.0214241240122996,5.88827150231943e-42,4.49742814645278e-17
10,94839642,G,A,-0.0212477800374269,4.99397932094408e-42,5.35388985424253e-17
21,39836204,G,A,0.0307675575095314,7.8650213755736e-22,5.93601839944778e-17
01,8913656,A,G,0.0211235320531938,3.27589893002872e-48,7.99061329064184e-17
08,22440742,C,G,0.0250912308648896,1.90459250691296e-25,1.11038467054677e-16
03,56573038,T,C,0.033256997581819,3.8550883402339e-39,2.50607900248754e-24
03,56592234,A,G,0.0565326670345659,1.80181928131153e-22,4.30881710932101e-17
03,56410418,G,A,-0.0485781004750537,8.73076975068656e-14,2.12561466111609e-17
01,28211384,G,A,-0.0217909420843099,1.23944127785252e-33,1.49470765413656e-16
02,38044344,C,T,-0.0225500536545981,3.48401140232165e-30,1.62826658705523e-16
02,66677531,C,G,-0.0220438599074476,1.46934804099473e-31,1.87985182416744e-16
X,65225504,G,T,0.0742520139371597,7.21333726850442e-17,1.89115613068752e-16
12,57848639,A,G,0.0184253748994145,3.03240731861753e-30,2.05508046540589e-16
12,57992447,G,A,-0.0366076243838424,1.11530313366963e-10,7.69065666809088e-14
09,135864436,C,G,-0.161455739704329,-99,2.57231346179284e-49
09,136073343,T,A,-0.320493155380075,-99,2.23420620379636e-43
