chrom,pos,major,minor,beta,p_value,gwas_p_value
20,57594684,C,T,0.511444894813915,0,0
07,106321972,C,A,0.0982939314314783,0,0
02,31457154,G,GGGGACCCCGGCTT,0.113979675714252,0,0
01,171915181,T,C,-0.130230079555242,0,0
01,171929451,A,G,0.104841805748245,1.94015917396031e-194,5.75245960014839e-257
01,171934790,G,A,-0.223489661303952,4.16088078146307e-139,5.63526413917732e-121
22,43361946,A,AATAATC,-0.0944099821657706,0,1.82845366994568e-289
12,122216910,A,G,0.135690120284277,0,2.04216251188309e-262
12,49662391,C,T,0.155968019380047,5.12147109744668e-253,6.06312375962909e-218
17,33892949,G,A,-0.0934570373051787,2.44204509485629e-182,7.94837367471691e-191
17,33899846,CCT,C,-0.228417670746097,9.20489655105311e-112,2.84365102268471e-79
17,33875262,T,A,-0.0484878676880171,7.69143777464803e-91,1.12212227360189e-93
08,9030160,G,A,0.0873141822247228,2.38701043290655e-258,5.13243779066797e-169
01,247719769,G,A,0.128719029714305,1.40285302273213e-161,4.22261286659836e-168
02,225759617,CT,C,0.128648017139768,6.54143711188797e-190,3.6924391307897e-153
02,225816642,A,T,0.163999591801966,3.28059932433947e-70,6.16691403574681e-58
12,57019443,T,C,-0.0640951537264552,4.96490960450913e-272,4.5985588596189e-127
15,65173097,T,C,-0.0847226346810087,3.29009431972704e-173,7.3958507065535e-127
13,47237952,A,G,-0.0620306697859269,3.13172125391458e-240,3.54655949868588e-117
19,55539072,G,T,-0.0787446974676131,5.06458237658936e-159,2.30116227029932e-114
19,16206012,C,T,0.219452790861512,3.29926534009584e-119,2.86856582654577e-114
X,39710195,C,T,-0.0501163075250884,1.93315698249652e-219,7.795660226908e-110
07,100098295,C,T,-0.0722271818481684,2.96852870421408e-161,1.01666903529085e-108
06,110720209,A,G,-0.0573471306380765,5.49623846585875e-281,6.40299194167285e-108
11,116648917,C,G,0.0800107713361935,1.20509705578614e-128,5.6882219918888e-99
05,88180196,T,C,-0.115704398184747,3.10992390782166e-111,1.44176741606764e-98
08,106581528,A,T,0.0596405920073631,1.24537898719244e-174,1.08590661741109e-97
03,124441501,A,G,0.0621129570680898,2.45340540491109e-157,1.77208931524739e-95
18,67526809,GA,G,-0.0533817179918649,1.92653809901821e-258,1.05296830095398e-93
18,67599516,C,T,0.0968946432287992,9.57805373988938e-25,4.87358338055331e-23
04,6891455,T,G,-0.0651226339788172,5.48897135720574e-118,5.03004458615785e-83
09,274641,C,T,-0.0409378405333004,2.76315377468646e-66,2.20499169805059e-75
09,334337,A,G,-0.028505300146367,1.08806560483658e-25,3.97662186772205e-49
17,57906318,C,A,0.0473152325496491,3.72416334853822e-191,7.62150385911291e-75
09,99192919,A,C,-0.0566845388025166,2.12333131929353e-118,3.50136397772627e-74
01,62901807,C,A,-0.048630441802979,7.91342245545407e-151,1.33153416290674e-72
12,54712308,A,G,0.0462942836878538,8.96275761505238e-182,9.38754319078946e-72
08,145002431,C,G,-0.0466277227747691,8.66268020520566e-175,1.04511317046074e-71
01,113169449,A,G,-0.0454034154586214,2.69935616503136e-191,8.89839067438272e-70
19,45715680,T,C,0.0428868687935595,7.48033788743821e-76,3.81159656277894e-68
19,45740771,C,T,0.029335217049433,2.10230366826451e-32,6.71449912109078e-39
17,4840868,G,A,-0.0795339258699955,2.43347168219517e-66,5.92977610783185e-63
17,4837195,C,A,0.0640088990123342,4.50155644291089e-30,1.75535267267221e-32
18,20720973,T,G,-0.0424437709863079,1.54296631630876e-173,3.10525761901787e-61
02,220099331,C,T,0.0700981049534366,8.30735300400671e-71,1.58102059356482e-58
16,85415465,G,C,-0.0675874504091889,5.48256127281825e-73,4.00470876669131e-58
16,85685120,G,A,-0.0413010652846589,6.81723023888084e-63,1.60157484955047e-44
16,85411641,A,G,0.0396076734965836,2.28067768093175e-35,7.62928568796936e-22
13,114018038,A,C,-0.0503691915457418,1.10684913671205e-196,4.90336805945415e-58
13,114009170,G,T,0.0829960871763919,6.97602432348539e-43,5.07958296832692e-21
05,133845380,G,A,0.0416706838488335,3.37700725298078e-138,1.66169689976157e-57
06,25540927,G,A,0.045312627801464,1.64391040071909e-108,5.2816820773751e-57
06,25279158,A,C,-0.0234056885647751,1.21079707400576e-17,2.44788206304876e-06
22,38328597,A,G,0.105605903342943,4.90377832882753e-60,9.65522084620409e-56
06,31411312,A,G,-0.0372320921661046,7.62965124348101e-40,1.3287668174843e-55
06,31821182,G,C,0.0686928078322201,1.31314916470561e-20,1.46541403447514e-24
06,31319281,A,G,-0.048223302350926,2.70678611431243e-20,2.45828937087123e-42
01,171829971,T,A,0.103859933768662,5.83508918648566e-198,4.83424494061336e-215
01,171884170,A,G,-0.0998981481955586,3.70465546576587e-214,3.93177680808096e-191
01,171693887,C,T,-0.223345801917362,1.61589003356322e-116,5.27436655237145e-111
03,122833003,T,C,-0.0405883859643623,1.07685140972306e-125,9.04999539454911e-54
02,219093934,G,A,-0.0464918995182654,2.51430430050812e-83,6.09514058524739e-52
15,63341238,G,C,0.0521792409477812,1.1796971200014e-71,2.88917382622472e-51
12,3239298,C,T,0.0375650020257251,1.03730652424419e-104,3.51505434783045e-46
03,47276968,T,C,-0.0276362173384621,2.1316218466226e-56,3.52477865331641e-46
03,47185650,C,G,0.0331409889708768,1.67011532450377e-30,2.06562727173278e-43
01,171949999,T,G,-0.140888354007835,0,0
01,171980928,T,C,0.0925310443157226,1.30915404097017e-152,5.0900983860229e-198
01,171957819,T,C,0.116481114567241,1.81945778758178e-70,2.94781347122668e-84
20,8603950,C,G,-0.0360563579743183,5.22321093715814e-128,1.81301844129355e-44
04,143326714,G,T,0.0358188481770113,9.22346149037899e-91,1.09591675945846e-41
02,242645466,A,G,-0.0349047297832673,5.48150817742768e-110,1.11603836749064e-41
18,9618005,G,A,0.0393325142127281,1.03047723557475e-69,2.6200634458031e-41
02,241510903,G,A,-0.0500265390144881,1.21968287817735e-52,1.96818826753186e-40
10,16857133,C,G,0.0333339803276212,4.35535262872802e-61,6.07483896883247e-40
10,17225826,A,G,0.0186230320369796,2.56858703315933e-19,6.45848874780865e-15
08,11689228,G,T,-0.0342089051782666,1.22442081413666e-103,6.54099951751583e-40
01,25032168,G,A,0.0390032960236174,2.11988064814379e-64,2.63323213424505e-39
09,100707992,A,G,-0.0349329903122397,1.0942478752003e-81,4.19608026688207e-39
06,158092638,C,T,-0.0371172769807477,2.46381713006315e-60,1.00125904111454e-38
06,158422080,C,T,-0.0302497051748944,6.34177519026767e-17,7.14408286299151e-15
06,47606029,C,T,-0.0331384238562221,5.48823710244867e-48,4.8317954211798e-38
06,47559140,T,C,0.0251707820275869,7.51959833547179e-19,6.89601545171178e-23
05,159611932,CT,C,-0.034800889610407,6.02745356500813e-73,3.84002074009362e-37
17,42446420,G,C,0.0333975043633136,2.65945406431246e-77,4.64853653272658e-36
09,135598876,T,C,0.135270943962556,3.96932977721621e-23,6.99382269649348e-36
12,29435675,A,G,0.0320234966890152,1.28612391486503e-92,2.04886479496636e-35
06,32416985,G,A,-0.0419718987710727,1.39932393580994e-41,2.16817616711277e-35
06,31972268,AC,A,0.0643318101366312,5.42523480147038e-19,7.39661755314563e-23
06,32153475,T,TA,-0.0281658959428353,1.88092797136968e-20,7.65408193812629e-18
07,116515781,A,T,0.0373959670807628,6.08614732236833e-57,2.57289453691941e-35
05,77788791,A,G,0.0347080520231251,1.33884883953583e-62,1.01123785959988e-34
08,19854500,C,T,-0.0341816071206433,4.21873134008294e-53,2.15739345317366e-34
08,19793581,C,T,0.0634417148668563,1.70719564681803e-11,6.39862460068022e-14
01,161188893,T,G,-0.0556261152263554,1.18156373193337e-36,2.57762323326719e-34
01,161507924,A,G,0.0209263396159291,2.39380317164904e-21,4.83475558117634e-12
01,161188936,T,C,-0.0218445406965945,1.11151805960627e-10,7.00840270408466e-11
19,6802571,C,T,0.142013341617252,3.12015552154782e-33,1.76340103007887e-33
19,6802585,C,T,-0.0359659554839207,3.6431020380595e-13,7.62857290095881e-13
01,94874521,G,T,-0.0314364252768134,1.16014419882229e-79,3.69460449917327e-33
11,9765503,T,A,-0.0322173811246053,3.90646817020841e-68,4.26772797056496e-33
01,248020556,C,G,0.0292605869944708,1.77986330282541e-26,1.25963179589854e-57
01,248041273,T,A,0.0702935087962164,5.67496707131006e-11,1.1520187626132e-06
11,72949747,C,T,0.0332331520387488,4.99073765041856e-84,2.52804330865598e-31
11,72945341,T,C,0.0374889452232632,2.74194572620426e-15,1.76178654707214e-08
16,5020514,T,C,0.0301672646522513,1.48076951911346e-82,1.0895633818949e-30
12,740009,C,G,0.0329920087546298,5.42966511427685e-76,2.71859873317033e-30
12,713752,C,T,0.0214439589723661,1.38191913667245e-22,2.58196978764541e-09
05,75740199,C,T,0.0282566330858444,3.4299849614393e-73,1.69123217576139e-29
05,75996909,G,A,0.0449131060811231,2.01152696804911e-13,3.19144682334282e-15
10,65027610,A,T,-0.0297484929083475,2.45370834863413e-46,1.96828158377555e-29
10,64534805,GA,G,0.0166496937554726,6.57056207724607e-15,2.12390042772225e-09
22,42481412,T,A,-0.0330687120379397,2.2356821932439e-53,6.09543487095581e-29
22,42971052,C,T,-0.0564151513356226,2.06748051159778e-20,1.16157858603307e-16
22,42955513,A,C,-0.0515513876032771,1.42093117541262e-14,9.27462037756235e-12
07,37457359,C,T,0.020884236221135,1.07721645914679e-18,7.19748249121461e-28
07,37468889,C,A,0.0388433296309973,4.931978838311e-30,4.47045521332412e-17
07,37465372,A,G,-0.0274076730420602,8.44817807344851e-22,1.63651230328318e-11
05,76981614,A,G,-0.0297501421503574,6.9342785264707e-23,7.60749003180682e-28
05,77071703,G,T,0.0236093396403649,6.35938307836263e-30,1.38029161943302e-27
02,143886819,G,A,0.0428007551083374,9.69985331058598e-36,9.47560677149757e-28
02,144328534,C,T,0.0694400140976921,5.46214113634034e-08,1.68439788808609e-07
19,35662505,A,G,-0.0315110784021499,1.17267791910699e-48,1.78975430811962e-27
01,207278451,G,A,0.0432979858752674,1.58768711466872e-34,2.34743153829949e-27
05,1104938,T,C,0.0293582528346628,1.72563790465839e-47,2.36108682708298e-27
05,1287194,A,G,0.019683624778141,1.6522209541006e-22,4.49531584819427e-12
16,9052989,T,A,0.0356694457524292,2.34126128483712e-39,2.53980497230813e-27
07,73177698,C,T,0.0282350022939647,2.30132742375343e-53,1.08807303610965e-26
07,73042085,C,T,-0.0183504353821935,4.73310158637343e-10,9.24952854037633e-08
14,103565044,G,A,-0.0308137852736859,3.97729096330165e-33,1.70626339737159e-26
14,103900609,C,T,-0.0216500194104321,1.1984420867789e-18,2.77252582821173e-13
14,103576444,C,G,0.0168800795259875,4.34108860616555e-09,3.19510632645812e-10
02,223981348,C,A,0.0596442307968872,3.74262102957941e-29,3.6838299356849e-26
21,16371865,T,TA,0.0278776049288854,1.67132979109184e-36,6.00989616244016e-26
21,16812599,C,T,-0.0154494452796326,3.49902144201008e-15,1.5727822982177e-10
01,118155152,A,G,-0.0324771049252127,2.52988797628448e-39,1.07089109003871e-25
07,100076614,A,G,-0.071632377663307,1.8070774573666e-160,1.11392583539935e-108
09,113312231,G,C,0.0795270142046348,7.30998519448497e-27,1.95671768981115e-25
10,121010256,A,G,0.0398622731452897,7.25323890718965e-31,4.64672297082657e-24
19,10727845,C,CT,-0.0318670681085875,1.18418517759896e-31,1.45173129642913e-23
19,10330138,TA,T,-0.0152795088313553,6.54049792898312e-13,7.31292876722077e-07
12,6279890,A,G,-0.0268288817399775,1.63733792899662e-38,3.62183493769224e-23
12,6493351,G,A,-0.0173171947531488,6.92155257711951e-11,1.69334594261931e-08
04,103188709,C,T,-0.0484013441447344,1.45749599068045e-26,4.42568497457079e-23
05,158635102,T,C,0.0294483623225253,2.4102768939258e-37,4.68936093833823e-23
08,25215103,A,G,0.025580128824024,1.52156323854022e-38,4.97432689471985e-23
08,25349650,T,TG,-0.0168977104836786,2.10844695608532e-12,1.92205383357951e-10
01,25736369,C,T,0.0271651392372396,2.13796531125027e-37,6.80000349856301e-23
01,25891174,G,A,-0.0174404502518646,1.53527489184862e-16,1.73728378432109e-08
11,57199645,C,G,-0.0302989097000023,1.01362292475026e-33,3.23929114204701e-22
X,67919944,G,A,0.0337000478748207,3.48173164685745e-25,5.54897294598495e-22
17,10180693,G,T,0.0251798851897329,1.07614507948974e-26,8.56620316859057e-22
17,10181736,C,T,-0.0212892071323319,3.36359806409521e-15,6.4648272582431e-21
17,10176089,A,AT,0.0239099512492921,1.37796006322051e-09,3.13642840898126e-06
01,154141908,G,A,0.0233698304621603,5.10641567439344e-31,4.14568456820586e-21
01,153656405,G,C,0.0136277701241081,7.75253316591571e-11,5.5092763353812e-09
20,1600925,G,A,-0.0254712903488477,5.2050701514324e-28,5.73596444964008e-21
20,1818613,T,C,0.0227662851010229,1.43742586881897e-26,8.18047412040635e-17
20,1921523,C,A,-0.0216017757528743,1.3451628952218e-18,3.48597684183685e-15
01,7794289,G,A,0.0253374979158023,3.48180270679071e-42,7.68148743414112e-21
07,135663820,T,TA,-0.0461090138426966,6.03663783010513e-24,8.07970128492945e-21
09,91392686,TTC,T,0.054282134597295,4.49802766732009e-23,9.58319648987051e-21
16,527485,G,A,-0.0447109448870253,4.63958468565512e-24,1.01266469758057e-20
12,101892666,T,C,0.0653092900186912,3.96642480549506e-22,1.1541143979828e-20
10,14599229,G,T,-0.0239646750789038,1.3527942377067e-35,1.30768249925598e-20
10,14693190,C,G,0.012931644284987,6.65972869479599e-09,9.51883303237958e-07
01,45887288,T,C,0.0278565933203632,1.1915892592264e-25,1.54173691076874e-20
01,45417145,TG,T,-0.0170059709696624,1.54756393087594e-19,1.13686646380737e-10
17,8214427,G,A,-0.0237812477145961,5.4893945578162e-39,1.93270221242741e-20
17,7789542,G,A,-0.0336832457414649,1.27855302587466e-13,2.48991155960184e-11
06,41986269,A,G,0.0253901300237687,8.63924046092557e-25,2.30301578445421e-20
06,41770312,A,G,-0.0223259002374461,8.53950797097279e-19,1.53923181312057e-16
12,111864684,T,C,-0.0292345075056041,2.41707419877694e-30,2.43928874418301e-20
01,159891160,TAAC,T,0.0241110559861477,1.27600356565084e-47,3.10385277866517e-20
06,25650159,G,T,0.0331680100402807,1.72832669135262e-70,2.25789964792906e-41
06,26092170,G,T,0.0227649114079852,2.75057091224358e-12,3.8621974536476e-07
06,25628252,C,G,-0.0249146339347306,1.16505034365259e-11,2.07699488294773e-24
15,75050575,CAA,C,0.0245699849772421,1.33427598696003e-30,7.15800543621624e-20
15,75529182,G,A,0.0173564088161988,8.15868426976062e-10,7.59968246815414e-09
01,2231966,G,C,-0.0303046975899732,3.02532941235875e-27,1.96730179511304e-19
22,19689697,C,G,0.0246212811643779,4.311039374559e-32,2.03094328207088e-19
22,19983213,C,T,-0.0231767240918011,2.37799498593071e-21,2.60830993026292e-16
02,68578058,C,G,0.0245119441086243,1.50446350800036e-36,5.12111381223628e-19
X,149675552,T,C,-0.019331141842327,9.73304808520556e-35,7.05566408210554e-19
11,126285301,G,A,0.0230796251938173,5.66253500273761e-44,7.78696650891e-19
02,183972825,G,T,0.0319830402745492,9.07225571972253e-25,1.00379183232594e-18
01,35256386,T,C,0.0236388057897153,9.72236081904567e-37,1.4908955188429e-18
07,134011411,C,T,0.0227032915707236,2.81071523818336e-45,2.44049462468789e-18
02,171787498,C,A,-0.0385229337931221,6.51513017206213e-17,3.30286149079216e-18
02,172025445,G,A,0.0153191122323663,1.38167244845725e-12,2.48928715455639e-11
20,19906455,A,G,-0.0308545456372898,3.20664133684706e-17,3.501613833223e-18
20,19966683,A,G,-0.0180586544348098,4.99073393700957e-17,2.45689563341501e-13
20,19915770,G,A,0.0593860559256103,4.46038183375565e-08,1.14097979425904e-09
09,136138765,GCGCCCACCACTA,G,-0.026863739595257,1.11769039263643e-20,1.07513734022419e-16
09,135866693,A,G,-0.0239060194171745,2.03178617295593e-12,9.26193966399119e-11
X,57070806,C,T,0.022412870908317,5.63135685260837e-24,7.13175151541346e-18
12,122451278,G,A,0.0361742368938911,1.75821424692068e-125,2.2502853464503e-53
12,122637279,C,G,0.0781957267644922,3.00893442519395e-17,8.71510222119441e-23
12,122681997,C,T,0.0811448579591592,5.51464062747309e-10,4.01395584822677e-13
09,73066554,A,AC,0.0221948484606738,2.02345124270763e-42,1.16954113387615e-17
11,180283,T,C,0.0282277451565542,1.53641132201934e-28,1.37832858914935e-17
17,7485583,C,T,-0.0291276325140112,1.20128451162457e-22,1.59112572150576e-17
17,7759575,G,A,0.0710840378943421,4.21592497451994e-07,1.60035418650885e-08
01,211803761,C,T,0.0260496395038695,1.65668038632671e-27,2.11912607884774e-17
02,211543055,T,C,0.0235764419752877,1.24508040411842e-31,2.74620140212412e-17
14,92241352,A,C,0.0288088101382856,5.61709070266588e-24,2.92769183144623e-17
X,99938124,G,T,0.0190759952052069,1.39699018477071e-27,5.30138430835316e-17
02,106436413,C,T,-0.0227470834831468,1.96296200911522e-26,5.81807545785108e-17
02,106460755,T,C,-0.027810760133276,3.57389293481519e-09,4.15871905635386e-07
02,106197984,CA,C,-0.0154513946383035,4.9183925059649e-11,2.66164355223382e-10
04,110911567,A,G,0.0221229672662635,3.27008414656573e-38,6.54587600080595e-17
05,157290951,C,T,0.0254226264406454,3.04226397453706e-15,6.62431498191192e-17
05,157279760,G,C,-0.0156233938817143,2.30637033841212e-13,2.73656397844011e-13
X,69733949,C,G,0.0181701969855568,7.01077365964894e-30,1.36429107726714e-16
01,115193051,C,T,0.020564888784434,6.06432209366432e-20,1.72947492440286e-16
01,114884179,A,G,-0.0143253217268007,2.9168970596307e-13,4.13383700291667e-08
01,114918132,C,T,-0.0663902960954757,3.34461227342546e-07,1.27937506848789e-07
15,75718669,G,T,0.0233077113442348,2.04845598125982e-16,2.4125867725425e-16
15,75222225,C,T,-0.0162627775809363,4.40605214908636e-18,2.6962794784992e-13
10,23176726,G,A,-0.0234661916021082,6.26617693668313e-28,2.45007925484578e-16
20,25256266,G,T,-0.0212747286119252,7.14317054513913e-40,2.91767665920607e-16
01,230302838,CT,C,0.021869194512977,2.66944721953834e-35,3.04083941939912e-16
20,3849179,G,A,-0.0185441807291685,3.92608097231085e-21,3.84541409874231e-16
20,3832341,G,A,-0.0204380751823355,1.03523576967018e-19,6.63835990240161e-12
20,3847142,G,C,0.0356748876388245,8.85452216332832e-09,2.14620803565465e-11
06,71342693,C,CTT,0.0234863678200481,3.82056485541412e-29,5.18662623321394e-16
12,32899495,C,T,-0.0299660580767017,2.51388556679567e-20,9.27933916621704e-16
01,158586966,A,T,-0.0220839280806742,1.43525137421658e-24,9.71084438451094e-16
01,158638260,G,A,0.0627867005729713,1.57343763841207e-07,1.37628881757177e-08
04,48072160,TC,T,-0.0181579887662918,1.23310694174167e-13,1.06766005044925e-15
04,48182538,G,C,-0.030318748138557,2.83352526453766e-07,8.08446279517571e-14
19,18433714,G,A,0.0435345695461614,1.57916792023144e-17,1.06989800329162e-15
14,92891804,T,A,0.0308669703306616,4.03855168360273e-14,1.43468382882813e-15
14,93115410,C,G,0.026648521739107,9.47739095604655e-19,2.03533744317921e-15
14,92938855,G,A,-0.0136182702240588,9.08769448620504e-11,9.69929717552687e-11
15,99248132,G,T,0.0291966320018638,3.47244135077225e-20,1.62455674579352e-15
03,15741439,C,A,0.021812239368024,2.84308773276375e-29,2.39474654984748e-15
19,58143946,G,A,0.0303217839481658,9.26637363346279e-20,2.94625207891417e-15
17,7756999,CT,C,-0.0381434914935948,-99,5.79244677474989e-08
09,136073343,T,A,0.249283514230403,-99,4.539150579577e-28
01,248039294,G,A,0.176830725652716,-99,2.5250215824847e-127
