chrom,pos,major,minor,beta,p_value,gwas_p_value
09,4743973,C,A,0.0805556176476447,0,0
09,4776624,CT,C,-0.0621363530607884,2.00629067911894e-104,1.91960114458088e-117
12,111826477,AAATT,A,0.101268063710428,0,0
06,33540692,A,T,-0.0847167645533538,0,0
06,33546498,C,T,0.0735777063981834,5.97690825449574e-158,1.70122301009301e-225
06,135402339,T,C,0.121044024340665,0,0
12,122216910,A,G,0.111927764673738,2.74397702531723e-259,2.69056493930622e-194
20,1924066,T,C,-0.0745204123303945,8.78017860876036e-201,1.18373240342424e-161
20,1818613,T,C,0.0366454496608521,3.82463086033659e-96,1.29528398926496e-51
20,57597971,G,C,-0.153269746618175,5.87428141769956e-168,5.48631599791326e-153
03,184090242,C,T,0.150555524767591,4.2024111689218e-176,8.83955181349655e-130
03,184093040,G,A,0.0736083038893059,6.41901474261225e-202,6.72458594672223e-106
03,184032109,C,T,-0.172471090201255,1.40878587456465e-44,8.20111869590566e-55
14,101176769,G,A,-0.0650095579907958,1.36744706158511e-188,3.26420765506149e-114
22,50628937,G,A,0.105442514417949,9.70193077961621e-126,1.49309212574732e-108
11,119065044,G,A,0.045516084218391,2.79324950193073e-70,4.15030028920629e-91
11,119185748,G,A,0.0542301745418501,2.45803993159513e-35,7.41002434328692e-14
11,119099906,G,C,0.0608708694779925,2.23396739288157e-30,2.84436670924307e-84
08,106581528,A,T,-0.0517902800629538,3.55473039351886e-143,3.99583964407291e-80
05,1285974,C,A,0.0387588160440242,4.15909611326569e-47,5.65150889809683e-80
05,1287194,A,G,0.0295851742309556,5.15681127903289e-39,1.21914705020466e-66
01,12042261,A,G,-0.0457013621061745,4.18289376150571e-207,2.37361146519641e-76
07,44873125,C,A,-0.0457866518083283,9.32820200131587e-189,1.52179735007582e-75
12,109491468,A,G,0.0456975888736772,1.29778430714334e-178,1.20740337559964e-74
09,91392686,TTC,T,-0.100174815261347,1.29093463909465e-80,2.78378936661935e-72
09,21990457,T,C,-0.0461456918230848,9.87538258404462e-95,8.7133415269605e-67
09,22142756,T,C,-0.0507986853738327,7.03689422132849e-61,1.48753122359806e-55
01,247719769,G,A,-0.0810735477790521,3.04572513041379e-74,2.10288995709644e-64
05,88180196,T,C,0.0862678892775008,9.36196549577697e-68,5.21463049132643e-59
05,88475400,A,G,0.101676419787931,1.31085867277511e-16,5.41730697333656e-15
01,25600747,C,A,-0.0404899499795917,7.32863124582476e-140,6.01918300660166e-59
19,19765499,C,T,0.154680929689122,2.83790976251757e-48,1.07347446272603e-58
19,19480521,C,G,0.0236682801066575,6.45868756083832e-38,9.96639749038726e-30
02,160677375,G,C,0.038264623504576,2.34729409582395e-61,1.93561730148735e-54
02,160604514,C,T,0.0789413081048285,4.65680165004769e-27,2.16212434166418e-43
02,160754947,A,G,-0.0293188340724208,5.09951127165579e-17,6.6210977493137e-15
20,30283169,C,A,0.119630065527479,2.60290318499366e-48,7.20255025244565e-54
20,30376393,C,G,-0.0323653891061483,4.21240963215045e-58,2.27733207056201e-40
17,2140382,A,AAT,0.0400638908271281,2.44672545473565e-117,1.80517028750405e-53
06,31322855,C,T,0.073402349535494,5.0773726504052e-45,4.68079077235248e-51
06,31216329,A,G,-0.0231858778892202,1.67729383754778e-51,7.95164201765154e-31
13,95897359,T,C,-0.0791635697598846,7.36860683580833e-80,8.3021990208537e-51
13,95900071,C,T,-0.028882706934797,1.5637565450192e-61,5.36198925184777e-13
06,164478388,C,A,0.0369267662574174,1.14763967064052e-129,4.3189754354501e-50
12,54698408,G,A,0.0650363995911295,5.27350010301232e-62,1.33219361040063e-49
12,54485620,C,T,0.0235723414689626,1.06681725894686e-46,4.5986755562209e-15
02,27730940,C,T,0.0373636491624165,2.97218234424711e-111,1.62835356980514e-49
17,64228995,G,C,0.107696145301952,2.58455092602118e-52,2.27692827681492e-49
18,60920854,C,T,-0.107091102655323,8.58259942615953e-52,6.40399506601499e-49
03,12266804,A,G,-0.0366995942267384,1.67665814194861e-106,1.96417862832004e-47
X,57034841,CT,C,0.037122751194664,2.70001491428236e-68,3.00767378092803e-47
05,141510261,CA,C,-0.0364943880236066,1.30826097513453e-105,6.72320337750525e-46
01,198992043,G,A,-0.0453528951223457,7.03485037289434e-64,8.49874276047211e-46
01,198613955,T,A,0.0210574268550175,1.02922347679474e-23,6.24021777093501e-06
06,33472317,T,A,0.0859719226658493,0,7.04544786023802e-143
06,33486309,CA,C,0.0506058389591597,1.46473003963982e-169,6.08701965972362e-09
06,33478116,C,T,-0.0630300917396926,1.52793910040694e-27,1.14056534650765e-31
20,8609588,T,A,0.0343810700931497,8.064816091961e-126,6.76196582316473e-44
02,43464818,G,A,-0.0650465090836257,5.3755751701526e-50,3.75786974596113e-43
18,20720973,T,G,0.0339698515345195,3.49190552186401e-121,4.92747799279894e-43
01,2996602,C,T,-0.0399232633496933,1.76470596402568e-66,9.50250157030955e-42
15,44027885,T,C,0.105510205776532,2.13085851201833e-42,2.25086234688084e-40
02,31462373,A,C,-0.0364946284079718,3.61091055982922e-71,3.06777638019197e-40
03,168849004,C,T,0.0491491801199453,5.58333948572379e-23,7.97336357411747e-40
03,168860010,A,G,0.0226004342896913,1.01448630888463e-38,1.23243866969107e-34
17,55453736,G,C,-0.0769348553602021,1.43468338952047e-43,8.75858114656947e-40
05,111059676,G,A,-0.0612631877496519,7.73638839536029e-46,1.59818939534405e-39
11,200343,T,C,0.0388957207273367,1.02797403106639e-62,1.86272981336054e-39
13,110492626,C,T,-0.0535620558165641,3.97827651177067e-48,2.42836675859215e-39
18,42035789,TG,T,0.0483653643083407,5.8423955437774e-47,7.93845168025591e-39
18,42149744,A,G,-0.0227349871606084,1.03728294174231e-16,3.15939634559387e-16
18,42041131,T,G,0.0754207831268473,3.96630990966554e-12,2.89768346095928e-11
19,16206012,C,T,-0.120047021364344,6.70841722285939e-40,2.72595454004794e-38
19,45751157,G,C,-0.037105647427832,1.34906647785544e-57,1.38811897703461e-36
19,45422160,C,G,-0.03068892085493,7.4743688994682e-29,2.76393724441278e-20
07,123411223,A,C,0.0565820383328287,9.17412248320064e-42,9.99400063257803e-36
02,112167931,T,C,0.0337282330217073,2.10315279098025e-64,1.67750105759706e-35
14,103058769,A,G,-0.0353242867912282,4.84516978833932e-29,6.69235988974284e-35
14,103235012,G,A,-0.0168804337146373,4.63091338699478e-22,6.02231616200652e-19
17,33885904,A,G,0.0401498409655167,1.4098172934027e-48,7.95602607279304e-35
09,99192919,A,C,0.0365491887824486,2.09209317960327e-54,2.01877440963309e-34
10,50259007,C,G,-0.035149823692841,3.27096971864272e-53,2.67071484082406e-33
21,39836204,G,A,0.0429449453786173,1.0080427001265e-42,7.47738995731152e-33
08,144996029,A,G,0.0294020343277748,9.61255934905055e-78,4.86685750278601e-32
11,128330520,C,T,0.0278747261335691,1.95861408837758e-49,7.93240715570692e-32
11,128577624,G,C,-0.0248478175537693,9.78737712101023e-22,8.49305628023146e-20
11,127959511,TGAG,T,-0.0193351294616223,5.64442782062841e-17,2.44931698027139e-14
13,71236607,A,T,-0.0293830972437724,1.10557871679322e-76,8.34949492065998e-32
05,77775871,G,GA,-0.0329244899946746,1.94859825049156e-55,2.50228113661542e-31
11,108098459,TAA,T,0.0263308132747103,3.00082157311086e-53,3.2352640151641e-31
11,108149207,T,G,0.0463243556289227,2.59278158010615e-09,3.17691733975162e-16
01,8913656,A,G,0.0285257695006828,3.3787229245046e-90,1.22354126378816e-30
18,67516846,C,A,-0.0292870977291849,7.15626222540072e-65,1.01426339490594e-29
18,67601636,C,G,0.0200267346355559,1.24510102417662e-08,2.85683028615193e-06
22,37462936,G,A,0.0281821470639298,2.86913978250019e-73,1.87374596164332e-29
06,25557149,T,TAA,-0.0292610343120365,7.28812342906083e-72,5.34686615418407e-29
06,26043393,G,T,-0.0227831795360642,1.98630860165064e-10,5.97860911926128e-09
06,25253443,C,G,-0.0412344534773054,6.32379649388443e-10,1.59382483760833e-06
02,227291731,C,G,0.0348501086202502,7.96959420064561e-42,8.3855771432855e-29
04,110858515,CTT,C,-0.0284292767484753,4.54182278120614e-64,1.01931607598483e-28
07,135346262,T,G,-0.0200315740068324,6.70063316755326e-29,3.16282232710426e-28
07,135344211,C,A,-0.0279810525809033,5.06056465330506e-12,1.59783104732003e-26
03,56849749,C,T,-0.0271835821795542,1.30070513043001e-52,4.82108313227635e-28
03,56950055,G,A,0.0247265369657808,2.56998983901295e-13,1.73856701873942e-12
17,4839400,C,G,0.0497625955544155,3.23623001806475e-29,7.59275231353486e-28
17,4837195,C,A,-0.0415536567246383,1.36029422174464e-14,1.20403729214981e-15
07,18190255,G,A,-0.0329592196213106,7.27213868512927e-42,9.6675947748767e-28
06,29911114,A,G,-0.0271623858399614,4.70049120638001e-76,1.1497748881866e-27
14,93516465,T,C,0.0432731017994514,3.06898496052754e-32,3.37825373969271e-27
14,93118229,C,T,-0.0294796275461916,8.85719783619647e-28,8.20267537311677e-20
12,50900388,AGT,A,-0.0273876110210846,1.52716798536534e-54,1.68900789094082e-26
12,121414915,G,A,-0.028408219248108,9.03248147747638e-53,2.52641541619611e-26
12,121838735,C,G,0.0731765432611854,1.60898609181339e-15,5.04548265332719e-14
12,121855918,G,A,0.0511215923776235,1.6475849952027e-09,5.40682053159311e-08
09,100699242,T,C,0.0271262206939706,4.11621979895806e-54,3.8267812261593e-26
01,27262545,C,T,0.078298019250844,2.20236601964084e-27,6.37999782876449e-26
16,88566147,G,C,0.0273479376168606,5.95171805033854e-29,7.05841072819225e-26
16,88553198,T,C,-0.0211580640627749,1.24089239393007e-21,8.36310131999731e-20
16,88788934,G,A,-0.0159681407084337,2.3145448370406e-15,6.18373219507888e-11
02,24180104,A,G,-0.0357610608020747,3.41223708972636e-29,9.32740445262151e-26
02,23886622,C,A,0.0263160714104759,2.89750233125449e-10,3.1138169948533e-12
16,28505660,G,C,0.0384487849701429,3.74268280364049e-28,1.5326416080377e-25
16,28618708,C,T,-0.0138813849460758,4.78368850329798e-16,6.48006685440902e-08
12,48208368,T,C,0.0218395790622129,4.62152038028746e-29,3.67103688665878e-25
12,48427329,T,C,0.0174859574093518,2.28406969949094e-16,1.55595290110808e-12
12,48213720,C,G,0.044876605726314,1.45487560906066e-11,6.35204240301106e-19
10,25223367,G,C,-0.0266603847815127,3.37785204156806e-53,4.32171570919847e-25
08,30279916,C,T,-0.0291940601038217,2.38570531746332e-41,5.55835888486183e-25
15,39274752,T,G,0.0258197456061522,5.18089958676705e-61,9.34518855240939e-25
04,7045070,TGCGGCG,T,-0.0261306926148174,7.53581345797549e-55,1.43482275119104e-24
07,130758576,T,C,0.0287506558255345,6.82207728290897e-41,2.14980385921551e-24
05,177606207,AC,A,-0.0401045579536271,1.48838971629312e-29,6.44353768107893e-24
09,38196117,G,C,-0.0249331662235551,7.79192663929534e-67,7.3986236733101e-24
06,52713999,A,G,0.0249976600787833,1.44746538079731e-56,1.24168702346981e-23
01,45847562,G,A,-0.0271676525284315,4.19744817620021e-26,1.3568873866114e-23
01,46073489,G,A,0.013782101980887,5.35229557617432e-17,1.61948253101727e-12
05,122199196,T,C,-0.0248618411644414,9.97444094985432e-59,1.7669669718014e-23
12,6511657,G,A,-0.0242610684657823,2.80315729115833e-31,1.78780313694365e-23
12,6447522,A,G,0.021866338204346,1.28017277980835e-28,1.12149170030536e-17
12,6261482,C,T,0.0212051623086513,3.4499663652954e-20,6.82293407622331e-14
15,99248041,G,A,-0.0351707200468454,9.22648697091816e-31,2.28243966455215e-23
01,156474929,GC,G,0.0253861012388822,1.77382555970093e-36,2.45674673835019e-23
01,156745499,T,C,-0.0206202317047345,5.84113857689597e-20,1.09624628305327e-14
01,156089324,G,T,-0.0338745870092979,1.92062669009071e-08,1.93903587377798e-08
14,68362510,G,A,-0.0342675345342053,4.37050049765934e-31,3.03547121258478e-23
13,41584690,T,C,-0.0236687067694043,7.43157968527447e-29,4.03214305658755e-23
13,41189703,T,C,0.0189659115997021,5.23771027164341e-13,3.78644875896841e-15
07,100006493,G,A,0.0294838946892004,2.80409605175e-26,4.70999734539333e-23
07,100240296,G,A,-0.0195569585802629,9.09168946305986e-26,2.30793499413681e-16
21,36368659,G,A,-0.0185432678629579,1.09696857228618e-20,1.14325394811918e-22
21,36393747,G,C,-0.0333244655325499,1.57033953137002e-11,3.62628010314219e-20
21,36420012,T,C,0.0277690424712806,3.33145519230474e-09,5.78067236829708e-12
03,183926133,G,C,0.120087713418308,7.86210038928003e-38,1.94630890460476e-34
03,183964720,T,C,0.143540670081706,1.88277856636346e-29,5.03198090420123e-27
03,183994447,C,T,0.0833245027794322,4.14577901360722e-30,3.08362138332509e-26
14,65799876,A,G,-0.0289680529381556,6.13236450168724e-30,1.84250942162294e-22
14,65478948,T,G,0.0215382680928927,9.86943736981499e-12,8.34450642980084e-11
12,123817569,G,T,-0.0301005967499557,1.73170021233653e-27,3.84868967448413e-22
12,123322203,A,G,0.0403174469085257,3.21595827324366e-15,2.82158988490282e-17
12,123846276,TAA,T,0.0198653209112155,6.96099859501097e-11,4.36317753822609e-06
02,68962137,G,A,0.0274654747290456,4.41389316318713e-36,8.51920301185469e-22
16,75389755,G,T,-0.0241187677008569,3.69636714724351e-49,9.17102072725589e-22
03,185545690,C,G,-0.0243849777122894,7.83327256608414e-46,1.47501459673402e-21
05,131824486,A,C,0.0248696020932846,6.86337172983317e-42,1.49891514012917e-21
03,196516288,A,C,-0.0238913684349832,3.26911909307534e-50,2.27078216313027e-21
01,88102437,G,A,-0.0503121617835461,8.52699237356051e-24,2.30146203537607e-21
21,16811537,AAAAAAAAAACTC,A,-0.0238180352553838,5.96600487707608e-41,3.09383924632744e-21
21,16431444,T,C,-0.0234679753571043,7.95661025250683e-14,3.06279813076556e-12
21,16339172,G,C,0.0209387086146372,5.48957737815447e-08,8.95980363404805e-10
02,202167831,CA,C,-0.0244837889943951,3.13099547028077e-42,3.96809227560426e-21
11,113953622,G,A,-0.0495932539765731,4.39689429936543e-13,5.31981324263242e-21
11,113745608,C,G,-0.0248641316042099,1.94555177996115e-07,4.23067659749206e-15
12,123703422,AGTT,A,-0.0259245658285343,1.18344708941089e-24,5.60853123738158e-22
12,123226390,A,G,0.0500930165170142,1.52374564174797e-20,6.62117679297517e-21
12,122990575,C,T,0.065573033073365,5.54874504248185e-14,3.52700128160161e-14
09,136142313,A,C,-0.0538957522897277,1.69967976979951e-25,6.72100124725757e-21
09,136073343,T,A,-0.0801655928971212,3.18817572031285e-10,8.08215553820813e-11
03,124441237,A,G,-0.0266827956831518,2.32176259551707e-34,6.92601281840856e-21
10,101274425,T,C,-0.0256260003685216,4.35397370319581e-36,7.90913424528648e-21
16,85415838,C,T,0.0345775509138323,7.47583968340302e-22,1.22915527077958e-20
16,85432887,C,T,0.0135239231469218,2.22064022479094e-10,8.27153983390766e-08
16,85706564,G,A,0.0140920401052199,5.27432141782099e-09,4.82517280426008e-07
03,58307792,T,TTTG,-0.0246203897502835,1.07285071197805e-38,1.31440750638244e-20
22,44324727,C,G,-0.0274685277561001,3.44259667154612e-30,4.69256331250233e-20
19,17252383,T,TC,0.0200188849708606,5.71276854373666e-23,5.6368834803891e-20
19,17217864,AC,A,0.0168592747385007,4.40952566511322e-18,9.3964421694774e-13
19,17252041,G,A,-0.0251948663873548,6.21374095595209e-10,4.51243157608548e-18
07,2822986,T,A,0.0242230147626498,4.9637543406613e-29,9.05750566766222e-20
07,2581594,G,A,0.0171734608198291,5.13515044296053e-09,2.29341406741857e-08
16,79754440,A,T,0.0243131068378645,1.2140649712813e-35,1.44865579571876e-19
02,234274654,T,A,-0.0342915634662561,1.40432003316247e-24,1.71255641931655e-19
09,127188228,A,ATG,0.0236346635176856,7.77121541733367e-39,2.21261670052551e-19
11,47427159,C,CAG,0.03022973559532,5.48798304143034e-23,2.25887537968768e-19
11,47541392,G,A,-0.0364258286793035,8.8004862906959e-09,5.21380384401192e-10
06,34770150,A,AT,-0.0173998794458653,2.33388843140546e-07,2.94448949075924e-19
06,34381937,A,G,-0.033808588660253,3.99434227359874e-13,2.22484116119151e-16
06,35259397,C,T,-0.0565049082028428,2.28547830786437e-10,3.40929961950311e-16
11,8914801,A,T,-0.0222830759097572,8.30227692248371e-50,3.22904916989619e-19
12,110441868,C,T,0.0366608300425851,5.68334083265254e-36,4.43376438767993e-19
12,110898913,C,T,0.0694926116479265,1.77922155926373e-22,1.61363972805405e-16
12,110740470,T,G,0.0508132025079244,8.14800711558055e-22,4.82168151612195e-14
02,160756345,G,A,-0.0294494107352817,1.19440366665064e-94,1.33570239391442e-30
02,160921191,A,T,0.0906363241469943,2.96932148353431e-16,5.29882109932187e-21
02,160740630,G,T,-0.0470896781940579,1.46737407649045e-11,4.39467847407264e-06
19,10463118,G,C,-0.0548623410559245,1.22415180322128e-20,5.7170866611983e-19
19,10730352,A,G,0.0175651077665363,4.88459245172222e-15,3.35138486297988e-13
19,10650649,C,T,-0.0148186771689817,3.7772873561206e-08,9.30316041753162e-08
04,106206542,G,T,-0.061406030388782,1.95726764182539e-19,7.0000226972626e-19
04,105758059,T,A,0.0511650761149259,1.75217284523451e-13,3.65416274742095e-13
10,94839642,G,A,-0.0217896654152694,5.18335899432583e-46,1.58592138683725e-18
01,91587561,A,G,0.0252862835046726,1.44836405763765e-22,2.87326954159559e-18
01,91990487,T,C,0.0146311045814517,2.41207911655382e-18,6.54591334936402e-09
22,19972559,G,A,0.0237969976083851,1.13209479370397e-31,3.07067508906764e-18
19,51728477,C,T,-0.0250562687595041,5.96995253688303e-36,5.42900883954057e-18
19,52170040,A,AAGGG,0.0243280661344157,8.36235336655389e-12,1.61114653920235e-10
19,51729103,CCCGG,C,-0.0426054301147429,2.85716422999733e-10,4.38747037793079e-07
08,142321638,C,T,-0.0176450767228255,9.55038921765964e-14,1.59833682206163e-17
08,142295471,C,T,0.0143545891345644,3.11250199548503e-11,1.90392475112287e-13
08,142253481,G,C,-0.0136289479193676,9.15797426528686e-08,6.97563350493043e-09
06,109617657,AAAG,A,-0.0180452399675189,2.12647362848809e-25,2.26335050263116e-17
06,109679430,G,T,0.0137144652907667,9.4532894373764e-13,2.1535975235997e-12
17,56409089,G,C,0.0211907737324777,9.03460149297051e-43,2.3157285576213e-17
11,120215843,C,G,0.0213624739168018,2.39672203412142e-36,4.38061142614548e-17
06,32109979,A,G,-0.0198047038262733,1.65437605493353e-14,5.02921987948838e-17
06,31830593,A,C,-0.0439427735929729,5.02217781534305e-10,2.83666446670873e-06
06,31837761,C,CAA,-0.0139285471166369,1.29498923275623e-12,1.09845668652774e-10
10,96039597,G,C,-0.0220726042113413,1.14162345192906e-29,6.78466269123603e-17
10,96163039,G,C,0.016782161321621,6.23007918757868e-14,8.58797251309395e-09
12,740009,C,G,-0.0202729337229571,3.74095239287903e-32,7.15826024351496e-17
12,438753,A,G,0.0134376379056182,1.45531354187732e-08,1.09714753538608e-07
02,219156979,G,A,0.0210263480286397,9.00480290153366e-26,9.39323214130567e-17
02,218675533,C,T,-0.0118753935752175,4.51399129789587e-09,3.48756558033773e-06
20,54987048,CTCA,C,0.0339223546836119,2.93967473780336e-20,1.10408691449553e-16
01,150327896,C,CA,0.0213353091460573,3.42919810166414e-35,1.15840556754236e-16
03,123105721,G,A,-0.0248673071883713,5.60081440228502e-20,1.28033199844986e-16
03,122845165,C,A,0.0148905537263172,1.03364913031104e-18,5.93776943156263e-09
02,12942653,A,C,0.0205837356613781,2.0406519627001e-41,1.32564222399862e-16
06,135227089,C,T,0.052375714282022,3.00534681636297e-143,8.81652866294469e-103
06,135307358,A,AT,-0.0749921065396828,1.34401392642119e-54,1.74874505179187e-74
06,135052237,A,G,0.0432561487584092,9.63657444246573e-61,9.17293983831083e-49
02,100762215,AG,A,0.0211078585540674,6.65202527489489e-33,2.77984914856446e-16
10,64552010,G,A,-0.0211804388501229,1.68651373042117e-24,3.40497198317569e-16
22,30679303,T,C,-0.0200223001249566,4.57680824906993e-17,3.52070285682277e-16
22,30302238,C,T,0.0126440227557183,6.80099378394489e-12,2.11293352763889e-11
19,36043097,C,T,0.0207340992172942,3.96000032972597e-31,3.63530241569897e-16
19,35553322,TA,T,-0.0266316290549093,2.69028600090687e-08,5.93567857722846e-08
03,18250509,C,A,-0.0244809644525387,5.71527019483868e-19,4.18575990336993e-16
03,18709522,T,C,0.0122236498232162,4.43823285075375e-12,4.29182215200723e-07
15,65185884,G,T,0.0276644479018974,1.5194600874563e-21,5.3276703763271e-16
01,2172988,C,T,0.0187144882514597,1.74026094093842e-33,5.53840144364798e-16
01,2232532,G,A,-0.0167121498720024,4.17066321148398e-08,7.28375959342347e-09
01,25527587,G,T,0.0332803437604073,6.23976598516075e-37,2.3610384088001e-21
01,25529038,G,A,0.0305183747103356,6.93559497471678e-24,1.56557519758649e-13
01,25051102,C,T,-0.0248750431492746,1.361929803884e-22,6.57916944657839e-16
09,131465481,C,G,-0.0280057886370874,1.64693662822501e-20,1.10992104937432e-15
01,113206852,C,CA,0.0200919216714328,1.12182456628809e-37,1.25045679031917e-15
19,54675097,T,C,0.0200126250502457,3.07149603910174e-36,1.35644043239123e-15
19,54374604,A,G,-0.0299116010384872,7.60457090857688e-07,1.5025467270311e-06
16,30078492,C,G,0.0187263578797253,3.75615197351736e-35,1.38227567662057e-15
16,29673203,T,C,0.0283826098957303,4.97133073439998e-09,3.07764395287864e-10
20,62356627,T,C,-0.0195711190161352,1.30697365637382e-23,1.39183928424301e-15
20,62268333,A,G,-0.0473545705223825,6.68304574096773e-09,8.32608225001389e-13
20,62325833,C,A,-0.0474145244695333,4.14824530015524e-08,5.84867392075321e-06
04,148446774,A,G,0.0205330933273365,4.33952845097496e-17,1.54459738778046e-15
04,148290586,AACACACACACACACACACAC,A,0.0174014005920276,5.32619971877927e-07,2.78980113489865e-09
12,52305786,T,C,-0.0234596284479093,7.41087103586391e-24,1.54957040410679e-15
04,152452656,C,CT,-0.0200142519092889,1.36537441869893e-38,1.60089486021214e-15
01,202129205,G,A,-0.0884423780664501,3.61927215197925e-16,1.61979676935162e-15
16,498906,ACT,A,0.0352184889465534,2.06886452852985e-15,1.71572408707172e-15
16,792190,A,G,-0.0155152944463697,3.49921552479672e-10,2.16806970837979e-08
16,159211,C,G,-0.0291277699816322,5.6032453406902e-06,1.24358435766583e-06
06,33723290,A,G,-0.0558209434312867,3.68239846384853e-157,7.41493482582754e-104
06,33797628,C,A,0.0279891001610168,9.30329051967113e-41,3.71335460576172e-21
06,34603350,G,A,-0.0286249070938239,8.41983711149024e-19,8.41054802114556e-18
12,2503992,T,C,-0.0279629891651897,5.76242232070582e-20,2.39975996553178e-15
11,2723604,G,T,-0.0212723966112052,2.05333704813279e-20,2.41517252913444e-15
11,2821065,C,T,0.0158081576933323,1.77369489541838e-08,3.72542146867422e-06
11,2799869,TG,T,0.0127573580327921,1.82679261712837e-11,1.03360504507138e-07
19,3466221,C,CT,-0.020356853215701,3.26495732629825e-34,2.81565052280506e-15
19,3179517,C,T,-0.0879963633086722,9.6863583131477e-14,1.04471548723064e-13
17,35843050,T,C,0.020149697192521,1.76890253716785e-30,4.22059985950159e-15
19,39233969,T,G,0.0414599638556115,1.27995390652467e-15,5.14965728572741e-15
19,38759180,T,C,0.0124012946225675,4.40698988824714e-10,4.04961009257731e-08
19,39300338,G,C,0.0119074949470475,2.53773207113319e-07,2.82011114375385e-07
10,30247165,C,T,0.0183500433947636,9.83753217861018e-23,7.10613968761118e-15
10,30048495,A,T,0.0389629480872651,1.23565295431466e-08,1.63108877210128e-08
10,30507188,C,CA,-0.0145341144434627,1.15343629285419e-11,2.41867801450886e-09
11,61551927,A,C,0.0202558278410577,1.99475222010797e-29,7.18235699490091e-15
09,136095770,G,C,-0.050618632863953,1.69814208637987e-19,4.85815620865429e-15
09,135598876,T,C,-0.0939638875161568,7.9667404811902e-14,7.70924688521498e-15
10,104313377,C,T,0.0206294629693496,4.41721372214325e-27,8.99707694902351e-15
06,25676815,A,G,0.0216585321090052,7.19338062654485e-35,2.0956907922998e-25
06,26118537,C,CTCAAAGATCAGTTTGG,-0.025522289122426,8.34514548893753e-17,9.37791377053161e-15
06,26093141,G,A,-0.028315677624721,7.18237062103996e-11,1.68047661961807e-14
10,16857133,C,G,-0.0184905253240115,1.65981973080426e-21,9.85836353504374e-15
10,17230999,A,G,-0.0154716466633008,7.77328312446297e-15,4.59889275089026e-11
10,81164146,C,T,0.0318413030419637,2.1674454080099e-16,1.00698636172556e-14
10,81137700,GAT,G,0.0120040471649505,7.25692501848621e-15,4.20488142583051e-06
07,50427982,G,A,0.0192415545015884,1.05819202278399e-36,1.00870277330515e-14
11,65223539,CAAAA,C,-0.0150044572430011,2.29518330803328e-09,1.11509921986082e-14
11,64913746,CA,C,-0.0178146947996144,1.48913788608706e-12,4.5370150519271e-13
11,65607203,CA,C,-0.0145790282197297,8.76584083568011e-10,2.34966593575699e-12
02,211543055,T,C,-0.0206347968184528,1.47178419698063e-26,1.24301164921242e-14
03,48638801,C,T,-0.0522838188813147,1.08317665936371e-13,1.26317619238662e-14
03,48764280,T,C,0.0370364612887301,1.0477621642789e-08,4.48443811845292e-08
03,48867239,CAT,C,0.02171181448652,6.7545194484588e-08,7.84813657358114e-07
10,64566258,C,T,-0.0211213363816017,8.49084365307375e-24,5.35009686764302e-16
17,42594755,G,A,-0.0848890650937576,2.43842457976254e-14,1.46756306071056e-14
17,42970500,T,G,0.0286186013600765,4.51814545259929e-10,1.62385881878791e-09
08,22440898,G,A,0.022538093099445,1.07359097339603e-21,2.67282726076021e-14
16,50164049,A,G,-0.0217439080156968,8.84588013377276e-23,2.86838046705716e-14
12,93903228,C,T,0.0256975619841559,5.33389123723741e-19,3.47232062240951e-14
04,88183820,T,C,0.0223906493962722,4.0935101734916e-28,5.03889099978544e-14
04,87809020,C,G,0.0175493424208941,1.1901836668824e-10,6.11396848775701e-06
14,104644776,C,T,0.0203721024443305,3.48927495365489e-16,5.62458541295755e-14
14,104789323,G,A,-0.0154649574654579,9.53574000402697e-11,1.96728168954023e-09
14,104721005,CTG,C,0.0127880234861181,1.37757623093802e-10,6.25675510678819e-08
05,159607272,C,CAA,0.0203549618739466,4.63407345062632e-24,7.96496876211129e-14
05,159243478,C,T,0.025522549960948,4.00744252190153e-06,7.76119250260878e-06
22,28187396,A,G,0.0221547013013121,3.51124953553171e-20,8.81279726163771e-14
22,28663507,G,A,0.0269861465078529,3.54532827397642e-11,6.44890610558255e-10
22,28001952,C,G,-0.0317488885315566,3.72520375623233e-07,5.75893669907956e-07
09,4780007,T,A,0.0655899738966091,6.17373120222782e-213,6.26286310388926e-249
09,5038596,A,ATTT,0.0445449356766244,3.43545915352454e-129,9.62738656231826e-39
05,90264895,G,GA,0.0190378992348971,2.74986328861471e-28,1.15553937077162e-13
07,36084529,T,C,0.0190954499783532,2.81218985206176e-20,1.23158570320822e-13
07,35746116,C,CT,0.0134272059926451,1.31437759832378e-10,7.81742337273722e-07
01,66080787,T,C,-0.0166470701100929,1.10293942029106e-12,1.35611682771293e-13
01,65662894,GT,G,0.0123110911050124,1.80650554426593e-08,1.11546940430173e-07
01,66056921,A,C,-0.0114813717072848,7.36169524617855e-08,6.31496427703585e-09
01,226538054,C,A,-0.0259553949391735,7.15874855604516e-18,1.37938879966594e-13
12,12872484,C,CA,0.0148068877303835,1.2913725865714e-12,1.58409653107489e-13
12,12878362,A,AT,-0.0149395164884763,1.58430103278389e-11,2.64997213938958e-13
04,157716129,C,A,-0.0330921122764337,8.61850787963322e-16,1.61851700554413e-13
17,57819883,CAATAATAAT,C,-0.0166721403628607,5.70036960149624e-20,2.41213622490231e-13
17,57496970,A,C,-0.0145844420867801,8.2367057041855e-08,5.50767065026253e-09
01,94606871,C,T,0.0182855558949959,7.54803511877297e-36,2.44387511407297e-13
07,92239144,A,G,-0.0210632953832175,5.44145558486859e-21,2.51721129388333e-13
06,135411228,T,C,0.107932464395647,0,0
06,135452216,T,A,-0.0501657366156498,1.14725529177894e-81,2.44861161089136e-176
06,135540449,G,A,0.014290298795874,7.68392169568829e-15,8.4569698351763e-11
04,145038627,T,C,0.0165331769122464,4.16638212785479e-26,2.91197395847562e-13
04,144899120,G,A,0.0469564473869027,4.71057119862939e-08,2.12646717079245e-10
01,204262031,C,CTGTTAG,-0.0201602132625749,8.42707171517062e-17,2.96846570378885e-13
01,204583450,AC,A,0.0147067947506231,2.35272883214552e-17,3.96694848358882e-09
14,96204037,CA,C,-0.024431486071325,5.68672273930165e-18,3.34245487274263e-13
01,28216191,C,A,-0.0161439642857863,3.81632466090664e-20,3.79662881334248e-13
01,27825153,C,G,0.0353017745211085,1.11448794169058e-08,6.3054080605113e-10
01,28109632,A,G,0.0599403257850534,1.90481448565979e-06,2.05123714977119e-07
10,27392541,A,C,-0.0228055030397462,1.14653765897958e-18,3.95064053536953e-13
11,116702362,C,T,-0.0266136632244912,9.37703384788304e-17,4.12974049036793e-13
13,72371415,G,A,-0.0182726537577754,4.63312799876819e-28,4.61873517877554e-13
01,180905694,C,T,-0.0182816364879407,3.37291244846861e-20,5.39855655236775e-13
01,181105027,C,T,0.0184761365844438,3.90329622395883e-07,2.00344500319407e-07
06,43354431,G,A,-0.017960112007296,7.10037368320497e-14,5.47875052525098e-13
06,43726956,C,T,0.0183638964055227,6.85411514912963e-11,2.39515397320033e-08
06,43736415,T,TGGTCCCACTCTTCCCACA,-0.013741221913634,1.74546753832904e-12,7.91471712964762e-08
17,7757725,TA,T,0.0186770944755614,5.76446202456904e-22,6.59692281214439e-13
17,7452752,G,A,-0.0152570318838811,2.70776362697076e-10,1.81534046739278e-09
17,7804405,G,C,-0.0169060405485328,2.02713935354928e-07,1.13784923652552e-06
12,46067218,C,T,-0.0228555396278964,1.66865800244261e-24,6.88410333805168e-13
12,46561355,C,G,0.0470555591856467,3.04050553879306e-09,1.91281282999813e-06
07,55160538,G,A,-0.0189149034167078,2.00431483504933e-23,8.64240069737265e-13
13,111034542,T,C,-0.0182473631374188,5.09433504715805e-18,9.70166443890079e-13
13,110930454,G,A,0.0140189429383682,1.71586055860801e-10,1.47494916944425e-08
13,110879734,GACAC,G,-0.0168502874777067,6.85975033939459e-08,3.04624665726784e-07
01,43840982,C,T,0.0535786745322059,1.78582817646426e-15,1.01790391269715e-12
01,43804340,G,A,0.0358409772677356,3.42078850218995e-07,1.20040573402914e-08
01,43759733,G,T,0.0119607600530795,1.4085500687986e-14,1.58972485310163e-06
11,100457812,A,G,-0.0243442382188372,1.97803853389058e-10,1.09322828164511e-12
11,100501571,C,G,0.0138680974059343,3.30369922356597e-15,1.15304578251521e-11
20,16351751,GT,G,0.0245236557891609,8.59750237313521e-17,1.12295018861417e-12
12,47148050,G,A,0.0340880022738128,2.40078852910262e-14,1.23878221951379e-12
07,139870046,CATA,C,-0.0293680246763603,1.39672805439235e-13,1.42612872307507e-12
07,140240764,C,T,-0.0127034787089623,5.63258856930518e-11,7.18575205772384e-07
12,57848639,A,G,0.0156887583086894,2.71839115758443e-23,1.46708360930393e-12
12,58067864,G,A,-0.0297245498946252,8.30448980931631e-08,4.90335973644039e-10
03,27418896,T,C,-0.0202611924419599,1.01256883679816e-16,1.78145995439893e-12
03,27779362,A,G,0.0142451706526446,6.83033182212544e-16,2.29191980725946e-10
03,27578945,T,A,-0.0412452518519267,1.67008964012739e-06,4.30628349884891e-06
08,128828372,CACAA,C,0.0178792930042661,1.11300909888194e-29,1.93985617293304e-12
03,107417637,A,AT,0.018578604824376,2.58388267357231e-23,2.05527408377376e-12
17,53059082,C,T,-0.0195790523068275,3.35900793307272e-16,2.29174042483311e-12
17,53359844,G,A,0.0143422902171643,7.08111756467341e-12,3.55714107648123e-08
18,41976954,G,A,0.0438599990828031,4.38187251268728e-43,8.62878297849795e-37
18,41983186,G,T,-0.0256026385162,3.03020540122748e-13,1.16606572625003e-17
18,41953230,C,T,0.0594890886027233,7.17824366119016e-09,5.79276784268377e-08
01,249191706,A,G,0.0216485623571255,3.72469974423422e-20,2.36076648743261e-12
17,738952,T,C,-0.0186661126926971,5.41941534540828e-22,2.99917479470731e-12
01,118155145,AAGTC,A,0.0208614227955976,2.42586591791123e-18,3.05356863644215e-12
13,108960380,TGCTG,T,-0.0552589896494021,7.32240289319715e-09,3.35025924543227e-12
13,108991673,G,A,-0.0144579581396712,2.92401276257928e-12,3.64076013401312e-12
13,108910232,TAC,T,-0.0139637012383921,8.49266796335144e-07,3.54765680945629e-06
02,225761259,C,T,-0.0329643876069756,7.07103400754574e-15,3.36426001279269e-12
02,225816642,A,T,-0.0459823916860143,2.4036579343927e-07,2.52942469906924e-06
01,230293530,T,C,-0.0177337493597839,5.49618570836864e-26,3.48062872334351e-12
22,29638470,G,A,-0.0165905247842267,1.38863822765163e-16,3.58526002390441e-12
22,29206616,CA,C,0.0217799133875319,3.31521494331829e-09,5.60391546937901e-10
22,30131897,G,A,-0.0136103979620939,2.69100013799126e-07,7.8791821989128e-07
12,117480010,T,C,-0.0216112997895056,1.95888667386525e-17,3.78880511591791e-12
12,115556307,T,G,-0.0180224612048623,5.75932208080129e-26,3.98990116457825e-12
08,66901401,A,G,-0.0182735351430703,2.89939439568285e-22,4.38629458526214e-12
04,3443931,G,A,0.0148095314536212,1.78973138643676e-15,5.37316761496083e-12
04,3449652,G,A,0.0255735957995499,5.40379032247952e-07,1.80333074344311e-10
19,13176020,G,T,-0.030799542462646,7.9918807975549e-15,5.5071160876417e-12
19,13032616,A,AT,0.0148386871969278,7.27798052631465e-15,6.31946282637325e-06
19,13213538,C,T,0.0436164225322075,2.02051438314238e-06,1.32022261354668e-07
08,130541447,G,A,-0.0179720014169953,5.73397516292863e-16,6.05457852093291e-12
08,130681008,G,A,0.012904621930493,1.45671348642094e-11,5.08377164621298e-07
08,130226278,G,T,-0.0170379365661184,1.07095926326455e-06,1.92977973910626e-06
17,16522922,G,A,-0.0718578456474986,1.66929770852021e-11,6.23387846325193e-12
17,16131927,C,T,-0.0118477390587171,2.45766226792597e-12,9.24788242035153e-07
08,106109678,C,T,-0.0396711323340296,1.39884252631621e-13,2.26571888865989e-12
03,128201889,C,T,0.0482441213817814,3.29617653629225e-11,8.16110835512773e-12
03,128224065,C,T,-0.0385886942280123,1.66886060376102e-09,7.06888889813884e-09
03,128293406,C,T,-0.029824678356272,5.05152737626211e-08,2.50910536284401e-07
19,1026477,T,G,-0.016692540330144,2.37668547265764e-19,9.53872782468249e-12
19,1170728,G,A,0.0191988313898361,1.57244823523117e-08,1.35881012745123e-08
08,120993823,G,A,-0.0192853690765373,7.36020153982155e-19,1.00046124524459e-11
08,125859850,G,A,0.0157329983958809,1.67624476667179e-11,1.05676830516157e-11
08,126345401,C,CT,-0.0116662207708792,5.89847264096022e-08,1.14040360610673e-06
08,125764537,T,G,-0.011555300070434,2.54606227738982e-09,5.19408199627077e-09
04,185788095,C,T,-0.0166512095033972,3.03675031290017e-21,1.18113111606305e-11
04,185776459,G,A,0.0126743563553903,2.31224188950192e-07,3.05939553614421e-06
05,75837297,T,A,0.0183619164123565,3.9259359205227e-19,1.27941812715012e-11
05,75579518,A,G,0.0218400570590651,7.80814446351631e-07,2.44729366398438e-06
14,69312237,T,TA,0.0250710551183415,1.76779532517053e-15,1.33046342129809e-11
21,35354770,G,A,0.019900969567797,1.37119821732119e-17,1.47009041266009e-11
01,40419732,C,T,0.0193010866636506,1.31270229293813e-16,1.52377723566095e-11
01,40008416,A,T,-0.0193299215579712,2.78282825546455e-11,1.00870752258477e-08
02,110447667,C,G,-0.0285544075234613,1.20589298160467e-13,1.53587397722567e-11
09,4840380,A,G,0.177668935199222,-99,1.71210207389554e-265
10,65048306,C,A,0.0401241608623625,-99,4.22547649572512e-15
09,135876535,C,G,0.047011066944866,-99,9.29625038298429e-19
