chrom,pos,major,minor,beta,p_value,gwas_p_value
20,57594684,C,T,0.51144489481411,0,0
07,106321972,C,A,0.0982939314314727,0,0
02,31457154,G,GGGGACCCCGGCTT,0.113979675714255,0,0
01,171915181,T,C,-0.130230079555229,0,0
01,171929451,A,G,0.104841805748284,1.9401591733312e-194,5.75245960014839e-257
01,171934790,G,A,-0.223489661303959,4.16088078138371e-139,5.63526413917732e-121
22,43361946,A,AATAATC,-0.0944099821657613,0,1.82845366994568e-289
12,122216910,A,G,0.135690120284284,0,2.04216251188309e-262
12,49662391,C,T,0.155968019380018,5.12147109853758e-253,6.06312375962909e-218
17,33892949,G,A,-0.0934570373052269,2.44204509381059e-182,7.94837367471691e-191
17,33899846,CCT,C,-0.228417670746218,9.2048965485699e-112,2.84365102268471e-79
17,33875262,T,A,-0.0484878676880102,7.6914377750885e-91,1.12212227360189e-93
08,9030160,G,A,0.087314182224714,2.38701043318738e-258,5.13243779066797e-169
01,247719769,G,A,0.12871902971431,1.40285302268741e-161,4.22261286659836e-168
02,225759617,CT,C,0.128648017139771,6.54143711173795e-190,3.6924391307897e-153
02,225816642,A,T,0.163999591801999,3.28059932413303e-70,6.16691403574681e-58
12,57019443,T,C,-0.0640951537264425,4.96490960572253e-272,4.5985588596189e-127
15,65173097,T,C,-0.0847226346809854,3.29009432043936e-173,7.3958507065535e-127
13,47237952,A,G,-0.0620306697859545,3.13172125239648e-240,3.54655949868588e-117
19,55539072,G,T,-0.078744697467586,5.06458237784485e-159,2.30116227029932e-114
19,16206012,C,T,0.219452790861502,3.29926534017907e-119,2.86856582654577e-114
X,39710195,C,T,-0.0501163075250985,1.93315698210856e-219,7.795660226908e-110
07,100098295,C,T,-0.072227181848185,2.96852870371257e-161,1.01666903529085e-108
06,110720209,A,G,-0.0573471306380773,5.49623846576432e-281,6.40299194167285e-108
11,116648917,C,G,0.0800107713361592,1.20509705608765e-128,5.6882219918888e-99
05,88180196,T,C,-0.115704398184748,3.10992390780758e-111,1.44176741606764e-98
08,106581528,A,T,0.0596405920073824,1.24537898687298e-174,1.08590661741109e-97
03,124441501,A,G,0.0621129570680741,2.45340540535072e-157,1.77208931524739e-95
18,67526809,GA,G,-0.0533817179918733,1.92653809866221e-258,1.05296830095398e-93
18,67599516,C,T,0.0968946432287869,9.57805374002058e-25,4.87358338055331e-23
04,6891455,T,G,-0.0651226339788313,5.48897135655742e-118,5.03004458615785e-83
09,274641,C,T,-0.0409378405333052,2.76315377458615e-66,2.20499169805059e-75
09,334337,A,G,-0.0285053001463672,1.0880656048353e-25,3.97662186772205e-49
17,57906318,C,A,0.0473152325496611,3.72416334771293e-191,7.62150385911291e-75
09,99192919,A,C,-0.0566845388025074,2.12333131947902e-118,3.50136397772627e-74
01,62901807,C,A,-0.0486304418029635,7.91342245718301e-151,1.33153416290674e-72
12,54712308,A,G,0.046294283687849,8.96275761582618e-182,9.38754319078946e-72
08,145002431,C,G,-0.0466277227747774,8.66268020399674e-175,1.04511317046074e-71
01,113169449,A,G,-0.0454034154586146,2.69935616538345e-191,8.89839067438272e-70
19,45715680,T,C,0.0428868687935581,7.48033788752563e-76,3.81159656277894e-68
19,45740771,C,T,0.0293352170494327,2.10230366826797e-32,6.71449912109078e-39
17,4840868,G,A,-0.0795339258699538,2.43347168257393e-66,5.92977610783185e-63
17,4837195,C,A,0.0640088990123481,4.5015564427834e-30,1.75535267267221e-32
18,20720973,T,G,-0.0424437709863125,1.54296631617756e-173,3.10525761901787e-61
02,220099331,C,T,0.0700981049534051,8.30735300519096e-71,1.58102059356482e-58
16,85415465,G,C,-0.067587450409161,5.48256127356254e-73,4.00470876669131e-58
16,85685120,G,A,-0.0413010652846511,6.81723023924017e-63,1.60157484955047e-44
16,85411641,A,G,0.0396076734965826,2.2806776809414e-35,7.62928568796936e-22
13,114018038,A,C,-0.0503691915457234,1.10684913707366e-196,4.90336805945415e-58
13,114009170,G,T,0.0829960871764168,6.97602432309175e-43,5.07958296832692e-21
05,133845380,G,A,0.0416706838488237,3.37700725347625e-138,1.66169689976157e-57
06,25540927,G,A,0.0412775958161382,3.67751925479114e-139,5.2816820773751e-57
22,38328597,A,G,0.105605903342931,4.9037783289761e-60,9.65522084620409e-56
06,31411312,A,G,-0.0372320921661175,7.62965124301989e-40,1.3287668174843e-55
06,31821182,G,C,0.0686928078322611,1.31314916463693e-20,1.46541403447514e-24
06,31319281,A,G,-0.048223302350927,2.70678611430778e-20,2.45828937087123e-42
01,171829971,T,A,0.103859933768726,5.83508918321194e-198,4.83424494061336e-215
01,171884170,A,G,-0.0998981481955655,3.70465546550469e-214,3.93177680808096e-191
01,171693887,C,T,-0.22334580191734,1.61589003364586e-116,5.27436655237145e-111
03,122833003,T,C,-0.0405883859643584,1.0768514097826e-125,9.04999539454911e-54
02,219093934,G,A,-0.0464918995182544,2.51430430073017e-83,6.09514058524739e-52
15,63341238,G,C,0.0521792409477642,1.17969712012507e-71,2.88917382622472e-51
12,3239298,C,T,0.037565002025724,1.03730652425944e-104,3.51505434783045e-46
03,47276968,T,C,-0.0276362173384617,2.13162184663017e-56,3.52477865331641e-46
03,47185650,C,G,0.0331409889708722,1.67011532453457e-30,2.06562727173278e-43
01,171949999,T,G,-0.140888354007808,0,0
01,171980928,T,C,0.092531044315726,1.30915404093552e-152,5.0900983860229e-198
01,171957819,T,C,0.116481114567244,1.81945778756336e-70,2.94781347122668e-84
20,8603950,C,G,-0.0360563579743173,5.22321093724171e-128,1.81301844129355e-44
04,143326714,G,T,0.035818848177014,9.22346149009571e-91,1.09591675945846e-41
02,242645466,A,G,-0.0349047297832659,5.48150817753336e-110,1.11603836749064e-41
18,9618005,G,A,0.0393325142127253,1.03047723559793e-69,2.6200634458031e-41
02,241510903,G,A,-0.0500265390144943,1.21968287814226e-52,1.96818826753186e-40
10,16857133,C,G,0.0333339803276255,4.35535262857607e-61,6.07483896883247e-40
10,17225826,A,G,0.0186230320369799,2.56858703315716e-19,6.45848874780865e-15
08,11689228,G,T,-0.0342089051782627,1.22442081420351e-103,6.54099951751583e-40
01,25032168,G,A,0.0390032960236159,2.11988064816767e-64,2.63323213424505e-39
09,100707992,A,G,-0.0349329903122432,1.0942478751602e-81,4.19608026688207e-39
06,158092638,C,T,-0.0371172769807655,2.46381712974384e-60,1.00125904111454e-38
06,158422080,C,T,-0.0302497051748867,6.34177519038175e-17,7.14408286299151e-15
06,47606029,C,T,-0.0331384238562193,5.4882371025467e-48,4.8317954211798e-38
06,47559140,T,C,0.025170782027586,7.51959833549315e-19,6.89601545171178e-23
05,159611932,CT,C,-0.0348008896104139,6.02745356461515e-73,3.84002074009362e-37
17,42446420,G,C,0.0333975043632981,2.65945406474128e-77,4.64853653272658e-36
09,135598876,T,C,0.135270943962573,3.9693297771669e-23,6.99382269649348e-36
09,136073343,T,A,0.108814351603479,3.87891803389579e-15,4.539150579577e-28
12,29435675,A,G,0.0320234966890104,1.28612391494513e-92,2.04886479496636e-35
06,32416985,G,A,-0.0419718987710914,1.39932393569544e-41,2.16817616711277e-35
06,31972268,AC,A,0.0643318101366206,5.42523480154152e-19,7.39661755314563e-23
06,32153475,T,TA,-0.0281658959428347,1.88092797137333e-20,7.65408193812629e-18
07,116515781,A,T,0.0373959670807404,6.08614732329497e-57,2.57289453691941e-35
05,77788791,A,G,0.0347080520231128,1.33884883966815e-62,1.01123785959988e-34
08,19854500,C,T,-0.0341816071206434,4.21873134007939e-53,2.15739345317366e-34
08,19793581,C,T,0.0634417148668503,1.70719564682553e-11,6.39862460068022e-14
01,161188893,T,G,-0.0556261152263367,1.18156373199711e-36,2.57762323326719e-34
01,161507924,A,G,0.0209263396159301,2.39380317163874e-21,4.83475558117634e-12
01,161188936,T,C,-0.0218445406965942,1.1115180596069e-10,7.00840270408466e-11
19,6802571,C,T,0.142013341617242,3.1201555215809e-33,1.76340103007887e-33
19,6802585,C,T,-0.0359659554838909,3.64310203822152e-13,7.62857290095881e-13
01,94874521,G,T,-0.0314364252768073,1.16014419890304e-79,3.69460449917327e-33
11,9765503,T,A,-0.0322173811246024,3.9064681703168e-68,4.26772797056496e-33
01,248020556,C,G,0.0280477525162953,1.69902441276701e-24,1.25963179589854e-57
11,72949747,C,T,0.030382908671744,3.82453266730089e-73,2.52804330865598e-31
16,5020514,T,C,0.0301672646522518,1.48076951910531e-82,1.0895633818949e-30
12,740009,C,G,0.0329920087546251,5.42966511453826e-76,2.71859873317033e-30
12,713752,C,T,0.0214439589723667,1.38191913666898e-22,2.58196978764541e-09
05,75740199,C,T,0.0282566330858413,3.4299849615629e-73,1.69123217576139e-29
05,75996909,G,A,0.0449131060811209,2.01152696805457e-13,3.19144682334282e-15
10,65027610,A,T,-0.0297484929083301,2.45370834892792e-46,1.96828158377555e-29
10,64534805,GA,G,0.0166496937554724,6.57056207725031e-15,2.12390042772225e-09
22,42481412,T,A,-0.0330687120379439,2.23568219317588e-53,6.09543487095581e-29
22,42971052,C,T,-0.0564151513356234,2.06748051159521e-20,1.16157858603307e-16
22,42955513,A,C,-0.0515513876032778,1.42093117541143e-14,9.27462037756235e-12
07,37457359,C,T,0.020884236221131,1.07721645916296e-18,7.19748249121461e-28
07,37468889,C,A,0.0388433296310011,4.93197883824794e-30,4.47045521332412e-17
07,37465372,A,G,-0.0274076730420595,8.44817807346756e-22,1.63651230328318e-11
05,76981614,A,G,-0.0297501421503561,6.93427852649897e-23,7.60749003180682e-28
05,77071703,G,T,0.0236093396403606,6.35938307851462e-30,1.38029161943302e-27
02,143886819,G,A,0.0425244315915892,1.93755396379683e-35,9.47560677149757e-28
19,35662505,A,G,-0.0315110784021568,1.17267791905173e-48,1.78975430811962e-27
01,207278451,G,A,0.0432979858752559,1.58768711473215e-34,2.34743153829949e-27
05,1104938,T,C,0.0293582528346574,1.7256379047254e-47,2.36108682708298e-27
05,1287194,A,G,0.0196836247781398,1.65222095411052e-22,4.49531584819427e-12
16,9052989,T,A,0.0356694457524099,2.34126128505583e-39,2.53980497230813e-27
07,73177698,C,T,0.0277166115829707,6.58745186944847e-66,1.08807303610965e-26
14,103565044,G,A,-0.0324557081602501,6.42269712468097e-38,1.70626339737159e-26
14,103900609,C,T,-0.0217951884300685,7.75174738462512e-21,2.77252582821173e-13
02,223981348,C,A,0.0596442307968903,3.74262102955486e-29,3.6838299356849e-26
21,16371865,T,TA,0.0278776049288764,1.67132979117874e-36,6.00989616244016e-26
21,16812599,C,T,-0.0154494452796327,3.49902144200945e-15,1.5727822982177e-10
01,118155152,A,G,-0.0324771049252079,2.52988797634765e-39,1.07089109003871e-25
07,100076614,A,G,-0.0716323776632912,1.80707745765615e-160,1.11392583539935e-108
09,113312231,G,C,0.0795270142046264,7.30998519457413e-27,1.95671768981115e-25
10,121010256,A,G,0.0398622731452901,7.25323890717948e-31,4.64672297082657e-24
19,10727845,C,CT,-0.0310843433516526,5.77280715148582e-36,1.45173129642913e-23
12,6279890,A,G,-0.0267770577384249,1.28037062144002e-48,3.62183493769224e-23
04,103188709,C,T,-0.048401344144742,1.45749599065407e-26,4.42568497457079e-23
05,158635102,T,C,0.0294483623225238,2.41027689394447e-37,4.68936093833823e-23
08,25215103,A,G,0.0255801288240243,1.52156323853648e-38,4.97432689471985e-23
08,25349650,T,TG,-0.0168977104836787,2.10844695608509e-12,1.92205383357951e-10
01,25736369,C,T,0.0254026649391912,4.48219533655274e-57,6.80000349856301e-23
11,57199645,C,G,-0.0302989097000014,1.01362292475415e-33,3.23929114204701e-22
01,248039294,G,A,0.176213460104672,-99,2.5250215824847e-127
