chrom,pos,major,minor,beta,p_value,gwas_p_value
14,23861811,A,G,0.0720562542549256,0,2.86440127184018e-153
2,179721046,G,A,0.102181918891558,6.59236721554123e-128,1.10055498708266e-99
2,179839888,G,A,0.100155503375821,3.59377379329729e-51,8.74241181429115e-40
20,36849088,G,A,-0.0557453537347421,7.72296076711054e-266,7.53970365524326e-97
6,122173688,G,C,0.0910293411500137,3.91500800487979e-100,2.26624375605547e-96
12,24760456,A,G,-0.0723886310378716,2.9571674544695e-116,3.33453848329148e-86
6,118667522,T,C,-0.0407541015319016,2.78420047458533e-152,3.78681461901369e-69
6,118680552,G,C,0.0541397994413619,2.97215916331375e-22,8.32469629540947e-38
7,100499315,G,A,0.055518505855825,1.9858400491595e-85,1.12005110235176e-59
12,33537387,T,C,-0.0413542066923403,2.8269333554839e-163,9.8229174975197e-55
15,73664041,G,A,-0.0493060007172125,3.47907498766584e-44,1.50522530861694e-52
15,73441432,C,T,-0.0288722259924942,3.03686349980345e-53,5.275630865238e-38
14,72885471,G,C,-0.0534531703621333,1.53451144568975e-54,4.86771893926012e-50
14,72812684,G,T,0.0212208331913569,5.83588385615559e-30,2.49410803457769e-19
1,207988603,G,C,0.0519788523910425,6.2271714754252e-39,1.44375274149059e-45
1,208131044,T,C,-0.0319798881990782,3.77132870684845e-61,2.04498587284019e-43
14,85796564,A,G,-0.040809752905182,1.6417954392343e-78,2.5864912679611e-44
1,45012273,A,C,0.0381412681197482,1.57178892200311e-67,5.27146567153804e-38
11,61551927,A,C,0.0346836416499475,1.02169995334033e-72,8.60984228490371e-36
16,15912544,T,C,0.0346696896242606,3.54194507302468e-64,5.49096108254356e-34
14,21542766,A,G,0.042336977050069,5.22087282484518e-46,3.04329181263876e-33
12,2184466,G,C,-0.0415636476609161,8.67325742317765e-46,1.86179961535045e-32
2,220299541,T,G,0.0293302933286498,1.64517492281682e-41,9.6764910143356e-31
2,220362557,C,T,0.016117727550996,8.65669548441353e-11,4.0697800187967e-13
9,128435256,A,G,-0.0301129804208976,3.69377100018121e-75,8.11810150300327e-30
7,93547331,A,C,0.0313375996853363,7.45092638634564e-59,1.85767791384833e-29
11,128768938,T,C,0.0318375803960378,1.86255294696986e-25,4.39919357288906e-27
11,128764570,G,A,-0.0419086286196662,6.28334619214845e-21,3.02007020043764e-24
11,129002022,C,T,0.015871781982823,1.42495409967512e-13,2.48498300698619e-07
16,65283854,C,A,0.0265682409323356,8.51298427921504e-35,1.64276192767024e-26
16,64895317,C,T,-0.0235493716730769,1.7822613025963e-29,3.4922357418546e-15
16,64803209,T,A,-0.0229928263137617,8.89132434302811e-13,1.37493830104742e-06
15,95312071,T,C,0.0301425272708969,2.19140270418691e-49,3.68054092884608e-26
3,179173224,A,T,-0.0358388129889641,2.58240160863868e-37,5.67129902001547e-26
5,137406243,C,G,-0.0355301408389669,2.39022424727102e-35,4.53275036729351e-25
2,188190475,G,A,0.032617147622382,2.55057226170461e-34,3.02595703677602e-23
6,36820565,G,A,-0.0258923662219335,1.08953880410416e-36,4.49593216443356e-23
6,36741654,C,A,-0.0285131384110505,8.78813299319152e-08,6.31717170687949e-08
6,36909058,C,A,0.0320019623275064,2.57288787081706e-07,1.87849646339126e-09
2,27730940,C,T,0.0264327689211003,8.33512117808566e-50,1.68217376000532e-22
22,39117469,T,G,-0.0276305178440854,4.83438594648035e-42,2.94920109857729e-22
2,232264914,G,T,-0.029994002197124,1.42469570455896e-34,6.54047536723302e-22
4,23951018,C,G,0.0264450621100417,1.45228083713975e-26,2.07901531407029e-21
4,23791655,T,A,-0.0516324666573104,1.14465240115797e-07,2.64248725462275e-09
4,23761005,T,C,0.0121646392323879,6.09388226239791e-11,2.96125207519437e-06
1,66991346,T,C,-0.030521141989613,5.79309934926148e-32,3.27293687151473e-21
18,34289285,G,T,-0.0738986349077233,1.2581091787063e-19,6.72044235634383e-21
18,34228056,C,T,0.0290227041045131,4.66553114335295e-20,2.57758847534506e-17
3,141118028,A,G,0.0248286599265297,9.26009211386221e-52,7.87947028901425e-21
7,136626027,G,A,0.0330825311393697,9.08456811565572e-24,8.60277478030005e-21
7,136566533,A,G,-0.0158560003412013,1.3396231986368e-15,1.16717224958083e-09
3,49894030,T,C,0.021113312735643,1.72030323581344e-24,1.09842192568932e-20
3,49517977,T,C,-0.0182064951152659,5.06397766188014e-11,1.319092884287e-15
3,171774601,G,C,0.0248491527630119,1.02578775976186e-27,1.62340838753691e-20
3,172152302,A,ATTC,0.0151287129798438,3.65435934806733e-10,6.87455231660256e-12
3,172118857,C,T,0.0149589763536442,1.26764135668136e-08,9.46134925060048e-12
7,130973495,T,C,0.0241473516765227,3.44654930075421e-28,1.79912962125722e-19
7,130893842,A,T,-0.0124336689058939,4.17331750864587e-10,8.78197724920902e-07
17,15134006,C,T,0.0402291686851777,5.3746708309427e-17,8.50099207186383e-19
17,15195279,C,T,-0.0383358455873079,1.86572903201381e-18,6.3171977105843e-18
17,15447364,T,C,-0.0147191924753838,5.55791846216891e-12,1.17157392654186e-06
1,6278414,A,G,0.0277743022882523,9.74830631714943e-43,2.62846649315711e-18
1,6282950,T,G,-0.0610513725475459,3.05004192790697e-10,8.01419880159653e-06
11,44974274,G,A,0.0243178867076422,4.28098637570271e-35,3.43136564282815e-18
6,7545081,C,T,0.0410248440855129,1.0459343653792e-23,3.65161954056196e-18
6,7542840,T,C,0.0242985746516182,3.18425883740738e-09,3.29283353205133e-06
12,64979818,T,A,-0.022440462677214,1.13385629768645e-39,5.78905043907113e-17
6,122167499,C,T,0.0888251556780667,8.07882037473648e-95,2.4867798226453e-96
6,121902869,A,G,-0.0178379286518852,3.23184881995871e-14,8.71852446634093e-17
3,53513354,A,G,-0.0221289464854233,6.74336570418706e-23,2.51130044890924e-16
3,53125297,G,C,-0.0264752391299863,3.73387873064422e-10,5.45009726951197e-12
3,53799590,C,T,-0.0464294005884821,1.74651747485863e-09,3.36366078871462e-08
19,39240269,G,C,-0.0215649471372638,1.59510358544847e-45,3.46998607508824e-16
3,24462852,T,TA,-0.0236328533898599,3.15100501250277e-28,7.39929536806828e-16
19,40780325,A,G,-0.0222147938209296,2.09780752897988e-32,7.91667631039778e-16
7,116416010,T,G,-0.021365320958827,1.66049855242341e-39,8.06532373684374e-16
9,35908313,A,C,-0.0228501420555466,5.40108588299457e-30,1.40482510409503e-15
16,66937003,G,T,0.0402086920031552,1.17871677441174e-17,1.5084233685647e-15
16,67426740,T,C,-0.0330932185099072,2.09384187200976e-06,3.77930992526804e-06
12,26348304,T,C,0.0229014850064055,4.88801488970606e-27,2.48140645690004e-15
7,100291793,G,GGACGGC,0.0427627831805791,1.44464170734556e-40,2.5228321019166e-29
7,99853660,G,A,-0.0759599406166801,4.8111996197609e-13,4.07695630674573e-15
7,100275110,C,G,0.0539428771629812,1.71139510897389e-11,6.63449907986719e-09
12,27955296,C,T,-0.0214953570632511,2.34217371185089e-20,5.65529139573411e-15
12,27970520,T,C,0.0135896407264929,4.72895588431344e-11,1.4226208830258e-07
18,26111000,C,A,-0.0514031415744239,1.29461689623596e-19,6.66967092321897e-15
18,25765493,T,G,-0.0240973139466608,4.78593125576605e-17,1.08090260083657e-14
18,26322005,T,G,0.0194844894450334,2.81768258732938e-24,1.34264053599631e-08
5,172670611,C,CT,-0.0179659338127904,6.52524211146304e-10,9.55886790433881e-15
5,172574590,GT,G,-0.0162453274349328,8.31345513513312e-13,9.95112888507997e-15
14,91590417,A,G,-0.0210798949111226,4.12217814036725e-31,1.01630116556911e-14
6,134214525,C,G,0.0211321861803134,1.90213748186285e-30,1.13605681696186e-14
6,28586613,ATGTG,A,-0.0228679845821664,2.62552762797763e-30,2.38957269257885e-14
5,142767160,T,C,0.026911321652726,3.21726587184993e-17,2.77573205791913e-14
5,142415500,CA,C,-0.0164127925578586,6.16871227941387e-12,8.40200280957954e-08
3,122069823,G,A,0.0225787217036987,1.09679540098439e-23,3.55095380767182e-14
10,29820758,T,C,0.0211145361729574,6.90500606017886e-26,3.55807081436898e-14
10,30075024,C,T,0.0159662275251707,1.88151487191076e-10,3.79004670866273e-07
9,129327858,G,A,0.0227350020426473,2.61705111802594e-22,6.49407451543661e-14
15,73608221,A,G,0.0278873575675993,8.74335568708307e-68,6.9181414716972e-40
15,73602878,C,T,-0.0641338460113287,1.25817947666148e-17,8.05395476077601e-23
15,73378305,T,G,-0.0246210815262909,1.49918549925545e-08,1.90493712485112e-13
6,121766728,GA,G,-0.0770459173337841,-99,3.10761926954117e-51
