chrom,pos,major,minor,beta,p_value,gwas_p_value
06,135402339,T,C,-0.146136643199675,0,0
04,55408875,A,T,-0.0872244008664744,0,4.09230356216326e-260
07,100240296,G,A,0.0637117059497983,0,2.20142121445956e-177
06,41925159,G,A,0.0679070246108035,1.03947049734625e-269,4.72235698128561e-162
06,109625879,G,A,-0.0509179721917393,0,1.51230969862219e-119
09,136139907,GAAACTGCC,G,-0.0523509691765403,3.27925033704882e-159,2.96083068560266e-117
09,136130855,TTCTG,T,0.0695697411305819,1.09963624622497e-57,9.97829691314158e-74
02,46360907,G,C,-0.0523782630676826,1.49779337638258e-227,6.93383198267019e-114
07,151414329,T,C,-0.0480191571273024,4.61345204518077e-159,6.33095111736058e-89
19,33754548,C,T,0.0706233825910439,4.63749440509018e-82,2.84976493416153e-80
19,33754938,G,A,-0.0303511031739312,6.76610063657636e-30,3.92547383900431e-33
19,13000550,G,C,-0.0418307734976452,2.8660974785122e-177,8.28401029793329e-79
10,71094504,T,C,0.0653577589951137,2.79295955097627e-97,2.08423726674625e-78
22,50971047,C,T,0.0409596628483078,2.94505562451316e-155,4.20696564779556e-73
17,44113227,T,TG,0.0472855056672361,1.44778783059255e-108,1.7341404880172e-69
07,50427982,G,A,-0.0384687463925898,4.78679022157683e-181,5.36033483079581e-69
12,111884608,C,T,0.0375638550711675,3.94016899009717e-187,8.90054909866529e-67
02,112142072,G,A,-0.0342655825892624,1.05468430436652e-50,3.53819604627042e-64
02,112247747,T,A,-0.0460518792902122,7.15904092002243e-47,4.36624709441608e-52
02,112167931,T,C,-0.0308903642154068,3.85461462893587e-44,3.71676711425367e-64
06,139844429,A,G,-0.0370157388084028,1.39576330968061e-164,5.40310479265186e-64
01,248039451,C,T,0.0365329483576482,1.94748273012563e-111,1.33476822760508e-56
12,4330507,G,GA,-0.0421834270980368,8.09823123963441e-86,1.82693547148446e-56
09,4849647,T,C,0.0422137532972677,1.07569885749562e-85,2.20093316164276e-56
16,30103160,C,A,0.0335338437343128,5.90194094114695e-118,1.892901160271e-51
10,45393201,T,G,0.0340557789088949,1.06815835824603e-110,3.12379344012156e-50
10,45890294,C,A,-0.0304177972864858,4.54328953737489e-17,1.60102028052817e-14
03,195831237,C,T,0.0346837967975675,2.27743944570277e-83,8.22575171576142e-47
03,195913051,CT,C,0.0334565321658634,2.90226578808049e-32,1.08721297271433e-23
02,60629438,TAC,T,-0.0316744407307719,4.26474640536684e-109,6.12352873157414e-46
11,10200742,A,G,-0.0358601050034318,1.18171171855216e-73,1.81585255204578e-45
07,100278282,C,G,0.058913214067945,0,4.23329641530931e-172
07,100751970,C,T,-0.133663174853316,3.85030190741503e-38,1.01456852237002e-44
07,100265347,C,G,-0.0971954984229574,1.3111485509492e-19,3.53328613187557e-28
01,199010721,T,C,0.035200204221756,9.33144997664901e-79,1.25141693061957e-44
01,198543418,G,C,-0.080533698584272,1.42743119857958e-36,2.60175878794197e-33
06,31312538,G,A,-0.0313052383677944,1.9359946625467e-73,4.62186808866108e-44
06,31432587,T,C,0.0557236012886281,1.31629718609194e-15,9.75465806844634e-20
19,4064057,T,C,0.0379222296927484,3.09999035658312e-49,2.42979597873226e-43
19,4502201,C,T,0.0186338129419211,2.33720341638046e-32,2.47424721060169e-18
16,88853729,T,C,0.0284953991143677,8.66902772392296e-75,8.9494869679823e-41
16,88556730,G,A,0.0617706925836005,3.12007718485122e-16,5.82989179437473e-17
16,88800295,C,T,0.0181961388457577,1.81503171885645e-13,8.86148043280872e-13
17,76124810,A,AG,0.0351328624859085,2.25145172618482e-51,2.63283262844158e-39
17,76166689,C,A,0.0146653066283391,3.67749664711129e-18,7.8976493837266e-10
12,121162854,T,G,0.0290921018011907,3.12302768147509e-87,8.04608442667396e-39
16,170328,C,T,0.026101912669685,3.62175891681338e-76,3.23686185726019e-38
16,198835,T,C,0.0900248128807927,8.73413228465296e-20,9.71425245716022e-18
16,238348,CAAAAAAAA,C,-0.0207440605324595,3.29621299699837e-17,2.7146655571919e-25
05,1284135,C,T,0.0221097634504204,3.03996732894367e-20,4.82423308206707e-38
05,1104938,T,C,0.0210134935712958,3.75954907811705e-32,1.65014996517152e-20
05,1287194,A,G,0.0202027721577777,9.63728884950375e-23,2.09315011929414e-32
03,24347800,C,T,0.0299232611299937,1.40043879571025e-73,6.73953993734436e-38
06,44030011,G,A,-0.0450528881141728,4.34896163670192e-39,7.41417282857823e-37
06,43805362,A,T,-0.0307279811651601,7.85761321948559e-47,6.12913626701442e-34
06,43737486,T,C,0.0255468970710782,1.96627206444818e-56,8.72206747033657e-27
01,214180721,A,G,0.0298148974987459,6.64416446168386e-49,8.2296033387363e-37
01,213966887,T,C,0.0167945646833234,2.79753346145501e-15,4.09440495930073e-13
11,61557803,T,C,0.0286207183125871,1.75538026613269e-73,3.87265618463999e-36
15,76298132,G,A,0.0267835264019886,2.68304070010646e-91,5.73153173297756e-36
15,76251531,G,A,0.0375652009590403,1.06020840710614e-12,9.2255012263986e-14
22,43114551,G,A,0.0268158808100464,1.69705159413925e-93,1.2041461846361e-34
01,46441649,CT,C,-0.0268443502652842,1.27151574565594e-91,5.19379639429753e-34
03,142270359,C,T,-0.0266970399057058,4.42945074059132e-78,2.52253931755842e-33
06,164478388,C,A,0.0259294705631718,5.66370861571384e-83,2.72057460456767e-32
01,231562228,A,G,0.0870670805347212,6.75981181028798e-30,3.85656212907284e-32
01,231554531,C,T,-0.0240685814588147,1.93773318198795e-30,1.7446769411143e-23
03,141106063,T,C,0.0213551130288477,8.87346564329712e-55,6.1998671862497e-32
03,141248515,A,G,-0.0399564882739325,9.02723672802735e-24,9.35783823026291e-31
18,43802169,T,C,-0.0294151608224817,2.53027139699043e-52,1.18614285775422e-31
20,49087012,G,A,0.025653189518697,3.38676734967834e-70,1.23266241733244e-30
16,30987380,G,GT,-0.0260862285928399,4.16387109409473e-64,1.45211066504549e-30
10,45975926,GA,G,-0.0493649037771765,3.91346284920643e-35,1.50201080461262e-30
02,24124241,TC,T,0.0373237631577442,9.7140542734656e-40,1.93960491970163e-30
07,44809273,A,G,0.0246959066950165,6.51828379496386e-80,8.56566242755021e-30
06,136198594,T,C,0.0239242143682781,1.04675879806493e-44,3.41724144640414e-29
06,136087922,G,A,-0.0956703728496698,3.10522846735454e-26,2.41205421914897e-25
06,135700705,C,T,-0.0217376356438026,7.85515573404433e-33,2.44634809011998e-15
X,8916646,A,C,0.022455431540155,1.00528861751804e-41,2.30113156152496e-28
20,55991637,A,G,-0.0241052852062314,4.33321296493547e-79,2.70854711629637e-28
22,46372968,C,T,0.0247919468852308,3.15746248311274e-31,3.3375611580096e-28
22,46318479,A,G,0.0175398747514635,1.63294059082367e-18,2.86696365720247e-18
22,46004023,C,T,-0.0155301195058171,4.10474915372222e-19,3.96823618616238e-14
22,32894951,G,GTTTGT,-0.0248575715485654,1.84256028146568e-83,6.01631809028479e-28
13,76055602,G,A,0.0397000463004644,3.9815212271748e-33,2.38517236693069e-27
19,2163771,T,G,0.0233981521495339,8.62155255655063e-72,1.7719601582669e-26
03,16929593,C,T,0.0383457374224605,2.22362925413708e-24,1.90089297858273e-26
03,16970938,A,G,-0.0187906399784521,8.72744163099536e-24,7.91716155721172e-17
03,17098399,A,G,-0.0758697608593779,3.32490810251693e-11,3.24922151055882e-10
03,56748186,C,A,-0.0247812891647382,1.60073044255594e-50,3.30230399604841e-26
02,219602819,G,A,-0.0229648311079566,7.96245109214393e-72,8.82410426866975e-26
17,37746192,C,CA,0.0273788420104977,2.43069116467708e-42,3.46743572896868e-25
15,78552232,CA,C,-0.0228202219057168,2.73094003886461e-62,5.13708764319125e-25
11,19250164,A,C,-0.025298655159683,2.38574538768462e-44,7.37443916088591e-25
18,60920854,C,T,-0.0655656001858169,7.43067103358987e-26,1.95956667499481e-24
08,42367068,T,C,-0.022690185182669,9.46730254532837e-53,3.2594673455003e-24
16,67967878,A,C,0.0297412251805086,4.62985446326312e-33,3.91485659459768e-24
06,29802736,CA,C,0.0285529619495747,4.55648354022028e-25,4.9129517216084e-24
12,2518352,T,C,0.0226994457887454,2.74377799230324e-50,5.81411797828765e-24
01,155178782,T,A,-0.0211721245513409,3.53217750853474e-45,1.34852086694419e-23
01,154977113,A,G,-0.0445010536994348,8.7004972624165e-12,5.17261129479999e-14
07,99587523,T,C,0.0341449431836608,1.41131178786591e-39,2.8258329612042e-32
07,99573962,A,G,-0.104959196066696,1.73387148000997e-28,2.1329605742144e-30
17,59450441,C,T,0.0295386144409304,9.95649490413587e-30,1.60750700084874e-23
17,59286644,C,G,-0.0173474948938478,1.27776994561804e-14,5.23258024005997e-11
15,65734015,A,AAAAC,0.0255204829468853,5.62346397027895e-39,1.8624916823258e-23
14,65515843,T,TA,0.0221270894759282,1.48261214819233e-65,2.33968180107768e-23
05,88191635,C,T,-0.0238184299419944,2.4373256611758e-29,2.50853856680426e-23
05,88180196,T,C,0.0311854683539556,1.26559219653306e-12,1.81583687453665e-15
02,113975066,T,G,0.0263783821342411,5.74086967447359e-35,4.90409222441526e-23
07,1286192,C,G,0.0239700497460226,5.70372298110644e-43,1.00893570870667e-22
03,69870063,CGT,C,0.021095228675385,1.52790090433093e-52,8.7625528391818e-22
02,111612050,T,TTCCC,-0.0228255893724722,4.31730016334421e-38,1.45149345444155e-21
02,112001305,G,A,-0.065007774698858,1.28964988997991e-17,2.09919261608046e-16
02,111931421,T,C,0.021200784276803,6.44074830785637e-19,6.21289823208414e-19
12,88818479,G,C,0.0227491927598145,1.38925453440521e-38,1.47637191836121e-21
02,176974104,T,G,-0.0221087055938217,2.1418572256175e-44,2.26868600801532e-21
19,41305138,G,T,-0.0664878946386742,7.86449337233583e-20,8.40263307450549e-21
19,41147134,C,CT,0.0220243078221023,5.25897923872597e-14,2.70478776896145e-11
19,41157448,G,A,0.0600720048140909,2.86963401448912e-10,1.80510830144483e-09
12,53777171,A,G,0.0267638296192077,8.92569916109465e-29,1.00832245075762e-20
11,8826779,A,G,0.0208407755218051,4.84964594583543e-21,1.2186488424786e-20
11,8736695,T,C,-0.013805518628,1.05415163321508e-22,3.68898267364083e-15
04,77412140,G,A,0.0202825766103265,3.32438326826765e-52,1.38997479376429e-20
08,130624105,C,G,-0.0206619071006457,8.93115105083932e-49,1.4208631314211e-20
06,2050791,G,A,0.0203514032530265,2.09649837438646e-52,2.01692348092617e-20
13,41254104,C,A,0.0242075952421589,4.90636204444028e-30,6.59825421131518e-20
08,21767275,C,G,-0.0272196481671666,2.95583119282078e-27,7.34487924494165e-20
06,26118537,C,CTCAAAGATCAGTTTGG,-0.0243263326456499,1.84874028231172e-22,7.83676773221569e-20
06,26098474,T,C,-0.0348585289907935,1.20818215197013e-19,1.13133070695452e-18
06,26122453,C,A,0.0181823662223125,1.25155603014442e-12,6.83232244604038e-19
11,33913568,T,C,-0.0199197438307691,1.02534711735084e-54,8.0527321231629e-20
06,34190104,G,A,0.0410807167408255,4.86693235346325e-22,1.18765279794557e-19
12,48403839,A,T,-0.0203407125770412,4.39912178368504e-42,1.22633459198031e-19
08,126500031,C,G,0.0201174161788152,9.13831973065492e-46,1.95490979380189e-19
06,7229619,G,A,0.0213363593848602,3.84005616954862e-34,3.15727297912432e-19
20,52230030,TAGATAGCG,T,-0.079955153991883,7.84971611222927e-20,4.87570989475025e-19
19,50103252,G,A,0.023324129186374,1.64778784251629e-29,6.97255639803657e-19
14,68380704,A,AT,0.0255003266625395,5.32666411160957e-27,8.47119491390426e-19
17,27178761,C,T,-0.0243712886734915,3.05903011728843e-27,9.33999421928156e-19
21,16793057,G,GC,-0.0213772240589903,8.25916854021703e-26,9.5213109689033e-19
21,16578800,G,A,-0.0163017706021103,5.88590262681214e-18,7.15325271970608e-13
21,16339172,G,C,-0.0250848707835179,2.49934396044131e-13,1.4535906897017e-11
07,641927,A,AG,-0.0198059671732794,4.35643149123502e-42,1.46197509119637e-18
05,176800361,G,A,0.0215669610594666,4.78895169397542e-31,1.54658457434848e-18
19,18415743,AAACC,A,0.0428638107731395,1.37696178876666e-21,3.855360402427e-18
19,18640246,CA,C,0.0164961707462465,1.98526200695772e-25,6.06588986716767e-10
03,194681871,C,A,0.0191989806218004,3.12117292390449e-43,4.02127270076065e-18
04,81182554,T,C,0.0207104577319054,1.09838304822151e-31,4.99110504356535e-18
06,30471520,A,G,0.024744659144903,6.80943808617798e-32,6.05804240108177e-18
06,30930964,C,T,0.0773650336228058,1.41192060505992e-14,2.8365706871909e-12
06,30022667,C,CA,0.0257701331753124,1.40625338202255e-13,2.02168921143858e-09
20,31125583,CT,C,0.0204993344719677,5.18631649957033e-34,6.53447592967168e-18
20,30257261,C,CT,-0.0235089300517086,6.27317305868579e-27,6.88235039348969e-18
X,149024124,C,A,-0.0777616403223153,5.03311303851745e-18,9.01646775431178e-18
03,71256309,C,T,0.022636767527101,4.90143941621415e-27,1.0655135905268e-17
15,72242554,G,A,-0.0218536945982867,2.30813625119243e-27,1.63166295925311e-17
11,30951674,T,C,-0.0109026364747674,6.59410178079993e-09,4.00754053517767e-17
11,30749171,GTTCCCGCTCTGTAACTTATCAAC,G,-0.0529102037639211,3.05409821018548e-19,1.17173835544332e-15
11,30749090,T,C,0.0206081585177091,8.36269162410043e-40,8.73387121924908e-17
08,23474415,A,C,-0.0195251338898466,2.53215541236123e-32,6.2866411274054e-17
03,12379351,A,G,-0.0219184120456386,9.36799364274538e-20,7.68151734032198e-17
03,12524612,C,A,-0.0128097615292599,8.52363863559937e-16,3.02162184132039e-09
01,120257576,G,A,-0.0193169726243901,6.24306427339044e-31,1.19931135594407e-16
11,108314363,C,A,0.0185156641271392,7.99403047855089e-38,1.26872767172783e-16
09,13975942,T,C,-0.0193992720994964,3.68738024071702e-31,1.62948340065428e-16
12,13046211,C,T,-0.0249362400304142,9.74771788492133e-22,2.44718304091388e-16
09,4118111,T,G,0.0184651746421789,3.41714607489204e-36,2.67415222668074e-16
01,203667409,C,T,0.0301811749896146,1.40998204919297e-17,3.36243980377694e-16
01,203281175,C,G,-0.0143309270392107,2.05678402860986e-24,1.01685511279929e-10
06,15177099,T,C,0.0327181425166689,3.68508804562289e-18,9.89220204522957e-16
16,51170026,G,T,-0.0368147364024069,4.5318940870934e-13,1.01787713719308e-15
16,51187951,G,GA,0.0152555549823011,2.86092383168945e-21,2.06433022354089e-14
17,7571752,T,G,0.0866517430900278,4.46681648891953e-18,1.10640424760963e-15
17,7732351,A,T,0.0176429999752222,1.63453648650146e-23,2.35254364431451e-13
17,8041704,G,C,-0.014800347061785,1.22310968365969e-16,2.49072482831667e-10
04,15617658,C,T,-0.0184383401789297,1.10022768054566e-29,1.17288321842624e-15
17,46143042,T,C,-0.020426101038272,1.29072825384539e-24,1.67690337593118e-15
01,205201325,A,C,-0.0174528592385211,8.8888828262371e-35,2.47915203202198e-15
11,2322136,C,T,-0.0272278228951897,7.90091511089103e-19,2.7095364650747e-15
01,217436181,C,T,0.024064752272044,4.81403908461442e-20,3.09420143646083e-15
02,62286552,A,G,-0.0175044931633363,1.25518673780796e-21,3.94669277610675e-15
02,62530258,G,A,0.0193240302260588,6.31369047529234e-12,7.68769401743551e-12
01,3691528,A,G,0.0204448426870699,8.48418844913443e-19,5.03435512815301e-15
15,40306334,C,A,-0.0209927450391627,4.52053499896549e-22,5.35848372498926e-15
09,130628500,C,T,0.02712095473058,1.71271941137923e-18,7.20397662832463e-15
11,16664123,T,C,-0.0172929171467763,4.98863605733662e-34,7.62701456952366e-15
09,100746855,G,GCA,0.0204655939666913,2.15627686574431e-22,8.09000982843834e-15
07,80303700,AGCACAAATAAAGCACT,A,0.0252155275463507,8.47465822909043e-20,8.21331448671393e-15
14,73463479,G,A,-0.0173098130734869,1.38570465112466e-34,8.40853999194578e-15
16,28867593,CA,C,-0.0177267139361516,7.97905012198776e-34,1.07426195170208e-14
05,154353012,A,G,-0.019381735870096,1.77411042088853e-23,1.21880275046926e-14
02,121995877,A,C,0.0243852943454857,3.76210323098784e-19,1.29070279383676e-14
01,2996602,C,T,-0.0201945111339353,1.29697901215284e-18,1.48827453827937e-14
11,66319313,G,A,0.0170983705910951,1.16558984343176e-31,1.7522075130536e-14
15,75052495,T,C,0.0176990675650892,1.03369344551869e-27,1.86834417434488e-14
13,29234083,A,G,-0.0175185161282665,6.76849620804423e-29,2.3393529458552e-14
13,114544024,T,C,0.0181820589832949,2.82281061284238e-25,2.38885952006915e-14
11,67024534,C,T,0.0299501346968453,1.41614004633765e-16,2.93899251636714e-14
20,57597970,A,C,0.0389407997111054,1.58829055144206e-15,3.20926268554193e-14
04,88062580,CTT,C,-0.0212666424373176,4.39982790877308e-20,3.29461120750357e-14
19,47600593,C,T,0.0301398132240064,2.27785740916838e-16,4.36811563042344e-14
20,43042364,C,T,0.0467204724045059,2.42472852103051e-14,4.69506811148748e-14
20,42673848,T,C,0.0138279169487414,8.3708848170086e-15,6.42950336330632e-09
16,72105965,T,C,-0.0264887676418461,9.84509817512033e-31,5.08584543138405e-14
16,72144174,T,C,-0.0249639787982994,6.65192774018536e-26,3.00676815853781e-11
01,47659445,T,C,-0.0160350537088012,1.18449075147918e-32,5.63114941758555e-14
01,48022107,C,T,-0.0245769375671018,1.14621924196117e-11,1.01369793173583e-11
08,96072196,A,T,0.0207588714888775,3.31309137348584e-20,6.26934832541141e-14
06,130403515,G,C,-0.0186377840507685,9.00559527634468e-23,6.95528249102125e-14
03,58456811,C,T,-0.0168477184848377,2.96738774172924e-28,9.30748722639344e-14
17,20002164,G,A,0.0166670774885663,2.25029214720583e-30,9.42177965102519e-14
19,45734751,A,G,0.0167663197324824,4.03208386498212e-30,1.21201717379698e-13
01,172137134,A,T,-0.017389285341005,1.66074271244713e-24,1.48757758734257e-13
01,89174253,T,A,0.0160905802741929,9.08922779639004e-34,1.79206621010723e-13
14,37718177,G,A,-0.0177528287053058,3.12530242818481e-23,1.80660359989779e-13
14,64703593,G,T,-0.0160715154764856,3.82245514204019e-35,1.82413140329276e-13
07,91542655,ATCTCTCTCTC,A,-0.0160840264479719,5.21705540740369e-35,2.4508415399032e-13
04,122732216,T,G,-0.0162414818642773,1.01854608202106e-28,3.46330795682699e-13
03,169098791,C,T,-0.0163369457710241,1.46473393031742e-25,3.73491824916574e-13
03,169482335,T,C,-0.0169637323503365,3.92330314014921e-14,7.81620289346014e-11
10,101308890,G,C,-0.0180765330494169,2.81972938593751e-21,4.54087852602666e-13
11,113981241,A,G,0.016955522363495,5.58888367963728e-24,4.55671826155759e-13
12,46261301,G,T,-0.0157170265610038,1.38830325634867e-35,5.99355713536655e-13
19,44273516,T,C,0.0191346304250259,1.34760598010286e-19,6.16861085524995e-13
16,16259596,G,A,0.0477930599759958,1.87700212577283e-13,8.13435270624002e-13
06,25918225,T,C,-0.038323791043217,4.64806654808057e-24,1.26339505176576e-17
06,25843746,C,T,-0.0245690222489344,9.28226643367557e-16,5.04530920423162e-10
01,3318769,G,C,0.0322302813739962,-99,1.70012601617963e-12
06,29361707,T,G,0.0519365009133091,-99,3.76124167193795e-17
