chrom,pos,major,minor,beta,p_value,gwas_p_value
06,135402339,T,C,-0.146136643199675,0,0
04,55408875,A,T,-0.0872244008664744,0,4.09230356216326e-260
07,100240296,G,A,0.0637117059497983,0,2.20142121445956e-177
06,41925159,G,A,0.0679070246108035,1.03947049734625e-269,4.72235698128561e-162
06,109625879,G,A,-0.0509179721917393,0,1.51230969862219e-119
09,136139907,GAAACTGCC,G,-0.0523509691765403,3.27925033704882e-159,2.96083068560266e-117
09,136130855,TTCTG,T,0.0695697411305819,1.09963624622497e-57,9.97829691314158e-74
02,46360907,G,C,-0.0523782630676826,1.49779337638258e-227,6.93383198267019e-114
07,151414329,T,C,-0.0480191571273024,4.61345204518077e-159,6.33095111736058e-89
19,33754548,C,T,0.080882851041887,1.4289313123477e-86,2.84976493416153e-80
19,33744872,T,A,-0.0229316037070858,4.51099031155582e-39,1.45315003184222e-08
19,33750393,A,G,-0.0238971527109189,6.95515326836953e-24,3.66612373190549e-33
19,13000550,G,C,-0.0418307734976452,2.8660974785122e-177,8.28401029793329e-79
10,71094504,T,C,0.0653577589951137,2.79295955097627e-97,2.08423726674625e-78
22,50971047,C,T,0.0409596628483078,2.94505562451316e-155,4.20696564779556e-73
17,44113227,T,TG,0.0472855056672361,1.44778783059255e-108,1.7341404880172e-69
07,50427982,G,A,-0.0384687463925898,4.78679022157683e-181,5.36033483079581e-69
12,111884608,C,T,0.0375638550711675,3.94016899009717e-187,8.90054909866529e-67
02,112142072,G,A,-0.0342655825892624,1.05468430436652e-50,3.53819604627042e-64
02,112247747,T,A,-0.0460518792902122,7.15904092002243e-47,4.36624709441608e-52
02,112167931,T,C,-0.0308903642154068,3.85461462893587e-44,3.71676711425367e-64
06,139844429,A,G,-0.0370157388084028,1.39576330968061e-164,5.40310479265186e-64
01,248039451,C,T,0.0365329483576482,1.94748273012563e-111,1.33476822760508e-56
12,4330507,G,GA,-0.0421834270980368,8.09823123963441e-86,1.82693547148446e-56
09,4849647,T,C,0.0422137532972677,1.07569885749562e-85,2.20093316164276e-56
16,30103160,C,A,0.0335338437343128,5.90194094114695e-118,1.892901160271e-51
10,45393201,T,G,0.0340557789088949,1.06815835824603e-110,3.12379344012156e-50
10,45890294,C,A,-0.0304177972864858,4.54328953737489e-17,1.60102028052817e-14
03,195831237,C,T,0.0346837967975675,2.27743944570277e-83,8.22575171576142e-47
03,195913051,CT,C,0.0334565321658634,2.90226578808049e-32,1.08721297271433e-23
02,60629438,TAC,T,-0.0316744407307719,4.26474640536684e-109,6.12352873157414e-46
11,10200742,A,G,-0.0358601050034318,1.18171171855216e-73,1.81585255204578e-45
07,100278282,C,G,0.058913214067945,0,4.23329641530931e-172
07,100751970,C,T,-0.133663174853316,3.85030190741503e-38,1.01456852237002e-44
07,100265347,C,G,-0.0971954984229574,1.3111485509492e-19,3.53328613187557e-28
01,199010721,T,C,0.035200204221756,9.33144997664901e-79,1.25141693061957e-44
01,198543418,G,C,-0.080533698584272,1.42743119857958e-36,2.60175878794197e-33
06,31312538,G,A,-0.0362482942547477,3.14705554021797e-88,4.62186808866108e-44
06,30821012,G,GA,-0.0199995432391301,2.35995754580732e-24,3.2990560069071e-06
06,31432587,T,C,0.0504368830926255,5.36269475448473e-13,9.75465806844634e-20
19,4064057,T,C,0.0379222296927484,3.09999035658312e-49,2.42979597873226e-43
19,4502201,C,T,0.0186338129419211,2.33720341638046e-32,2.47424721060169e-18
16,88853729,T,C,0.0284953991143677,8.66902772392296e-75,8.9494869679823e-41
16,88556730,G,A,0.0617706925836005,3.12007718485122e-16,5.82989179437473e-17
16,88800295,C,T,0.0181961388457577,1.81503171885645e-13,8.86148043280872e-13
17,76124810,A,AG,0.0351328624859085,2.25145172618482e-51,2.63283262844158e-39
17,76166689,C,A,0.0146653066283391,3.67749664711129e-18,7.8976493837266e-10
12,121162854,T,G,0.0290921018011907,3.12302768147509e-87,8.04608442667396e-39
16,170328,C,T,0.026101912669685,3.62175891681338e-76,3.23686185726019e-38
16,198835,T,C,0.0900248128807927,8.73413228465296e-20,9.71425245716022e-18
16,238348,CAAAAAAAA,C,-0.0207440605324595,3.29621299699837e-17,2.7146655571919e-25
05,1284135,C,T,0.0221097634504204,3.03996732894367e-20,4.82423308206707e-38
05,1104938,T,C,0.0210134935712958,3.75954907811705e-32,1.65014996517152e-20
05,1287194,A,G,0.0202027721577777,9.63728884950375e-23,2.09315011929414e-32
03,24347800,C,T,0.0299232611299937,1.40043879571025e-73,6.73953993734436e-38
06,44030011,G,A,-0.0450528881141728,4.34896163670192e-39,7.41417282857823e-37
06,43805362,A,T,-0.0307279811651601,7.85761321948559e-47,6.12913626701442e-34
06,43737486,T,C,0.0255468970710782,1.96627206444818e-56,8.72206747033657e-27
01,214180721,A,G,0.0298148974987459,6.64416446168386e-49,8.2296033387363e-37
01,213966887,T,C,0.0167945646833234,2.79753346145501e-15,4.09440495930073e-13
11,61557803,T,C,0.0286207183125871,1.75538026613269e-73,3.87265618463999e-36
15,76298132,G,A,0.0267835264019886,2.68304070010646e-91,5.73153173297756e-36
15,76251531,G,A,0.0375652009590403,1.06020840710614e-12,9.2255012263986e-14
22,43114551,G,A,0.0268158808100464,1.69705159413925e-93,1.2041461846361e-34
01,46441649,CT,C,-0.0268443502652842,1.27151574565594e-91,5.19379639429753e-34
03,142270359,C,T,-0.0266970399057058,4.42945074059132e-78,2.52253931755842e-33
06,164478388,C,A,0.0259294705631718,5.66370861571384e-83,2.72057460456767e-32
01,231562228,A,G,0.0870670805347212,6.75981181028798e-30,3.85656212907284e-32
01,231554531,C,T,-0.0240685814588147,1.93773318198795e-30,1.7446769411143e-23
03,141106063,T,C,0.0213551130288477,8.87346564329712e-55,6.1998671862497e-32
03,141248515,A,G,-0.0399564882739325,9.02723672802735e-24,9.35783823026291e-31
18,43802169,T,C,-0.0294151608224817,2.53027139699043e-52,1.18614285775422e-31
20,49087012,G,A,0.0219917804872153,3.60253546067726e-26,1.23266241733244e-30
20,49205095,A,G,0.0132481364027847,7.62400470323223e-13,2.3806619718681e-18
16,30987380,G,GT,-0.0260862285928399,4.16387109409473e-64,1.45211066504549e-30
10,45975926,GA,G,-0.0493649037771765,3.91346284920643e-35,1.50201080461262e-30
02,24124241,TC,T,0.0373237631577442,9.7140542734656e-40,1.93960491970163e-30
07,44809273,A,G,0.0246959066950165,6.51828379496386e-80,8.56566242755021e-30
06,136198594,T,C,0.0239242143682781,1.04675879806493e-44,3.41724144640414e-29
06,136087922,G,A,-0.0956703728496698,3.10522846735454e-26,2.41205421914897e-25
06,135700705,C,T,-0.0217376356438026,7.85515573404433e-33,2.44634809011998e-15
X,8916646,A,C,0.022455431540155,1.00528861751804e-41,2.30113156152496e-28
20,55991637,A,G,-0.024589094216566,4.01817025999531e-47,2.70854711629637e-28
20,56137798,G,A,0.0123325004606487,2.06676461048091e-12,2.4760763585106e-07
22,46372968,C,T,0.0247919468852308,3.15746248311274e-31,3.3375611580096e-28
22,46318479,A,G,0.0175398747514635,1.63294059082367e-18,2.86696365720247e-18
22,46004023,C,T,-0.0155301195058171,4.10474915372222e-19,3.96823618616238e-14
22,32894951,G,GTTTGT,-0.0248575715485654,1.84256028146568e-83,6.01631809028479e-28
13,76055602,G,A,0.0397000463004644,3.9815212271748e-33,2.38517236693069e-27
19,2163771,T,G,0.0234109340356881,4.03292934948134e-47,1.7719601582669e-26
19,2534533,T,C,0.0117078548322541,4.75713114706581e-10,2.49253755648649e-07
03,16929593,C,T,0.0383457374224605,2.22362925413708e-24,1.90089297858273e-26
03,16970938,A,G,-0.0187906399784521,8.72744163099536e-24,7.91716155721172e-17
03,17098399,A,G,-0.0758697608593779,3.32490810251693e-11,3.24922151055882e-10
03,56748186,C,A,-0.0247812891647382,1.60073044255594e-50,3.30230399604841e-26
02,219602819,G,A,-0.0229648311079566,7.96245109214393e-72,8.82410426866975e-26
17,37746192,C,CA,0.0273788420104977,2.43069116467708e-42,3.46743572896868e-25
15,78552232,CA,C,-0.0231724273822676,7.02574237616311e-46,5.13708764319125e-25
15,78225005,G,A,0.0125088186811585,6.43608994657716e-09,1.81579151928608e-06
11,19250164,A,C,-0.0235979540621146,3.24660328855636e-34,7.37443916088591e-25
11,19272689,AAAGGCTG,A,0.0129595660687361,6.78670868210915e-10,1.63982157238833e-10
18,60920854,C,T,-0.0655656001858169,7.43067103358987e-26,1.95956667499481e-24
08,42367068,T,C,-0.022690185182669,9.46730254532837e-53,3.2594673455003e-24
16,67967878,A,C,0.0247632803277102,1.7863620459014e-18,3.91485659459768e-24
16,68460215,C,T,0.0151837555472847,1.17096174401937e-11,5.09272881614289e-07
16,67733016,C,T,0.0387501874016209,1.33097964893062e-07,2.07751989966176e-18
06,29802736,CA,C,0.0262882511780341,1.12634205811072e-19,4.9129517216084e-24
06,30237440,A,AAAT,0.0189362578642984,9.56142159574577e-10,2.03605388789404e-12
12,2518352,T,C,0.0226994457887454,2.74377799230324e-50,5.81411797828765e-24
01,155178782,T,A,-0.0211721245513409,3.53217750853474e-45,1.34852086694419e-23
01,154977113,A,G,-0.0445010536994348,8.7004972624165e-12,5.17261129479999e-14
07,99587523,T,C,0.0345056322537138,3.41103257442055e-40,2.8258329612042e-32
07,99573962,A,G,-0.1042112770878,4.18459278558608e-28,2.1329605742144e-30
07,99450229,C,T,0.0508704599701128,4.02065235629757e-08,1.07655587523323e-07
17,59450441,C,T,0.0295386144409304,9.95649490413587e-30,1.60750700084874e-23
17,59286644,C,G,-0.0173474948938478,1.27776994561804e-14,5.23258024005997e-11
15,65734015,A,AAAAC,0.0255204829468853,5.62346397027895e-39,1.8624916823258e-23
14,65515843,T,TA,0.0221270894759282,1.48261214819233e-65,2.33968180107768e-23
05,88191635,C,T,-0.0208267058418407,2.39783238683955e-22,2.50853856680426e-23
05,88180196,T,C,0.0317829133881546,9.00829390114338e-13,1.81583687453665e-15
05,87988934,T,C,0.0187252629965681,5.83942123205842e-11,1.90075286304452e-13
02,113975066,T,G,0.0263783821342411,5.74086967447359e-35,4.90409222441526e-23
07,1286192,C,G,0.0239700497460226,5.70372298110644e-43,1.00893570870667e-22
03,69870063,CGT,C,0.021095228675385,1.52790090433093e-52,8.7625528391818e-22
02,111612050,T,TTCCC,-0.0228255893724722,4.31730016334421e-38,1.45149345444155e-21
02,112001305,G,A,-0.065007774698858,1.28964988997991e-17,2.09919261608046e-16
02,111931421,T,C,0.021200784276803,6.44074830785637e-19,6.21289823208414e-19
12,88818479,G,C,0.0227491927598145,1.38925453440521e-38,1.47637191836121e-21
02,176974104,T,G,-0.0222552839216441,1.15518268395761e-31,2.26868600801532e-21
02,177399872,AG,A,-0.0105259732071537,1.99945233124748e-09,6.9378156312377e-06
19,41305138,G,T,-0.0664878946386742,7.86449337233583e-20,8.40263307450549e-21
19,41147134,C,CT,0.0220243078221023,5.25897923872597e-14,2.70478776896145e-11
19,41157448,G,A,0.0600720048140909,2.86963401448912e-10,1.80510830144483e-09
12,53777171,A,G,0.0240904853132067,6.62086935620943e-22,1.00832245075762e-20
12,53684619,A,G,-0.0107663189606512,5.01191296151042e-11,1.73712964268255e-10
11,8826779,A,G,0.0208407755218051,4.84964594583543e-21,1.2186488424786e-20
11,8736695,T,C,-0.013805518628,1.05415163321508e-22,3.68898267364083e-15
04,77412140,G,A,0.0202825766103265,3.32438326826765e-52,1.38997479376429e-20
08,130624105,C,G,-0.0206619071006457,8.93115105083932e-49,1.4208631314211e-20
06,2050791,G,A,0.0183692523455218,9.19682017066673e-22,2.01692348092617e-20
06,2369670,A,G,0.0122614137816686,8.43779435261911e-11,2.95850533171873e-13
06,2522808,G,A,0.0135094359080019,3.03615842582474e-08,9.98319745462105e-08
13,41254104,C,A,0.0211785703152118,1.89793855831025e-21,6.59825421131518e-20
13,41671085,T,C,-0.0110309452531629,3.1892616582725e-11,1.87369256434736e-11
08,21767275,C,G,-0.0272196481671666,2.95583119282078e-27,7.34487924494165e-20
06,26118537,C,CTCAAAGATCAGTTTGG,-0.0243263326456499,1.84874028231172e-22,7.83676773221569e-20
06,26098474,T,C,-0.0348585289907935,1.20818215197013e-19,1.13133070695452e-18
06,26122453,C,A,0.0181823662223125,1.25155603014442e-12,6.83232244604038e-19
11,33913568,T,C,-0.0199197438307691,1.02534711735084e-54,8.0527321231629e-20
06,34190104,G,A,0.0410807167408255,4.86693235346325e-22,1.18765279794557e-19
12,48403839,A,T,-0.015509804498964,5.78478627018039e-24,1.22633459198031e-19
12,48512285,A,C,0.0174645867647529,1.84806415251748e-13,5.69640867443226e-18
08,126500031,C,G,0.0201174161788152,9.13831973065492e-46,1.95490979380189e-19
06,7229619,G,A,0.0205404184688962,5.45659195775473e-29,3.15727297912432e-19
06,7097196,T,C,0.0220161854567781,1.35294155698898e-08,1.75432885295783e-09
20,52230030,TAGATAGCG,T,-0.0795847866019886,4.1178400432649e-19,4.87570989475025e-19
20,52560126,A,G,-0.0124435337071721,1.34151721779204e-11,8.22464080820551e-09
20,52381459,A,AT,0.0116011769607521,3.86777584965277e-12,4.88373285522383e-07
19,50103252,G,A,0.0230324867377945,7.04998378929584e-28,6.97255639803657e-19
19,50025208,T,A,0.0578318594312852,1.33620955641998e-07,2.28195015449583e-06
19,50224222,T,C,0.0389354336850824,3.32346860499252e-07,1.86959734142816e-08
14,68380704,A,AT,0.0255003266625395,5.32666411160957e-27,8.47119491390426e-19
17,27178761,C,T,-0.0243712886734915,3.05903011728843e-27,9.33999421928156e-19
21,16793057,G,GC,-0.0213772240589903,8.25916854021703e-26,9.5213109689033e-19
21,16578800,G,A,-0.0163017706021103,5.88590262681214e-18,7.15325271970608e-13
21,16339172,G,C,-0.0250848707835179,2.49934396044131e-13,1.4535906897017e-11
07,641927,A,AG,-0.0198059671732794,4.35643149123502e-42,1.46197509119637e-18
05,176800361,G,A,0.0215669610594666,4.78895169397542e-31,1.54658457434848e-18
19,18415743,AAACC,A,0.0428638107731395,1.37696178876666e-21,3.855360402427e-18
19,18640246,CA,C,0.0164961707462465,1.98526200695772e-25,6.06588986716767e-10
03,194681871,C,A,0.0193557832617399,2.01622207342685e-28,4.02127270076065e-18
03,194506427,A,G,-0.0119916467547081,1.63735314714982e-11,1.64620686968908e-07
04,81182554,T,C,0.0207104577319054,1.09838304822151e-31,4.99110504356535e-18
06,30471520,A,G,0.0261368079072781,7.53628546104452e-33,6.05804240108177e-18
06,30930964,C,T,0.0801799824322217,1.60903534247728e-15,2.8365706871909e-12
06,30361807,G,T,0.0170584887787575,6.07322038090532e-21,6.16168343438132e-08
20,31125583,CT,C,0.0191337191758608,1.64383605629347e-20,6.53447592967168e-18
20,30644320,G,GA,-0.0124400415814373,1.6888815791673e-07,9.47696663751113e-09
20,31248691,T,TA,-0.00994505477406286,4.26126854703214e-09,8.70929657930691e-07
20,30257261,C,CT,-0.0226497421993149,9.00011531277235e-21,6.88235039348969e-18
20,30650303,A,G,-0.0124187362235026,1.05723206135595e-09,2.75216799070366e-08
X,149024124,C,A,-0.0731596550596364,8.54633933966585e-16,9.01646775431178e-18
X,148581931,C,T,-0.0100636448008755,1.78055475421864e-13,7.61004191314062e-10
03,71256309,C,T,0.022636767527101,4.90143941621415e-27,1.0655135905268e-17
15,72242554,G,A,-0.0218536945982867,2.30813625119243e-27,1.63166295925311e-17
11,30951674,T,C,-0.0109026364747674,6.59410178079993e-09,4.00754053517767e-17
11,30749171,GTTCCCGCTCTGTAACTTATCAAC,G,-0.0529102037639211,3.05409821018548e-19,1.17173835544332e-15
11,30749090,T,C,0.0206081585177091,8.36269162410043e-40,8.73387121924908e-17
08,23474415,A,C,-0.0195251338898466,2.53215541236123e-32,6.2866411274054e-17
03,12379351,A,G,-0.0219184120456386,9.36799364274538e-20,7.68151734032198e-17
03,12524612,C,A,-0.0128097615292599,8.52363863559937e-16,3.02162184132039e-09
01,120257576,G,A,-0.0193169726243901,6.24306427339044e-31,1.19931135594407e-16
11,108314363,C,A,0.0185156641271392,7.99403047855089e-38,1.26872767172783e-16
09,13975942,T,C,-0.0193992720994964,3.68738024071702e-31,1.62948340065428e-16
12,13046211,C,T,-0.0247384466592977,4.30607947442711e-21,2.44718304091388e-16
12,13123866,G,A,0.0298901818469211,7.04566644857674e-08,9.64996948474438e-08
09,4118111,T,G,0.0184651746421789,3.41714607489204e-36,2.67415222668074e-16
01,203667409,C,T,0.0301811749896146,1.40998204919297e-17,3.36243980377694e-16
01,203281175,C,G,-0.0143309270392107,2.05678402860986e-24,1.01685511279929e-10
06,15177099,T,C,0.0276913110769949,3.73744101448435e-13,9.89220204522957e-16
06,15101770,A,C,-0.0124919690226051,3.32937457688191e-17,1.29333712788946e-12
16,51170026,G,T,-0.0372908259599781,2.44735409883318e-13,1.01787713719308e-15
16,51187951,G,GA,0.0164799606065125,3.46400170808709e-22,2.06433022354089e-14
16,51436882,A,G,-0.026268450029831,7.99286773600634e-11,2.6181126685669e-08
17,7571752,T,G,0.0866517430900278,4.46681648891953e-18,1.10640424760963e-15
17,8041704,G,C,-0.014800347061785,1.22310968365969e-16,2.49072482831667e-10
04,15617658,C,T,-0.0184383401789297,1.10022768054566e-29,1.17288321842624e-15
17,46143042,T,C,-0.0167157632574277,4.60280707953364e-15,1.67690337593118e-15
17,45930540,T,G,0.0128891442821202,1.77209825145537e-17,1.12835271898747e-13
01,205201325,A,C,-0.0174528592385211,8.8888828262371e-35,2.47915203202198e-15
11,2322136,C,T,-0.0268250660424706,3.98883544893952e-17,2.7095364650747e-15
11,2178330,C,T,0.0135671772774473,9.81552269076314e-11,7.86157218485146e-08
01,217436181,C,T,0.024064752272044,4.81403908461442e-20,3.09420143646083e-15
02,62286552,A,G,-0.0175044931633363,1.25518673780796e-21,3.94669277610675e-15
02,62530258,G,A,0.0193240302260588,6.31369047529234e-12,7.68769401743551e-12
01,3691528,A,G,0.0204448426870699,8.48418844913443e-19,5.03435512815301e-15
15,40306334,C,A,-0.0209927450391627,4.52053499896549e-22,5.35848372498926e-15
09,130628500,C,T,0.02712095473058,1.71271941137923e-18,7.20397662832463e-15
11,16664123,T,C,-0.0172929171467763,4.98863605733662e-34,7.62701456952366e-15
09,100746855,G,GCA,0.0204655939666913,2.15627686574431e-22,8.09000982843834e-15
07,80303700,AGCACAAATAAAGCACT,A,0.0252155275463507,8.47465822909043e-20,8.21331448671393e-15
14,73463479,G,A,-0.0173098130734869,1.38570465112466e-34,8.40853999194578e-15
16,28867593,CA,C,-0.0177267139361516,7.97905012198776e-34,1.07426195170208e-14
05,154353012,A,G,-0.0150457996278483,1.45764215580562e-09,1.21880275046926e-14
05,154035385,GA,G,-0.0124342527832203,4.50500874329806e-09,3.69795108744889e-13
02,121995877,A,C,0.0243852943454857,3.76210323098784e-19,1.29070279383676e-14
01,2996602,C,T,-0.0199003232228698,5.52681364630908e-18,1.48827453827937e-14
01,3104972,G,A,0.020935083075721,4.92802117571155e-06,4.92246942130259e-06
11,66319313,G,A,0.0170983705910951,1.16558984343176e-31,1.7522075130536e-14
15,75052495,T,C,0.0176990675650892,1.03369344551869e-27,1.86834417434488e-14
13,29234083,A,G,-0.0175185161282665,6.76849620804423e-29,2.3393529458552e-14
13,114544024,T,C,0.0181820589832949,2.82281061284238e-25,2.38885952006915e-14
11,67024534,C,T,0.0276532036259589,8.63001297816806e-14,2.93899251636714e-14
11,66623500,C,CCT,-0.0124271579437043,5.41012534697126e-14,7.45060297051844e-10
20,57597970,A,C,0.0389407997111054,1.58829055144206e-15,3.20926268554193e-14
04,88062580,CTT,C,-0.0212666424373176,4.39982790877308e-20,3.29461120750357e-14
19,47600593,C,T,0.0301398132240064,2.27785740916838e-16,4.36811563042344e-14
20,43042364,C,T,0.0467204724045059,2.42472852103051e-14,4.69506811148748e-14
20,42673848,T,C,0.0138279169487414,8.3708848170086e-15,6.42950336330632e-09
16,72105965,T,C,-0.0224131435927701,4.13484479046278e-21,5.08584543138405e-14
16,72144174,T,C,-0.0232936933104912,1.09633679060496e-19,3.00676815853781e-11
16,71968701,C,G,0.00992220842354417,1.22379998931101e-10,1.50074122313747e-13
01,47659445,T,C,-0.0164791324125015,1.93710215759982e-25,5.63114941758555e-14
01,48022107,C,T,-0.0281033388589096,8.43327962811187e-15,1.01369793173583e-11
01,47939041,C,G,-0.0152751491407204,1.43093269670206e-13,4.88495752501747e-07
08,96072196,A,T,0.0207588714888775,3.31309137348584e-20,6.26934832541141e-14
06,130403515,G,C,-0.0186377840507685,9.00559527634468e-23,6.95528249102125e-14
03,58456811,C,T,-0.0168477184848377,2.96738774172924e-28,9.30748722639344e-14
17,20002164,G,A,0.0166670774885663,2.25029214720583e-30,9.42177965102519e-14
19,45734751,A,G,0.0159915772980209,1.27955691155925e-17,1.21201717379698e-13
19,45379060,A,C,0.0112833644467158,2.50890865333518e-08,1.09248979065199e-06
19,46226019,C,CA,-0.0103387697353177,4.38533552767529e-08,7.63353472391444e-07
01,172137134,A,T,-0.0187700639366214,1.33900212498255e-22,1.48757758734257e-13
01,172349246,A,C,-0.0132003778604657,2.30519723315299e-14,7.29721411936701e-07
01,89174253,T,A,0.0160905802741929,9.08922779639004e-34,1.79206621010723e-13
14,37718177,G,A,-0.0177528287053058,3.12530242818481e-23,1.80660359989779e-13
14,64703593,G,T,-0.0135336105004856,5.32874325860585e-25,1.82413140329276e-13
14,64712835,C,T,0.0239284167895634,1.34984124027564e-07,1.27768805693202e-10
07,91542655,ATCTCTCTCTC,A,-0.0160840264479719,5.21705540740369e-35,2.4508415399032e-13
04,122732216,T,G,-0.0162414818642773,1.01854608202106e-28,3.46330795682699e-13
03,169098791,C,T,-0.0163369457710241,1.46473393031742e-25,3.73491824916574e-13
03,169482335,T,C,-0.0169637323503365,3.92330314014921e-14,7.81620289346014e-11
10,101308890,G,C,-0.0180765330494169,2.81972938593751e-21,4.54087852602666e-13
11,113981241,A,G,0.016955522363495,5.58888367963728e-24,4.55671826155759e-13
12,46261301,G,T,-0.0157170265610038,1.38830325634867e-35,5.99355713536655e-13
19,44273516,T,C,0.0191346304250259,1.34760598010286e-19,6.16861085524995e-13
06,29765452,G,T,0.032256016542796,5.95167745793895e-11,5.94666713436914e-08
06,29763505,T,TC,0.0312824164068759,2.49579369653274e-09,2.24008979063712e-10
16,16259596,G,A,0.0477930599759958,1.87700212577283e-13,8.13435270624002e-13
06,25918225,T,C,-0.0395251534415979,1.91874039222369e-25,1.26339505176576e-17
06,25843746,C,T,-0.0258925950440105,2.68377416921814e-17,5.04530920423162e-10
06,25727740,C,T,-0.0423995287256251,1.16043711989157e-09,4.10716362238001e-07
17,79525660,A,G,0.0195359072527592,6.83821324841069e-13,8.99128594055997e-13
17,79375625,ACT,A,0.0119734739709636,2.15233768755045e-10,3.63408648361297e-07
17,79760832,G,A,-0.0150021150285627,1.60298559577901e-08,8.1874818868114e-08
19,15526500,A,G,-0.0387112128754458,7.61543049395599e-14,1.00712112650997e-12
02,8754206,A,G,0.016210371751789,1.20137237102546e-25,1.0471651699794e-12
13,109422126,A,C,0.0160991658024274,4.04059999420339e-25,1.33858931676105e-12
01,147290790,G,A,0.021197015198181,1.13964610981325e-16,1.46041484056815e-12
10,80787846,T,C,-0.0180129485691326,1.26616141920123e-19,1.5541684746813e-12
X,152892836,G,A,0.0144629823820736,4.86494901861431e-18,1.56841906185717e-12
06,32654149,A,C,-0.0376172397349261,4.40605438683106e-41,5.57229239167149e-37
06,33113197,C,T,0.0158870876588892,1.95894616669689e-12,1.57750230216206e-12
06,32630319,T,C,-0.0144539533437598,5.5587180521729e-09,1.29893039140921e-07
06,22109401,C,CCAAT,0.0154110495681545,2.79280788473594e-16,1.6276369512508e-12
06,21722788,C,CA,-0.0206891705513353,2.14462224113909e-13,2.4053025377583e-12
06,22375648,T,A,0.00993523063652499,2.06240731067904e-08,5.46452123086061e-06
22,37470604,A,G,0.0154526250946676,1.58115489004126e-31,1.65981204151447e-12
02,181930057,G,A,-0.0173952791623667,2.43157122336897e-21,2.15122063921236e-12
12,133118489,ACC,A,0.0221229926464359,5.16105254963372e-16,2.1689410437225e-12
01,44078602,C,A,0.0161341022191326,3.29333420365544e-24,2.22388169046972e-12
09,116200027,G,C,-0.0261155069802923,9.43764168831928e-15,2.32121128105975e-12
01,234734956,T,C,-0.0133590366008269,6.93651654677705e-16,2.38291590924924e-12
01,234690498,G,A,0.0110435969828633,1.55108348950051e-12,6.62608249426549e-10
10,96241547,C,CT,-0.0153761541763212,2.71363415068947e-29,2.65034348449549e-12
21,37834258,C,T,-0.0184487379387047,1.94713761165111e-16,3.59027258146873e-12
21,38055216,C,T,-0.0189388779558863,1.71184466450586e-16,4.67579985854372e-12
21,38168446,T,C,-0.0221375907997437,2.25187662307413e-09,1.81709015537128e-07
08,116510160,T,TA,-0.0151753531387003,7.16867438353472e-30,4.09166459528373e-12
07,150755173,T,G,0.0167227409168337,4.12236524892892e-16,4.36897637675552e-12
07,150919382,T,TA,-0.0236899778806029,2.76926411340526e-13,2.39010503233556e-11
07,150497496,C,A,-0.0162343004968787,4.8462215188509e-07,7.08028997304601e-07
03,49892896,A,G,0.0161663598972348,2.37565364633264e-22,4.66394150825825e-12
11,64004643,C,G,0.0359845694829896,3.31031071523235e-13,4.70892316683853e-12
06,90960875,C,CT,-0.0161358724379593,3.28232159069163e-23,4.79644001957233e-12
01,224289960,TAAAAAAAAAAAA,T,-0.0162900887427927,1.48700323276652e-16,5.06422742554236e-12
01,224582207,CT,C,0.0120691435105973,8.94889925782348e-08,7.94793068252208e-07
04,83915555,A,AT,-0.0197849836352853,9.23509589038891e-17,5.49150028827833e-12
12,111117601,T,C,0.0181550797007278,5.61353530373233e-35,1.20677680130516e-15
05,34514974,T,C,-0.0216325998537733,8.2856833264908e-14,6.2487387013957e-12
05,34661066,T,C,-0.0118709423208899,4.68653829721426e-16,1.14806786402098e-07
02,135726289,A,G,-0.0181041944863208,3.09610720847239e-18,6.64217428373568e-12
11,127951980,G,A,0.0159204408769639,1.64387132684428e-23,6.91158379463822e-12
04,103188709,C,T,0.0271659351497073,9.29334453369532e-12,7.64607702275619e-12
04,103482436,TG,T,-0.0104496752192069,3.0908706840937e-14,4.42357346446897e-07
06,127471331,C,T,-0.0150052366130683,4.5343530924171e-31,8.58916142924201e-12
02,145820213,T,C,0.0157893377098369,3.32636855237654e-22,8.96616024500601e-12
09,32428110,CA,C,-0.0153718866442285,1.05461500539593e-27,9.66831627147522e-12
10,105669276,G,GTA,0.0150034409971091,2.94576430766911e-29,1.02135812334627e-11
10,45374098,C,T,0.0289027721678712,1.1308529796179e-48,1.42112981159988e-18
10,45373223,A,C,0.0293440817041995,2.11282584981424e-23,5.13873715433196e-11
10,44858681,C,A,0.0176344295454393,2.11479442852126e-16,2.04364184695927e-11
09,114702729,A,T,0.0630576467285893,6.14093725979656e-11,1.43488678275172e-11
09,114915310,C,T,-0.0215128015822168,1.74378686174013e-13,1.49807332826104e-11
09,114218947,A,G,-0.0103426517292279,1.15278975836167e-09,7.17757789631062e-06
01,16367710,GCATGAGC,G,-0.0149984976042587,1.60512497621207e-19,1.52251761169461e-11
01,15959886,G,C,-0.00984827975449553,8.04795837874968e-08,8.6741669535499e-06
01,10338204,C,T,0.0361925918467586,5.27670787730919e-12,1.56554699889186e-11
01,9930927,C,G,-0.0371267731837704,1.59406411051011e-06,1.04004769829536e-06
02,241510903,G,A,-0.0216196174362268,6.48651664280614e-15,1.66123826773184e-11
06,9547597,A,G,0.0148780576684197,2.31831144746996e-25,1.8164368462722e-11
07,5231628,A,G,-0.0231317447180233,5.26880324681744e-14,1.96063510403085e-11
19,807442,C,G,-0.0148892680347725,1.98839080649186e-15,1.98816391526233e-11
19,1244900,A,G,0.0125722840677637,1.00450481819423e-13,3.99116012920357e-09
19,1063443,G,A,-0.0139722642870367,2.46990074932055e-07,4.15849032423392e-07
01,209900609,G,C,0.0176813278269534,5.3384945236971e-17,1.99710111995446e-11
08,8890814,A,G,0.0146977770610347,1.59748200383397e-27,2.15397673096374e-11
21,39837623,G,A,-0.0164197276814472,4.71820030165049e-11,2.28772832330055e-11
21,39848961,A,G,0.0149499337981881,2.70037844747243e-10,1.30567267570412e-10
18,42811727,T,C,0.0174619513606172,5.24693144633014e-14,2.64783129161832e-11
18,43084185,G,A,-0.020789028459988,1.62503298445025e-09,2.92931019942452e-09
18,43299533,G,A,-0.034800099990893,2.29143326049591e-06,1.7719332984897e-06
03,52649748,A,G,-0.0145001945601454,1.12342929371554e-29,2.80531294199268e-11
10,126658075,G,A,-0.014699931698408,1.08886590498625e-20,2.94402916485136e-11
10,126843301,T,G,0.013347923445659,4.34467291455982e-08,4.86732728614129e-07
06,37027232,T,C,0.014541741114375,2.57598913046649e-30,3.21776362676105e-11
07,91758422,C,A,-0.0153715488612787,6.09927488122833e-26,5.05343993227246e-12
07,92260260,T,C,-0.0166447465011983,3.41478930351144e-11,4.14639133486587e-09
06,135227089,C,T,-0.0689175258171802,0,7.64740373246646e-182
06,135307358,A,AT,0.0914219105431848,2.0126854947346e-104,5.51080170744096e-127
06,135147576,C,T,0.13989736953432,8.95195877973515e-70,4.43587613477767e-29
02,58979879,G,A,0.0211661270757016,1.93869879034767e-14,3.65919367328564e-11
21,35126297,G,A,0.0161874791759436,5.28623732506927e-15,3.6662111675202e-11
21,35356814,T,G,-0.0153855864247413,2.19329265570057e-13,1.97365084376185e-08
21,35346855,T,TA,0.0138561052735711,6.74633116964705e-14,8.95977893781605e-10
15,58730498,T,C,-0.0176595611232037,2.82690770971143e-15,3.69553089290709e-11
15,58574958,T,C,0.018944663631212,9.52593406784621e-10,2.74525784103272e-08
03,88176596,TA,T,0.019687272926104,8.07769533433654e-15,4.76879155616398e-11
21,36450841,C,T,0.0194348012247083,2.74016037043435e-11,4.98009184729113e-11
21,36349625,C,T,0.0129373613197713,1.24300256160066e-14,1.81989520961677e-09
17,61812995,G,T,0.0150383242406397,7.96354295504613e-22,5.24610850011306e-11
17,18054917,C,T,0.0147511359687778,1.63291535452687e-22,5.58256669328293e-11
05,485259,G,T,0.016123833277782,2.83667190145579e-18,5.99352007327589e-11
06,121794274,T,TTG,0.0178071573287148,1.07665041146811e-15,6.28710694126576e-11
20,25810527,CAAAT,C,-0.0182160943401265,7.1660607082461e-16,7.15321031293938e-11
17,8076655,C,T,-0.0148972419280092,1.92680427121823e-15,8.33919621744278e-11
17,7700063,C,T,0.0650038919887746,5.04247522582146e-09,2.66235193377979e-07
05,76478418,C,T,0.0228615052227141,1.03584196463091e-13,8.19572754794187e-11
05,76000873,G,A,0.0159854112602052,2.5100639788684e-16,3.80067558028713e-10
05,76570342,C,T,-0.0122329994289367,6.81420891546674e-08,6.86341994247682e-06
02,65639280,G,GAAAGAA,0.0144616754670495,1.11028687565578e-24,8.52823784608365e-11
01,158580069,C,T,-0.0152091139982702,5.34893059901998e-16,9.55374641950399e-11
01,158637728,T,C,0.0484085005803888,1.5214866048003e-06,2.84728842130238e-07
07,100774596,A,G,-0.0634188097458644,9.39632885627369e-20,1.94697351204903e-22
07,100781711,TCGCGCCCCC,T,0.028017778531863,2.62785870152682e-24,8.56881991291193e-20
07,100827303,T,G,0.0318702912630403,4.52115080510531e-12,1.7187096079405e-10
08,61175880,TA,T,0.0143344938409808,1.63337897685568e-24,1.05210398385004e-10
02,160690656,G,A,0.045056412010992,1.49282902552676e-10,1.16979431962879e-10
02,160914549,T,C,-0.0152449569900778,4.02460566424439e-11,1.57159273838288e-08
14,105759840,T,C,0.0152482705319478,1.08787230705612e-16,1.32855258893076e-10
14,105587664,G,A,-0.0200909184854505,1.41855906433655e-09,8.4730066310892e-09
05,38869035,G,T,-0.0208202849531544,2.32424356831884e-13,1.37391621698804e-10
17,43551523,T,C,0.0447175220019106,1.78479202811833e-72,6.8476073527371e-51
17,43519760,G,T,0.0429790936428889,6.59575464697507e-18,1.08843335317907e-10
17,42640632,A,AT,0.0128084198627315,8.79312035019935e-08,8.78404817228345e-06
07,33103305,A,C,-0.0148008854442435,5.7255930510063e-20,1.4107691637039e-10
04,38665142,G,A,0.0157349978574856,1.55707707631007e-11,1.41216360898169e-10
04,38944591,G,A,-0.0117133778907463,3.16932681974801e-14,6.37532967448968e-09
22,38199950,C,T,0.0141276948401627,4.0965436477268e-25,1.4487112724267e-10
01,118137258,C,T,0.0209140865024715,3.09650032660309e-13,1.76772910811497e-10
20,62363512,C,T,0.0190842154792574,5.51659563175764e-14,1.7947647585337e-10
01,3318769,G,C,0.0323408151269201,-99,1.70012601617963e-12
17,7732351,A,T,0.0351770318296983,-99,2.35254364431451e-13
06,29361707,T,G,0.0510622046009898,-99,3.76124167193795e-17
