chrom,pos,major,minor,beta,p_value,gwas_p_value
20,4139757,T,G,-0.112946993129348,0,0
20,4161366,GCTT,G,0.135411422678008,4.25761772265263e-102,4.20510968934901e-31
01,158586966,A,T,-0.0894788563746453,0,1.00891813614193e-235
01,158638260,G,A,0.234188638080827,2.32646308749731e-87,2.98023746215293e-103
10,25202038,C,T,-0.0845062059415199,0,2.41007840005408e-225
01,248039294,G,A,0.126687291178641,1.01941901344903e-265,1.41020583451993e-213
08,41630447,G,A,-0.0952257925865138,3.11426460525191e-239,1.01441749980093e-212
08,41543675,G,A,0.152984518341469,4.78864964186062e-113,2.68106618002231e-107
08,41512581,C,CACAGCAGAGTCTAT,0.0413210585581306,1.70832727080493e-110,1.94751625680416e-16
03,50329826,G,A,0.079385733448413,0,1.40338390606541e-184
17,33873772,A,G,0.0666649429247391,1.13025188948171e-212,3.41155796156945e-172
17,34055876,G,A,0.0426476045096012,4.16682066255945e-60,3.67144823061476e-83
X,40847852,A,C,-0.0723555678504668,8.51589772212131e-220,3.16392068820348e-163
10,71094504,T,C,0.101381190484058,1.7335049203763e-169,2.25126917056008e-136
06,139840693,C,A,0.0501609664288651,1.48402659966667e-194,6.46913747552464e-123
06,139841653,C,T,0.122861745642356,1.78014929052565e-70,1.05791865006856e-111
05,52083226,A,G,0.154083289830005,1.05551922514408e-138,1.11648043554596e-113
05,52105307,C,T,0.0722957048016151,1.09856757080027e-63,1.82815219475546e-41
05,52095943,G,A,0.11786424300328,3.8184569678473e-45,1.07758183917246e-34
02,8762414,T,G,0.0593306404395077,9.64117671847944e-251,1.68739357136852e-112
12,111884608,C,T,0.0445047987057322,2.83716225488455e-187,3.04422951388437e-100
12,112327057,T,G,-0.0623799011701038,1.02906458121511e-46,7.19374940992891e-75
12,120892378,A,AT,-0.0558548595758687,1.35518460860795e-181,9.8041705582451e-91
19,11293467,C,T,0.0921015689055633,3.73196606958885e-107,2.19547378406611e-90
17,42329004,C,A,0.0546781584020201,7.52895936283805e-156,3.90494752699232e-84
06,26093141,G,A,0.102089971623484,1.58491492105087e-119,3.60044996309397e-83
06,26092170,G,T,0.0608655172179513,1.26670281727754e-88,2.19133313103524e-47
10,104962011,C,CA,-0.050021877196698,3.99733386058026e-181,4.75614011101821e-80
06,41925159,G,A,0.0649850485343478,4.01909935411894e-174,1.733330042353e-77
06,41934104,G,C,0.0371763425993255,9.91812184758651e-49,4.41863894231917e-08
04,144897145,A,G,-0.0494764068690824,8.43067246505395e-141,1.48013678933735e-71
06,30276679,C,CT,0.0408820332236008,2.22772299883046e-90,2.29508363499468e-65
06,30126177,G,A,-0.141937943449063,3.32788357726855e-33,2.69767449261252e-33
06,30326522,C,CA,-0.033532538354134,1.7476012922687e-45,2.33875423301096e-39
05,95162418,A,AG,-0.0538530641118714,6.41125447364109e-58,1.93944974150607e-52
05,95163437,A,G,0.0353224791080951,3.29458019094394e-20,1.71514669641046e-24
01,3691528,A,G,0.0465427269657948,5.26528851573957e-83,6.84540627568621e-52
06,31434111,A,G,-0.0512568579656727,1.03005120312349e-72,4.05241030694106e-51
06,31238522,C,T,-0.0306660652655018,1.96524018972158e-35,7.31360805650524e-13
06,31555392,C,A,0.0295765631434495,1.57223822039858e-20,2.87955225871263e-18
05,173287763,G,A,-0.0384872617147725,2.49319185458764e-115,8.27250478245758e-50
17,74378312,T,TG,0.0363488430832665,6.12154552658445e-123,5.91495486692106e-46
05,154033833,TG,T,0.060566151999066,3.77883589754383e-53,5.12415899752186e-44
22,37469591,A,G,-0.0348468725882465,1.59228402164619e-112,1.88896789374092e-42
06,135349635,CAT,C,0.0357507515028522,3.24262150478504e-91,4.82480870600899e-42
X,70334139,TAAA,T,0.0307306433477935,5.77009375912085e-69,5.40883672051062e-42
01,118153011,A,C,-0.0648810358365462,5.66291035870476e-70,5.95530067391582e-41
01,118251143,C,T,0.0630417084126873,4.4152474597206e-61,4.36825475797749e-14
01,118153977,T,G,0.0256201722132344,2.69556482391257e-36,4.09632514121434e-33
19,913048,C,G,0.0412045240664762,1.91084925546947e-92,7.67992303333046e-41
19,906510,G,A,0.099553076573521,3.68500603693082e-21,1.68098160900386e-23
19,898288,C,T,-0.0268705912735181,6.18300052278823e-23,1.69233497955424e-13
02,24205074,C,CA,-0.041812001019523,7.45346692964328e-52,5.4398207216212e-40
02,24092773,C,G,0.0208228266509891,2.61642030103761e-26,2.15285038904505e-13
17,44082528,A,T,0.0400887371783581,1.73373461349898e-61,2.10042623405025e-39
15,78559807,G,GT,-0.0357999487915017,2.03810462105769e-76,8.60794091604725e-37
15,78546918,G,A,-0.0758519919779101,7.09274965080335e-18,5.06219617602647e-10
15,78559767,G,T,-0.0180533732630793,3.46217675100579e-13,4.44845848687061e-08
16,215106,C,A,-0.0447616061434856,5.43269744760902e-29,7.34022332773382e-36
16,218532,T,C,0.0322015926415807,1.20251473777732e-25,3.85886275622194e-29
16,622565,A,G,0.0185999854747642,1.03291362585572e-22,1.93079075382146e-14
01,56624095,C,G,0.0314566157705778,8.13150163441421e-51,3.83787204815067e-35
01,56304147,T,G,0.0303869138878376,1.15753256720485e-33,1.37755999311386e-31
01,56915593,T,C,-0.0314691204621183,7.94117911908004e-16,1.40797544040764e-15
03,48345545,A,G,0.0655372999237146,4.81192283132406e-47,6.06782229059369e-36
03,48231919,G,T,0.0422399366146225,1.04465747738801e-24,5.74376745202208e-16
09,91392686,TTC,T,0.0707499347786597,1.12275215165995e-38,9.63842977374439e-35
14,74224577,A,G,0.102412216719589,6.10033938420266e-36,2.88243841523684e-34
22,50971266,C,T,0.0322932100212204,2.48404337598885e-48,6.11823225349202e-34
22,50722134,C,T,-0.0170662914242889,8.66746909754221e-16,7.87250291951894e-12
18,43856297,A,G,-0.0308423517964056,1.1601402476627e-84,2.17760148350029e-33
11,100460037,G,A,0.0513639397342367,1.41596264278568e-39,7.26683882140239e-33
19,10743353,C,CT,-0.0333899923226092,1.22000519133628e-34,9.47341075793611e-33
19,10334663,G,T,0.0222865722400916,1.64337430089972e-31,2.41812453601272e-21
19,10916177,G,A,0.078934728483569,1.18111515973531e-11,7.99327197887788e-14
14,65276601,T,C,-0.0354631209968766,4.16344797390767e-49,2.81794694041328e-32
14,65487694,T,C,0.0174115369989285,7.2312040513665e-19,2.38144658631827e-12
14,65249815,C,T,0.0253634691353576,6.24808103456511e-12,7.37295009994639e-07
02,220081416,G,A,0.117921338518545,1.5918304200116e-30,3.15994948479801e-32
02,219670327,C,CTAGCCCCTTGAACAGTA,-0.015261336988826,5.14399081379121e-25,1.20357061001669e-11
14,23495048,T,C,-0.0335775703026422,1.38745324238127e-55,3.73622901729483e-32
19,17258614,G,GCTT,-0.0258127548181127,4.55310503748089e-48,2.42156487555694e-31
19,17252041,G,A,0.0340925091766836,1.12764513447457e-16,4.02921750710459e-24
05,53606295,C,T,0.0440716741734421,1.24261447972914e-43,3.11226752836328e-29
05,53677016,C,T,0.0319616702126216,1.72929878471003e-22,7.62307654404857e-11
05,53390040,G,C,-0.0193570087601168,1.72057985662098e-16,3.02085196493721e-12
07,134383407,C,A,0.0287155979740484,7.0040042997812e-82,9.61747317882381e-29
05,75996909,G,A,0.068496878489872,8.27007884638796e-32,3.73900122188873e-28
05,75964507,C,T,0.0685049679448617,2.16668749971571e-13,6.15249106399281e-12
16,68755132,CTTT,C,-0.0304451418377035,6.86118182031477e-50,1.5230091258083e-27
17,78111877,T,C,0.0245775236331301,8.76954514226571e-52,2.12711628690171e-27
17,78106315,G,A,0.0405383151579576,7.46586501394108e-09,2.81905154903481e-15
07,16686501,G,T,0.0225824538154256,2.59110126724974e-34,8.97451314782607e-27
07,16731042,G,T,-0.0200724890454545,1.19773667335519e-14,8.15090169568471e-21
07,6067147,C,T,0.0666688537021283,7.94311734100698e-27,1.30726920556347e-26
16,88856084,G,C,0.0291962109525057,6.58403161867504e-64,2.44495412271932e-26
16,88567333,C,T,0.0408084431289592,1.41859178350038e-18,1.83800594912021e-18
16,88752602,C,T,0.0929330199921547,7.6445643476754e-12,5.67245251719672e-11
01,155271433,TA,T,0.0540549994817756,1.06186250494486e-29,4.60018135629852e-26
19,12998205,G,C,-0.031463195226531,2.45543630176231e-41,5.94070348820674e-26
09,136139907,GAAACTGCC,G,-0.0304273389490862,1.38558998132485e-39,1.64565774260793e-23
09,135864436,C,G,-0.0531739901867657,9.4856526265483e-25,1.0101543561824e-21
08,9032646,A,G,0.0285321290541139,1.2305473618735e-24,1.83177093615108e-23
08,9007273,C,A,-0.0187112070092231,2.3352789881272e-18,1.2671597788042e-16
14,103992096,C,G,0.0205611913371855,1.04595889152788e-16,6.12218778033839e-23
14,103893010,C,T,0.0297603693793643,1.40558145222939e-07,1.72911542222158e-19
06,132834518,C,T,-0.0254133269624454,2.98314103614093e-58,7.4113203764728e-23
17,19934963,C,A,0.0248864785899645,9.2043746637345e-61,1.61425351320996e-22
08,116665915,C,A,-0.0265608750869827,1.19163310022527e-43,1.71688863359756e-22
09,137117496,C,T,0.0253535920387182,2.20347376656113e-42,5.34786129852587e-22
09,136890876,C,A,0.0242606235777018,5.27508443200258e-22,1.7451124729473e-16
06,16281187,C,T,-0.0276485333745176,5.50777802823595e-36,1.40735598737054e-21
15,62782248,T,G,0.0272032421822579,1.21158136003215e-36,1.91678967819996e-21
11,16758246,A,G,0.0209372908702323,1.6032355204476e-22,1.97864538972684e-21
11,16569806,A,G,0.0866164235065308,8.43412050939647e-25,1.46013220900616e-15
11,16630779,G,T,-0.0210321062513774,7.94404735342872e-22,5.2029156615673e-16
X,57464651,T,C,0.0235122227988511,1.45751627615305e-29,3.34549515432455e-21
11,9777657,T,TG,-0.0245175432407054,3.86919511628498e-41,3.58076262037516e-20
02,165528876,C,T,-0.0236206683298361,6.0094309057728e-43,1.44752056829002e-19
20,52230030,TAGATAGCG,T,0.0934384655824265,1.10363606603733e-19,1.48153178852204e-19
20,52207291,A,G,-0.0204918801572631,2.35790879817462e-08,1.88266359552172e-07
07,73039406,C,G,-0.028566543943097,1.13911438510038e-28,1.98689793008874e-19
19,49373632,A,G,0.0204483212266495,2.74750455479246e-23,2.36328360764117e-19
19,49375525,G,T,0.0453967005223949,7.46452394420486e-09,5.02608523411221e-15
19,49132867,G,C,0.0636412160069086,5.90613717953075e-07,1.22201486886834e-06
07,98974038,T,A,-0.0583115793509934,1.30824071726139e-20,3.75164047320489e-19
07,123408499,T,G,0.0376363670594149,7.70878055066099e-18,4.68903452102548e-19
07,123340500,C,CT,-0.0137995787516017,1.6560339651619e-11,1.54717876015156e-10
22,29757090,C,T,-0.0232074190041732,2.25343603767331e-20,1.14810645889481e-18
22,29632258,C,A,0.0157428968466413,6.52811807881637e-17,5.47839318765459e-10
22,30071466,A,AT,0.0184720925148727,8.18590738875964e-12,2.90128520989941e-09
19,55538980,C,T,-0.0298579965581872,3.83033902931646e-23,1.25997703934723e-18
19,55693469,C,T,-0.0705863733216464,2.02551492326658e-09,1.06633098797194e-08
19,55695218,G,A,-0.0193724427588727,7.1847558748254e-07,2.57405622591537e-06
03,142283813,G,A,-0.0212382530779766,8.57289836209231e-37,2.28767027239697e-18
03,142250351,C,G,0.0496093963439166,1.02620158596781e-06,1.01063181368731e-08
03,52761570,C,T,0.0375610806487672,7.64765538808721e-15,2.08670124753327e-20
03,52865126,C,A,-0.0239355905318009,2.76815428948588e-13,5.04698608123834e-14
03,52577611,CA,C,-0.0137173735429079,3.28203993282091e-13,2.83047668648546e-11
21,30339120,C,A,-0.031235014883453,2.62292574356265e-24,3.02800920680438e-18
16,89939929,T,C,0.0264548279464939,1.31853237789136e-24,3.73937415357181e-18
16,89645437,T,G,-0.0132998774874096,3.96003976775365e-09,9.77218214016172e-06
11,116623213,T,TA,0.0319029392940235,1.76006101226012e-23,4.41957192606069e-18
01,2147874,A,G,0.0414847237177266,4.93230195638095e-18,6.9030044916555e-18
01,1668943,A,C,-0.0174368049542317,7.56963848084482e-29,2.87301254551349e-11
04,146045768,T,C,0.0420916188015984,1.77200854373379e-19,8.17268608504805e-18
04,146036362,G,A,-0.0605228807116606,1.17926704818396e-08,3.82123221708034e-09
15,80345735,G,C,0.0224522164249644,1.16490347036003e-35,2.67330734854504e-17
10,45953767,A,G,0.0231874544096779,8.61884871434042e-32,2.68089154067641e-17
01,29416640,G,T,0.0215326674143699,1.64918067072366e-48,2.80909301751282e-17
09,140100317,C,G,0.0320449767775575,3.76295056093341e-22,2.97789675428878e-17
20,55990656,T,C,-0.0255621064310005,1.80173903285856e-29,3.18926782915771e-17
20,55973344,G,A,0.0316473394503044,3.27421500629365e-25,1.38330487747221e-15
20,55980715,C,T,0.0565106608008331,3.57402516443886e-10,1.70484392785423e-10
20,33533186,G,GA,0.0202184390279757,7.73767704020274e-35,3.47743382188704e-17
20,33872215,C,A,0.0495636672387824,5.06377428207986e-07,1.54945256198034e-09
01,25543484,C,A,-0.0266450541741684,8.75455198481819e-17,4.64634706017548e-17
01,25291697,C,T,0.0801217723701251,1.16550166756568e-13,5.33230730418819e-16
01,25732749,C,T,0.0166934727264941,6.67134581512345e-15,8.15989767680969e-13
03,56849749,C,T,0.0217465853744422,2.53329166188293e-37,5.79473669033813e-17
20,57597970,A,C,0.0475682717428085,1.03365264931355e-16,5.86377888545114e-17
20,57591126,G,A,-0.0178134728859862,3.51114100906778e-08,3.45777109602123e-08
03,24343330,C,T,-0.0222892566661092,3.6950654894779e-33,7.76662538531557e-17
09,79905423,T,C,-0.0259504319005931,7.0675771789701e-25,9.45847598286461e-17
20,4112181,G,A,-0.0258530684946762,6.71561112390767e-31,7.04458062197236e-63
20,4119064,C,T,-0.0571629340515429,3.46069824536716e-76,1.05915987901537e-59
20,4119097,AT,A,0.108834170760806,1.10521196193165e-53,2.2365487008939e-27
01,205264744,C,CA,-0.022435165519303,7.76295378113605e-35,1.42083822247435e-16
05,132426851,GTT,G,0.0363774744666427,1.21044452173906e-19,1.4404286443283e-16
17,40012971,T,TA,-0.0366500327223794,2.44565689920933e-19,2.42833265610243e-16
06,108877653,G,GT,-0.0227974171140266,1.87647374876796e-30,2.98513494591387e-16
07,116200092,T,C,0.0338257381196867,1.42632620575585e-19,3.90763370494774e-16
08,19824492,T,C,-0.0207844088237548,9.64891809552386e-19,4.46249499462322e-16
08,19936687,A,G,-0.0188940831699345,3.71097785761783e-10,1.4267637446556e-11
08,19793581,C,T,0.0431326910367734,4.14097593686829e-06,2.03273144081394e-07
06,110760008,A,G,0.0243760334059305,5.51379403247308e-25,4.88072579588056e-16
02,218683154,G,A,-0.0211012591615918,7.36307066007764e-24,7.49338649329446e-16
17,75376455,T,C,-0.0224006639555774,8.3276746588694e-28,1.07533717952284e-15
01,199012478,C,A,-0.0231331738245492,2.49256061863156e-25,1.87064736664019e-15
22,21952253,ATT,A,-0.0257141683747582,8.14440740000703e-23,2.22202597864113e-15
10,81121696,T,A,0.0202312128056358,3.39263647538358e-38,3.06195376470886e-15
11,8745711,C,T,-0.0231160109012759,1.75676817027775e-24,4.33585687630014e-15
15,63831984,A,G,0.0220135432102157,5.65808671254078e-23,5.27120350903639e-15
15,63334688,G,C,0.0182343037807716,5.06417927929986e-10,3.84857350736589e-08
12,95859010,C,G,-0.0209623313574742,1.54635882532815e-28,7.21408406234292e-15
19,45412079,C,T,-0.0360786687757736,7.31445634631096e-16,9.75827594618485e-15
19,45445517,G,A,0.0531855468624898,2.66707595207533e-06,1.39257589954641e-06
19,35692403,C,T,-0.020153445674756,3.81268455657563e-34,1.25961025737515e-14
X,70204141,C,A,0.0236899749064854,8.91468442134783e-46,5.7987243356221e-27
08,86256210,A,C,-0.0198421424194575,1.34336498295668e-32,1.99081305441444e-14
11,61543499,T,C,0.0201505003499776,3.04073628464356e-30,2.12135132407711e-14
09,33830156,A,AT,0.0211080507086562,2.38285536091686e-35,2.33357303199136e-14
20,10646671,G,T,0.0162716235702524,1.13313421432951e-11,3.44339256509594e-14
20,10719307,A,T,0.0274962049419248,3.89748695133793e-08,3.55850142974324e-14
20,10942744,C,A,-0.0148303885115333,3.16521213392491e-09,3.01190779766015e-08
12,8958494,C,T,-0.0296181869787987,3.59860939858168e-18,4.08200694156139e-14
02,26032421,G,T,-0.0181760997820006,9.71988515848959e-29,4.95623950917612e-14
02,25761109,T,A,0.0194894650562873,7.09857481051516e-10,9.61635207274619e-10
X,153612371,G,C,-0.0170845595873604,1.91687262667101e-12,7.33463135286798e-14
X,153248248,G,A,-0.0157819210013181,1.04331272532085e-06,7.02720020469228e-10
17,46569033,GA,G,-0.0209597807236345,3.06043519674339e-29,1.2005188767169e-13
06,47437697,AC,A,0.0210706411543185,8.98724671378429e-18,1.29937761390119e-13
06,46954248,T,C,-0.0154644519299751,3.31972327624024e-14,3.60173786851173e-09
12,53805438,T,TTA,0.0243897223534332,1.65500035997492e-19,1.33066380355954e-13
01,46432101,A,C,-0.0194211208143683,5.33354563726835e-31,1.57419900571805e-13
20,38552078,T,C,0.0195665108203645,3.58066757545392e-27,2.09713606836559e-13
01,172349246,A,C,-0.0195584485182318,1.18809723167754e-27,2.34305666301172e-13
17,1536312,G,A,-0.0206613636820778,8.93679658682868e-27,2.62517733059226e-13
17,1530144,GT,G,-0.0540656526624932,1.35255799736631e-08,9.98601500033071e-07
17,2005241,T,A,0.0169843060604882,3.26786927537105e-09,4.42341082308465e-08
02,54020142,C,CA,0.0191750970274996,2.71929731102123e-20,2.7765263127747e-13
02,54325266,AT,A,-0.0250709964619619,5.04783120840071e-07,1.02196733711796e-08
04,57719766,A,C,0.0183489778024914,3.24050717356728e-22,2.81072963083431e-13
04,57728962,CAT,C,-0.0118429377523462,1.28700684859666e-08,1.73156948325668e-06
07,1130584,T,C,0.0187027000781544,2.99991841960572e-32,2.8158692610052e-13
03,20105673,G,A,-0.0201395411257912,6.37490939670766e-24,2.94406781770268e-13
12,124409502,G,A,-0.0203107840396728,3.42250888940787e-20,4.18659385361131e-13
12,123916097,A,G,-0.0144726025757458,1.20624073372274e-09,1.25866681569332e-06
02,219869870,C,T,0.0802695573613339,3.09887940302821e-18,1.08824300929528e-19
02,219427886,CA,C,-0.0182935218808705,1.07123346455156e-19,6.89534536022112e-13
03,12286720,G,A,0.0143895878547026,7.34185940293183e-19,1.17694917122729e-12
03,12247343,A,ATATAAGAATTCC,-0.021041453261593,1.52893508101635e-08,1.24073328623853e-11
12,57017515,T,C,-0.0181128992541925,7.80782483105041e-34,1.39514645329618e-12
17,27069393,T,C,-0.0182171199414494,3.44997300398788e-30,1.60781150567922e-12
17,42941707,C,T,0.0361321239945647,8.15780206162895e-09,1.76494062355181e-12
17,43025706,G,C,-0.0218719078759138,5.79891201804733e-12,1.18517410815607e-11
17,43417273,G,T,0.0197399861887733,3.35686205554862e-07,9.2437285924157e-10
03,195171795,A,G,0.0231375468061715,7.18131171143341e-16,1.76587774108136e-12
03,195652647,C,A,0.0173810942604589,6.68150745745876e-09,2.53704529182061e-07
10,103391675,T,C,0.0260851488269714,3.15718893724373e-16,1.97204421657859e-12
06,126258892,A,G,0.0179877009083927,1.49777882422685e-30,2.0896818330008e-12
11,95308854,T,A,0.0232691593499643,2.0782254404626e-14,2.27337502876368e-12
11,94855101,A,G,0.0174999475360982,1.71396930230265e-12,1.63650382437101e-09
12,123610388,C,CA,-0.0191172405839596,6.40076452890411e-16,2.48882105617148e-12
12,123180224,C,G,-0.017514057299022,1.34264423284748e-06,8.85424162871706e-08
17,31252737,T,C,0.0255357604890554,4.91453978649672e-16,2.57146999122527e-12
09,91495135,C,T,0.0605135546103749,1.9783368524527e-29,9.64363596974545e-29
09,91987048,TGGG,T,-0.0194974692485227,7.82203427519084e-17,2.61334250298232e-12
16,11349678,C,T,-0.0198173847219006,1.94815952655636e-20,2.99578769685292e-12
14,25445362,G,A,-0.0180864464405701,6.61281419085703e-26,4.33244903668772e-12
16,53810686,T,C,0.0179881959295483,1.29716393460322e-25,5.37806626876868e-12
11,119130933,CT,C,0.0212951026614369,6.368214250832e-18,6.22127951242018e-12
08,101766275,C,T,-0.0193257679290206,2.51458650566751e-15,6.39980086324631e-12
08,101485007,A,C,0.0143498745533892,4.22711966613808e-14,6.09108600501507e-08
08,102076240,C,G,-0.0201813208626895,8.97739679519066e-08,2.81952611291001e-07
05,55860781,A,G,0.0217949682465544,1.36181910121592e-14,6.71708749666246e-12
05,55988778,C,T,-0.0145565561281923,5.07479435388906e-09,5.01291616191804e-07
17,76244283,G,C,-0.0162481400866011,8.93716266720283e-15,6.90045613753174e-12
17,76129211,GA,G,-0.0214192734530432,2.78079815288097e-07,1.08043140752725e-08
17,76184224,G,C,-0.0517438424569389,2.41187353390272e-06,4.11459651038531e-09
14,105648901,C,T,0.0178071586908858,4.71164295642663e-25,1.12699369886284e-11
02,86977625,C,CAT,-0.0182666593306153,1.60823745271058e-21,1.47013307536922e-11
12,6271735,T,A,-0.0176909102368851,1.71916825417904e-19,1.48721721982305e-11
12,6717007,ACTT,A,0.0156678994118363,5.70316703813761e-07,2.1379122469687e-06
01,22014471,G,T,0.0173314480317882,2.29583219886785e-28,1.53146653760448e-11
14,35342739,T,C,-0.0284479314397083,8.40875982091581e-14,1.59953839297037e-11
04,103498455,C,T,-0.0190547668435495,1.70078884210794e-23,1.69043092786382e-11
04,103359330,A,C,-0.0218752009986299,2.41625384049009e-09,6.50400057609042e-07
12,48481839,CT,C,-0.0206732889164532,1.7321363858808e-17,2.07888321330599e-11
03,46736187,C,G,0.0513923509474104,2.41792718812013e-32,4.35989808128825e-27
03,46677862,C,T,0.0635721660090182,1.10695821418671e-06,7.86102399519711e-06
01,20915701,A,C,-0.0178739891367915,3.04379575915206e-18,2.69705930883679e-11
01,20522994,C,CT,0.0154173419162125,1.39195618155562e-07,2.45797470217246e-06
16,31404571,T,C,0.0171429556610505,2.84693227916765e-27,2.70369576091275e-11
08,43312611,C,G,-0.0746107904854768,1.31040801586596e-11,2.78712375875245e-11
04,89045331,G,A,-0.0266284182637565,8.6825998049912e-14,2.88884640705713e-11
02,161329365,C,T,-0.0169525704719956,3.13822728653558e-28,2.97393221662355e-11
12,21379355,G,GA,0.0198515769266234,3.07172935712752e-11,3.0273510009113e-11
12,21334461,T,A,-0.0175732785949991,3.7988634052229e-09,1.1315267569764e-09
04,154385925,G,C,0.0173308206903029,2.78973155938522e-24,3.46928355420995e-11
01,183870073,C,T,0.01704010291681,2.18349091755903e-27,3.5625725018253e-11
07,50427982,G,A,-0.0166525507008696,4.38704379587458e-19,4.4519850406788e-11
07,50306810,C,G,0.0129861523049884,2.79031906860294e-08,1.06980759984505e-06
05,51817324,T,C,0.100160725913097,6.71742318391133e-29,4.45889504173682e-25
05,51855950,T,C,0.0181861591456334,3.6812817530507e-15,1.02223406048778e-06
05,51800307,C,G,0.0580483334206277,2.32755302751807e-07,5.93321071287426e-06
01,203656387,A,AAAAAGAAAG,0.0286688801151946,2.77654747490461e-13,5.07857061526227e-11
01,203270943,A,T,0.0265781720527221,1.63754087092955e-10,8.98884010477102e-09
16,69968892,A,G,-0.0178005068172731,1.72006654004089e-22,6.21101446969376e-11
19,50177171,G,A,0.0294174365539206,8.72013973330059e-13,6.90996381904824e-11
11,47614575,C,T,0.0379752322115866,1.4514832252579e-10,6.95054976278164e-11
11,47725477,C,CA,-0.0161051704725353,1.26872073297075e-07,5.52722656692404e-07
01,32273434,A,G,0.0170840958130857,1.44936180236714e-23,7.63810624293533e-11
12,121017474,GT,G,-0.0545322572287787,9.2586711490033e-130,3.55684349798106e-90
12,121183873,G,GC,0.0166392087781431,1.59350489206994e-15,1.63220562210979e-09
02,191808922,AT,A,-0.017355225845864,8.81492460766751e-23,8.39959394599179e-11
07,44815334,A,T,0.0164207379274023,5.00456427250708e-28,1.11093404429073e-10
08,131026260,G,A,-0.0164093350491337,5.08867525365599e-26,1.28185546075272e-10
01,220094000,C,T,-0.0207456848124762,7.77230523146442e-15,1.49360150996554e-10
12,122216910,A,G,0.0254512186916329,3.90994495390562e-14,1.74608691459054e-10
12,122699860,T,C,0.0484268521665207,8.81359088971267e-07,4.11807081216139e-06
02,27753878,A,C,0.0185259707776224,2.38804654696949e-17,1.92579641988325e-10
15,75449743,T,C,0.0183246755288953,9.27617823389248e-17,1.94902068808177e-10
15,75625756,C,T,-0.0356960078756637,2.24650998595426e-06,3.73993120471002e-07
20,1922283,T,G,0.0172331854119186,2.70882606967822e-19,2.06034242710654e-10
20,8604593,A,G,-0.0162238711323721,7.79789657026857e-28,2.06922706564298e-10
02,32563426,A,T,-0.0235840029570601,2.49567284532965e-13,2.1608962416433e-10
22,40556480,CAA,C,0.0165437174962262,3.16854341643038e-23,2.23565981225967e-10
14,94838142,G,T,-0.0563092275339456,9.41364653946065e-11,2.4729669906797e-10
13,42130052,A,G,-0.0230798439380734,2.68408591971214e-13,2.49309215951124e-10
09,127191232,A,G,0.0169108810707577,1.01040346654779e-19,2.98857260651053e-10
03,194506202,A,ACT,-0.0168143442357494,3.38414159803319e-16,3.33706925151323e-10
03,194820375,C,T,-0.0124466257771208,7.29233607394453e-09,3.43012378141094e-06
17,66452641,GGAAA,G,-0.0173324969300768,9.42975294267889e-16,3.46402059782365e-10
17,66322180,G,A,-0.0131527401903454,2.03110340477307e-11,1.83633187202895e-06
08,129096968,A,C,-0.0164755632920152,3.81737071718493e-15,3.73396320915788e-10
08,128961097,G,A,-0.0120236765441713,9.29305408353905e-08,6.93078339995485e-06
06,109749754,AAG,A,0.0185133080299187,1.43552753642161e-18,4.0989266043096e-10
01,24176806,CA,C,0.0166232564217335,1.27468505474637e-16,4.11997253811012e-10
01,23849036,G,A,-0.0164021358669275,5.29717730290713e-14,1.38080450892818e-09
11,65351364,G,A,0.0179996280300094,2.69356294478985e-16,5.21158783884817e-10
13,45605747,T,G,-0.03041524043031,2.22220921735436e-11,5.23807045365026e-10
08,126480367,T,C,0.0133234145913988,6.91641495328374e-09,5.45349340021464e-10
08,126514676,T,C,0.0147721433313545,3.89571342983981e-07,6.62096843414662e-10
01,56331635,G,A,0.0281412764129315,3.10801171770573e-36,2.93201471547832e-32
01,56577346,A,C,0.0276410937940217,2.35331806440702e-30,6.87251878643802e-32
01,56028335,C,G,-0.0156680930901638,6.89908603206255e-11,5.30869034995466e-07
11,274188,A,G,-0.027786016951289,1.55154472846899e-11,5.74060094334156e-10
11,735540,G,C,0.0154262959616402,2.36588463707416e-10,1.78298998652133e-06
22,31727330,C,CT,-0.0249418795098431,1.49535012894346e-12,6.14634071397798e-10
11,5311063,A,T,-0.0159484844867761,2.55649460682388e-22,7.09253041645929e-10
04,110918687,A,G,0.0162500999827555,2.58867981782009e-20,8.04116979574205e-10
16,71967783,C,T,-0.0177076656297613,7.81678285118263e-16,8.43820473830397e-10
13,41153585,A,G,0.0188858745920798,2.12749482616893e-14,8.88193237579213e-10
06,139207260,CA,C,-0.0155306589438663,1.27798283634108e-14,1.24025881078349e-09
06,139673008,C,T,-0.0120847197018528,9.15081797200712e-10,2.17702306879305e-06
19,8405160,A,G,0.0143293272967246,2.37964475384633e-10,1.29365110711192e-09
19,8421526,TA,T,-0.0153459239387453,8.07695219263308e-14,1.91482353680784e-08
19,8429323,G,A,-0.0475005851721493,1.41418671969978e-07,1.48931279340162e-06
14,73392839,G,T,-0.0168519228851271,5.84750944909989e-17,1.44437626362209e-09
13,110401304,T,C,0.0337901254319212,1.50627282386996e-10,1.45414698361182e-09
05,176757841,A,C,0.0170079454658715,7.09029328265496e-16,1.85370197417984e-09
15,42235032,A,G,-0.0169014207257338,5.9079228786397e-16,1.85823661808586e-09
19,19392401,T,C,-0.0162242572525513,1.42145094544233e-17,1.90352448962012e-09
03,58032182,G,GT,-0.0164803067319954,5.22778148043176e-18,1.94658628264325e-09
13,112241549,G,A,0.0154171979427296,4.0043966512715e-23,2.11605692159803e-09
17,74336580,GT,G,-0.0267417505545777,5.40276008200349e-13,1.99814257310205e-11
17,73849859,G,A,-0.0511754049089677,2.79624343290346e-08,2.42132740586509e-09
17,74337973,T,C,-0.0595327188299052,1.37105693467874e-07,6.06460973323501e-07
03,195774890,G,A,-0.0167362063938785,8.9736240427516e-17,2.52910697006049e-09
03,195917964,C,T,-0.0188234265685437,4.65593482340302e-08,5.71511899910183e-07
05,57502676,CT,C,-0.014976396351048,1.336773364303e-18,2.56035025021904e-09
05,57315635,G,A,-0.0145440695878135,1.5468384264991e-06,3.81211860550507e-06
17,1569287,CT,C,0.0241576369614486,7.08559689757287e-17,3.43692064388364e-13
17,2058349,A,ATT,0.0179739638855004,1.39031420132891e-13,2.76819805528198e-09
06,6926514,G,A,-0.0187535094103174,1.88057963674856e-10,3.03084633083664e-09
06,6680510,T,C,0.0121739894115357,7.15978750361992e-10,2.11379965522911e-06
06,7192501,C,T,0.0177946427164954,3.83212857090923e-06,8.01528790952145e-06
15,77369946,T,C,-0.0347330508249977,4.74316429517143e-10,3.36186573261118e-09
08,72466324,G,A,0.0174973012620123,2.26164495979288e-14,3.70162428971891e-09
07,127010336,C,A,0.0238827622014615,3.55509786220573e-11,3.70353553348519e-09
19,46179043,G,A,-0.0180047820503178,1.47945410969708e-10,3.83879321290461e-09
17,80479103,T,C,-0.0155132462364528,6.23717107616914e-23,3.93332501938507e-09
15,62836083,G,A,0.0243358253508654,1.7378596987431e-21,1.07505310814999e-17
15,63798569,G,GA,0.0191141741911604,4.84064984160901e-17,1.25960887921612e-13
15,63333619,G,A,0.0154331382678234,6.96803507155706e-10,2.72560790051567e-09
08,23396084,A,G,0.0201728266043579,3.32801783538414e-12,4.15056685541937e-09
09,123467570,T,C,-0.016248717229571,7.71610410543205e-16,4.29941161021575e-09
01,118374990,TTTAA,T,0.0458791568843627,2.27704405984595e-11,2.30324277828117e-11
01,118796773,TTACA,T,-0.0689995364822999,4.18299316368029e-09,4.34562697554681e-09
01,118389174,C,T,-0.0695801690994519,3.19082654830878e-08,3.14893387563374e-08
07,99473407,G,C,-0.050188967191366,1.60999615402361e-15,3.34243467376967e-13
07,100119647,GA,G,-0.0192545546290593,1.02437973858701e-11,2.34718120590749e-07
22,30887555,C,T,0.0525508941430698,5.16891807158093e-09,4.92954811378367e-09
22,30413339,T,C,0.0146663687349658,9.13190770168996e-16,1.01257931180862e-06
22,30899617,C,T,-0.0222746954111819,1.27655813471159e-07,1.65975048672779e-06
11,10331664,A,C,-0.0148457846099729,3.97804320369414e-23,5.74464275177659e-09
16,84793261,A,G,0.0178683663855595,3.26219280849096e-13,5.99206217432853e-09
13,113357540,C,T,-0.02263311897574,4.66716637044594e-11,6.36143195113593e-09
06,34247047,C,T,0.0356286447754073,1.15849048864991e-09,7.03025497398016e-09
11,2325427,T,C,0.0535761049068694,3.4238970195901e-09,7.08946291194879e-09
17,42212429,G,T,0.0265770448384878,7.92582973329272e-37,4.97045737956411e-30
17,42201478,T,C,-0.0372084217730014,1.50612402866916e-21,5.0403010130262e-27
09,16905615,A,T,0.019788207095027,5.83221098300966e-13,7.30230458838173e-09
10,33468014,T,C,-0.0147642163182215,3.05901391074327e-21,8.77609796152448e-09
10,65027610,A,T,-0.0148868505883316,2.31747686025119e-19,8.84784289066004e-09
11,67874072,T,C,0.0314143735567521,1.03595448075264e-09,8.98301275359718e-09
17,57076104,T,A,0.0139743551941584,1.79718309303333e-11,9.33190770944218e-09
17,57506092,G,A,0.0143250573405969,4.28913210709307e-07,1.55592198685239e-07
07,6066450,T,C,0.0662077802590791,1.48231062055971e-26,2.52155427268566e-26
20,60828877,C,T,-0.0145864761438789,4.99817004038821e-23,1.02335902317328e-08
06,2504622,CT,C,0.0144945140621334,5.19354021005272e-12,1.08798653863085e-08
06,2877680,C,T,0.0120842052587157,2.09492422957526e-07,2.87842080049816e-06
06,2051509,T,C,0.0116099688516216,7.67934120838506e-08,8.59898741909011e-06
06,43758873,A,G,-0.0149862534555485,5.70856846681465e-16,1.28020572610185e-08
06,44172063,C,T,0.0150426246961984,5.6217811853542e-08,1.67356244049484e-06
10,115801253,T,C,-0.0145033724411016,9.38684413924054e-22,1.37712067414227e-08
22,43282457,GGTAT,G,0.0156069894605345,2.662293872389e-15,1.41528283842101e-08
22,43114020,A,C,0.014691234708145,2.6724186831423e-14,1.10742449166719e-07
12,110342421,T,G,-0.0268246702123511,6.13884029505639e-08,1.48553253917543e-08
12,110741356,C,T,0.0174262450517766,2.75741605099076e-09,1.86436289209788e-08
12,89950320,A,C,0.0183199523147285,3.15653138768893e-12,1.54945333347126e-08
19,11327571,C,T,-0.022156691908306,3.38592256376664e-34,5.73921524921442e-19
19,11822998,A,AT,-0.0155239202352806,2.72363315768651e-09,1.83908568350367e-08
19,11357723,G,A,0.0493882725985217,3.97220368294153e-06,2.37212071640538e-06
07,5569327,G,A,0.0298492514722291,-99,1.66527862205433e-08
07,6054419,C,T,0.036909971376688,-99,2.24769821096918e-15
19,45745607,T,C,0.0370774810360251,-99,1.18095877325513e-10
02,219119118,AGAAG,A,0.0396929475651385,-99,3.83945099510668e-13
