chrom,pos,major,minor,beta,p_value,gwas_p_value
20,4139757,T,G,-0.117244092740996,0,0
20,4161366,GCTT,G,0.141201332945038,2.02834286942924e-108,3.6481404995996e-33
10,25206412,T,G,-0.0878568045715324,0,2.30222576339675e-238
01,158586966,A,T,-0.0893703224203824,0,1.04704820854736e-229
01,158638260,G,A,0.231594522509567,1.40957695147814e-83,5.89079266765068e-99
01,248039294,G,A,0.132254305977909,6.36507740227475e-283,2.18331081557055e-227
08,41630447,G,A,-0.0900062598615359,2.07949621346908e-297,6.01218209568772e-211
08,41543675,G,A,0.136152221792419,2.53981221736629e-88,2.29079535086904e-106
03,50329826,G,A,0.0817152317062477,0,5.17138954654724e-191
17,33873772,A,G,0.0706782392108866,1.71748671851206e-233,1.13468411788669e-189
17,34055876,G,A,0.0460259359501675,3.42394983433585e-68,1.09689179963869e-93
06,139840693,C,A,0.0600320600588202,1.2646114493452e-271,3.27148875296372e-168
06,139841653,C,T,0.138934656391973,1.08369102051284e-87,2.58302887840945e-142
X,40846526,A,G,-0.0732326147342904,2.72248984393021e-220,1.24458923469298e-163
05,52083226,A,G,0.159490232286702,3.55649026541535e-145,1.05571873857486e-118
05,52105307,C,T,0.0763499279261608,2.87792479676678e-69,2.80566784819275e-45
05,52095943,G,A,0.122875097840471,7.45671957388763e-48,9.902924828605e-37
02,8762414,T,G,0.0584081197057718,1.25579821134567e-237,1.15898419114001e-106
10,71094504,T,C,0.0896970346721729,4.01530164760664e-130,8.94190759879498e-105
06,26093141,G,A,0.115160719518945,3.17806429233548e-148,1.55433236105152e-102
06,26092170,G,T,0.0697433709046874,3.13609260428407e-113,1.07324610575084e-60
12,121006301,T,C,-0.0573382505631057,1.65673930432385e-193,7.12717453875388e-98
19,11297027,G,A,0.0969336558475199,1.53133455632685e-115,1.55665090113026e-97
17,42329004,C,A,0.0557148985692207,3.96905787364154e-158,2.39530734340237e-85
10,104962011,C,CA,-0.0520728775509041,1.01878934092461e-191,1.11914792260717e-84
04,144897145,A,G,-0.0532629373234546,3.2145372316652e-159,8.23775933718805e-81
06,135419018,T,C,0.0548724800474113,5.28136851586317e-130,5.21866071183004e-77
12,111884608,C,T,0.0379299029155874,1.45855622832519e-133,1.27358374784813e-74
12,112287753,CTT,C,-0.0599677010705431,9.39182416892892e-42,4.22702174828704e-63
06,30276679,C,CT,0.0412052305947916,9.4760090723428e-90,7.60112234165105e-65
06,30126177,G,A,-0.141916490420479,1.75528203101022e-32,1.38312275625039e-32
06,30326522,C,CA,-0.0337188722816754,5.69422010553595e-45,5.51260780538456e-39
05,173287763,G,A,-0.04305978265077,1.19352007853634e-140,1.63754896446057e-60
05,95162418,A,AG,-0.0575449297202524,1.9664106039084e-64,9.13106789981273e-59
05,95163437,A,G,0.0399373344281929,7.47586920407394e-25,1.25947663206232e-29
05,154033833,TG,T,0.0692948647026063,1.70018062718819e-67,7.99133648274154e-56
02,24214373,C,T,-0.0509658102263875,9.94926911388621e-55,3.25518918632729e-55
02,23933356,G,A,0.0255282851490056,3.62643178557524e-30,4.38341570838793e-32
22,37470041,A,C,-0.039610352317862,2.05664762169294e-141,3.97077200985354e-53
17,74378312,T,TG,0.0386489145478317,1.23146988965549e-135,1.35256236913111e-50
01,118153011,A,C,-0.0736157169047445,1.38610977470674e-87,2.29438503373253e-50
01,118251143,C,T,0.0714947618988261,2.48827111864244e-76,1.58341603238344e-17
01,118153977,T,G,0.0280982162083249,2.21054089798762e-42,3.32205348568165e-39
01,3691528,A,G,0.0425612748062287,5.79344795041712e-68,2.80148892504009e-45
01,3691997,AGTCAGCCTAGGGGCTGT,A,-0.0848252099240001,5.390456578874e-13,2.42738030246964e-15
X,70334139,TAAA,T,0.0322517012881868,4.20702313695058e-74,4.4471984118938e-45
16,215106,C,A,-0.0591371503589565,3.92514627823472e-49,4.68047335220252e-44
16,218532,T,C,0.03322992548903,7.49935066460522e-28,6.57156006885237e-42
16,166960,C,T,-0.0228364696743217,1.19372023732515e-42,5.42641396573286e-17
06,41925159,G,A,0.0405028267416863,5.90335409257368e-70,2.39322660809368e-42
19,913048,C,G,0.0400712180263118,8.86290410076307e-85,3.62341035436395e-42
19,906510,G,A,0.124985362380059,4.73685031037764e-31,1.13370859496756e-25
19,872255,G,A,-0.0255382310644756,5.07836435681794e-28,8.09532119142345e-13
06,31434111,A,G,-0.0323615339847717,1.31105596403666e-30,4.52933524045842e-42
06,31575073,C,T,0.0315602021220299,4.58877309658651e-30,1.97892538347029e-28
06,31323766,C,T,0.0266274212837709,8.54991384138399e-23,1.93740482846477e-23
14,23495048,T,C,-0.0384589448300751,9.34181673817094e-71,9.49584753054714e-41
19,12998205,G,C,-0.0415415568924444,1.83565689598278e-68,8.09618818707942e-40
19,13052115,A,AT,-0.0502477628474983,7.83264709504357e-13,4.48397352693057e-09
14,74224577,A,G,0.111119081725236,4.25563348460438e-41,3.21425929703859e-39
19,10743353,C,CT,-0.0356411894790699,2.20928885248306e-38,7.41119000027861e-36
19,10334663,G,T,0.0221867345205157,1.41060190851825e-30,5.59158072513764e-21
19,10916177,G,A,0.0801023698632072,1.01221283231801e-11,5.27726268695925e-14
03,48345545,A,G,0.0667086517910497,1.28506450848936e-47,3.03124924006116e-36
03,48231919,G,T,0.0437802517050217,7.33389183826073e-26,8.6114551415891e-17
09,91392686,TTC,T,0.0712457020725369,2.38564048923357e-38,1.8562383868592e-34
14,65281472,G,C,-0.0347361449268051,1.79570523041665e-45,5.30597463351788e-33
14,65487694,T,C,0.0251331726851592,8.84431030352445e-39,7.35665368040612e-20
01,56304147,T,G,0.0332803762733671,4.83878889762219e-42,2.36726601788119e-32
01,56606206,G,A,0.0296718710398896,2.91133996449428e-46,1.222971155353e-29
11,100460037,G,A,0.0513157078180809,1.1914633261895e-38,4.20173828179628e-32
19,17258614,G,GCTT,-0.0263330687356286,7.28367019142865e-49,9.28493127058764e-32
19,17252041,G,A,0.0344372564023751,1.24014510933799e-16,3.59922853805036e-24
02,220081416,G,A,0.122912483165456,1.30557192655711e-32,1.10130675966488e-31
16,68755132,CTTT,C,-0.0331068777336324,2.21342410218563e-57,1.41481683293066e-31
07,16686501,G,T,0.0247503820310723,5.46900896423793e-40,4.48118755671998e-31
07,16731042,G,T,-0.0218764851096473,9.21372473995581e-17,5.68649108837665e-24
01,155271433,TA,T,0.0595000337048677,7.30982229257011e-35,1.46290004936891e-30
07,134388518,G,A,0.0299508636704829,8.58835743961477e-88,2.06691493400901e-30
11,16758246,A,G,0.0264692975065637,2.93528778353203e-34,9.11860194386673e-30
11,16523491,C,T,0.100178403140354,7.61090632793128e-31,1.43091517815258e-19
11,16630779,G,T,-0.0219293372558792,3.87041951115464e-23,1.0968148955857e-18
17,78074670,TAGGC,T,0.0298960033879856,1.43000233378644e-64,1.56027298916533e-29
15,78563391,T,TCAAA,-0.0248101548515193,7.61301196775806e-32,4.06828845432981e-29
15,78546918,G,A,-0.0808603932733566,1.06409177071954e-19,9.93434832084479e-14
15,78561838,TTTATC,T,-0.0274733674164292,1.6023436955935e-09,1.05593820182849e-24
07,6067147,C,T,0.0706527702695165,2.74310612070706e-29,4.23702820334867e-29
07,6054419,C,T,0.020774799551769,7.18668479242564e-25,1.36283745196562e-18
07,5569327,G,A,0.0163374704513192,7.63743650724578e-12,8.57047935855344e-10
06,16282518,AG,A,-0.0327303271111885,1.0782463895507e-48,5.90816385653856e-29
20,52230030,TAGATAGCG,T,0.117762926980976,8.69043235231867e-30,9.82733586586859e-29
05,53617864,T,G,0.0441594309414399,1.12280978106081e-42,1.00222823832039e-28
05,53677016,C,T,0.0311602506136569,5.25305631766224e-21,6.20768191162274e-10
05,53390040,G,C,-0.0195752093832457,1.78996560862372e-16,3.13896399891034e-12
01,199012478,C,A,-0.0323941492241801,5.36819884171667e-47,3.56859843717595e-28
03,24343330,C,T,-0.0297668223582391,1.66853498492089e-56,3.62041986914346e-28
08,116665915,C,A,-0.0297892982709119,2.940583716063e-53,2.65871012884069e-27
09,135864436,C,G,-0.0584081423685413,5.35282524259502e-30,1.06819740840839e-26
06,31249217,G,A,-0.042155206530731,3.72202796717001e-53,9.58097830625774e-42
06,30365320,T,C,0.0294955260880393,1.20347590204697e-26,9.28321651710989e-36
06,31237776,C,T,-0.0205161150766433,3.00255099525672e-19,2.03374111726912e-10
18,43856297,A,G,-0.0275209043787248,2.65158171339942e-66,2.36927472339797e-26
09,137117496,C,T,0.0279184671535602,6.59094414893442e-50,8.84916196607533e-26
09,136890876,C,A,0.0276445061393923,1.72366015363071e-27,1.56798446601447e-20
10,45953767,A,G,0.0286923618274036,1.01007378711861e-46,4.2089444126766e-25
17,44082528,A,T,0.0315155607748546,7.68318327520966e-38,1.83939041464254e-24
05,75996909,G,A,0.0642327106798537,1.43049266102793e-27,2.06627556566741e-24
05,75964507,C,T,0.06094739402842,1.08883418938888e-10,1.54447929832433e-09
08,9024420,T,G,-0.023520643318103,1.97150073930592e-29,2.67919822811578e-24
08,9030160,G,A,0.0229569114910224,4.0536679369427e-18,9.63331973157426e-21
09,140100317,C,G,0.0383489266853638,2.35977613495786e-30,1.47108568024797e-23
15,62782248,T,G,0.0283799896528925,7.17295149971103e-39,1.03912708849836e-22
X,57166850,C,CA,0.0266688656307401,1.55118639346401e-29,2.99647025560434e-22
11,9769562,G,C,-0.0259628659545061,1.95395825327998e-44,5.3770906656434e-22
14,103992096,C,G,0.027054906460513,5.06116882700401e-38,1.57442969875302e-21
20,55973344,G,A,0.0353955451762996,1.78616051136704e-30,2.38562685362773e-21
20,55990656,T,C,-0.0249066518127112,1.59633411965329e-27,1.77969286581583e-13
19,49373632,A,G,0.0216586176151106,1.21790477911464e-25,2.80548507136245e-21
19,49375525,G,T,0.0480725851577413,1.43754430687979e-09,1.83031960472219e-16
06,132820279,C,CCT,-0.0246911489054365,9.88441479043348e-55,2.96228620796915e-21
06,110760008,A,G,0.0284592643269484,9.77698746477087e-33,7.52100892385243e-21
22,50971639,GA,G,0.0266932181465157,3.30935098274296e-24,1.40293945712206e-19
22,50722134,C,T,-0.0174097063726514,4.13398545189329e-17,9.85549159754755e-12
07,73039406,C,G,-0.0289110091740718,1.06300938771547e-28,1.76503964303942e-19
22,21952253,ATT,A,-0.029573555840134,5.11027819560602e-29,1.98877111441315e-19
07,116200092,T,C,0.0376765194118244,2.14530944938155e-23,3.09527178693967e-19
22,29757090,C,T,-0.0255521477302264,3.54171840938051e-33,5.81483236051592e-19
21,30339120,C,A,-0.032255314383475,2.88028028554709e-25,6.01934551804847e-19
11,116623213,T,TA,0.0330787800964048,1.36611060783723e-24,6.39084768842097e-19
17,19934963,C,A,0.0228524368563951,2.13868558554169e-50,7.63835660814783e-19
19,45412079,C,T,-0.041516969957634,2.32847802543129e-21,2.2191308091663e-18
19,55538980,C,T,-0.0301267684539087,1.6018550847457e-24,6.05085084048344e-18
19,55693469,C,T,-0.0723488000373238,1.23209377432042e-09,2.34774514274317e-09
06,108877653,G,GT,-0.024305921518436,1.20051286932013e-33,6.9066504134707e-18
03,56849749,C,T,0.0225338749628671,4.4012057910797e-39,1.00139937012733e-17
05,132426851,GTT,G,0.0380812039756232,6.29138295376005e-21,1.2308403925518e-17
07,100240191,A,G,0.0219925586222857,1.10500764188568e-48,1.35782095050842e-17
03,52761570,C,T,0.0425717628819232,1.95209983014757e-18,3.68684894512784e-19
03,52865126,C,A,-0.0228901852843774,7.82243307267887e-14,2.20853987410267e-13
20,33533186,G,GA,0.0221657859676508,1.31310780961474e-42,2.99589593175778e-17
07,123408499,T,G,0.039985933174961,6.76967463115499e-20,3.70088290665165e-17
12,95859010,C,G,-0.0229238558907732,4.49900560370511e-33,4.02713103086805e-17
09,79955305,A,AT,-0.026536383965157,2.6658584825857e-25,5.16577777485084e-17
01,56624095,C,G,0.0317507427438723,2.41305430565181e-66,1.3845947801833e-31
01,56915593,T,C,-0.0343853314810607,1.91151442816108e-18,8.9404722803034e-17
03,195804021,G,A,-0.0241312513814699,5.28344652931029e-20,8.45446949339894e-17
03,195922427,G,A,-0.0216085684725374,3.22465139635412e-20,1.45156182899934e-15
01,25543484,C,A,-0.0253796485767806,3.70812197133849e-16,8.74751093936548e-17
01,25291697,C,T,0.0722513382862213,4.1980018826511e-11,2.87526050683646e-14
01,25677605,G,A,0.0245765031440398,1.45926078919555e-12,1.42932880134532e-16
01,29416640,G,T,0.0214137216710252,5.9796727215999e-47,9.87276823441467e-17
16,88856084,G,C,0.0233410351694824,1.36999242489613e-40,1.03793180108887e-16
16,88567333,C,T,0.0359571469032549,1.83915441060332e-14,1.55436530036281e-14
16,88752602,C,T,0.0902978203070865,4.89390308072451e-11,1.83251253352144e-10
20,38552078,T,C,0.0223585291754685,3.23648610552357e-34,1.05568630166847e-16
17,75376455,T,C,-0.0233927110097684,1.57743111398091e-29,1.2537830119291e-16
02,165513091,T,C,-0.021775778679909,2.21492153738498e-37,1.26761254740099e-16
08,126500031,C,G,-0.021680422554391,2.97176291819557e-38,2.23934024099827e-16
20,4119064,C,T,-0.0747140515695307,6.8995644046854e-197,6.89067965576252e-63
20,4119097,AT,A,0.128910145027162,1.58494133449905e-75,6.10965341327192e-29
20,4107692,G,A,-0.0653157015446094,3.09218407898893e-72,3.21083558063653e-45
19,35692403,C,T,-0.0215773110941505,4.75620072639429e-38,3.32951828184951e-16
16,89939929,T,C,0.0244423841028181,4.68594761047592e-26,5.26286838278026e-16
09,33830156,A,AT,0.022667130198265,1.26649852704395e-39,5.47141216583588e-16
02,218683154,G,A,-0.0214158683787487,5.19944865154177e-24,6.18340885823436e-16
02,219119118,AGAAG,A,0.0209894434075523,9.88596361625427e-24,2.80870376167812e-15
01,2147874,A,G,0.0392985552506557,5.25050604746342e-16,6.53275457474812e-16
01,1668943,A,C,-0.017293840930895,8.48026536334844e-28,7.57775124820431e-11
04,146045768,T,C,0.040850145765878,4.53835844870551e-18,7.09871854129564e-16
07,98974038,T,A,-0.0531808485674872,4.77916141672632e-17,7.36825975710417e-16
14,35342739,T,C,-0.0343448794838983,5.16703762810213e-19,8.7611055751722e-16
11,8745711,C,T,-0.0237891383361297,2.76308129545775e-25,1.44556301081902e-15
16,31404571,T,C,0.0205847700031355,9.60427547517267e-38,2.54571114432005e-15
17,76129342,T,C,-0.0302989036646737,2.11399465566627e-12,4.29707543313235e-15
17,76244283,G,C,-0.0194777922672111,2.62514666843053e-19,1.08853926688603e-13
17,76119293,C,T,0.0291587899275704,3.15710133009201e-10,6.96519833199087e-11
10,81126380,T,C,0.0202863920991687,3.60129397159591e-38,4.43666052673523e-15
08,19845376,C,T,-0.0314090316417942,9.13571327568033e-19,4.73878126380106e-15
04,57718253,C,T,0.020293747972361,5.73269557671761e-34,8.88544968885711e-15
12,8958494,C,T,-0.030557574959689,7.68084758414913e-19,1.26350290211562e-14
10,103391675,T,C,0.0288737360090708,3.97837959555924e-19,1.35841900851582e-14
02,27730940,C,T,0.0202122111968409,3.23253130092257e-31,1.81564990584594e-14
08,101766275,C,T,-0.0213450321665498,1.93170275941972e-26,1.92744125107598e-14
17,40012971,T,TA,-0.0346090542326118,4.70136758009051e-17,1.94597073228043e-14
08,86307249,G,C,-0.0198846889346952,2.78695159197688e-35,2.08673392017007e-14
01,24176806,CA,C,0.0198845837425004,8.54852261961773e-34,2.74113919924403e-14
