chrom,pos,major,minor,beta,p_value,gwas_p_value
17,7314656,C,T,0.0706892747604749,7.1479924678977e-115,0
17,7318935,C,T,0.0944930814806303,0,0
17,7327089,C,A,-0.285729371986597,0,0
10,64874754,A,T,0.0936198072441539,0,0
X,109833420,G,A,0.0652669126379766,0,3.48490267965411e-217
17,7348625,A,G,0.0945596713957013,0,0
17,7352163,T,C,-0.19698368200059,1.16649145726975e-201,0
17,7439014,G,A,-0.147136607708822,0,0
02,27730940,C,T,-0.0657648381339036,0,1.91919291600428e-151
17,47448346,G,A,-0.0543766745930992,6.78086910359426e-210,6.29114073965384e-148
15,96714816,C,A,0.0652805215921309,3.17716884894217e-213,1.13587378563537e-122
07,97929573,T,TC,-0.0727051907357448,2.37527363314454e-169,5.43220738582652e-117
14,94844947,C,T,0.195033825643338,3.11880390367278e-115,1.595062926614e-110
19,17346854,G,C,0.143434443160226,1.40790720754435e-104,1.37960483246962e-95
03,135926622,T,G,0.0580254402550024,1.65199247651866e-137,2.62419724553344e-87
01,27021913,G,C,-0.159555845466245,1.61704251249697e-89,1.9255638307658e-85
04,3443931,G,A,0.0394540659045399,6.50930161785914e-101,3.0656057939378e-69
04,3449781,G,A,0.0467793069324062,4.0591346544519e-20,1.15193522485967e-37
12,21343833,A,C,-0.0599500699485448,4.59318554527529e-79,4.06872692814518e-64
01,107592959,G,A,0.0426675260736721,1.71733980736191e-123,9.2586675087691e-61
02,64906295,G,A,0.0460144014544871,5.32089817423775e-103,1.02664401528206e-60
04,88203828,A,G,-0.0323769266163102,9.99343660111347e-47,3.26340699182737e-58
04,87976359,A,T,-0.0224277121057003,7.42880220161874e-21,1.60312248703227e-40
15,53728710,C,T,-0.171900596507261,4.48774146003871e-59,2.84601827132217e-57
09,86626769,A,T,0.0417684931671272,8.5089229374131e-83,6.5130616960465e-50
19,2796316,G,A,0.0397500299148804,3.49878745491572e-63,4.11006483880966e-49
14,24871926,C,T,-0.0357316327644741,4.58628015241231e-123,4.00522966578548e-47
19,46385438,A,C,0.0527591669088973,7.97160352007491e-56,3.0697218104461e-44
08,81457499,CA,C,0.0365578498485807,2.68043496871098e-44,3.62386311405602e-44
08,81430449,AT,A,0.0489971521942724,1.42669473474327e-35,3.39290720655724e-41
08,81582148,T,C,-0.0404716745465866,1.49339149276428e-29,6.2202267394806e-38
22,44324727,C,G,0.0405093476806157,1.55246449046399e-64,4.0129920454754e-42
15,53094375,TTTTG,T,-0.0527853716774823,1.48728843230081e-52,4.4291918880507e-42
20,43040569,T,C,-0.033912338792172,1.40367286173389e-115,6.09790737267456e-42
12,111522026,T,G,0.0646349343217155,1.20165207487397e-45,4.57470211021785e-40
12,103483327,AT,A,-0.0320708079593337,1.07304710359339e-107,5.94831693936528e-39
10,5262267,G,A,-0.0439952084523803,2.97568552666462e-52,1.30397353273399e-38
12,4384844,T,G,0.120638636011762,7.89825715691677e-40,6.43961891343637e-38
15,44027885,T,C,-0.10106751013718,8.75953388904503e-40,6.572667357383e-38
17,45588112,A,G,-0.0313163145716681,5.03381269814889e-105,6.46311694545814e-37
12,121423956,T,C,-0.0316743596475989,5.05121810105374e-77,8.22424725445892e-36
06,160769811,C,T,0.0305047154750699,1.96259689174085e-94,2.56991642491171e-35
19,35550878,C,T,0.0440304891071682,5.51917481116211e-53,4.14284716043918e-34
19,35541248,G,T,-0.0424253111006734,8.96654348709808e-27,7.90189605133724e-17
17,1618363,T,C,0.0372943197952462,1.57906643104651e-46,2.19350309905699e-32
04,69325415,C,G,0.0305458070917944,1.27447309939831e-40,1.29712513181041e-30
04,69538180,G,A,0.0244501017202187,6.00267868214035e-43,1.65437079794645e-23
12,25410741,G,C,-0.0543759648481559,1.27859921483557e-34,5.36206120589922e-30
17,64210580,A,C,-0.0801199207186443,3.71991607079294e-30,2.16322689233722e-28
12,57781893,G,A,0.0314773460439493,6.32656880792194e-45,6.52541429809467e-28
19,7220596,G,T,-0.0270315653158756,3.39370055121558e-69,1.17307476581884e-27
12,101015655,G,T,-0.131490173374173,6.20634690222701e-27,1.51441144704247e-27
11,69284560,C,T,0.0313091627224506,6.56977331623523e-32,1.36611820009546e-26
11,69170389,T,G,0.0241453351467559,1.89601616341311e-28,4.88958132310057e-16
11,68884755,G,A,0.0175839606935882,3.24467120182446e-16,4.7172471744732e-09
17,17860546,T,C,-0.026214681871588,1.60974370270545e-58,1.3739947332918e-25
03,24520283,G,A,-0.0285834828237668,1.15895157066138e-47,2.23339498199179e-25
17,29720140,C,T,-0.0262620390489065,3.18727251572549e-55,2.67633475091248e-25
01,154592201,T,C,0.0253866431058133,9.78782838696129e-69,6.60064209273362e-25
11,61579463,A,G,-0.0279510431689872,3.69471360299278e-39,1.3141134155513e-24
11,61937545,A,G,-0.0146447237182797,1.55540045588298e-17,1.25098740189266e-06
09,137268177,A,C,0.0293168184130534,1.16783559849926e-33,1.63191262858499e-24
09,136895818,T,G,-0.0597252652190823,4.1661100226085e-12,4.98184955637869e-11
09,137113356,C,T,-0.0145562629337666,3.15659418784576e-10,2.05519763620889e-06
05,55804552,C,A,0.0326136565330727,5.24224418707437e-36,1.91239380649046e-24
05,55856375,G,T,-0.0259898157998695,4.92705150467829e-21,5.67168260767229e-14
05,56221537,A,G,-0.0267264913102181,2.2142200838454e-11,3.38634372947384e-11
16,83980529,C,G,0.0252302056347408,2.97318390108651e-62,2.51899581448052e-24
07,100467700,C,T,0.030491483170993,3.01148453718848e-29,3.22731026880098e-24
07,100805460,A,G,-0.0143000249180152,1.19277066910428e-09,6.55233380697876e-09
22,30764453,A,G,0.0274097487879201,1.68671306221352e-43,3.33427814913002e-24
02,165528624,G,T,0.0252862291172517,1.19948389101208e-52,7.41183588578253e-24
08,9185146,C,T,-0.0406707845356122,9.04378078760809e-29,1.02518628123748e-23
01,16505320,G,A,-0.0248366577261225,4.25488902732627e-55,1.56320683128485e-23
10,81074125,T,A,-0.0255337044150008,2.65388370617911e-34,6.58389331670551e-23
10,80948593,A,G,0.0118195804436756,1.85574755882495e-09,6.3626894246353e-06
14,50655357,G,C,0.114174814017454,3.12287041656148e-23,9.44661137997701e-23
04,159834474,G,A,0.0384167950793411,1.52936647244867e-27,2.24124881304805e-22
04,100046056,C,CA,0.025885370317651,4.615459124058e-40,3.24936689459713e-22
06,41667506,A,C,-0.0279315310423855,3.25258040759458e-18,3.49749155294527e-22
06,41703041,G,A,-0.0231967472261132,5.71671897235896e-22,6.34448037755371e-22
02,227093745,C,T,0.0247765447767536,2.51873436078924e-44,4.31476022917206e-22
01,214352015,G,A,0.0264499644544789,9.61970226399388e-32,6.44704953573007e-22
01,214163675,G,A,-0.0184372830664364,2.54449291218721e-23,1.00524567107596e-10
03,12394840,C,T,0.0366494431383916,7.01455839303861e-20,6.8113816532257e-22
03,12489857,G,A,-0.0155821635727945,2.65475785573547e-09,3.2623002964765e-06
03,12358230,A,T,-0.0123374378681105,5.14296238814942e-08,3.55107167257648e-21
04,77197674,C,T,0.0199310339247455,1.49313468652326e-26,1.21770732123727e-21
04,77134211,T,TC,-0.0175298448799421,6.75248445695114e-19,2.44637340817584e-18
01,220970028,G,A,-0.0214672158937604,2.94072774025781e-22,1.27712873031033e-21
01,221048577,TGA,T,0.0156753755826578,3.52072821045821e-21,1.07590236292108e-15
22,28856760,C,T,0.0249352390754449,2.63051520128825e-35,1.38729070110402e-21
22,29258551,T,G,0.0142894019619238,4.75633206791539e-08,2.72167580242781e-06
02,70412866,C,T,-0.0451668924738302,8.61110790798121e-22,1.11658718273414e-20
02,70507294,T,A,0.0255521081037275,3.44443151768677e-07,6.47675977254124e-08
19,50016971,G,GTCTCTCTCTC,0.0430917946373725,9.25220727289525e-24,1.71336307068512e-20
17,73154247,A,G,0.0237628088993965,6.0855358589153e-40,2.58758496023419e-20
11,13361005,C,T,0.0244747702307679,2.90883763716803e-37,2.64282057316315e-20
03,49745941,A,AC,-0.023864225860209,2.95244956051859e-37,8.00921783612251e-20
16,88016415,A,G,0.017816095110598,1.12199468307616e-10,8.69332990432547e-20
16,88512799,G,A,0.0134536986190439,1.81659353456163e-10,3.16216480605885e-07
16,88068078,AT,A,0.0136209762665189,2.42122354935085e-08,3.27589204711859e-16
02,27851918,G,A,-0.0581093236901177,1.65522085615053e-151,5.82871621622919e-73
02,27847642,C,G,-0.044605756241561,1.65625744365673e-30,2.09954724586364e-10
02,27847388,T,TA,-0.0727459404822289,2.81674452122638e-11,1.60894152049571e-06
01,110232983,G,A,0.0246448466163664,4.05300018933468e-32,3.13396939226044e-19
14,100801720,A,AT,-0.02246572890261,3.60785668494147e-54,3.5249120863087e-19
09,139099073,G,A,-0.0220182377941236,3.30340809384592e-48,4.60541485297876e-19
04,88022709,C,T,-0.0346732013505041,3.57069474427565e-64,3.59704207091261e-45
04,87993514,CA,C,0.0131924372377388,3.6929586119279e-13,4.80555795029839e-09
08,59415337,G,T,-0.022584501522522,1.21577246900363e-37,1.36165265580115e-18
11,2179864,AGCCCT,A,0.0229092441553785,8.60238748232786e-22,1.88258868686183e-18
11,2149864,T,C,-0.0153930145469355,3.2101543694876e-11,1.12452780520949e-11
17,9592729,AT,A,-0.0252283661518359,5.02061101092503e-29,2.5002057944376e-18
06,7231843,G,A,-0.0311103343492328,4.68716837183539e-18,2.95984410921405e-18
06,7229346,T,C,0.0138484612417099,7.988392778331e-13,4.92492503474032e-11
06,6980402,T,C,-0.0544461889030588,2.4496608304899e-06,3.89824011882284e-06
10,64047444,A,G,0.0353973452351364,2.40318203666023e-16,6.27634352629554e-18
10,64427649,A,G,0.0212258264212405,3.21084624520204e-24,1.67739367024882e-14
10,63645959,G,T,0.017885742421653,2.47768872780524e-15,5.99358000891703e-13
11,65561369,G,A,0.0191272547196171,3.01714367439541e-15,6.77326041173648e-18
11,65485478,G,A,-0.0301879951405164,1.21632166822989e-08,4.78262975439764e-08
15,63791125,G,A,-0.02159415719742,9.39874652250013e-26,1.49919415649168e-17
15,63591902,G,C,-0.0128266915372946,2.10341619636222e-07,1.46393894627726e-06
19,18244690,G,A,-0.0238390369312844,2.83466166555412e-28,2.39173310394275e-17
18,57851097,T,C,-0.0243596752708541,1.17423649182499e-26,3.74585317125e-17
12,20580725,T,A,0.0254556147025439,7.73881315152857e-20,4.15332904949088e-17
12,20926432,G,A,-0.0199633546936019,2.42554376074399e-21,1.54257953503889e-15
09,131466489,G,T,-0.029123518239585,3.19011577772369e-22,6.97581166501115e-17
01,39970928,C,A,-0.0221373154682426,1.73249976571053e-16,7.68512648018786e-17
08,42334511,G,C,0.0213266446009332,3.10928735484561e-35,7.85824354709855e-17
04,148980672,AT,A,0.0234727806026292,2.64795069142431e-27,8.32327860776634e-17
X,109918904,CGTGTGT,C,0.064501376287373,0,7.00700086733406e-214
06,31319222,T,C,0.0163977989324253,3.75189536011926e-20,2.55951424042802e-16
06,31480668,A,G,0.0193107168468299,3.90983406239652e-10,1.86710635811865e-15
06,31880637,AAG,A,0.022516361539564,3.11719558393077e-17,4.53558605271191e-16
06,31411213,T,A,-0.0233818372597646,1.52563171886165e-13,4.49018904839461e-13
06,31711572,G,A,-0.0513970768287827,4.12587006942754e-06,3.93152238108145e-06
14,23714682,G,C,0.022796322365597,4.94184640359958e-26,6.29462581910094e-16
11,16249510,A,G,-0.0202191707749591,1.04030100117565e-33,9.70512263429279e-16
12,102827441,C,G,0.0221679339871635,1.35169835099272e-25,1.43089412001326e-15
12,103158073,A,G,0.0175965007056195,2.83873300232578e-07,9.34284307257631e-06
13,95222890,C,A,0.0205179396299065,1.26069632154036e-30,1.48831956300058e-15
16,11901557,A,G,0.0204651698601266,9.91733521006842e-19,1.59404153992465e-15
16,11812291,T,C,-0.0124964938081,1.28328495590127e-12,9.6013671114104e-09
12,24198178,A,G,-0.0534407329602639,1.64163427644116e-16,1.74064538714003e-15
03,172294500,G,A,-0.0584437024241371,1.61863162315434e-15,1.74775610923325e-15
03,172240215,T,G,0.0164601752502004,2.09453407983085e-11,1.38611171475008e-12
03,172310820,T,G,0.0146973707432944,4.92337799250327e-10,4.8728962252943e-08
08,145677011,C,T,0.0153987788064743,3.39148800217097e-12,3.0393624541732e-15
08,145657215,C,CT,0.0130205216156015,4.98448902370776e-08,1.04799424794304e-12
17,13836955,G,A,-0.0197795024336808,7.59551006691812e-35,3.21162000297534e-15
20,39954925,T,TCACACACACA,0.0218788816706223,1.37157161267222e-30,3.58687475331246e-15
12,51221127,G,A,0.0197178262144982,9.04776813217567e-35,4.13558803409629e-15
02,27598097,C,T,-0.0630151501561983,3.64253675938812e-302,1.07202614350494e-141
02,27462651,T,C,0.0234812305180242,2.04783410705974e-06,2.56924464091028e-11
10,93641869,G,A,-0.0181826789412541,2.91688930546436e-26,8.69752789157118e-15
10,93702055,T,TTGTGTG,0.0147040606325532,1.89493404695161e-09,1.20723022666731e-08
01,196905991,G,C,-0.0193745235857491,6.25521419355953e-33,1.31135662395068e-14
03,47125916,C,CT,0.0170654951766481,5.84995518673087e-23,1.85331451437594e-14
03,46835250,T,C,-0.015449471366847,2.2303470756125e-11,3.33439259257904e-12
04,3387148,C,T,0.0415255318117262,2.57067474333516e-34,9.79394960981927e-21
04,3384844,G,A,0.0194223970680589,2.19070915790889e-25,4.17102802922134e-10
04,3258321,G,A,0.0654028223193155,9.89119289133042e-11,5.70572141300777e-13
06,25873184,A,G,0.0210124516563377,1.480505154231e-23,3.12475052712577e-14
05,53292390,A,C,-0.0301454473567331,1.37378716658067e-17,3.16472629915456e-14
05,52883725,G,A,-0.0220860970508835,1.48335686452232e-10,2.63051520014033e-08
14,105262368,G,C,0.0191340870874548,6.79058658612761e-30,3.51967927591357e-14
16,15172118,T,C,0.0203886458940144,4.82556347690947e-25,3.85853247326853e-14
09,117146043,C,G,0.018685488335574,2.69066697699644e-38,4.39587081132916e-14
07,1899935,C,T,-0.0193523766714042,1.00350374221648e-28,6.46658277058225e-14
08,116960729,G,A,0.0188615703764054,1.20725656236983e-30,7.6954494097242e-14
12,6885076,A,G,-0.0181593332973876,2.83135499887433e-23,8.16169503304819e-14
12,6858971,C,T,-0.0195531916321827,5.695289095546e-09,1.4579262272599e-09
01,61693469,T,TA,0.0335423013966448,7.70265770883791e-15,1.33963786079593e-13
01,61925076,C,T,-0.0244636587507434,1.49804354569551e-07,2.91530840979246e-07
17,45733625,C,CA,-0.032529866260888,9.3303532580599e-104,4.82874149469987e-36
17,46511706,G,A,0.0404976103122776,5.84416293303736e-10,1.39109898123772e-06
10,101912064,T,C,0.0178141877357543,2.09463299340729e-36,5.01644929294368e-13
01,93733057,C,T,0.0172198033752091,5.87456616311579e-18,5.76477124687864e-13
01,93266753,C,CA,-0.015577370549827,1.1461640900643e-14,1.19260590473393e-10
01,151002134,C,T,-0.0163505866084376,2.14955441929452e-08,7.35239777880921e-13
01,150972959,A,T,0.0550414447756696,2.87367085645387e-07,2.41620802034437e-08
01,150958836,A,G,-0.0171503886037919,2.25855648676213e-07,2.25688193801795e-12
01,92668474,T,A,-0.0220053133681039,3.01155747344704e-18,9.74895966689187e-13
02,42510018,G,A,0.0608705032922857,2.52256872753075e-13,9.95655081616919e-13
02,191564893,T,A,-0.0206361563107287,9.50614351842866e-20,1.16013089273736e-12
22,24296526,A,G,0.0178495902761385,4.14752445224064e-29,1.17123536050475e-12
19,45396219,C,T,0.0210284382815325,1.02156068647171e-15,1.33738800000282e-12
19,45748362,G,C,-0.0162000422862002,4.50091071326956e-14,1.20028618460901e-09
20,33081906,C,A,-0.0155838388638341,1.5669871304159e-22,2.03171724239494e-12
20,32978475,C,T,-0.0464003138000882,5.59222446512296e-06,2.07890997399183e-08
17,65156919,G,C,-0.017289984179899,5.13901692347271e-31,2.42307184786331e-12
14,73011885,A,G,0.0184452818016532,1.05997690307011e-19,2.42603359589087e-12
14,73220188,A,G,0.0138319645267538,1.39281952059816e-09,8.77185938401136e-07
01,91531022,A,G,-0.0216080568491321,1.06852956248711e-17,2.47308633888182e-12
22,21974703,G,C,0.0217447220869233,9.12674055397512e-18,2.64728724678485e-12
01,23747996,G,GA,-0.0194791163374981,1.17869106670103e-20,2.81987228757728e-12
05,137802404,T,C,-0.0171969260811863,5.43734746758631e-29,3.2813802996181e-12
07,101831484,T,TA,-0.0182545030881145,5.92712776371656e-23,3.53533172455359e-12
09,4143821,G,A,0.0174731197669831,1.30720693222579e-17,3.76705323933729e-12
09,4305064,A,C,-0.0129258755522138,3.23032064273354e-12,2.23664605296722e-07
10,94823343,T,C,0.0165554560173087,4.14257577441572e-20,4.15586899311819e-12
10,94416521,G,C,-0.0136682406612557,6.97339054781879e-08,3.34836633987368e-07
07,130585553,T,G,0.0166824969124101,7.08991871258675e-14,4.60549844792253e-12
07,130458674,G,A,-0.0131432330899167,1.51504201203386e-09,9.36865028207285e-09
07,130627014,G,T,-0.0134852476532157,1.07650892942923e-06,5.82871891828342e-06
07,135086864,C,CT,0.0185358372149801,8.14208222451243e-25,4.97825496842295e-12
18,55089715,C,T,-0.0177418593333279,2.86416566654358e-23,5.23426088268224e-12
11,95311260,T,G,-0.0216541197950852,6.59874423057425e-17,5.38380751479302e-12
05,127406259,T,G,0.0196776138387287,5.50458911721411e-19,5.47888498538409e-12
17,73395763,AT,A,0.0161251839690628,1.61538823742042e-17,5.51576550926881e-13
17,73778516,CA,C,0.0175362373826991,2.10846339459004e-12,6.83572597256613e-12
17,73359940,C,CAAAAAAAAAAAAAAAA,-0.0192137385132367,1.09459352471465e-07,2.60434721639976e-08
01,197924770,G,A,0.0583931551681168,2.10033685403918e-12,6.85841182352814e-12
01,25797832,CA,C,-0.0170424351297149,1.81595692950934e-28,7.28194458331292e-12
07,150502468,AT,A,0.0262229085301115,1.57365972257798e-12,8.33280315376655e-12
07,150491084,G,T,-0.0119744143056814,5.99154430050154e-13,4.60022348793373e-07
12,93632423,CA,C,-0.0252350190973835,2.38385429999617e-14,8.80573663959175e-12
12,93988283,G,C,-0.0130211170449561,8.4600019065685e-10,3.95599666728195e-06
14,25927832,G,A,0.0180816837084689,1.41268514315423e-21,1.08401694954517e-11
06,130386971,G,T,0.0178087459901715,1.52075304788413e-21,1.21730108770475e-11
11,5701074,C,A,0.0350489257444349,5.24626207548754e-15,1.34891573773845e-11
11,5691191,T,C,0.0189779965172398,1.15859903760097e-09,6.29701475127983e-06
17,38256401,G,A,-0.0465193276636302,3.55707476987542e-12,1.79766724124678e-11
14,74250126,T,C,0.0191279163150333,3.75803928157292e-20,1.85708920129254e-11
14,74518766,A,G,0.0569833699742907,5.56713804904136e-07,2.31670899090693e-06
07,81564122,C,T,0.0187101083804792,1.90940860532905e-17,2.06641441638058e-11
07,81775821,TAA,T,0.0193746811446663,1.42775492697295e-06,5.75587024805398e-06
12,100898335,G,A,-0.108905655175014,1.76936390246859e-22,2.15558262812416e-24
11,118749318,T,A,0.0231243749327379,2.89951542549875e-11,2.62931153152912e-11
11,119120376,CTTTT,C,0.0171073072610699,8.09051612820651e-12,1.10721284959697e-09
09,123507855,C,T,0.0174451094323226,3.94008051883097e-21,2.74368067591777e-11
10,122875589,G,A,-0.0251542766218852,6.25180233790941e-14,2.8489281705642e-11
X,9581079,C,CA,0.0207011492803548,2.88795976197383e-10,3.13040626326775e-11
X,9420789,C,CA,0.0106059129753493,8.83172942662929e-13,1.04720873925485e-08
17,47404628,G,T,-0.045015769782322,4.90113874433156e-142,5.90329568743532e-145
17,47358481,G,A,0.0457922356525653,5.62851157823646e-35,1.68138951048882e-41
02,208386024,T,C,0.0209147025428607,1.65434419451518e-15,3.93909073157024e-11
04,144359490,C,T,-0.052000718089066,1.20417416790026e-11,4.01146105699392e-11
11,102083069,A,C,-0.0171376935474755,4.19537888770679e-21,4.14642981548047e-11
09,113034490,C,T,0.0213884184472728,1.50731533853195e-13,4.63373194506967e-11
09,113191053,AC,A,0.0123588829295663,2.3416408581431e-11,1.46446249111195e-06
19,14172896,G,C,-0.0164105230134891,1.72845776495219e-26,5.93790205409218e-11
06,43757896,C,A,-0.0170306247129441,8.74571758133845e-18,6.20239071020302e-11
06,43736415,T,TGGTCCCACTCTTCCCACA,0.0130930941005866,1.06728485228844e-11,8.95919017855931e-07
X,19907550,C,CAAAAAAAA,-0.0200412383854024,7.16603613010053e-13,6.69514645340169e-11
01,219727779,T,C,0.0171812956751358,7.55574505963275e-20,7.29355408152443e-11
07,129663496,C,T,0.0164248445580131,5.95997383009384e-23,7.46582936330233e-11
04,171036205,G,T,0.0251639769998719,2.09513183841821e-13,7.93150273405102e-11
03,105384868,CA,C,-0.0197213427129128,4.35147683692941e-15,7.96456857424656e-11
03,105268620,A,G,-0.0150765648277611,2.61728946576523e-08,1.55704856384041e-06
07,99201362,C,CT,0.0304837505354942,1.99652185436723e-09,1.02180798296525e-10
07,99538312,TA,T,-0.0126228542864963,7.52707374832348e-16,6.52916667061741e-09
16,53806453,A,G,-0.0161745376672981,3.71668337559087e-23,1.02986255692347e-10
01,226026406,A,G,-0.0178452639385873,7.32612510840664e-10,1.16749029353875e-10
01,226426337,A,T,-0.0114389201546429,5.93876721844294e-09,1.06161447766583e-07
13,51080224,C,T,-0.0171863476708546,2.1352853549197e-12,1.48794312350648e-10
01,235467607,G,A,0.0280272280925824,2.31208891369443e-12,1.67492233672819e-10
06,126868567,C,T,-0.017715499712325,4.76334995794274e-17,1.86937963645448e-10
15,96687356,G,A,-0.0200903172391076,1.32525838488293e-23,5.01839948177288e-19
15,96225479,GAGA,G,-0.0179046279599467,6.58970058131127e-21,5.57546744108496e-14
15,96679391,C,T,0.0653168260426581,1.22663064119948e-12,7.18249960949775e-17
19,55899940,T,C,-0.0170385437487169,1.2162372384911e-17,3.06803154930785e-10
07,28198677,C,T,0.0154180569478408,1.07742546687209e-27,3.45054654629078e-10
12,124515218,A,G,0.0141892443635359,4.14997066938378e-12,3.58840128947882e-10
12,124399155,G,A,0.0130765586202574,2.36297857066944e-09,6.14926395885812e-09
04,110025606,C,T,0.034395674514259,4.23074680337003e-11,3.9126869297607e-10
02,111881810,C,T,-0.0322162667347743,3.02423771095979e-11,4.03098744225171e-10
17,79483999,T,C,-0.0149091558618318,7.29975153756258e-14,4.68126301394615e-10
17,79910313,A,G,0.0120715323990515,4.02578425733758e-10,5.57166478215543e-07
20,32298286,C,T,-0.0197624589302855,1.30378780021869e-09,5.42922866369609e-10
20,32544327,T,C,-0.01374246218465,1.24442437061574e-17,1.98351030688289e-09
15,36053217,A,G,0.0179714071877215,2.17257509154554e-15,5.61184917077249e-10
03,150097635,G,C,-0.0287947365899377,1.40462943575214e-09,6.26597478334033e-10
03,149967690,C,A,-0.0120864894790465,1.26814176608859e-13,1.88221049670504e-07
05,158014484,A,AT,-0.0188229176880386,1.24123860694713e-14,6.56217176891318e-10
05,133864599,G,A,-0.0153954578691621,3.83588419581726e-22,7.71848467403518e-10
17,42081870,T,C,-0.066365998200418,5.10756236168645e-10,8.84471847075837e-10
15,35185603,G,A,0.0179069042301936,3.87292845976057e-13,9.24086650036214e-10
15,35333558,C,T,-0.0129067408327853,2.52773229130912e-11,1.94998820804004e-06
04,23887454,T,G,0.0164476436511161,9.33868445352958e-17,9.61157135545724e-10
15,60902512,C,T,0.0207832645078883,7.31734996239469e-13,1.10289766816874e-09
16,79725016,G,A,0.016123838941569,4.33577103257446e-18,1.11171303212945e-09
12,121352974,G,A,0.0145275085412927,8.95007963635488e-22,2.22582063208773e-12
12,120860254,A,G,-0.025084134596346,3.89448755236035e-10,1.20882717938942e-09
12,121318849,A,AAC,-0.0432162116440556,8.07536995712041e-08,3.49369905296662e-09
15,51033557,A,T,0.0162431412692371,2.72499872491906e-17,1.29632254972435e-09
03,136671504,T,A,0.0408091118167978,4.32320278207621e-95,6.80597488979419e-45
03,136750980,G,C,0.0600516795783526,1.19166431204766e-11,1.44148901213405e-07
03,136659652,G,T,0.0655186955586346,1.74288359920142e-10,9.62939988823397e-07
12,66376091,C,T,0.014964745264366,7.22375177181694e-25,1.42492971612049e-09
12,2908330,C,A,0.0424643011620624,4.34576871848741e-10,1.50706188464635e-09
05,102034612,G,A,-0.0330147808715309,1.84753849154065e-10,1.52359210983161e-09
20,37649299,C,CTTTTTTTTT,0.0162265342763921,1.6982490900807e-16,1.52812905024355e-09
04,103748943,G,A,0.0186965942870653,1.85080234299201e-13,1.55178200114145e-09
02,65684152,A,G,0.0126433810923475,4.91109688278302e-09,1.75399945641975e-09
02,65277951,A,G,0.012405181926037,8.15597797791019e-09,2.61154611246868e-09
11,32927778,G,T,0.0356077011019322,2.99619033806933e-10,1.76311965869924e-09
19,19356992,G,A,-0.0266524906010862,3.60304014596895e-12,1.91157637310251e-09
19,19468525,G,A,-0.0305322439201316,1.38927325962003e-07,3.03652308814246e-06
04,969111,C,T,-0.0240203489989356,2.32836352308431e-11,2.15302180553896e-09
20,47673991,C,CT,0.016904732997004,5.0672044907829e-16,2.45153173214133e-09
19,37347166,C,T,-0.0419663602841997,9.78491771263897e-11,2.56055645642536e-09
19,37778507,C,G,-0.0202174071572749,4.30220938574524e-08,6.88235278489115e-06
18,9094245,C,G,0.015728510972207,1.40010663183753e-16,2.64890849220851e-09
10,69806957,GA,G,0.0155934249952905,4.7781143331398e-19,2.78557768927766e-09
01,51075040,T,A,0.0146694101605161,4.09570045288324e-21,3.0455370899235e-09
03,53106047,C,T,0.0145938420824084,2.92101443403611e-21,3.42781015529405e-09
02,20363074,G,T,-0.0146081615139949,5.67501991265166e-24,3.49776683097023e-09
01,155850811,A,G,-0.0154227903746755,1.09463897394701e-16,3.49892796592647e-09
16,69551631,A,T,0.0147969306242006,3.62173202236515e-23,3.56420850850554e-09
02,58961136,C,T,-0.0138042501589731,2.86728788848716e-11,3.76702669006179e-09
02,58793320,A,G,-0.0497455842998992,7.4039964222731e-07,4.60122396388598e-09
19,48104647,A,T,-0.0163083359548864,6.04312951392889e-12,4.0971886683827e-09
19,47616377,T,G,0.0127772775663437,1.01014926654501e-08,1.46003424542736e-06
20,62362850,A,T,0.0171541808062688,5.03674635431909e-14,4.12778475951704e-09
01,11150053,C,CT,0.0168633435119511,9.53858732237487e-15,4.18473605631588e-09
19,3375572,A,G,0.0233317491936064,9.13060499617856e-10,4.27460189266989e-09
19,3756173,A,G,0.0119168452930429,4.74071542204482e-10,2.22635562591048e-06
12,53783182,T,G,-0.0194641390940318,3.0926630997186e-12,4.55219540801766e-09
12,46063875,G,T,-0.0185670788730969,1.27553941809707e-12,4.56277847735142e-09
04,157745501,C,T,0.0166732282398464,4.18617092899741e-14,5.05682108830974e-09
01,39944249,T,C,-0.0203083810959562,1.45831882765144e-14,7.78841956911591e-15
11,47971246,T,A,0.0258554496355988,1.83443201913754e-10,5.27871638644452e-09
01,171106709,T,C,-0.0143560229258602,2.82759409595999e-22,5.38457288951913e-09
05,72927292,C,T,0.0144236618191526,3.89018001675403e-20,5.86776352969739e-09
06,52254311,G,T,0.0169087690815909,2.47676234975698e-13,7.10819752620541e-09
X,2856155,T,C,-0.0123338556954785,4.84175907127202e-14,7.79526607601995e-09
02,231286503,C,A,-0.0144921534653442,5.76054934242922e-11,7.92671752418407e-09
02,231105283,CATT,C,-0.0156524999700369,1.45255655733015e-06,4.1050924300292e-07
10,113915574,CA,C,0.0162341332477125,2.6122074138545e-14,8.5836329458001e-09
19,47557472,G,A,0.0165562487606348,1.08731996163807e-13,9.10035360102984e-09
06,108944165,T,C,0.0180730218479698,3.75528338665573e-12,9.57322886722626e-09
17,67082962,C,G,-0.020008429196493,3.16527166248945e-11,9.99527381559043e-09
17,66823805,G,A,0.0252079276987302,4.1711709277107e-07,2.46064851728295e-06
07,143092269,G,A,0.0318301930838377,1.65186612342557e-09,1.02969489068811e-08
04,18025484,A,G,0.0159344957669714,6.92045480751195e-14,1.04412320227041e-08
16,81537760,G,C,-0.0161950002341491,8.00043310545695e-14,1.13820465702959e-08
04,154191226,G,A,-0.0187452273074568,1.47562907104624e-11,1.18653585311813e-08
01,9982387,G,T,0.0256116882023964,6.7916368632585e-10,1.27309853405933e-08
16,28620572,C,T,-0.0144334580790459,5.3421753195858e-23,1.29600287264673e-08
09,6667928,C,A,-0.0208005136544303,1.83690934202099e-10,1.35650658966194e-08
09,6553054,T,C,-0.0138807654565151,6.93089629953122e-12,4.35173402648722e-07
07,77128987,G,A,0.0157646587714454,2.33790211821324e-14,1.4306042986011e-08
01,95280643,C,T,-0.0139345082102622,1.29897596992546e-20,1.62980590439938e-08
02,211540507,C,A,0.014877618183507,5.23744584156786e-15,1.75812475420436e-08
04,87269712,A,G,-0.0186699007399345,1.00436215325763e-15,5.89584382909383e-13
04,86931016,G,T,0.0144992433554278,2.33061287539897e-08,3.05878493479758e-08
20,48980670,G,A,-0.0168705392263298,4.6365963223469e-10,1.78135676085963e-08
20,49152672,C,T,0.0299074443640455,1.84006865124097e-07,7.92430368539703e-08
20,48766912,T,TC,0.0455530560230998,1.21077736532552e-06,5.34091859396569e-07
14,89886940,C,T,-0.0140744823096943,1.47964877771576e-18,1.90051099765298e-08
01,149847301,C,T,0.0288269081676134,1.4408736240523e-10,1.90811997452986e-08
01,149956134,C,T,0.0286527194293431,2.5260422783812e-07,6.97951561037114e-06
16,4676852,C,A,-0.0175152798257292,9.08877667687314e-12,1.98486509523397e-08
15,66769929,C,G,-0.0138836784395731,3.4871133866579e-22,1.99025425260682e-08
22,20109325,A,G,0.0141744889654749,2.06216350243981e-17,2.03834499615195e-08
20,17844518,A,AGGCATGCTGCCAAGAAT,0.0145846496664705,8.88050520593126e-16,2.11925947341582e-08
15,41085375,GC,G,0.0195974356570422,5.13521284690713e-11,2.26075730328834e-08
21,40644110,C,T,0.0197693112362701,1.18801841306817e-10,2.31169851073364e-08
06,31242174,G,A,-0.0169377093470706,3.98044488243245e-22,1.19481388409081e-15
06,31107087,C,T,0.0156132961601787,2.62534332911364e-12,5.89163818108453e-13
19,53826264,T,A,0.0138355088214199,1.88132663408034e-18,2.48088458596829e-08
02,234604841,C,T,-0.0241567102986051,1.64737326037654e-07,2.51949328377296e-08
02,234325052,A,G,0.0113916941813979,5.77790750637849e-13,1.70372210759227e-07
11,78272226,A,G,0.0173957588433401,1.07457161914676e-11,2.58367718778811e-08
06,34210470,A,AC,0.0445071829686407,1.37334513701365e-08,2.98317613406845e-08
19,33896432,C,A,-0.0144693514825011,3.02574008410874e-15,2.98476311510925e-08
13,50945251,C,T,-0.0180576275810871,7.34245718492262e-10,1.18103463442169e-08
17,80191348,C,T,-0.0138242235978645,2.02821711176823e-18,3.28792044172045e-08
04,124766956,A,C,0.0158199262055776,1.01308655640974e-12,3.29256486336398e-08
11,82740002,G,A,-0.017789198588358,4.00760511030881e-11,3.50333236013678e-08
16,30956642,G,A,0.0391756498219059,8.70900942909231e-09,3.76765160595487e-08
11,305406,A,G,-0.014573961070659,2.51792854449318e-15,3.80514858104851e-08
02,48584575,C,G,-0.0139186442122497,2.63936782546552e-16,3.89933466657238e-08
19,56599405,G,C,-0.023338127930863,1.41836160780108e-09,3.90229644335314e-08
15,31637569,G,C,-0.0179653068870387,6.2195560164021e-11,4.0173891414235e-08
X,129086538,G,A,-0.0211368870596382,3.85653788145423e-09,4.09969724527583e-08
08,81339002,C,CA,0.0275207747584185,3.26350697909591e-32,4.51855034172132e-30
08,81321359,A,G,-0.0349323509605171,6.92078432606587e-10,2.93403751569448e-22
08,81265828,A,G,-0.0147802901963927,2.24249176413217e-11,2.17023863278503e-21
19,40594848,A,G,0.0244520719687461,3.03659057420292e-10,4.49023171348071e-08
19,40753001,C,T,0.032897070481212,2.00790244688136e-07,2.8222967250455e-06
08,22876739,T,C,0.0136540081576635,2.37900047393611e-17,4.66922530638285e-08
08,23344403,T,C,0.0153074230298108,1.49996110242482e-06,9.70665748397264e-06
12,95858208,C,CT,0.0145692295031912,7.13684710312979e-17,4.80349737498638e-08
18,71936464,A,G,-0.0143824911443513,2.68798783742877e-14,4.8544348954778e-08
10,104499251,A,AGAGTTGTAAAAGGGAACAACAG,0.0134145022708636,2.18439489380163e-19,5.12335770100673e-08
01,205643397,TAG,T,0.0135356823619084,1.36018539491358e-16,5.21348764244669e-08
01,205162434,G,C,0.0201526238851665,1.28240499165364e-08,7.74012379962499e-08
18,2736530,T,A,-0.0506389081576573,3.00931334496781e-08,5.49832270032796e-08
12,77422730,C,A,0.0133764457755533,8.31598467660798e-19,5.8646987469332e-08
01,200266677,TG,T,-0.0177610137462696,8.50355721085935e-11,5.87411823058999e-08
12,111582630,T,C,0.0486987893844093,1.24920912485361e-27,7.74622419554922e-26
12,111800258,G,A,-0.0159929177162243,1.71014955310006e-15,6.74267696791385e-10
06,139316790,A,G,0.0178191870758162,7.14449308455683e-11,6.28498152184517e-08
17,45485982,C,T,-0.0308174145433255,2.29887492069758e-102,7.65851423026673e-36
01,205181062,C,T,0.023132206914693,2.51780565049629e-09,5.37943628544306e-08
05,75023210,G,C,0.0137388874281604,2.49335040974686e-15,7.70394468516608e-08
22,50318621,T,C,-0.0169238496244368,7.24399452980105e-11,8.36041850083475e-08
02,466003,G,A,0.0300957575438308,1.76041279876932e-08,8.85176045711297e-08
13,115042155,A,G,-0.0154686759430101,1.13841040962636e-11,8.95574048048706e-08
17,4869093,T,C,-0.01679692230422,1.00987692725964e-10,9.25895494182897e-08
22,38154690,A,G,-0.0145588291247753,5.5031397845103e-13,9.31939529054516e-08
08,23414743,T,C,0.0132840363126416,5.44525305606911e-17,9.46976313764403e-08
19,1143852,C,T,-0.0148417427746187,5.95634483623675e-13,9.52845634150168e-08
01,51499525,A,C,0.0236923561407694,4.39715296870746e-11,3.12695338131004e-09
10,13370779,C,G,-0.0132752062777184,1.92984159630808e-16,9.99318769152789e-08
11,64122279,G,T,-0.0123962156207545,2.13782206443364e-14,1.05532988471664e-07
11,64600911,C,T,-0.0288358203094808,1.39456988341769e-06,2.32288020587295e-07
X,153545105,G,GT,0.0127832832026273,1.22329120636539e-10,1.14579473688073e-07
15,84059222,G,C,-0.0200860738387375,2.11104685993756e-09,1.18956856246076e-07
03,82019425,C,CAAAAA,0.013096681312604,3.18862917143519e-17,1.23494628396487e-07
08,79092867,T,C,0.0133394640475378,4.36155161334708e-16,1.25738283301245e-07
02,71459295,T,A,0.0154211621055664,2.79969348719887e-11,1.31280653261413e-07
X,15291438,A,C,0.0100123731942545,2.67302669435307e-13,1.32711438046016e-07
X,15783097,GTAT,G,-0.0451787957510326,4.41800910379564e-06,7.91145605066018e-07
02,64197346,T,C,0.0137773976681868,1.59892786352703e-17,1.41274669432036e-07
10,97862580,T,G,0.0133985616468833,1.25649772484346e-14,1.42233050066597e-07
22,39045883,AAGAAAG,A,-0.0150948920986073,2.7291561721457e-12,1.42904987410616e-07
22,29090481,C,G,0.024294351474962,2.55688448491264e-28,5.65661437242981e-21
22,29449477,A,G,0.0128087200056819,1.37221804531617e-11,1.43911092992407e-07
01,35943327,T,C,-0.0233076311838741,7.4817826288115e-09,1.466384306226e-07
07,86880738,AG,A,0.0245894293749908,1.37733551466031e-08,1.46757476990696e-07
01,17342038,G,GTAAAT,-0.0130059547200339,4.20428600012181e-17,1.47662388975498e-07
09,5652270,G,T,-0.0139335219704796,1.85678456345627e-13,1.57487262889287e-07
04,129126022,TAAAA,T,-0.014427880957261,1.35552363884877e-12,1.5783273135716e-07
09,126978191,TC,T,0.0146653815797761,4.89114906378355e-11,1.6337581079832e-07
09,126823752,C,T,-0.0173221414910765,1.9953175018026e-06,6.49541700650388e-06
15,75827909,G,T,0.0274529721577624,3.07207353513132e-08,1.71098677515686e-07
02,114593805,G,A,0.0163965965495072,2.42205752609861e-10,1.79707077767165e-07
16,88066103,C,T,-0.015761216439753,5.05957906116059e-18,1.19486008680242e-19
16,88535341,G,A,0.0148209849783227,1.06406749862269e-08,1.81500275739078e-07
16,88072897,T,C,0.017118427874247,5.45666374071278e-12,7.39451404085846e-19
03,51847709,G,A,-0.0312700777081798,1.76792316143055e-10,2.25823380941507e-09
02,61471018,A,C,0.017700623567597,1.24960111671836e-09,1.95644203773508e-07
03,196190893,G,T,-0.014352194728634,6.53166225039379e-12,1.97352278822661e-07
02,178091822,G,A,-0.0199915460129158,5.11927583934222e-09,1.97820244178913e-07
16,3748761,G,A,-0.0172837958739753,6.06923727541974e-10,1.99200638562121e-07
02,66676367,C,G,-0.0135966378915814,1.22196728609948e-13,2.06264657997373e-07
01,27825153,C,G,-0.0532560181867797,1.69414664892865e-18,4.82509230053076e-17
07,74238507,A,G,-0.046263484670649,7.56740195294665e-08,2.17114931029218e-07
02,220081416,G,A,-0.0477121288664128,1.87917157952514e-06,2.26168229171911e-07
02,219678421,T,C,-0.0118199744846233,1.41930228592437e-13,8.47940710420447e-07
08,72435504,C,G,-0.0234125457991456,2.09866415850989e-08,2.30634448114885e-07
17,40522713,T,C,-0.0227868522596096,1.31297304942782e-08,2.36411031147181e-07
02,219274142,A,G,0.0127810618198576,4.41196193560538e-17,2.36570851869838e-07
17,2211001,G,A,-0.0136678588170809,1.08839187832199e-13,2.39443281271916e-07
16,51169234,C,G,-0.013299153734159,1.3078262336342e-13,2.58598882697263e-07
04,39440495,CG,C,-0.0137854224175769,5.80824223431196e-13,2.5998795621085e-07
11,113654742,A,AC,-0.0136478020762797,1.19976350749707e-13,2.61515154427281e-07
10,104013955,T,C,-0.0254261427462181,2.07669246281381e-08,1.66402158671924e-07
19,3062857,T,C,0.0374676995065296,-99,1.91574961412198e-13
12,21002678,CAT,C,0.0450673535812665,-99,1.73335063629846e-14
01,39477294,T,C,-0.032252038530686,-99,8.75468306981569e-11
17,47372328,A,C,0.192847408576585,-99,3.66952392165651e-140
13,50639586,G,GTA,0.0290858038411357,-99,1.57445675911614e-09
13,50707087,G,C,0.0823023144176189,-99,1.25547493742282e-09
11,65228618,T,A,-0.0398346392837445,-99,2.81942798965469e-15
12,100787095,T,C,-0.0258625489969017,-99,6.49697679657983e-09
