chrom,pos,major,minor,beta,p_value,gwas_p_value
07,120954908,G,T,0.168820938724018,0,0
06,127459552,G,C,0.0853769211727481,2.8020315698967e-236,1.02295417399653e-84
10,54423853,C,G,-0.145397402912891,3.06968746283644e-110,6.03806707678898e-69
10,54412481,C,A,-0.0613663714978988,1.18589811806186e-73,2.20520953027756e-18
06,151907958,T,C,-0.0764153284179722,5.61926988695084e-79,1.61072121927994e-66
06,152010370,AT,A,0.0635650343412212,3.214967504567e-88,1.8749434029105e-56
02,54659707,G,C,0.0756497310094954,5.40197863440896e-108,3.09462188722785e-61
02,54855137,C,T,-0.0462659846200795,1.54587651376486e-26,1.48114612105596e-18
01,240586695,C,T,0.0860379000225062,3.96962088072688e-79,4.8093831274435e-54
02,119510493,G,GC,0.32488925793928,6.33458261564342e-43,1.16898973576343e-52
02,119602304,C,A,0.0399050587586652,2.10113603379931e-37,1.3672231758439e-21
22,19677948,CG,C,-0.108953363469083,1.00393616849434e-63,8.44087956255716e-51
11,86857360,AGATCAGCCTGAGGGAAT,A,-0.0691340940985979,4.28238433628521e-86,1.48570756009846e-46
14,54419106,A,C,0.0645855243620778,5.64949732305262e-106,1.02833147654039e-44
07,38153747,C,T,0.0574999101946387,2.44229833833623e-33,5.75981776875107e-44
07,37954468,A,G,0.0494451098238046,1.1679287594295e-22,7.66255180593303e-18
07,38111941,G,A,-0.0453759935819424,5.66328298784476e-36,1.68675779376119e-38
13,42952145,C,T,-0.0583716543764613,3.19841837823215e-114,1.97552150056611e-40
11,112437007,G,A,0.056552260547437,3.05956967537947e-87,8.61706937555739e-37
19,33532300,C,T,0.0968129802947927,1.17602887941069e-43,1.30506173014571e-36
06,133575875,A,C,0.0469105289658026,1.97961965338791e-39,1.34651884088819e-33
06,133339485,G,GA,0.0289260722329812,3.47571939594219e-11,5.25923114186797e-18
04,994414,G,A,-0.072568920792377,5.09441555636896e-43,1.84886255383725e-32
04,1192775,T,C,-0.0863303079509238,2.8173767332115e-18,2.72572599794896e-14
04,997488,G,T,0.0673850414014789,1.0896846703637e-13,2.01597017708904e-18
12,90564295,A,G,0.0519906962749052,1.54775899466624e-69,7.27267254792338e-31
10,31053282,C,G,0.0483240452436626,1.82343114380552e-78,3.72577557109774e-28
06,45386202,T,C,-0.0945619417685206,1.80022539781231e-23,5.16319236730846e-26
06,45204631,T,C,0.0248201934684181,6.84887628647721e-17,4.2341236540436e-13
02,202832130,C,T,-0.0558056049985559,2.55189959303223e-32,8.80627439774026e-26
02,202956731,C,A,0.0243925992640112,3.16524135057868e-13,2.05452541778195e-07
21,40350120,G,A,0.0506660472237012,1.53509367721255e-44,2.88064003230698e-25
11,27276450,T,C,0.0473788998377612,2.67517657252061e-51,5.06237736099188e-25
01,22710877,G,C,0.0475472736643448,7.52215149959057e-22,8.57797910647295e-24
01,22663920,CCCATCCAT,C,-0.0366225825564829,4.02917917689435e-16,1.50052457360956e-19
01,22531542,G,A,-0.0542581852889914,3.52578757258134e-11,6.59636130196803e-14
03,41123735,T,C,-0.0456861456027859,2.08243609751156e-49,3.3882975284305e-23
03,40936591,A,AC,-0.0296107498503487,2.87133101540137e-11,9.94809153015423e-07
02,42271646,G,A,0.0514386754843775,4.31687746992178e-36,4.86967963791978e-23
11,68174189,G,A,-0.082071133427246,4.49502690921487e-16,5.27266579778466e-22
11,68404647,A,G,-0.032221339805632,3.74666670891047e-15,3.76570140081349e-16
12,49379537,G,T,-0.192427126258158,3.66681418127973e-22,1.13117264256099e-21
17,58906854,C,CAA,0.0621459448892399,2.72488243426343e-28,1.24922696431317e-21
17,41826839,G,C,0.0738891554045727,1.24282092858194e-22,5.09251112671896e-21
17,42162694,C,CT,0.0335865195075327,3.55381209902854e-15,2.19751904951732e-10
02,119012019,C,G,0.0602291462032823,6.05629522958698e-08,9.10495759116782e-22
02,119423996,G,A,0.0732501022893156,3.38791517688258e-07,3.92643517080789e-06
17,2026417,G,GA,-0.0429785510178645,8.34299346184741e-37,7.88420498521999e-20
08,9086392,T,A,-0.0395005549282529,8.93371898556555e-56,2.03078371840149e-19
12,1637130,T,G,-0.0671343126998791,7.91635298760602e-18,2.12581546414367e-19
12,1636381,A,G,0.0297398372942327,5.03144873050055e-14,1.12915793662593e-12
22,29477841,G,T,0.0412345657973966,2.10480291921395e-38,2.37607172488964e-19
08,116663898,G,A,0.0425089639849222,1.02326490937387e-31,2.22232768781425e-18
07,30955539,G,T,-0.0447426208544016,2.11136372530298e-27,1.07188015418904e-17
20,10629525,T,C,-0.0609779414813274,2.14955499805805e-15,1.73810854619792e-17
20,10647951,G,A,0.0265091485381228,2.45392361907566e-07,6.26274372395227e-10
12,13328208,C,T,0.116307097109766,1.81172979510284e-19,2.39836522294409e-17
12,13333283,G,A,0.0482245672555791,2.71077189075383e-09,3.56775544918336e-07
07,20052543,G,A,-0.0380188786022757,1.13081364763133e-30,6.58735941516344e-17
07,20454613,A,T,0.0627956316530095,7.58827694809253e-07,2.91816025429938e-07
07,96133531,C,T,-0.0383635331553764,1.08884704144784e-31,1.64056361630234e-16
20,6405923,GT,G,0.0380330909227043,1.84490500521582e-24,1.89696024063778e-16
20,6778164,A,G,0.0208591233337462,2.55598031123955e-08,7.2520459952188e-06
16,410178,G,A,-0.0929959179205955,4.7494175469288e-18,2.91886268697633e-16
15,51516055,C,A,0.0402814168176924,3.80687567237463e-21,5.2486803388415e-16
15,51628119,T,A,0.022866115387028,3.68498143212563e-08,1.95458492466447e-06
11,115044850,C,A,0.0351153997929228,4.32192356594876e-28,9.91458409266936e-16
11,115474054,A,G,-0.0249270091284199,1.8256177073667e-07,1.0594784237605e-06
14,103895020,T,C,-0.0364620849600186,1.01246900806273e-29,2.60184663695799e-15
07,120932447,A,G,0.152450242202409,0,1.27328425689045e-248
11,47044113,T,G,0.0366718356759455,4.76006644209287e-29,7.54786226767391e-15
16,86714715,G,C,-0.0433324137559894,1.1151196408536e-20,1.37244310261638e-14
17,925304,A,G,-0.0366187071337515,2.59936261644962e-26,1.74016193007258e-14
11,62201239,T,C,-0.105839920176272,3.79593456255576e-15,2.3337654874818e-14
04,88831249,A,G,0.0366165218847099,6.92910419511907e-19,2.85806608290077e-14
04,88645344,T,C,-0.0233136809787865,1.61444859159781e-13,3.97864764508163e-07
13,22812173,A,G,-0.0353480518683776,1.921223246589e-27,3.18987996640552e-14
01,68658267,A,C,-0.0206050867303949,3.78467131648047e-12,6.27710132745918e-14
01,68692642,G,A,0.0371711408817918,2.86797745084182e-13,1.80038608873204e-12
01,68593235,C,T,0.0293547907076631,1.7446565560715e-12,1.30478945162612e-11
11,60099912,A,G,-0.0347003732772085,4.14883169334225e-21,6.89890457779882e-14
11,60158649,A,G,0.0230030419098931,4.49311571338859e-10,1.12322867133188e-06
01,113247563,G,A,0.0402110985951867,1.94044498149869e-20,9.30355947491521e-14
13,99536215,T,C,0.0363410116481742,4.77624250590631e-20,1.31198739287999e-13
13,99776234,G,T,0.0302504908686779,2.0272266037012e-06,5.38480844951651e-06
18,13659019,C,G,-0.0335726504433511,1.26306617953724e-26,2.16333443421343e-13
20,39832628,T,C,-0.0398230086851366,4.99234785063496e-19,3.35884114119137e-13
05,80281743,G,GGT,0.0358052068852828,3.82552724574158e-22,5.29406708805184e-13
16,51903981,C,A,-0.058256840927016,3.09268630044247e-11,5.97565421433824e-13
16,51784918,A,G,-0.0234160493818367,9.02676524410217e-14,8.44074604296071e-10
16,52058240,G,T,-0.0967494510416655,3.76021164608396e-06,5.134898171867e-06
15,85621779,CAAAAAAAAAAAA,C,-0.05981561226484,6.81067214887221e-15,7.37700118390089e-13
07,28751655,G,A,0.038472582213267,7.57634607435096e-16,1.55591211789937e-12
07,28609796,A,G,0.024876983735555,5.01494553656854e-09,7.42039574674232e-07
11,35097298,T,A,-0.030980289702603,7.06169934766799e-32,1.58353735324924e-12
11,68365212,C,T,-0.0381554298596406,2.40028359568211e-16,1.28650680323597e-20
11,68855363,G,A,0.0316392710645079,1.92214428516087e-21,1.79783200195208e-12
11,68366644,A,T,-0.0575511725965401,2.50616665798075e-06,9.12156806412581e-14
02,40638360,C,T,-0.0317008119869426,1.15696171669003e-23,5.53416063351185e-12
06,74477152,C,T,-0.0295431236075008,9.65028226510143e-30,1.65999346168144e-11
15,67432460,C,CA,0.0298804572030756,5.70330431981993e-29,2.18593772601102e-11
08,119926179,G,A,0.110461599778899,1.29023013373708e-11,3.07461240917445e-11
03,156552785,G,A,-0.0345606122809728,3.99965306821426e-13,3.1734767655433e-11
03,156795414,G,T,-0.0256959902253865,2.89869274560922e-14,5.41197140514538e-09
X,43868098,C,T,-0.02567240131112,1.2343827488952e-17,3.26267333405204e-11
20,11150594,T,C,-0.0748579554405924,2.56133530812506e-11,3.88118580810194e-11
20,10654563,A,C,-0.0251901766039197,1.1213914864407e-13,3.53668313567335e-09
07,15726373,T,C,-0.0303937138042548,1.1259130939318e-17,4.07948965681057e-11
07,16031931,C,T,-0.0288883563684255,2.19980952116382e-11,9.15800049518402e-09
07,27218229,A,G,0.0505673024122629,4.93978524940584e-13,4.48112978850361e-11
07,27653025,AT,A,-0.0334922306484651,1.19346536011261e-09,3.48935480826793e-07
04,146151286,TA,T,-0.0389380394806934,3.03905613004512e-15,4.70702828125998e-11
11,15243059,G,A,0.0541986195060614,2.35005245725625e-12,7.45946197477922e-11
01,21943136,C,T,-0.0292016996291788,3.35262394339535e-15,8.01111767619922e-11
01,22355978,G,A,-0.0317296115791564,1.31281820530437e-11,3.62859858710501e-10
06,55604267,C,T,0.0540219883695178,3.07896445990995e-09,8.85137494256415e-11
06,55676621,C,T,0.0946227340237197,2.31923818966179e-10,2.93171095071615e-08
06,55295258,A,C,0.0204479471781777,2.96654384730263e-12,4.35291206080791e-07
06,131310610,G,GA,0.0332467264739497,1.47667116304637e-16,1.02154464956566e-10
03,49813952,T,TA,0.0304731924812162,1.83909488136947e-19,1.39899696060231e-10
20,33590584,T,C,0.0366641387273654,1.38524462796114e-14,1.45535905431042e-10
01,201597947,T,C,-0.0354555206412255,7.27230775334569e-15,1.67589659698232e-10
04,88161981,G,C,-0.0395074577701094,1.32147983946446e-09,2.34890945691311e-10
04,88627101,C,CCT,-0.0289226689015975,1.38138969399766e-12,1.16741024795116e-08
04,87976359,A,T,0.022046060181461,4.08769409692743e-10,1.12248363290413e-08
02,200473866,AT,A,-0.0366701215695419,4.61196386269737e-14,2.63547394568807e-10
04,57907587,C,T,0.0288842110280298,5.08161635211454e-21,2.66054236007552e-10
20,7551554,G,A,-0.0292495730591069,7.03104447409726e-15,2.95596543453234e-10
20,7145715,C,T,-0.0283023808556077,1.86333433634529e-11,5.22609920203382e-09
20,45603836,C,T,-0.0318789965598506,2.95689232648606e-16,3.03585091103574e-10
20,10984360,T,C,0.0747866675463484,-99,7.35292741389829e-17
02,119161638,A,C,0.121624996587594,-99,1.96072953506003e-38
