chrom,pos,major,minor,beta,p_value,gwas_p_value
20,34025756,A,G,0.0610059092347883,0,6.5730044453429e-247
03,141121814,A,C,0.0558753463460654,0,4.85695832591676e-213
04,145568352,C,T,-0.0614065384804378,7.16458845058352e-205,3.33798375528229e-146
02,56106928,C,T,-0.0530715753942945,1.73874378376486e-213,7.14579894788682e-135
18,20735408,C,T,-0.0522539545600742,2.74480023137927e-194,5.6291135634367e-127
06,19839415,C,T,0.0937543318221032,1.75569620351399e-132,1.29186494005465e-119
04,17902623,TG,T,-0.0467625852205081,8.64308838441538e-107,5.31886626492273e-118
04,18022834,C,T,0.032458256319287,3.85666650989095e-94,4.85812453927006e-96
11,66897377,CAA,C,-0.0741565475886915,1.50310424842691e-138,2.62663915190452e-117
06,26180634,G,C,-0.0473077618966087,4.63571991942199e-199,3.06868602206025e-117
12,66376091,C,T,0.0409496472317253,0,1.51366747158327e-113
07,2802522,T,C,-0.043975015675788,1.37628836772327e-208,6.11073958285833e-113
06,34205465,GGAGCCC,G,0.0650319292875808,6.36708789213841e-123,2.63077620362317e-109
06,34205823,A,G,0.11799622357227,5.45073576805862e-44,6.65708648736905e-34
07,92250140,T,G,0.0445217098342343,1.14308916985104e-187,1.23196998318195e-108
06,142703669,C,T,-0.0438771539827273,2.55608235512576e-193,2.68823031602536e-108
19,8670147,C,T,-0.109161486150323,6.85645949909854e-116,1.07653382098602e-106
15,89397827,A,G,-0.102248186922543,1.05912372230107e-86,8.12196008702298e-104
15,89349708,A,G,0.0226342134616102,1.91920867981016e-68,1.81712617612569e-43
15,89399167,T,C,0.0235880702668099,7.25403590843605e-46,1.66254716397696e-49
15,100692953,G,A,-0.064505739985698,1.60649133157293e-128,2.11699251023706e-102
15,100785900,C,T,0.0265449130638649,1.37023302811441e-51,9.48961329803626e-34
15,100514063,T,C,-0.0210766648416287,3.4014548421476e-44,5.63015091258083e-18
17,29206421,G,T,-0.0461694098167228,9.01048436270939e-162,5.30275605616837e-98
X,78655777,G,C,-0.0320068846403877,2.91227488982699e-171,2.78887651832116e-96
13,51106788,G,A,-0.0389180721630571,9.14413545379038e-148,1.88084542408132e-93
13,50655989,G,T,0.118304032546322,4.06558351411609e-73,3.25872668420676e-79
15,84575367,C,CCACACACCA,-0.0350600063804756,3.63416619817268e-244,1.3495323583449e-85
01,149906413,T,C,0.035650395956117,5.27439498472535e-201,1.83142715508532e-85
13,50565104,ACT,A,0.120186309345739,4.29540417036552e-78,2.31285124197019e-83
13,51064533,CCT,C,-0.032266327870159,2.45720060998673e-91,2.54371464146849e-63
20,6612832,G,A,0.0357722073028016,8.61510039107863e-132,7.33014667738064e-83
20,6710434,T,G,-0.0195323577480184,9.30035031610464e-35,6.51297718462181e-24
12,4384844,T,G,0.13150705968929,1.28180057058092e-86,6.15559421149352e-82
07,28202079,C,T,0.0374999028719861,1.29523350349366e-148,2.56789740608245e-81
06,126851160,T,C,-0.0339437683672306,7.18008042422874e-239,1.91908553568717e-80
06,105390567,T,C,0.0364259590957708,1.19217052590254e-155,2.42952667507551e-80
12,93993266,C,A,0.0436325651052563,1.81695218621465e-114,2.70326541729679e-78
12,94136009,C,G,0.0292065008396955,5.44911972595443e-138,7.4579145357678e-47
04,82174165,A,G,0.0359713128449536,4.46626487906522e-142,1.59150847266263e-76
05,176509193,T,C,-0.030224078888973,9.21063751607191e-90,8.92380947330173e-76
05,176735612,A,G,0.0240808681011929,1.94845524548673e-49,1.72712033631407e-60
06,7719065,T,C,0.0365931239953362,6.0332862970201e-158,1.71224327052181e-75
06,7807422,C,T,0.0206025367828286,1.40460293664357e-52,1.0969371138451e-16
08,57122215,T,C,-0.0465754957901142,1.47270850442559e-83,2.08143048908874e-75
08,57136197,T,C,0.0311638252704821,1.23421844176422e-71,1.85861737123573e-55
06,34221604,T,C,0.0411043383820051,1.0771792279146e-69,9.12253813661112e-88
06,34997606,A,T,-0.022109821902042,2.64384058465649e-53,4.1558994743172e-41
06,130374461,A,T,0.0290184234618682,1.68910220179739e-75,7.48555407791341e-72
06,130341235,T,C,-0.0209826040863582,4.20613036774264e-40,1.94162201866129e-53
17,61993137,A,G,0.0267049694623398,2.9721526930575e-52,6.9034165626341e-70
17,62016727,CACACATATAT,C,-0.0308991735735559,7.46120811453687e-132,2.6218127196733e-36
17,61996273,T,C,-0.0489961404065258,3.23922616611182e-74,4.42673767997738e-39
01,184035116,A,G,0.0332810380387354,1.35622760794252e-143,9.91915174011675e-70
02,25465780,TATAATA,T,0.0293957400869959,1.46408150002628e-114,4.24023682607983e-69
02,25018256,C,T,-0.0238821239358763,4.92740827159412e-42,7.9097928293923e-42
17,59498052,G,A,0.0331196702919931,3.61023093669706e-98,1.06366352825261e-68
17,59608726,G,C,0.0159830883411414,2.143959285842e-27,2.93186759452737e-18
06,31325702,G,A,0.0291433458910013,7.13260938726169e-87,2.85878154885075e-68
06,31561353,T,A,-0.0232514528045224,7.18842542103835e-35,3.35178000783764e-47
09,98316094,G,A,-0.0453471973851357,2.31643680988697e-49,2.45232732964206e-65
09,98410405,C,T,0.0277869177079123,6.79600936922822e-47,7.12088635129235e-44
14,94838142,G,T,0.102704769831327,1.79022328737124e-63,6.2201542615739e-61
09,78511889,G,A,-0.0450525998206652,3.35401967153146e-77,1.13658972284848e-60
01,172223370,T,C,0.029948427019764,5.33936609176096e-44,2.61690830968596e-60
01,172363526,A,G,0.0203879742693046,2.01671127360748e-22,1.88654221456537e-21
15,99194896,C,G,-0.0455247344047422,1.26150120765111e-74,2.22249435431932e-59
08,130719567,A,T,-0.0358950902908162,2.81602184576277e-87,2.40051525457032e-58
01,118862669,T,C,-0.0328309637690808,9.09966518458893e-97,5.18226612837626e-58
19,2155497,C,T,0.0293611224032162,1.93345399768477e-132,1.06951567040844e-57
15,67457698,A,G,0.0615977334701994,2.7400718899222e-63,1.79945068033623e-56
15,67007813,A,G,0.0196259054208303,4.16322922194988e-37,1.11554447309356e-20
12,28691701,C,G,-0.0310126517161404,3.30542561499915e-102,2.2342594334948e-56
01,17306675,G,C,-0.0282482942247756,1.29775997169926e-155,3.48191007819826e-56
05,171284642,GC,G,-0.0307548192957474,2.16883010809675e-87,4.46784919756986e-56
14,61072875,C,T,0.0288196960902626,1.28330522644123e-123,1.14438892787164e-55
20,32274380,G,A,-0.0272570495470507,7.06587910679371e-63,3.4605145657279e-53
20,32654818,C,A,0.0306627658646385,4.28623732868973e-39,2.02755917654998e-37
20,32563945,AAT,A,0.0263516098457889,2.84023365882019e-16,9.6899871245417e-11
08,78099782,G,T,0.0303106251529165,7.09914884585219e-94,5.63180975994696e-53
11,2813322,C,T,-0.0981261915031797,2.08866209562204e-50,2.89836075843321e-52
11,2813345,C,T,0.0353844481376016,2.59091855396791e-41,4.26297062690067e-37
03,185548663,G,A,0.0434361273810512,5.98508661033534e-68,7.86013872516403e-52
03,185634321,G,A,0.0150220711386137,6.81736727058671e-36,1.27526748437151e-10
02,71562503,C,T,0.0272852651762939,4.87380949184466e-128,1.66633834138467e-51
01,41491570,CA,C,0.0287669580639564,7.82506857311137e-105,2.30909014917387e-51
06,35094427,C,CTT,0.0379873050675081,6.30136905220532e-82,5.84130114762693e-52
06,35003603,G,T,0.0204015708296239,1.19646229762785e-59,2.29948830230176e-22
06,35378798,G,A,-0.0725518681381846,2.76849906617788e-25,8.80638789680362e-37
03,171969077,G,C,-0.0257229829509422,5.5355901102744e-98,1.14158059615131e-49
03,172168507,T,A,0.0247206985566526,2.06380820628903e-46,2.62875814694003e-38
07,148631555,T,A,-0.0273063891951885,4.03502802252572e-50,1.56048220007867e-49
07,148640359,A,T,0.0217094575174518,1.58354446620701e-26,5.51943023007456e-39
07,148584494,A,G,0.0437800932539764,1.18762217574804e-14,4.21130945108794e-22
04,73515313,C,T,0.0266067169397769,3.25535640455791e-137,1.83827595079626e-49
11,75276178,C,A,0.037641025007128,1.35223728499129e-63,2.51907253379211e-48
01,218605609,G,A,0.0299650934006802,7.78781390254708e-68,3.47233346253961e-48
01,218953878,G,A,-0.0160113878147192,1.81206439753301e-26,5.22680764298277e-14
09,119122721,A,C,-0.03145324357908,2.89308337268772e-65,4.3828574349955e-48
09,119218693,A,G,0.0224734703391435,2.39199202276562e-15,4.88605511735522e-16
05,32832474,A,C,0.0289670928219036,4.6076093750848e-105,1.86070473796475e-47
05,32768634,A,G,0.0328007506392595,5.22106477167737e-72,3.07290354465443e-32
05,32711633,C,A,-0.0269855110400404,1.46148755370644e-33,9.38920796550919e-30
06,81829439,GTTGT,G,-0.0253983688084518,3.01394013947944e-76,3.14100478074874e-46
06,81473826,C,A,0.0300950308185197,1.18512564696074e-32,3.54038870093532e-35
03,72397279,A,G,-0.0260649513342434,1.17936573367338e-107,1.63071597980352e-45
05,131623358,A,G,0.025385739306064,3.54646468875599e-122,5.21123782716365e-45
06,41909521,C,CCG,0.050132635257169,1.14956258197726e-47,1.66387930028324e-44
06,41903798,C,A,-0.0730549914026238,6.02127998720583e-21,2.07203629281777e-22
06,41471389,T,A,0.0347497490181016,1.34141304079318e-13,1.89006556074317e-13
02,233094868,C,T,0.0718139932995779,1.03286120158054e-48,2.36442901831249e-44
02,233075081,C,T,-0.0655144571932649,9.42872479986013e-35,2.06291020993385e-38
02,233097174,A,G,0.0330084879506313,3.57628856710482e-31,3.47142922505206e-25
15,74278126,C,T,-0.0198559688774747,5.63419979632738e-11,1.46424414114113e-43
15,74221157,C,T,-0.021841124916116,1.97969323626263e-38,1.62923497524731e-39
03,128992047,A,G,-0.02976241340293,3.48547206645952e-67,2.86572173551926e-43
08,135598132,C,G,-0.0213091436580245,4.71046573326182e-42,3.81440291285737e-43
08,135649848,G,A,-0.0197677547434585,4.40036661828932e-24,3.07273796588305e-35
18,46604851,A,T,0.0257093788067827,2.77305827586658e-84,3.94920716873442e-42
18,46497009,AGGGCT,A,0.0166198267860448,2.6359550654724e-25,8.6059758658818e-14
05,134363145,G,A,-0.0278276113357656,3.21180941268299e-68,2.11875975410765e-41
12,69827658,G,T,0.0252190355534225,2.53470831324997e-82,5.10988956512311e-41
06,152161066,G,A,0.022109933879274,2.03578261403821e-62,9.8902198273317e-41
06,152355920,G,A,0.0203440452858935,1.55926994262038e-28,2.34641245066824e-30
02,25176277,A,T,0.0169709480590863,1.0885992465304e-44,2.89714029654748e-56
02,25403218,CA,C,-0.0217590853602941,2.60242369446448e-39,2.03965514781466e-41
02,25023842,T,G,-0.0200149010466687,1.36183898705365e-28,4.01313237672988e-42
01,227850588,T,A,-0.0328466032823095,3.03232824212469e-57,1.96106545753378e-40
01,228107262,G,A,-0.0154738069731166,6.89698224091406e-16,7.81830226738743e-09
09,99224746,A,T,0.0288164466298004,8.08728457850048e-59,4.70695701623326e-40
09,98780606,C,T,-0.0323013713697074,5.75922201902545e-21,3.30398073611549e-19
07,23508740,AATTG,A,-0.0271432674705384,7.70701586988257e-63,5.19307836246624e-40
07,23351080,C,G,-0.0232424031827273,3.5012284746999e-12,2.5854941616741e-11
03,51468766,C,G,0.0793542457859956,8.55437604058191e-42,6.37699769952375e-40
17,7371932,T,C,0.0248875279270244,1.35231774016735e-69,8.10006655114016e-40
17,7570878,A,G,-0.0184976115205854,1.7624152835631e-19,2.89731935785322e-15
20,47750588,T,C,0.027330333981949,9.0634437961207e-63,8.16917969835537e-39
04,106106353,C,A,0.0205892663922033,2.94296065729858e-84,2.18715226202777e-38
04,106200635,A,G,-0.0513642667213758,3.00998951679982e-20,1.85052386236305e-27
05,55023176,C,G,0.0234935299276257,1.77249611504327e-90,2.75999755112839e-38
05,168256455,T,C,-0.0284927676907569,2.30762017708661e-57,2.76671661039968e-38
06,81279194,G,A,0.0546667456984684,4.48639067910305e-30,3.47206465064319e-38
06,80905389,T,A,-0.0233786692143846,1.5389977661136e-57,6.65913621420468e-37
06,81670672,T,C,-0.0270032662154528,4.59647675729063e-33,2.85884721873705e-28
02,219929394,C,T,-0.0771316906063346,1.81577472172765e-26,5.11835766677778e-38
02,220041928,C,T,-0.015952524952104,1.04026850113368e-19,3.99587587168072e-29
17,21279289,T,C,-0.0247763245219205,1.78569274928958e-73,7.32500516778393e-38
03,9975386,C,G,-0.0293969429334127,4.04381519221766e-57,3.25934274173319e-37
02,23965245,T,TA,0.0198587911092663,1.0479614464354e-59,5.34390801630234e-37
02,23894344,A,T,-0.0197270707516035,9.23478533716187e-19,3.50456125936769e-25
16,783865,T,C,0.027531036963136,5.7186907255726e-45,9.4855972928977e-37
16,1030697,C,CG,0.0156913012767152,1.10385028463291e-28,3.54642656905708e-16
16,1122170,G,A,0.0148444738371713,3.45862529924538e-20,4.44216533130693e-14
10,81136129,A,C,0.0233131800661696,6.87057752803789e-62,1.54583185818028e-36
10,80921610,GAGCAT,G,-0.0216953711474682,1.43385431697946e-46,1.5140408408795e-30
10,81228378,T,C,0.0156837786383312,4.27434182873731e-11,3.1325140421484e-11
03,53139507,G,A,0.0230380957164775,1.65722515452064e-84,1.87559165846929e-36
06,76164589,C,A,0.0310088989306388,8.20709157534797e-24,3.45250297396372e-36
06,76267791,A,AT,0.0133397291903829,1.65593458810192e-29,2.84262924339649e-25
10,104352124,C,CCATTT,-0.0225051755924386,4.98718870801207e-87,1.44174849673295e-35
09,133462640,T,C,-0.0233131572131704,1.47881012687585e-72,2.55160242182386e-35
01,176811873,T,C,-0.0209716089575807,3.7092449172197e-67,7.73854193604812e-34
19,41939297,C,G,0.0221697537773478,2.7093324928547e-74,8.89520573823324e-34
19,4954455,G,A,-0.0228710579968847,1.05907428322019e-33,1.00195671870558e-33
19,4909629,C,G,0.0126507831873125,1.17096292715987e-19,6.77198718625699e-22
14,92430163,AT,A,-0.0207696452323428,5.25183072996635e-63,1.18254714629398e-33
14,92332868,C,T,0.0179010840625298,1.44441336794876e-16,3.81526639236985e-17
16,2152651,T,C,-0.0276925161107808,9.05575821298823e-33,1.41837331811972e-33
16,2266173,T,C,0.0188896639152534,2.33172533528417e-29,1.64763516606778e-24
16,2492682,T,TCA,-0.012567035484804,5.12471374782062e-17,7.31462509199625e-18
05,88323496,G,A,-0.0213914023733867,1.11931689692203e-47,3.04644637486167e-33
05,88800355,A,G,-0.0123837832868748,6.64130562615698e-13,2.44174074588645e-11
12,123897747,C,A,0.0271347943059422,1.34091642083499e-48,4.39419258428708e-33
03,187443314,G,A,0.0415392158854861,8.40491516561336e-38,4.96203483583005e-33
14,74986403,C,T,-0.024706309798418,1.09645550902999e-59,5.17791987889301e-33
14,75040246,C,G,-0.0172945996246153,6.778976470068e-45,2.12544304118177e-15
15,70034088,A,C,-0.0351040349592419,3.0110729040499e-38,6.87005483755086e-33
15,70356150,C,T,0.0235092767011486,8.23253139659449e-32,2.75156202532829e-23
02,33360338,G,A,-0.0237341197355975,8.34352557659685e-52,9.27535834653875e-33
02,33566184,C,T,-0.0443559656920551,3.11671571449481e-24,1.69285782729963e-27
02,33281870,T,G,-0.0237037078782545,1.02853198550117e-26,2.66299517539205e-12
17,46967124,A,G,0.022648034318109,7.35937184692236e-56,1.19496330485209e-32
17,46544203,C,CA,-0.0133948809796268,5.88026154954722e-11,1.83369321570688e-10
04,12965756,A,AC,-0.0209202773720782,2.2668801222427e-56,3.94211079606537e-32
04,13196064,C,A,0.0206148800668879,7.31989355652816e-30,2.17823760007393e-21
04,12740962,C,T,0.0266533054517077,3.24651572317268e-12,4.23892211651973e-16
01,78450517,C,A,0.0328473673364016,3.27462108685293e-42,4.34414411390194e-32
02,37995422,T,A,-0.0199713650012118,2.50531226923026e-72,6.2817580078697e-32
02,37960613,A,T,0.0263595188520327,4.11581030953764e-19,2.2850632957578e-23
06,28908612,A,G,-0.0195140411802971,8.30859365196935e-33,8.3577439942541e-32
06,28606287,CA,C,-0.0127352572643015,3.43499125510776e-17,6.40118219482654e-17
11,47488114,C,CT,-0.022079577332088,1.50876706839335e-64,9.77815387599262e-32
08,24041988,A,C,-0.0282549922379597,1.11183064986625e-44,1.02265279426852e-31
01,51391569,A,G,0.0366028894236813,2.28926827022028e-37,1.60675306374137e-31
06,168814600,A,G,-0.0254820685228878,2.45157032460371e-54,1.7277305191651e-31
06,109723017,T,TCC,-0.0214892374306541,2.051493690981e-73,2.90017233450736e-31
09,90873653,A,G,0.0211351282438506,4.26583851159135e-74,3.64982011557266e-31
12,11878464,C,A,0.0217844412076281,4.00839977819454e-64,4.13154199907496e-31
02,218279432,AC,A,-0.0216419688756669,8.81374223136258e-42,6.70933400920089e-31
02,218126181,G,A,-0.0165121929697399,1.54253856586225e-22,2.22351349107304e-17
02,218604987,C,T,0.0278722634495873,1.15974512021345e-16,1.25647753459509e-17
17,54845117,C,T,-0.0203090569425412,4.1556097644161e-59,9.36056824350589e-31
17,54778904,C,T,0.0183935195353918,2.57135389551057e-28,6.15016755077203e-21
17,54694724,A,G,0.0590730004116051,1.25239058366183e-16,3.54336815345201e-13
10,12943111,G,A,-0.0227714458521429,1.88226608219555e-54,1.0565434628647e-30
19,55993436,G,T,-0.0679450171139732,6.51135836550181e-33,1.57516941545573e-30
19,55879672,C,T,-0.0656738013941057,1.17736057256965e-27,2.23500629397104e-25
15,101718239,C,G,-0.0434196847205739,8.72317709406992e-31,2.55825259848473e-30
15,101617231,A,G,-0.0240366098514286,4.10182306477438e-14,6.46055972957143e-13
15,102005824,C,G,-0.015116030098826,1.59162472811183e-13,4.15327240514302e-11
02,20205541,C,T,-0.0564749396815737,1.52610849481408e-26,2.95473031330142e-30
02,20394068,C,T,-0.011601723302999,4.92352881799969e-21,3.47035712232213e-14
14,65520246,T,C,-0.0205695410896985,4.24061361458508e-80,5.27535807018694e-30
17,27889986,C,T,-0.0183200316126316,4.68896588117435e-38,5.81244968282239e-30
17,28120887,C,T,0.0221187446511463,2.09077786827869e-20,3.86559918938959e-24
17,28294280,G,A,-0.0283056673277901,1.89898488408685e-11,1.06101652892834e-16
16,69867835,A,G,-0.0197593675051339,5.57366341004075e-49,6.52583511649667e-30
16,69378445,A,G,-0.0109812518742697,4.98152161495944e-11,1.48536231330128e-10
05,179727399,G,C,-0.0205615993137792,6.76678873245219e-65,2.70581640279609e-29
09,109643880,T,A,0.0222721754889902,6.61931263140901e-37,3.06399339554041e-29
09,109518208,A,G,0.02020766947085,2.92490848651805e-18,5.74682749424045e-14
20,4098567,A,G,0.0209418059176808,1.64410586180549e-57,8.31820508490624e-29
08,145012777,C,G,-0.0195380956240055,8.96687545022375e-39,8.9060992746108e-29
08,144848756,A,G,-0.0114137634898718,1.5461697815456e-14,3.39870801234976e-12
13,92019617,G,C,0.0205574306226174,5.3030896462424e-60,1.31579263327463e-28
12,588372,C,CT,0.0217239716572398,4.11301377738864e-50,1.32770125891067e-28
12,670893,G,A,0.0154487317369743,3.03451748537564e-22,1.07115453233124e-13
12,102382052,A,G,-0.018785964699803,9.84930770928396e-69,1.53033178302153e-28
12,102661360,T,C,0.0343150431118524,4.30963407936458e-15,1.506297919449e-17
17,63556402,C,G,-0.0283287868388054,5.16637916572776e-37,3.63766378721463e-28
20,61451332,C,T,0.0414548252231443,3.38469150528869e-31,5.31894166231587e-28
20,61507075,C,T,-0.0129033675987863,1.75539715412676e-31,1.83054438908355e-10
02,88933316,C,T,0.0215865594293382,3.66242502128124e-49,6.69122463788585e-28
03,135894720,ACACTGTGCTAAGCCTGC,A,-0.0221030422287718,1.32488882474844e-47,7.51779676764022e-28
06,26831475,T,C,-0.0311336982364497,3.62916753228952e-33,3.60471768664267e-29
06,27046112,G,A,-0.048842388072395,5.8264949786171e-14,1.12344493791841e-12
06,27001055,C,G,0.022233911382218,2.21230899077004e-14,9.39503305062203e-17
01,89143842,T,C,-0.0194836029801747,3.5246803533517e-72,1.17127027699734e-27
12,65696801,C,CT,0.0194966253795412,1.2323027063356e-66,1.39684745508964e-27
12,66194867,A,C,-0.0334012983565943,1.02413863529703e-17,1.32589729211895e-17
12,66122348,A,AAT,0.026794057574071,5.55462950574519e-14,6.31224657749522e-15
07,20417034,C,A,-0.0197004070942529,5.3811831217893e-66,1.6964153186049e-27
14,24835500,T,C,0.0341634701812417,2.07690999013496e-21,1.74441766533964e-27
14,24804088,A,T,0.0154588168725203,1.18204043088953e-17,5.52745081962438e-24
14,24899194,T,C,0.0158009703386429,7.16109014333444e-11,1.37389895311351e-09
18,57829135,T,C,0.0228585308478542,5.12942971862531e-43,2.23945634416314e-27
10,5043504,G,A,-0.0304120534716399,2.91260857434677e-34,3.65240122420816e-27
08,120475358,G,T,-0.0186745464915622,4.3686276078841e-29,4.29130151405704e-27
08,120622730,A,AAG,0.0151586656276661,7.2621104522714e-18,1.2435411470238e-20
09,89082088,AAAT,A,0.0193028653320531,1.91057387342473e-76,8.37109663394115e-27
05,42814817,C,G,-0.0167152738832929,1.34610915182901e-40,9.37445130087887e-27
05,42687629,T,C,0.0192181443625844,7.63062749790757e-13,1.1565418499311e-25
X,78792528,G,A,-0.0251696240538471,2.03703075079909e-94,2.20505078447089e-78
X,78911186,A,G,-0.0199262237771656,7.2801326569852e-10,1.48042275364367e-32
19,10760120,CT,C,0.0194740012910805,6.65458981510541e-41,1.11883690220078e-26
14,103909280,C,CT,-0.0199029622447928,1.05841714445868e-66,1.34008718035416e-26
17,36922196,G,A,-0.0191625728992437,3.13653449506799e-64,2.96866733913194e-26
02,227326633,A,T,-0.0728741537861171,5.02933609608737e-27,3.91428672457007e-26
11,2165576,G,A,-0.0263746425478207,2.77953175128522e-35,4.83018723102418e-26
11,2013073,C,A,0.0208319822639651,1.72741982632625e-18,7.67417017381528e-14
11,2158759,AG,A,-0.0153680112375047,2.22400258742265e-19,3.05339674748552e-11
09,139110654,C,T,-0.0156358127946764,2.1787550781616e-24,1.16062458276937e-25
09,139386640,T,C,0.0202433971037826,6.76232150115794e-31,7.30048891008731e-25
09,139105229,T,C,0.0183370113522453,5.34409571387179e-15,5.30845395056733e-21
02,225076149,A,G,-0.0186748134685156,8.28410955346606e-44,1.18119808165069e-25
02,225466385,C,T,0.0131305231764611,2.84548267591634e-17,1.45574666631918e-12
09,108951075,C,T,-0.0202080787807924,5.87530100539134e-31,1.2367364114735e-25
01,32393578,G,T,0.0274167645659662,1.39172720730148e-32,2.37240038499256e-25
16,88804924,T,TC,-0.0200112582752747,2.29974784959711e-48,2.65958804189819e-25
21,39671476,A,G,0.018684272128045,4.59462419230182e-61,3.25353043437002e-25
09,96915247,T,G,0.0481964942245501,2.4930859302328e-26,3.97997878692242e-25
09,97364611,CA,C,-0.0433818520034221,2.05280296342021e-18,1.64904904897471e-17
09,97382156,C,CAAAAAAAAAAAAAA,-0.0327361957780683,1.10772388775879e-12,6.50738133571806e-10
03,61557718,A,G,-0.0186327991705011,9.75946141793669e-63,4.16353554530786e-25
05,36803614,T,TA,-0.0187284941843039,3.06575256807696e-63,4.30975929620912e-25
10,126290498,G,A,-0.0190505889956436,5.70864888475127e-58,5.16768805114995e-25
17,28890641,G,A,-0.0382845251504925,2.20019481092212e-32,4.39904572164449e-30
17,28806294,C,T,-0.0488728769676975,1.30865335904886e-23,7.24051008847743e-22
17,28459141,C,CT,0.0231404172953377,8.03315977004664e-23,1.00441389695481e-24
19,19548239,T,G,-0.0236472325411125,1.75969737253809e-35,9.71138875150316e-25
02,36776616,CT,C,-0.0195979315391341,2.97144748553302e-50,1.19237471198965e-24
06,35717413,A,T,-0.0644797867429947,2.81887989837979e-18,3.37614292537345e-25
06,36217160,A,G,0.0238663260840348,3.39010401139746e-30,1.4018793966539e-24
06,35739634,A,G,-0.0118972170797755,1.8577403335953e-14,7.30164297061922e-10
10,93037409,A,G,0.0223364511476323,3.67083973595502e-27,1.53724548424487e-24
10,93372126,C,T,0.0117776284272536,2.21548509719228e-12,5.02595102698376e-11
12,103147927,G,GT,-0.0309966682792801,3.0837970821228e-38,1.74911928617441e-24
12,103064247,A,G,-0.0217023355861945,1.41349747058248e-81,1.88684385490311e-23
01,9349611,T,A,0.027226863637324,3.94407423712718e-31,2.67904163635252e-24
06,45097503,T,A,-0.0209343503225336,2.26676753776727e-40,2.72675444421004e-24
05,108042193,A,C,0.0206352328001484,5.14001388145559e-39,2.94283424834221e-24
05,108168024,G,A,-0.0177662361331147,2.97765520910762e-13,5.24392757945043e-11
12,120867798,A,G,-0.0465943515462876,6.20197260594248e-26,4.45712872173155e-24
08,75883054,C,A,0.0185283690708103,2.53584100264233e-38,5.16033189359098e-24
08,75819170,T,C,0.0132050627880917,2.68489912139928e-16,4.25195202434519e-12
05,172753555,T,G,0.0309709405238181,3.11776424952772e-27,6.29665951487733e-24
05,172986446,A,AT,-0.0172187676142114,1.32468625099759e-25,1.36668321446885e-17
05,172484041,T,C,0.0116723095721009,4.01339273020078e-16,1.31579277697201e-10
19,7183797,C,T,0.0205099783105376,9.65035511579453e-40,7.25415238502909e-24
05,32995603,C,A,-0.0156506738836542,7.01669856690143e-28,1.54454172966532e-28
05,32869671,T,C,0.014824120820302,1.64245068609681e-26,4.22240285777383e-22
05,33334312,A,C,-0.0236754628596203,2.16476199642634e-14,1.12613367300033e-21
07,46577056,G,A,0.0173598267451723,4.10964260775514e-41,8.79457475439257e-24
02,219183053,G,GC,-0.0125717466362398,1.29193990017673e-16,5.23215949618757e-15
07,28829253,G,C,-0.0183184156436118,8.88169197035754e-54,1.01885886015356e-23
22,45840868,CA,C,0.0209394247662918,1.52136794543829e-28,1.20359759292689e-23
22,46231145,G,T,0.0126642463284894,7.94008206598413e-21,4.57531789353347e-13
12,124828059,T,C,0.0177495642247813,6.64664264766648e-33,1.34283421820149e-23
12,124373678,T,C,-0.0108387777037371,1.4400401222656e-16,4.31984141589432e-11
16,53477732,TGGG,T,0.019428959058308,3.45110852247236e-42,1.91176420861228e-23
20,33284770,A,ACAGCT,0.0170167943344925,3.58462303809884e-30,6.73339438587108e-56
20,32912091,A,G,0.030400987903701,3.95098809782196e-25,1.9757493580151e-50
20,33096940,G,A,0.0426014767697988,1.26288143153485e-14,6.46568829329007e-19
01,93003570,G,A,-0.0217554883487214,2.29120279578297e-34,3.48881865241827e-23
17,68090207,C,T,0.0173671144407139,3.15430716527187e-39,3.79829735059053e-23
17,68158667,CA,C,-0.024480450202343,1.24054984954276e-15,2.2517290356446e-16
10,121118492,C,A,0.0202681332151971,3.73542367265514e-31,3.9988564381074e-23
10,120967376,C,T,0.0262959139775189,6.50644548211527e-21,9.99627681506794e-18
10,121605530,G,A,-0.0164303990293484,1.04325826610828e-10,1.28413321136641e-10
06,131316458,A,G,0.0181742033909577,3.16324879800403e-50,4.66191475294934e-23
17,43216281,C,T,-0.0159378053661217,2.65729833049602e-27,4.82086140899447e-23
17,43675462,G,T,-0.0189960844642256,9.43392895919527e-24,9.58035106757673e-13
17,43188891,C,G,0.0160706687171353,8.6432396296073e-14,1.07972428540546e-16
16,30042677,G,T,0.018109113700543,1.64630243896124e-52,5.39867638101883e-23
05,129059497,G,A,0.0332350171603656,1.2959515900072e-26,5.65659248412995e-23
01,26796922,G,C,-0.0175490727833604,5.64870896763832e-26,7.50360854554913e-23
01,26449337,A,G,0.0167426261704994,3.07341570841072e-16,3.68836113564393e-16
01,26738382,T,C,0.0276758791009616,1.4414079109425e-10,1.61928558751962e-13
19,3417085,A,G,-0.018559114302063,1.87007701681815e-64,7.80026582086377e-23
02,46922870,C,T,0.0181896050739037,2.0890174497629e-48,9.57066376409721e-23
15,75824479,C,T,0.0270405005513552,2.70999149057774e-28,1.304214808987e-22
02,121614544,A,G,-0.0232096676161775,5.08417932066909e-31,1.70996116197635e-22
04,88598726,ATAGTT,A,0.0174203338227283,3.188536931801e-60,2.67493497650116e-22
17,38590316,CTG,C,-0.0176287162712024,1.62338969520433e-49,4.15248166825257e-22
10,69933969,G,A,0.0170037032215379,5.0206563870258e-35,4.37805916020649e-22
10,70336105,CAA,C,0.0161559512392398,2.05443967729123e-29,3.59329316638872e-20
10,61469538,C,T,0.020499391915729,2.08812459315749e-34,4.86211937292148e-22
X,118592738,G,GA,-0.016917422301288,3.00458967325907e-34,4.88347004907081e-22
06,116718515,AC,A,-0.0175422515912503,7.45472742269201e-60,5.38398284529911e-22
03,47314496,A,G,-0.0200945627085812,1.01376169082612e-33,5.55143333804931e-22
03,46934290,G,T,0.0496113661438625,4.74979230159316e-11,4.13861204235487e-12
07,38120073,A,G,-0.0180884031344905,1.64456620405584e-43,5.68917610762802e-22
06,117501988,C,T,-0.017740307745278,7.52669002405258e-33,7.18701531907852e-22
06,117030698,A,T,0.0145073370084804,4.15423198646603e-12,1.10194585777073e-10
06,117879652,G,A,0.0130100993626348,1.66598839655317e-12,4.63339627521419e-11
09,98256235,T,G,-0.0419579071645904,1.53071203832143e-47,1.5934804235873e-59
09,97804290,A,G,-0.0540330360023183,8.397878438958e-29,2.46947530893913e-18
08,23173591,G,A,0.0201151771647151,3.37100332521602e-29,8.96610128543422e-22
08,23381769,G,A,0.0187479834270969,2.49932749747473e-24,9.19721251915794e-19
19,10787540,C,T,0.0169808336193772,1.16139811229919e-29,2.35459930972377e-26
19,11262477,T,G,-0.0173006557200092,7.85739005793547e-31,1.24850257049811e-21
19,11001416,C,T,-0.0307028433243458,6.60393755424783e-13,5.08251835895092e-13
02,44393532,G,A,0.0216988835679577,3.6312287107474e-31,1.35126699811477e-21
06,108983527,T,C,-0.0187815742823085,1.46495945531233e-37,1.91862487870865e-21
12,116196316,CAA,C,-0.0215511900744778,6.52502743020507e-32,2.30217251488907e-21
19,12173175,CTT,C,0.0299177647808498,2.5429932267788e-21,2.30320457755422e-21
19,12502457,G,A,-0.01281183782021,4.43599240513753e-13,7.08087970016816e-12
01,103464210,C,T,0.0173160472128237,9.16751916114681e-49,2.40235604637973e-21
15,86276000,C,T,0.0168999729730248,7.97828522835262e-55,3.99874077068858e-21
04,57774843,C,T,0.0217084535119253,6.80358631660716e-30,4.10859150752107e-21
03,13555836,T,C,0.0287985314811852,1.10631639773057e-25,4.1663534607114e-21
03,13810820,A,C,0.0147422700221843,2.95354922391665e-21,5.68116234728546e-12
15,72195229,T,C,0.0532407305588022,3.87841552791028e-22,4.27228633729731e-21
02,232820979,G,A,-0.041217013413127,1.82807507820788e-41,3.72446656395205e-36
02,232790053,T,C,-0.0205905992822221,4.17301419137459e-55,5.5825650409948e-28
02,232819309,C,T,0.0562357174421365,3.13393724403152e-24,1.25216810146546e-30
10,79572587,T,C,-0.0537624796365204,2.3415405713157e-15,5.96126487502233e-21
10,79657705,C,G,-0.01302707654729,6.944661617401e-19,1.4554768780512e-16
10,70365455,A,C,0.0138627039166754,8.46392630516491e-19,7.84800120932295e-22
10,69956271,C,T,0.0160148342123501,5.13435054540031e-30,2.37397994562156e-21
10,70596934,A,C,-0.0226211103150251,5.85237330512458e-12,2.11014688818699e-16
12,20827579,G,A,0.0170609567463227,1.96165837680188e-26,7.66696914046002e-21
12,20549673,A,G,0.0118941160378697,5.2131896055042e-20,4.49481790334383e-12
X,75725092,CT,C,0.0276590198685843,1.73756020378081e-18,7.78270927566779e-21
X,76120669,T,G,-0.0260572903639571,1.4039468571556e-18,7.47805853890329e-18
X,76204327,C,G,-0.0244222609541458,4.89091330663121e-12,2.19386546752825e-11
02,169706079,T,C,-0.0173939370337331,8.59482153027801e-43,7.90918129569025e-21
X,56952119,A,G,-0.0175530726818163,8.72861294978655e-28,1.01436859685144e-20
05,77443854,T,TA,-0.0197900999357769,1.07865677724633e-32,1.03860214081879e-20
11,14819828,T,A,0.0301775551421263,2.38768209613682e-13,1.19110323369428e-20
11,14768384,A,T,0.011593059835117,1.51491023409085e-19,2.95274265764522e-17
11,30447998,C,T,0.0169669495852348,3.97866591730588e-47,1.27279711473996e-20
07,150542515,G,T,0.0167532948842322,1.63286603742509e-33,1.2878534092173e-20
07,150690176,C,T,-0.0258239799057542,1.68417436915999e-16,3.86126813872235e-17
01,224594993,GTGGAAATAACATGTT,G,-0.0217750864267087,6.58922930640774e-29,1.58180547212698e-20
04,8605338,G,A,-0.0170024723776577,2.66544502836605e-46,1.60831681958144e-20
08,13372120,G,A,-0.0336297158714869,6.4304693014655e-21,1.6465985855068e-20
08,13011273,C,G,0.0110158164177628,3.57234471505192e-20,1.23280255399166e-10
03,38019428,C,T,0.0192936589659509,2.42044133216524e-33,1.87775823088045e-20
03,56686329,T,C,-0.0172408030523204,3.43474292730837e-41,2.34022464847303e-20
02,172416533,C,CTTT,-0.0171480511946041,1.04452404082404e-19,2.68738963401324e-20
02,171964593,C,A,-0.0140568718230721,1.67292978155175e-21,1.15091478999605e-17
22,33106737,T,G,-0.0235789164616194,3.56511392547221e-27,2.95383426404343e-20
02,178565913,T,C,0.0415167571989507,6.77266249134502e-22,3.17387519723722e-20
01,38461319,A,C,0.0157932026868034,2.10288962097482e-42,3.2821527752469e-20
01,37969794,G,C,-0.0191910369191224,3.37705957381457e-10,4.04489382431972e-11
07,135045786,T,G,-0.0164932385926905,2.8041400966054e-31,3.76744705581967e-20
07,135105194,T,C,0.034010817495962,7.1178402928333e-12,1.89414791940749e-14
20,35529001,C,T,-0.0224517436095495,7.04344942700892e-21,3.88038093928016e-20
20,35038392,G,A,-0.0208593382457325,1.13180477640011e-34,3.39385433237857e-15
20,35072641,A,G,-0.0469337609336468,3.25284485161786e-11,8.35390271947201e-19
04,1700368,C,T,0.0173706271601106,1.8897409090401e-33,4.42620057968015e-20
04,1806519,C,T,-0.0273229225131714,1.72800148206704e-23,4.16952083325875e-19
04,1341553,A,G,-0.0333998345365622,1.24889344174215e-16,4.299301885445e-16
02,97418642,T,G,-0.0522392941904959,3.97632629011765e-21,4.72467174005114e-20
16,89677989,T,TG,-0.025061007943436,2.59170050454375e-18,5.37481913470059e-20
16,89704365,G,C,0.0139643582979659,2.01351379647898e-17,5.39237325868977e-16
02,10182818,AG,A,0.0167953919384884,1.09398160907936e-34,5.52432665337592e-20
02,9697372,C,A,-0.0121252083217836,6.64412050965122e-14,5.36534006109906e-10
08,25264962,G,A,-0.0171078081695885,1.80531566783735e-41,5.89654765969484e-20
08,117572538,A,G,0.0183581172736746,1.11935423071726e-33,7.74116720571732e-20
09,95439799,CT,C,-0.0190768941559688,8.67172874215733e-60,7.81515090481171e-20
09,95640171,C,T,-0.0421946896375671,2.22148755291274e-15,5.26952157344535e-11
21,35679026,G,A,-0.0167931451238157,6.101455141978e-41,9.64162551656278e-20
15,48939888,G,T,-0.0294467116228666,2.53026363642323e-25,1.06998924638926e-19
15,48684958,C,T,-0.0287496266395778,1.45794996730798e-23,1.74186127967236e-18
05,39424628,C,A,-0.0171660073650525,8.4684727178568e-39,1.1387635951834e-19
05,54964583,T,C,0.0244670594935321,2.26996382546048e-74,3.92036855504275e-38
14,23750078,G,A,0.0203574898299783,3.36055518029306e-28,1.70463983089426e-19
06,6886297,G,A,-0.0231928597636346,3.25027652638938e-20,1.96625694320456e-19
08,116636281,C,A,0.0165743844775968,1.2158920590552e-43,2.07503084504436e-19
19,10745764,C,T,0.019162371074633,8.22133312251525e-40,4.17146178163877e-26
10,124131176,A,G,-0.0162281836784386,3.01782922337056e-44,3.40343263573192e-19
04,87730980,C,T,-0.0623213586921652,9.33987136360399e-20,3.6947521152899e-19
05,178551299,G,T,0.016237935768208,4.36957022365101e-36,4.72342248580659e-19
05,178695905,A,G,-0.0145992201698605,2.01537350111191e-12,1.31248500560908e-10
01,19754134,T,TA,-0.0155528591702878,5.07699730438791e-31,5.72282709280212e-19
01,19871134,T,C,-0.0110746738113128,6.20898659193189e-12,5.15589927273744e-10
05,122754293,GTT,G,-0.016094307637935,2.33197989049272e-45,6.5479820310214e-19
14,21538067,A,C,-0.0161155920067906,1.05196628208795e-40,6.78600993745547e-19
14,21921225,C,T,0.017631807436534,7.14137040765461e-16,9.86375823080164e-14
04,184215675,G,A,-0.0185622267766349,6.07185311664717e-30,6.92611931327303e-19
06,47597241,A,C,-0.0136755745313395,1.30239238607836e-22,8.09854101831694e-19
06,47468485,G,GT,0.0129048159276355,7.38314470451504e-16,4.45163310773651e-16
05,138917548,CA,C,0.0176596453646396,1.52007911343589e-33,8.95088951220168e-19
15,85661506,C,G,0.0158021440322765,2.03798862283352e-18,9.22458033815918e-19
15,85266774,C,T,-0.0185989355173299,9.69780850636101e-16,4.18533017354421e-16
15,86109571,C,T,-0.0129855770303144,1.32426652622507e-16,1.318939633307e-15
08,129186110,T,C,0.0202732021822704,6.33449945361022e-24,9.99333594967622e-19
08,128990632,C,A,-0.0158956571791826,3.0126116104897e-11,3.35680785442299e-10
01,21084999,C,T,-0.0176770914263043,3.151661747301e-33,1.08799388043584e-18
01,150718780,G,C,0.044157089063989,3.46902432355348e-20,1.09592172533234e-18
01,151047648,C,T,0.0599675573613777,9.1260990784652e-18,6.09657222896504e-17
01,150935317,C,T,-0.0287116853794358,3.31728858796047e-11,4.03095398937419e-12
12,123593382,C,T,0.0258626212691298,2.30258830357715e-38,2.23093852332358e-32
12,123090380,C,T,-0.0163257727331393,3.46171855474148e-23,1.424806752216e-18
01,120191044,A,T,-0.0235550124426129,1.35277374231392e-22,1.21725787433918e-18
01,119707077,T,C,-0.0309028275827585,2.84999828588164e-11,2.84221092171238e-11
11,68411472,T,C,-0.0209154993655233,1.2477051710589e-19,1.29130701973742e-18
11,68077048,C,CT,-0.0130276926628894,8.58973411149429e-18,2.52014635292756e-14
10,102661251,T,G,-0.0163117772800966,7.60756401046602e-40,1.3676036247537e-18
10,102317557,T,G,-0.0143050644973716,7.45372464115418e-13,1.4529820775467e-09
01,205723572,T,C,0.0158104246116151,8.18322460123325e-47,1.38513318906566e-18
05,115041970,C,CT,0.0178724074734832,1.64699130887618e-31,1.43914287595031e-18
01,40775082,T,G,-0.0193413839492352,1.26648360392364e-27,1.44503245430584e-18
X,45634577,C,A,-0.0138439736192202,3.20022670426385e-23,1.51842208341201e-18
X,45193779,ATAAT,A,-0.0117819518666107,3.61335598941484e-23,2.01697648684304e-15
X,38009121,G,A,-0.0227134042675512,8.54437257234884e-21,1.64034433876549e-18
02,171836895,T,C,-0.015290140696519,7.38982214602903e-30,1.98931696377317e-18
02,172244053,T,A,0.015535965257215,6.13121141856288e-21,1.36387220473454e-16
03,99227949,TA,T,0.0173231373131565,5.38879693733608e-33,2.07900038810385e-18
16,24726237,G,A,-0.0160158280199463,1.00633411526984e-44,2.24334894579198e-18
11,12849185,G,C,0.015489533148378,2.16156430226808e-30,3.21716900030544e-18
11,13317964,G,A,0.0140683948780262,2.43408536418431e-15,3.02118666538255e-13
07,25889697,G,A,0.0169565000256679,2.12437781571038e-18,3.479392620198e-18
07,25656363,G,C,-0.0142277750399903,8.76562567407141e-16,8.04277854245219e-14
07,25806113,C,A,0.0273555988527112,2.69787412682507e-09,3.55721533294322e-09
02,242498497,G,A,-0.01522024276144,6.71838099620031e-29,3.66197519486875e-18
02,242397292,G,A,0.0125115864180339,3.74613004661985e-18,5.282536554652e-13
08,126508568,G,GA,-0.0189656203524966,8.87708451089429e-30,4.10979616044946e-18
06,34116469,C,A,0.0734004462067958,2.06595930033747e-32,9.30495643606266e-29
06,34094919,A,G,0.0483971291794495,1.3034930535869e-25,1.71289306902691e-21
06,33981907,C,T,0.0775683790107788,1.10652827439144e-22,9.42999709538424e-21
11,69260037,T,C,0.0237999744527891,9.65116122180358e-19,5.41416759463117e-18
04,122713863,A,C,0.0157727244744988,1.67747953406237e-39,5.82117961637224e-18
01,11276710,T,TA,0.0172012359552634,4.98532796442189e-34,7.35985383253094e-18
04,992802,C,G,-0.0191160102105703,1.59287111440871e-28,8.38986622555547e-18
07,8117636,G,A,-0.0154990704998404,5.56596269987008e-44,9.44518403976248e-18
01,118941011,G,A,-0.028101182718792,1.91480564041925e-38,7.2654714888724e-21
01,118941407,T,G,-0.0232996239736802,5.7804933737386e-18,3.45894250410022e-18
01,119427467,A,C,-0.0303803155222308,5.78208184097343e-12,1.00430825261756e-17
03,134191303,A,C,-0.0175636407560378,1.11916340336554e-27,1.01659224394551e-17
03,133980077,G,A,-0.0137562043290661,6.15220983437009e-28,2.70702713854387e-12
16,14395077,G,C,0.0164822485801582,3.93028321468041e-33,1.38468458841535e-17
01,182980016,A,ACC,0.0154649477305533,1.190823054326e-44,1.74753935822804e-17
16,82204132,G,C,0.0181631513479005,2.96794263494124e-27,1.98637244037886e-17
03,57990467,C,CTT,0.0157366906650912,1.1324312158402e-50,2.10625882815722e-17
03,157728016,C,T,0.0179077830863363,6.95381334935633e-27,2.3683479701001e-17
02,233185052,A,C,-0.0231893015536252,1.16386809667361e-53,3.24056719327391e-38
02,233654381,G,T,-0.0161665006079141,1.83375520877635e-22,2.41298042734981e-17
02,233450820,T,G,0.0166208808644311,2.30652278662266e-22,5.01221552585429e-17
15,94551607,A,G,0.0154074338436239,1.88987463188007e-41,2.99190517365299e-17
17,18130144,T,C,0.0149568015462501,2.18394459363983e-34,3.09991774152085e-17
17,17720319,C,T,0.0454410522533009,4.53456095808713e-10,3.66839697681323e-11
06,160768860,T,C,0.0153212087098601,8.4480381093842e-44,3.48185306582066e-17
01,214629462,C,CTT,-0.015423782261185,1.05561202842691e-37,4.67788192019685e-17
05,42641962,C,T,-0.0199138298435766,6.13284062263314e-57,5.66284344148643e-25
03,48171453,G,T,0.0729428664766859,1.13245713753465e-18,6.46933774418578e-17
03,48603508,C,A,0.053083896457103,1.00555378933876e-18,2.38288370488692e-16
03,48623124,G,A,0.0266279494644219,8.72372876791358e-14,1.16888861577808e-10
09,86595498,G,A,0.0170801061376844,2.33845620299434e-27,7.29460678186248e-17
10,27900882,C,T,0.0160876822934797,1.39659326613431e-36,7.35815967126712e-17
10,28162477,A,G,-0.0146050083809066,2.41183319629304e-16,1.62090452542201e-11
15,51542997,A,AT,-0.0221808027233496,1.14283427044368e-19,8.42241437671963e-17
15,51522210,G,C,-0.0644198336507678,2.65551166936013e-15,9.62530709197902e-12
15,51613811,T,C,-0.0139451238217597,1.59631364498536e-25,6.57515356311647e-13
12,46783653,A,G,-0.0113411644333135,2.78125641854147e-13,8.9438273107969e-17
12,46764254,A,G,-0.0547043648011852,8.49391649877795e-16,1.76683138273176e-15
19,17264961,G,C,-0.0177676282555602,5.06984280333594e-26,9.86237922841321e-17
X,133805760,C,A,0.0147267513363844,8.36143309084688e-21,1.01019727760788e-16
X,133690880,G,A,-0.0133228117409139,8.34726575958546e-22,4.6410694999783e-16
X,133560301,A,G,-0.0155125376324169,8.37611902836872e-12,1.7584591778415e-09
07,99332948,T,G,0.0369081404290087,3.38033035990201e-18,1.24189916772996e-16
11,46001229,C,G,-0.0229888933508486,5.58748832559954e-16,1.35296602407787e-16
11,46154590,G,A,0.0175709700492921,1.46781429471012e-15,4.70418753432717e-15
14,37144516,C,T,0.017649340500835,1.64300446003548e-21,1.46011659780795e-16
14,36996355,CTT,C,0.0138427028170397,2.77966669331082e-27,2.33152387318954e-13
22,28748830,T,A,-0.0653257211395102,6.94276794853317e-17,1.8090993385881e-16
18,77211175,T,C,-0.0153436585765856,5.50672853988364e-33,2.05847342697088e-16
08,123980448,T,C,0.0154002155399042,9.94260357693234e-33,2.21176287067965e-16
06,2190846,C,T,0.0183286169523954,6.37772144358704e-24,2.2149618128222e-16
05,72144005,T,C,0.0269286152401026,5.22412249553276e-19,2.39964950788839e-16
16,67332365,T,C,-0.0279436628123983,8.53626180156283e-19,2.52011032330073e-16
17,65830282,A,G,0.0183681315104947,1.1925996431882e-18,2.53388777957583e-16
17,66301563,C,T,0.0135096373214956,1.63015857470008e-22,1.29398422201243e-13
16,51095561,C,T,-0.0473084855694404,4.450772494618e-17,3.1493220172342e-16
19,18116144,A,G,-0.0160768240265566,1.2622045046623e-21,3.15992126323823e-16
12,107319661,G,A,-0.0165657823010229,6.10537764415264e-27,3.30232262744445e-16
09,118514371,T,A,-0.0281698197012635,8.45200485475847e-19,3.39820967747329e-16
09,118966861,T,G,0.0216151747996218,1.62964734556294e-12,9.99169075606054e-11
17,60720058,T,G,0.0152894342175071,5.26095097548476e-33,3.88821541419159e-16
02,225120880,T,C,-0.0178688580325329,4.53297391546219e-36,1.94217551887593e-24
02,225605531,A,G,0.0654755764294858,6.49682736172365e-14,3.92167374834974e-16
02,225281206,G,T,0.0118949287164659,7.90097612715946e-15,1.20290532187549e-10
07,19520977,G,A,0.0320866629758594,3.76903718951317e-16,4.1003128304627e-16
07,19021073,G,A,-0.0130383287082624,3.83662494688714e-13,5.78017192276326e-09
20,49090262,T,C,0.0194013430520378,8.48353156976122e-20,4.31454638364673e-16
20,48599549,T,C,-0.0167342950521488,9.37367623856426e-18,1.28874625287786e-13
11,14797227,G,A,0.032959801866812,3.84106901092897e-17,1.17859257536649e-19
11,14304205,GA,G,-0.0124723032044364,6.83314324040557e-28,4.3192905933549e-16
10,52762249,A,G,-0.0171886790590034,1.02961538429337e-22,4.45304563692851e-16
10,53258671,GA,G,0.0166297345575501,1.87412514238057e-12,3.14342439013868e-10
02,70338344,G,A,0.0146689522035194,6.00602703166469e-47,4.61477865648552e-16
12,77457439,A,G,-0.0147535307457172,3.43027750151726e-22,4.84976690094841e-16
12,77429695,T,TGG,-0.0175337042275594,2.42239925638015e-16,1.83881641725824e-15
X,99890204,C,T,-0.0162079414615326,3.85986292140182e-20,5.0542579611169e-16
03,33535519,C,T,0.0448005852173279,1.18846560036984e-16,5.09831892388235e-16
03,33194990,C,A,-0.0123017534826176,3.7014138638718e-24,2.14856770837495e-11
07,130626948,C,T,-0.0210370566769043,8.14136181299313e-21,5.28359346371564e-16
15,62365465,C,T,-0.0145495621367455,5.51700921073674e-40,6.09920584911105e-16
18,22811960,C,T,-0.0150564420388623,7.49383332524676e-32,6.65538693278503e-16
06,168850721,CAGG,C,-0.0249592278582863,2.3760666815511e-40,1.23972644603238e-27
06,169338924,T,A,-0.0153992094969274,7.66948751343953e-28,2.61513094529034e-15
16,75204325,C,T,-0.0156631041732044,1.90482768116393e-28,6.89834706699022e-16
08,49386030,C,T,0.0168336629328708,5.46615805809446e-25,6.94934868504112e-16
10,25178864,G,A,0.0197836315072023,4.13693903968504e-22,7.40139900485122e-16
13,30169861,C,A,0.0180055198603787,6.33805430259447e-24,8.06905227897183e-16
12,12868701,C,T,-0.0236702955957769,2.30601532028813e-15,8.52360207209125e-16
12,12871099,T,G,-0.0139745167626586,1.0103271312398e-14,9.35541858776731e-13
12,13241219,CTG,C,-0.0157963278219503,4.34121615116617e-10,8.78634654903503e-09
16,73795004,C,T,-0.0158081339887132,2.81814484197087e-27,1.13675831332567e-15
13,115013423,TTCTC,T,-0.0171597497222902,5.03119081543903e-24,1.25819857595748e-15
17,1675735,A,G,0.0138688775420683,1.25830366370476e-19,1.34202564355537e-15
17,1965279,G,A,0.0410428741852817,1.1747671869461e-10,1.38321383485512e-11
17,1626478,G,A,-0.0116538465284121,3.33022466100577e-13,5.61895857885303e-10
11,120311157,A,G,-0.0342965616746607,4.51045317546044e-17,1.4046225668949e-15
01,113082298,AAAAG,A,-0.0176185300248364,2.10323706678885e-23,1.41021893496686e-15
04,144444488,GT,G,0.0177127428409866,3.5992181730622e-23,1.43129320784105e-15
12,14507802,G,A,0.01432084327413,4.01963524736378e-38,1.43650102585858e-15
14,102928991,C,T,-0.0168153861529902,5.20145376440497e-24,1.62558810680218e-15
06,158898974,T,C,-0.027025988703363,1.0435922110622e-13,1.66630070985123e-15
06,158741725,G,A,0.0131485791112451,1.97287160312603e-22,4.16378408567477e-15
17,45374994,A,G,0.0137667164456149,1.92632548900314e-28,1.89976247635161e-15
17,45031028,C,T,0.0170087127857235,7.94858729729521e-10,2.14599747610029e-10
17,45882237,G,T,-0.017638930101544,7.04983124609286e-20,1.94548050119578e-15
17,45666998,T,C,0.0407558359752177,2.39965839957352e-11,2.28284972202448e-12
18,21067076,A,G,-0.0155951403856505,3.16172637529705e-33,1.12766568902148e-16
X,129251559,A,G,0.0119469909070699,1.38720056446335e-28,2.40329696740519e-15
14,70439185,C,A,0.0140257587256804,4.38358101199669e-34,2.51465381769183e-15
14,70633411,C,T,-0.0381596217458433,1.22458097228222e-10,3.79358944245633e-11
07,18786817,G,T,0.0166946241034314,2.02068179137276e-17,3.2143120272071e-15
07,18899163,C,T,-0.0123206311185287,1.55146606851631e-18,1.10490778131627e-11
01,10418160,CA,C,0.0184128367412205,3.98097246507818e-23,3.36448471163755e-15
13,21459966,GA,G,0.017210359933934,2.48986783310285e-18,3.44625064210061e-15
13,21562832,T,C,-0.0170804397697911,2.0850383895038e-11,2.84344411285848e-11
03,14400650,G,A,-0.0178225558024347,2.50383568609671e-22,3.46378841565944e-15
16,81578706,G,A,0.0219425977084383,9.76588423359155e-19,3.92128267478909e-15
06,166341870,T,C,-0.0142287210396715,4.73148647621323e-25,4.8353249749485e-15
06,165889031,T,A,0.0113440927770308,1.82126764941175e-14,1.55001143378115e-09
04,7848144,T,C,-0.0140956031803253,1.02192118270296e-40,4.99262274866215e-15
01,155006451,C,G,0.0174620239464593,6.63025488876148e-20,5.06328352580954e-15
01,154608308,TGACTAAATTCTGTCTGTCCTTTG,T,0.0132707599997995,2.71053880609177e-13,1.10709634492397e-09
10,104491164,G,A,-0.0191340577747709,2.85286580696962e-41,6.99026417757905e-23
06,25785874,A,T,-0.0348011648517742,1.77454908773053e-27,8.62742166353441e-21
06,25976542,C,T,-0.0379504893544017,5.65650658118386e-19,1.68268456028498e-14
06,25986650,G,A,-0.0496647530566535,9.13804437799792e-13,1.10386555767214e-10
X,108025223,C,T,-0.0161329310074209,2.56844244929664e-18,6.08210828490105e-15
16,84803278,A,G,0.0154120909274651,3.03325924073262e-19,6.11235628637656e-15
16,84987947,G,A,0.0145714166214535,6.71724623587486e-16,3.98201772073777e-13
12,58286188,C,T,-0.0147617030341767,3.64661791427116e-29,6.37848111031026e-15
11,74428243,C,T,-0.017686448313197,4.81022587558178e-19,6.78175270762124e-15
11,74311624,G,A,0.0135295228447319,1.28442992407556e-15,4.08474427279751e-11
01,22462131,G,T,0.013090014228915,2.82301175745298e-21,7.26662172031808e-15
01,22492613,A,G,-0.0180634063558797,1.18002367970609e-14,7.56163021718612e-15
09,101743336,T,C,-0.0153409623107111,9.63806058271768e-26,7.62206032888799e-15
11,18656932,T,C,0.0158771464787592,4.84205951023197e-24,8.23959868715002e-15
10,97941022,T,C,-0.014631144092698,1.99636781661192e-28,8.4854123185671e-15
01,47915233,A,T,0.0142444049037439,3.11612076984897e-34,8.56759189856012e-15
16,4710898,G,T,0.0140923387856024,2.15560336633205e-21,9.68917236306812e-15
17,73360154,C,T,-0.0196043353578768,1.63759487089479e-19,1.26455738305692e-14
12,59966623,G,A,0.014960849221194,1.35956725879038e-26,1.33837612748495e-14
06,155590120,T,TA,-0.014359121309081,9.40814338074244e-32,1.52407745554458e-14
12,56738791,CA,C,0.0270111472080057,1.31752577992817e-16,1.54776675054501e-14
X,70313229,T,C,-0.0114906034174597,2.60450247197462e-28,1.6881572065038e-14
15,81823538,C,T,-0.0153535038806536,4.14364582748706e-25,2.29323182043635e-14
22,42229092,G,C,-0.0240404444992998,1.6432032336691e-17,2.34489310697025e-14
12,122995468,G,GA,-0.0167756949456893,1.59811919279073e-21,3.79657319056951e-18
12,122599305,T,TTG,0.0127570272216068,3.81189748136792e-23,3.85337420481639e-14
15,41433724,CA,C,-0.0142446634723486,1.14119260840819e-30,2.94412155746687e-14
17,76766437,G,GA,0.013471932759825,2.17527688191683e-21,3.16686515116741e-14
17,76383671,C,T,-0.0108409787985463,6.37654273863009e-15,2.02280143513357e-09
05,67597321,T,C,-0.0142147148403609,3.94391418429788e-30,3.19435387106813e-14
05,67099798,C,T,0.0165542485050473,8.20330627018447e-13,1.81328222251185e-13
05,67316442,C,T,0.0195858427429769,2.48489533790901e-10,6.393379392833e-11
03,67425963,G,T,-0.021611196161438,1.21020715939833e-17,3.45668317993097e-14
03,53036417,T,TA,-0.0194041132881939,2.26619006882642e-57,2.36716748449824e-24
22,20789190,G,C,0.0136170543698713,6.19424283754801e-33,3.9568804531969e-14
07,139735856,A,G,0.0185090134046873,1.72294021468553e-17,4.46374714637757e-14
07,139816535,C,CTTCT,-0.0126142205927696,1.29259514654239e-21,1.6613857177247e-10
09,35886690,CAAAT,C,-0.0140708075072357,5.36034209260227e-29,4.54813302719649e-14
21,47429769,G,C,-0.0159972087328737,3.63614058449547e-19,4.84454595767047e-14
21,47528019,TA,T,0.015934467206516,2.24929490177296e-14,1.86897328507481e-11
07,121962558,T,C,0.0139652357904479,2.0733759845991e-28,5.02368818781261e-14
11,128657956,C,T,-0.0150727324001232,7.29301740418373e-20,5.09470091991271e-14
11,128575343,G,A,0.011180855638459,5.95261788088089e-15,8.53734671641007e-09
12,29523957,T,C,0.0149384226498649,6.28835177570247e-24,5.48429471724383e-14
04,81476986,C,T,0.0510374157063672,5.9118964676079e-14,5.6253392217992e-14
04,81547184,A,G,-0.0270959207717399,2.18536845415278e-09,3.36333081489202e-09
08,57170647,A,G,-0.0386195587294609,9.54205772486349e-50,6.34384167434376e-62
08,57187356,C,T,0.0346871498620326,2.164076287463e-52,1.4819331188352e-58
08,57665019,T,G,-0.0126160952569429,3.54706204227024e-15,5.66684618349696e-14
12,57522257,C,G,0.0249708330777955,1.86025545495165e-13,5.88738273130107e-14
12,57889077,G,A,-0.0134068446388342,1.72992572048669e-15,2.82037027973544e-12
10,53290991,T,C,0.0182092509536221,1.36212564002376e-16,6.10587053670736e-14
10,52792487,A,C,-0.0128084156414665,1.14323619689742e-16,5.37455126121607e-11
17,7527946,A,C,0.027797638538323,3.96327097369954e-28,1.42355068484368e-21
17,7571752,T,G,0.0660591560345189,5.08603291271916e-16,2.46354782332027e-14
17,8076911,G,A,-0.020988549845357,1.0600043989024e-14,1.50532578042459e-12
06,130322357,T,C,0.0273355840812001,6.82570864940011e-61,5.65993576600655e-41
06,129823611,C,T,-0.0162523283454393,1.93090027695717e-20,7.00751656908932e-14
22,30592487,G,C,0.0134393700551893,2.08400142364512e-33,7.45022123282651e-14
05,64392906,T,C,-0.014275945525034,1.29062997144444e-26,7.48769365748747e-14
12,117434317,CA,C,-0.0185179549175443,6.13019495895864e-19,8.39074861998885e-14
15,61403913,T,TA,-0.0142984820023832,7.84121984460247e-28,8.4035194143767e-14
08,60641434,G,A,0.0244267251044704,1.43869854670265e-16,8.96755988953606e-14
03,156920199,A,AAAAC,-0.0155686884065937,3.59104657422356e-22,9.00821546455994e-14
05,56206073,T,G,-0.0141939519428974,2.36324371723206e-22,9.72351704206121e-14
05,55808342,T,C,0.0139148768923281,7.43050897667483e-15,1.91641059793581e-11
02,27730940,C,T,-0.0138249786608139,2.01954156328165e-30,1.17380161123202e-13
01,42351435,C,A,0.0180480883070706,1.01860370838298e-16,1.20600269756252e-13
01,41911193,G,C,0.0534946782453897,4.28614719172181e-11,3.5156048044825e-11
01,42146295,T,C,-0.0114716538785479,6.24013574857944e-14,1.21947581646529e-09
01,53589801,A,G,0.016907158762539,3.99629301784857e-20,1.300167678581e-13
17,29318794,T,C,-0.0308992160106472,3.35820226069268e-85,1.41174341517783e-53
07,65086756,A,C,0.0158069817137839,8.04936750353017e-21,1.41781801177378e-13
10,28922228,C,T,0.0166977884315261,4.36551530756741e-20,1.47738367292419e-13
02,44499867,C,T,0.0199945442971103,1.41828691446334e-28,4.18604431289989e-16
02,44926740,A,AT,0.021007365003255,1.82760974465703e-21,5.2635574046166e-13
11,17051479,T,C,0.0160912184571752,9.45392268950349e-22,1.74271033238724e-13
10,105527578,T,TTTG,0.0220577727862356,2.87808905767679e-15,1.81988602260144e-13
10,105103698,C,G,0.0472784544959381,5.60473841474841e-09,1.75872054035986e-09
02,85818886,C,T,0.0144111391070127,1.38098401917101e-24,1.94996761657278e-13
05,171276393,A,G,-0.0269013896192383,6.73421924691057e-75,3.94649388148202e-48
09,89776188,T,G,0.0132099756369015,8.17135751970222e-32,2.34517946543481e-13
11,118575254,A,T,0.0146905605288044,2.0025902667561e-26,2.34962899489782e-13
06,164120003,TA,T,0.0196327144405359,3.80476862435081e-17,2.38235768445762e-13
04,3452345,G,A,-0.0143328808696483,3.69988202131196e-26,2.38635331407693e-13
12,50471630,G,A,0.0132257445851574,9.67927179349352e-31,2.40487962599603e-13
17,64308310,G,C,-0.0135417918011635,2.0095780903876e-28,2.40529963733364e-13
06,32629859,G,A,0.0208009347574807,3.39269452328627e-32,2.75308362295315e-54
06,33138677,G,A,0.0159619825108961,3.41008864408107e-19,1.47521412491017e-10
06,32608589,TA,T,0.0199595655065244,3.90012767805466e-19,3.97118712249018e-52
12,24003407,T,TA,-0.0134187084124332,5.27502902425906e-30,2.5607205732285e-13
20,21223946,GA,G,0.0140178847791795,1.44442181055146e-25,2.58588537222409e-13
X,101380667,G,C,0.0130807851809341,1.82074784637247e-18,2.79627812222317e-13
X,73843641,G,GT,0.0243952871972631,2.17772804582046e-13,5.96420612205576e-15
X,73648242,C,G,-0.025010144262968,5.48131159111943e-15,2.39381182222818e-14
X,73661634,C,T,-0.0235336506475184,2.42562096585526e-10,1.19583735219829e-09
09,94345789,G,A,0.0166272143117418,4.5242006791497e-19,3.05610934088129e-13
14,76410737,A,G,0.0134408428605362,1.10597835951331e-15,3.13491801851745e-13
14,76447850,G,A,-0.022009084098299,1.56147075867724e-11,3.89432019489712e-13
14,55274849,G,C,-0.0137292285449989,3.9131033157996e-25,3.2920763787453e-13
14,55200081,T,TA,0.0138453142813011,3.03041391942428e-15,2.58713220787639e-11
02,216249117,C,T,-0.0456940650432277,9.68780515477941e-14,3.48535856162622e-13
17,79934194,C,A,-0.0141512705739413,1.4735976766664e-23,3.86135451349557e-13
04,5016883,G,A,-0.0342487111915634,3.67657406848115e-14,3.87208816620403e-13
22,39281774,T,G,0.0155342607950505,6.86720991896872e-20,4.17120639932632e-13
17,44262581,A,C,-0.0188721452534004,8.19633397435734e-19,4.19971047483166e-13
06,140695225,G,A,-0.0151516136777789,1.27839799240248e-20,4.50784959805213e-13
12,48372810,C,T,-0.0252678464806332,8.81657452079785e-15,4.99500673504742e-13
06,133812872,G,A,0.0138226229564378,8.91847790343782e-24,5.10741057401255e-13
09,136931778,C,A,0.0162425239570345,2.54227445508723e-12,5.14460364604988e-13
09,137004907,C,T,0.0111976799312772,4.39202359518594e-21,1.45066839651997e-11
05,142658156,A,C,-0.0125870828577658,3.39972389085258e-20,5.55903617199839e-13
05,143144557,A,T,0.0116493467650487,6.58579821082656e-16,3.21094677591282e-11
04,109421339,C,CTCCAAGGAG,0.0142286560859011,9.90400202546206e-23,5.59057485650753e-13
09,85037201,C,T,0.0154956714202465,1.38983481401259e-19,5.67085912955968e-13
01,2141866,C,T,0.0142059195965561,3.18539075648983e-16,5.69118217508901e-13
01,2224836,G,A,0.0115563332685536,1.72986549197497e-15,2.12285407914331e-10
06,126899266,A,AAGAG,0.0327484555212519,3.19294039839042e-156,1.74843113368393e-76
06,127423055,G,A,0.0125081500089384,4.56834467308303e-11,3.55329401449392e-11
17,44872032,G,A,0.0335078784442277,8.58196592818552e-12,6.42268817987082e-13
17,44515243,C,T,-0.0135214297485406,3.28066781409472e-16,8.74775573463687e-12
12,110021453,G,A,0.0146132822309532,6.72686611479875e-21,6.59158577762502e-13
12,3393100,C,T,0.0270002518814214,2.07407275739312e-14,6.99452140377011e-13
02,69378070,G,C,0.0179534913083754,1.14650204011188e-14,8.38444621192916e-13
02,69318443,C,G,-0.0134506275810222,1.40982326575083e-15,2.25277987301031e-11
02,241734754,T,C,0.0122933631377474,5.79425044531376e-19,8.48520110756097e-13
02,242198934,G,GACAGGCTCTC,0.0119258364509004,2.01190757044767e-14,1.03056476444258e-11
01,212201175,CT,C,-0.0139798068608996,2.6670524007635e-25,8.57051838775949e-13
01,212479700,A,AG,0.0142252116625314,1.93753983001314e-12,3.8511173639694e-09
07,56036314,G,A,0.0151653501648407,5.42577581884505e-20,8.60808122448803e-13
14,64680285,T,C,-0.013499488908932,5.64622730164259e-25,9.72838072316588e-13
01,176802119,T,C,-0.0214038693116648,8.11059330089148e-77,8.16779454167174e-34
09,113803627,G,T,-0.0157739111545868,4.13141639200519e-17,9.87935679850798e-13
09,113416359,G,A,-0.0120125751374571,6.42931156892809e-12,7.69079630232408e-09
09,114293634,G,A,0.0109698905401262,1.52275692553596e-12,1.44841830424457e-09
08,134609195,A,G,0.0159650329300915,2.80501917256845e-18,9.99918750168853e-13
10,131355130,G,A,-0.0134397941045659,2.17788197675774e-24,1.0874377127168e-12
20,38552078,T,C,-0.0133576271410724,7.96994067094784e-26,1.09426007971212e-12
02,42575820,A,G,-0.0204713918415499,7.73892590697109e-16,1.17418308372043e-12
11,54860922,C,T,-0.017346144430814,3.86717023351728e-17,1.19238958029443e-12
14,93406232,T,C,0.0224420855622772,4.11669235665954e-15,1.25480829009246e-12
16,69551473,C,T,-0.0185980367685166,1.57943396437667e-40,3.85996583761204e-26
16,69168388,TTGAATTGCCTTCAGGGAAGGCAATTC,T,-0.0125023863568034,1.42783180410219e-12,1.26884496036092e-12
08,27548708,CT,C,0.0151203348526518,4.25840090929293e-19,1.37788110189197e-12
01,219584052,G,T,-0.0150909461439186,2.41209565068317e-20,1.39592759638735e-12
09,17040371,C,A,-0.0239613647297753,1.82449383405232e-15,1.43608928682596e-12
09,16726119,T,C,-0.0127563003922103,3.27601975566711e-15,9.59758090105044e-09
14,68662643,A,C,-0.0183528787520631,9.78823285111624e-17,1.45846211392805e-12
17,69957260,C,T,0.0171304022211253,6.82428861282226e-17,1.48155268846411e-12
10,100017453,T,G,0.0133328904327248,8.97632440971219e-24,1.52311023555066e-12
01,52307701,T,C,0.0397431622187975,1.52459547610391e-13,1.13864649051304e-12
11,127983934,A,C,-0.016569193640466,1.772145485743e-17,1.62344846011322e-12
10,11926444,G,A,0.0129031693700675,5.00831355322162e-27,1.69031171120137e-12
17,79409434,G,A,-0.0131071165346288,2.69073446691894e-22,1.73113323459025e-12
17,79046374,C,G,-0.0125574408919819,3.27644125830393e-15,3.84246461492823e-11
11,17943664,C,G,0.0129076196514019,1.59188425660387e-26,1.9887016881921e-12
03,147086268,C,T,0.0126360208891413,1.90924139590591e-34,2.07598857632847e-12
05,6735859,AGGT,A,0.0134689646083987,8.67741710659672e-28,2.10468232215316e-12
17,71158122,C,T,-0.0128121700408872,2.41853606627231e-28,2.37187258699286e-12
02,106730576,A,T,0.0178843399301053,5.08935385584476e-16,2.41698087863376e-12
17,62649590,A,AT,0.0193160653314868,8.72448446428875e-16,2.52476366338988e-12
02,200041644,T,G,-0.0179768922040523,1.23078725794802e-14,2.53910631796306e-12
02,199744537,G,A,0.0121330837127251,2.27365768809205e-12,7.36546962054986e-09
15,90105626,C,CA,0.0131414416461835,6.37569311084567e-26,2.57376574928043e-12
04,56291620,CAA,C,0.0135675775613835,7.61411035700935e-22,2.63060512748641e-12
03,55515277,C,T,0.0146648326870194,2.87379855814993e-20,2.70352117422401e-12
18,33024107,G,A,0.013524643659312,9.6573501924158e-23,2.83450636336614e-12
04,48498679,G,A,-0.0125766051243395,7.08859123543643e-34,3.07398697462058e-12
11,69912521,T,A,-0.0122706966859894,1.02488614192854e-28,3.23388009720634e-12
01,23294136,A,G,-0.0133241984702912,7.68326380841958e-23,3.30217424595738e-12
07,120767593,CTT,C,-0.0128521680867166,2.5687169935152e-27,3.30894618853814e-12
20,57463472,G,C,0.0156152341852734,2.91695483664002e-29,3.63660388724791e-12
20,57459868,T,C,-0.0428982509485494,8.59069934462806e-13,4.92160193703637e-09
20,57684612,A,G,0.0168698245560212,9.64215245887411e-12,2.54736136447355e-11
01,221340905,A,AGTGT,0.0128490987567847,9.56138307400544e-26,4.34859005884151e-12
04,123825919,T,C,0.0152313739612873,1.22325505456639e-17,4.42442578004971e-12
07,50659193,C,T,0.0148634220266182,5.85424989153141e-19,4.50125876698738e-12
05,127802451,C,A,0.0550809929831023,1.7172337356243e-12,4.55546930815156e-12
03,123051019,T,C,-0.014292117895488,2.97061371948501e-19,4.92116637703093e-12
09,123476952,A,G,0.0134870886395005,2.19049950551107e-21,4.94351174652634e-12
03,11631498,T,C,-0.0275500673362473,2.28959640252893e-13,5.09034654158322e-12
01,46090714,C,CTTTTT,0.0136281024720107,4.62426069433961e-24,5.09629240571277e-12
03,114231004,A,ATATGCTTACCTATGGGTG,-0.0154413022322538,4.012107538071e-23,5.13594193500825e-12
03,114553234,A,C,0.0267589968773088,9.91170535362396e-13,4.11468506505149e-10
04,40053637,C,CT,-0.0196702741487375,1.05216942208037e-14,5.18615787457292e-12
20,39742367,A,T,-0.0254178426720709,1.97274035539249e-13,5.58047575372634e-12
01,172193668,G,A,0.0287254016376127,5.25783108680043e-41,3.48746259794673e-59
12,47201814,G,A,0.0112137407519999,1.5404244833682e-17,2.86389155070461e-12
12,47045255,C,A,-0.0611532272985452,2.34813944403713e-12,5.88275364454174e-10
19,44053542,G,A,0.0156905261968979,8.09813962880776e-17,6.22120795389482e-12
X,83312474,C,A,0.012933662984097,2.58726896254905e-16,6.69359229482227e-12
02,43611510,A,AC,0.0127925788727392,6.77038406004439e-24,6.75644481744423e-12
12,104354173,C,T,0.0135985609053487,2.97708984876603e-20,7.14951079040872e-12
12,104842117,C,T,-0.0236903673291523,6.83480785187209e-10,4.37126011926067e-09
13,47091032,G,GA,-0.0128524867824067,1.32026121635153e-25,7.20446673192425e-12
02,191660828,G,A,-0.0197439158976078,2.50620576978837e-14,7.58102909885491e-12
05,88394669,G,A,-0.0215440172110369,3.93099750473922e-48,9.9212101627449e-33
05,88858208,T,A,-0.0112759087662456,9.86897774363167e-14,1.55884091236989e-10
15,74472199,T,C,-0.0169547876285015,3.75809338068318e-26,8.30119082093895e-25
15,74795830,C,T,-0.0316975881298337,1.32158442782297e-10,7.85876224090344e-12
15,65955516,A,G,0.0162936320388671,4.28040895886675e-16,8.15854019388877e-12
04,120680560,G,A,-0.01306041188739,6.02950738690286e-22,8.29483874282377e-12
08,9104590,C,T,0.0125469381969568,8.97372409085908e-25,8.32606255101052e-12
01,25393004,G,A,0.0125415627755183,1.57660089943309e-26,8.45039526419464e-12
05,134336705,T,G,-0.0224233363848148,2.86968772152464e-48,1.26267307157151e-36
05,134076812,G,A,-0.0182109123397319,8.12085935305434e-10,4.17122499087731e-16
05,42049325,G,A,0.0221981687051717,2.23431343806675e-16,6.92896855588513e-16
05,41659967,G,A,-0.0183806496636767,3.17269997797627e-11,8.66845804485147e-12
02,68447156,T,TA,-0.0228839915410229,1.27093128380628e-13,9.11080916731074e-12
X,139268064,A,T,0.0101941778415869,1.76311475901843e-23,9.25537518157142e-12
02,105132332,A,G,0.012359101975304,2.15840917111909e-27,9.55453468170815e-12
01,32414767,G,A,0.0276415461873022,1.38364600285404e-14,1.15263091614917e-17
01,32559000,CTTTTTTTTTTTT,C,0.0190636609229451,8.73552324224818e-14,1.08056007548639e-15
17,47039132,C,T,0.0220378536067592,1.21682613495458e-59,3.04654174895577e-31
07,46529421,T,G,-0.0181239284632651,3.96347145264747e-18,1.80875640864314e-14
17,29817443,G,A,-0.0135073018487678,1.70838733709215e-27,4.0928325562781e-13
X,105030660,C,T,0.0103422987723089,4.24784616549859e-20,1.20076442120243e-11
08,4809797,A,C,-0.0121738751192089,2.57714479487223e-29,1.38932618389818e-11
20,30395568,ATATG,A,0.0143409204951006,5.76773960454283e-19,1.44546572506575e-11
10,64471946,CA,C,0.0127488473187234,4.55012054927291e-19,1.54939115703268e-11
10,64953959,C,G,-0.0122646539700615,1.15051661064262e-13,8.39455829460313e-10
14,105954705,C,T,0.0139741609631271,1.57830509999831e-18,1.58996173690441e-11
22,28501414,C,T,-0.0539470243124918,3.13890169611493e-14,6.66776842415115e-15
22,28063227,G,A,-0.0116776169409094,1.64911264516362e-24,1.62758997758139e-11
X,128614287,A,G,0.0158996875035807,1.99975420928065e-13,1.68108046316032e-11
21,28314030,G,A,-0.0143761572507689,2.33789651250579e-17,1.74073543539351e-11
16,4015313,G,A,-0.0155606187920209,1.39348554420818e-13,1.77608006385377e-11
03,151930970,C,T,-0.0142844960165739,1.58082731930705e-17,1.79518085224286e-11
11,126017059,C,T,0.0120536131171513,3.2526484916072e-15,1.80824128982757e-11
11,125825224,T,G,-0.0113302584485746,2.06400298256505e-16,7.53536899791987e-11
10,89781891,AAAG,A,0.0164591186002788,2.30092138004272e-15,1.83084654531869e-11
17,69307999,C,T,-0.012649563551497,2.4219180562657e-22,1.8760987489588e-11
01,85986879,C,T,0.016587261089559,1.83545358980657e-12,1.96289167560734e-11
01,86339511,T,TAAAA,0.0117192697035494,1.90142088382923e-18,2.40884852482849e-11
16,4366721,G,A,0.0262587498105811,-99,6.99683847437996e-11
06,7231843,G,A,-0.0712097413271262,-99,1.04523619695522e-34
19,10301469,AATAAAATAAAAT,A,0.0587060609473411,-99,2.22321741227834e-19
19,10320749,G,A,-0.033555436712628,-99,1.2731611883661e-15
19,18540988,T,C,-0.0256033994108113,-99,3.26210326248991e-12
07,19248278,G,T,-0.0576511013238791,-99,1.7288599117664e-12
17,30201312,T,TC,0.033665099024071,-99,4.85042211977217e-12
06,34623905,C,T,0.0861369344896824,-99,3.5037194022519e-78
05,42534306,A,G,-0.0320653527384387,-99,1.59022124736312e-12
07,46201355,A,G,0.0344488623387964,-99,3.90309162698876e-16
12,47144033,G,A,0.0316173864382686,-99,1.61318983832142e-10
17,47379486,T,C,-0.0375240334370931,-99,1.71614100054616e-20
11,68826317,C,T,-0.022056058992905,-99,1.03982360142988e-09
11,69474158,C,T,-0.125186701077579,-99,3.31890936332262e-13
15,74336633,T,C,0.040097530952522,-99,2.44661169536438e-36
09,98217581,T,C,0.051205356997252,-99,5.83656400647157e-56
12,102686585,C,T,-0.142728619032079,-99,2.79966494877457e-21
09,109177571,G,C,0.0272093741044389,-99,5.20551494601879e-15
06,168981262,C,T,-0.0825338142852034,-99,1.0897076429788e-12
05,170864021,G,T,-0.0547020825228421,-99,3.1058728281403e-34
05,171189571,A,G,0.0456656495090058,-99,8.08963468947766e-31
01,172083093,A,G,0.039101211461956,-99,3.04902833867543e-46
01,176500060,T,A,0.0527461149968826,-99,3.03272840150156e-14
01,176521655,G,A,-0.108048507512866,-99,3.04968671750196e-31
02,219506257,A,G,-0.0329780775888448,-99,3.9918124008582e-24
