chrom,pos,major,minor,beta,p_value,gwas_p_value
04,81181072,A,T,0.0427454007299415,5.22723995330512e-103,4.50013490998081e-57
05,32831670,C,T,-0.0416685905020418,2.32814195978268e-145,3.45935385214626e-53
05,32838928,A,G,-0.0669124268913158,1.00970264052589e-22,2.01607300246847e-12
01,11880731,G,T,-0.0481085566577662,1.45324003079752e-66,2.93677125615654e-48
07,106411858,T,C,0.040894492837314,1.09125512145912e-60,5.44096488531226e-41
11,100610546,C,T,-0.0367575644281194,3.66933137315379e-71,6.08017441247549e-41
12,90088580,T,A,-0.0417119223715308,2.44214337138837e-52,1.73912145142267e-37
10,18727959,C,G,-0.0320797232278412,1.46561707603279e-49,6.7196782938292e-36
10,18471750,CA,C,0.0212103434243178,3.0172849203588e-22,1.00629252391999e-17
19,7257990,C,G,-0.0447943597455822,9.48038795191661e-45,9.60724106749516e-35
15,91428197,C,T,0.0287835650550157,8.06576643977209e-87,4.41601566334776e-32
02,164954174,A,T,-0.0350841576239569,5.73416712854617e-51,1.02944180663773e-31
02,164456639,C,T,0.0273743366653695,6.08236739778748e-12,3.07446124829326e-08
11,1887068,T,G,0.0259108567833314,7.61413454375492e-33,1.1972262146576e-31
11,2129578,G,A,0.0309856407750426,5.82349395495129e-11,6.85024574435629e-09
11,1876157,G,A,0.0169114839100751,2.71416317374772e-12,7.89329325390301e-18
19,11526765,G,T,-0.0282716108296925,3.23658452306107e-83,4.07038437724824e-31
02,26916844,G,C,0.0281311808812705,9.58880557006754e-64,4.31981753891451e-29
10,104906211,T,C,-0.0505254101401451,4.50428759929854e-33,1.34438567508731e-28
10,96009182,T,TA,-0.0248805788935035,1.50964377459752e-39,3.86121788005421e-27
10,95900004,A,G,0.0155168309431323,8.56676805349778e-17,2.89526196944567e-14
10,63511306,G,A,-0.0372762306905489,4.66559032541321e-33,4.79138849939033e-26
10,63801030,T,C,-0.0143377138733313,1.90227246147261e-10,4.60238491805551e-06
06,127182811,C,A,0.0250984049438839,1.86919882597576e-58,3.11611200732833e-24
01,10798552,T,C,0.0256611024962245,1.33499363548024e-50,4.83895048324071e-24
01,113044328,G,T,0.0416983201836233,9.63373387192803e-22,1.05749862044693e-23
01,113045061,T,A,-0.0182779538842164,4.85179451787599e-17,1.60848780976688e-15
12,115554085,A,AT,-0.0246870290947315,4.48041368914686e-30,5.46205514696128e-23
12,115370347,A,G,-0.015444212197603,1.25375237528535e-10,4.80029160076826e-09
12,115927482,C,T,-0.0128393553250383,1.50127461447314e-11,8.85492786567949e-07
07,27238691,G,C,-0.0436814939406559,1.70347471850342e-23,1.31946289085675e-22
07,27338039,ATTTTTTTTT,A,0.0185847395533679,4.68654181980167e-10,8.1701806980842e-10
20,57727382,T,C,0.038246880042063,2.10646957580943e-27,2.56683487197613e-22
17,44993128,A,G,0.0220142209319187,2.41847853411477e-32,1.68463463774152e-21
17,44794558,C,G,0.0215348608324283,6.31468560007265e-12,7.39132234568463e-14
12,111884608,C,T,0.0169443627557112,6.62283778800829e-30,1.78148951692157e-21
12,111792427,A,G,-0.017981518636972,1.6905463355051e-12,3.9013529709468e-19
08,10603705,T,G,0.0231620426432833,6.52589527127542e-46,2.07168732343835e-20
17,43172478,C,CTT,0.0201931309944528,4.01264980290764e-27,3.11058212110548e-20
17,43197331,AC,A,0.0303610915240629,3.86815485939474e-06,4.36157513936103e-12
15,75114322,C,T,0.0245161257194933,5.21793892505337e-37,3.87376378306639e-20
11,107091429,T,TTG,0.0221072642192403,3.06438351264849e-54,1.13109261615078e-19
11,47530227,A,AAC,0.0186279978353858,1.670795100792e-33,6.01815864303643e-19
11,47278298,T,G,-0.025224651490094,4.54800794771616e-14,2.0949595417822e-17
16,69965021,C,T,0.048362256485808,7.41007343825549e-21,6.52293445093898e-19
15,81010249,A,G,0.0218330521488885,6.35237905994224e-40,8.16372538004216e-19
15,81289388,G,A,0.0177279226708576,2.91991839191383e-08,3.56994110544612e-07
12,20351276,A,T,-0.0232167415563865,8.67656990369185e-24,2.62104013656102e-18
12,20007597,C,A,-0.0189825037791773,1.95244265945541e-10,2.00908709934088e-10
12,20595535,T,C,0.0139576018139852,2.333272670484e-12,5.34143995689061e-07
08,25900405,G,T,-0.023502278361601,2.50906079729047e-24,8.04320816669099e-18
08,26043622,A,G,0.0209011343813089,5.78390274905635e-09,2.91424845063333e-09
17,44237751,C,T,0.046089456844486,3.50971936644427e-20,1.30046451144388e-17
06,31610189,TAAAG,T,0.0200382672242007,2.37547998288044e-27,3.69040359565992e-17
06,31324643,C,G,-0.0127901073106961,2.87727822208789e-11,2.62070901474467e-08
12,53441990,G,A,-0.0215332930310782,1.07357947819617e-24,6.18476620302382e-17
12,53423851,T,C,0.0168220612774347,8.00157680452669e-08,8.50233113750954e-08
20,10965998,G,A,0.0203202484186046,7.04559260829968e-24,1.98109661905325e-16
20,10693337,A,G,-0.016194727565454,2.51928059248434e-15,1.07348329130352e-10
20,11182100,G,T,-0.0136681881339633,1.75622224946318e-09,6.52216866389968e-08
10,115781527,C,T,-0.0233699906930901,2.34692372293203e-21,2.12556078083385e-16
10,115746691,C,G,0.0360504679687225,1.04242655499179e-09,1.01562606368967e-08
10,115724039,A,G,-0.0140987326861427,4.62194331006368e-11,2.57670241546693e-12
06,150998847,G,GA,-0.0390213321394609,1.02868802472923e-18,2.25349672057807e-16
04,103188709,C,T,-0.0379183932457299,9.79940560994469e-19,3.20183909861175e-16
16,75456304,C,T,-0.0202124876453487,4.42049629753683e-37,3.75019328824515e-16
11,10192809,T,A,0.0195344666643301,6.18445419015157e-12,3.84044350489411e-16
11,10664421,G,A,0.0183585713250228,3.61568573209186e-14,5.07901622168087e-13
11,9762274,C,T,-0.0154141197352295,2.91104504087598e-17,7.64278177247712e-16
07,92243719,C,T,-0.0215795969326792,3.14370935551657e-28,5.62321507334541e-16
07,151406220,A,G,0.0216514364805576,2.99423931236567e-27,8.10314862953717e-16
11,49707575,CA,C,-0.0209886084423591,6.22088550720941e-39,1.51897870046877e-15
01,89146660,C,CT,0.019913004114456,1.88557022383572e-33,1.85177705530188e-15
01,115831202,G,A,0.0737325076454627,6.64081311539402e-16,2.11847636921143e-15
05,157803588,A,G,-0.0179109268097024,3.16204839118346e-18,2.77743748552924e-15
05,157938502,C,A,0.0159117618967989,6.52868559362613e-12,4.05165732104682e-10
11,65405600,G,T,-0.0236444185715301,2.49354924563773e-22,3.69279984430842e-15
05,122481429,AAT,A,0.0199164474923836,5.53790392481665e-23,4.13499366816413e-15
05,122482243,C,A,0.0128438290342638,5.80967963946375e-11,4.17752813990698e-07
01,230844772,G,T,0.0193117038486399,1.3956039947405e-32,8.79016470523399e-15
07,130973495,T,C,-0.0192993559288772,1.00535404827392e-30,1.36509194240911e-14
07,131323710,A,G,0.0270109459666609,4.64712525187962e-06,9.60606807575072e-06
07,150704843,G,A,-0.0177934466193468,9.13208101267205e-21,1.40869618124942e-14
07,150690176,C,T,0.0213988501362507,3.38515675469372e-07,1.10186435215258e-09
15,69583434,C,T,-0.0633671918983036,2.87546347605256e-15,1.41819330993605e-14
02,216300185,T,C,0.0210677105144606,1.54718476560769e-23,2.6427026940895e-14
05,148348395,G,A,-0.0233945270841913,1.11052054867639e-18,2.82516697761909e-14
05,148116202,T,G,-0.0142933992779111,1.05676032901854e-09,7.22516530274847e-07
06,97039741,G,A,0.0238784902373908,4.11037832102222e-20,3.30534135534613e-14
04,156487119,G,T,-0.0166370630699004,3.85877389521311e-19,3.64024380417535e-14
04,156636327,C,CT,-0.0181538333702937,1.08704244488814e-16,3.14852073172252e-13
04,156391307,A,G,0.0153635572607039,3.95524067140248e-08,9.51140102995941e-11
17,59489893,C,T,-0.0232983100968257,3.06415367923103e-19,3.85413173346693e-14
17,59240686,G,GA,0.0176539902690137,5.27310839271637e-11,8.53290337282531e-08
19,49605705,G,A,-0.0253063138867255,6.66401322436384e-17,4.73158636344109e-14
19,49229323,A,G,-0.0132615172138213,1.02614641770985e-15,2.43848863533015e-07
10,102611920,T,TCACA,-0.0270956375578141,7.01707104191551e-18,5.45392782954992e-14
17,1958609,C,T,0.0192011815027274,3.72409721918554e-28,8.47756505568001e-14
03,53553923,G,T,-0.0230944310306448,1.34390585080816e-20,9.5063440759782e-14
03,53696955,C,T,-0.0137584147605062,1.18554904184693e-12,3.12950776624659e-06
03,53885799,A,G,-0.0132825665409431,5.12799150176277e-09,2.33674609556756e-08
03,169091569,A,T,0.0200188199050779,8.34790547834187e-22,1.10071262570234e-13
03,169238015,C,T,-0.0154521881908274,1.85931395333447e-12,5.97620552744796e-07
03,169480204,A,G,-0.0150192515047296,1.77716309908394e-09,2.35921557187952e-08
03,27562988,C,T,0.0165547018357782,7.40989158758034e-27,1.34148844128974e-13
03,27614800,C,T,0.0450914933552072,1.84382080419867e-06,1.05205617163435e-08
03,14947539,T,G,-0.0172077777006901,1.96246136055923e-13,1.61079596324484e-13
03,14891798,C,T,0.0140656676543041,5.08227690575357e-11,1.49679326606035e-11
05,127857493,A,G,0.0184166812088236,3.74798908177256e-29,1.84132091486533e-13
07,19052733,G,A,0.0246227333227229,1.22447708859205e-17,2.42131964425244e-13
02,19729795,C,A,0.0178747034532549,6.32920674859448e-37,2.4558026019168e-13
04,106910958,T,C,-0.0208448415685811,8.15788015520035e-21,2.68216708179078e-13
13,22317923,G,T,-0.0180039390606858,4.74423307962987e-18,3.11222789020798e-13
13,22448843,T,G,-0.0134018882878374,3.23810848596236e-13,2.1167454114452e-08
16,24835168,G,A,-0.0224480920155462,6.26829672234935e-19,3.31812385026295e-13
06,79598237,A,AT,0.0185693000945333,1.14617805987354e-33,3.96547560925016e-13
15,41460307,G,GGCT,0.0177544699828392,2.3311997059322e-34,4.95950817849561e-13
01,42364877,G,T,-0.014407037969146,5.58375562823502e-20,5.61740507480048e-13
01,42359581,T,A,0.0222646416050271,4.00300774805565e-08,2.95980622557063e-11
08,120456197,A,T,0.0208046315468705,2.96012414436398e-20,5.82203756353772e-13
01,59650829,G,C,-0.019679418015251,1.27693829618436e-21,6.47039990654645e-13
02,65296280,T,C,-0.0180641400225138,2.08054871284684e-25,9.46026834282953e-13
03,11539058,T,C,-0.018034459029505,4.11687072927517e-26,1.02569149032425e-12
01,153662423,G,A,0.0658769688450468,5.49399402042528e-13,1.36000648279857e-12
15,40307775,G,A,-0.0173803535057697,2.21785911587426e-30,1.48223103818225e-12
11,16272201,A,T,0.021177510189146,1.81193778044583e-18,1.68010675097874e-12
12,50535955,C,T,-0.0200239139969428,9.05683021056626e-19,1.79291909698001e-12
12,50111858,C,A,-0.0188268035890037,1.87747519913711e-08,1.58857813226826e-06
17,79369458,AT,A,0.0183760975242172,1.77495013226775e-23,1.95939584830754e-12
10,75801495,C,CA,-0.0167090683699119,1.5353062762221e-22,2.28067197581315e-12
10,75409877,C,T,0.0204802831650903,1.1764033477619e-10,1.02861759107141e-10
17,1357751,C,T,0.0172338045221554,2.38972733270706e-29,2.6174688514802e-12
09,136535677,G,A,-0.0321511283508426,2.70199855378819e-14,3.0094892594458e-12
08,51905465,AT,A,0.0224745101818874,1.19935598849559e-16,3.29157102974025e-12
17,7185092,A,G,-0.0165365644944738,1.53676313701871e-18,3.83110449324593e-12
17,7450637,C,T,0.0146780600724601,6.84614265477483e-10,7.4945770842524e-10
17,7658587,G,A,-0.0194464382666391,1.0997374856949e-07,4.95885798755106e-09
05,96181420,TACTC,T,-0.0211514513598503,1.30925103861088e-17,4.01742789771761e-12
02,182996099,G,C,-0.0245718333421758,1.75364017227495e-17,5.15016924019322e-12
02,183211443,A,G,0.01555312689843,1.18554302459451e-13,8.25663373992833e-06
19,2177625,T,G,0.0355529728529755,1.46322718651067e-12,5.24864826475424e-12
19,1839254,C,CAA,-0.0211001398661071,8.88184807562453e-15,3.25243448454968e-11
19,2588423,A,C,-0.0453067441708039,7.76154887183244e-06,7.91252708573874e-06
16,2089006,G,A,-0.0223379358209588,2.24455916936996e-12,6.52212085117798e-12
16,2006158,A,T,-0.0115164366078709,6.64228309352766e-13,1.31235703725391e-06
05,87393746,A,G,-0.0217484531840745,1.79582882909065e-16,7.65229895464133e-12
01,3326796,C,G,0.0244173652529037,4.1389204559076e-15,8.48032881921654e-12
12,54434813,C,CT,-0.0182373085915692,1.2458969474197e-20,9.08151179535825e-12
20,47415446,C,T,-0.023341160653066,2.56712672629955e-15,1.11206939002327e-11
08,95272605,G,C,0.0240695805231437,1.11161281033221e-14,1.59740222717971e-11
06,43349795,G,A,0.0175409721042089,7.17933945672876e-21,1.70016225731779e-11
20,50108980,A,G,-0.0163775689791739,2.64156196008164e-29,1.86702491592371e-11
16,53806453,A,G,0.0167177407876869,4.80375754957882e-25,1.9475816624979e-11
10,64564892,G,T,-0.0168147600195058,2.41493629328693e-25,1.971475017396e-11
17,76798362,T,C,0.0163245569718194,2.19151872662639e-29,2.05834241475198e-11
03,158232887,G,C,0.0186467826909372,2.19396305729449e-19,2.4722519800959e-11
11,130268147,C,G,0.015894209939122,3.99997887881303e-16,2.88356084263075e-11
11,130479001,G,A,-0.0117759711923233,7.49583058931898e-10,2.75635049022024e-07
04,38395515,G,C,-0.0162137915348271,6.03711904454882e-31,2.98487037681217e-11
10,134477720,A,G,0.0253159749057856,9.37296831951521e-14,3.55742917860736e-11
05,173312730,C,T,-0.0178243824529708,5.11226356133959e-19,3.57392932188846e-11
09,113155247,T,G,0.0237628332080375,1.47653529090463e-12,3.57931264421729e-11
09,112760888,G,A,-0.0124451349978138,1.5173692147566e-09,1.69635434481566e-06
01,228119604,G,A,0.0161707582997627,1.24397216458177e-28,3.83474492667578e-11
01,43926305,T,C,0.0161757479169856,2.81035711882336e-27,3.8911716187023e-11
08,143992864,A,C,0.0156053991236135,5.63754850468518e-19,4.11007116376911e-11
08,143518289,T,C,-0.0130391918508683,4.91845747228987e-09,1.58117886597365e-07
02,218680529,G,T,0.0162911038487313,5.85015623487398e-17,4.78929023255175e-11
02,219155907,A,T,0.0111707174983741,1.53046468461385e-08,7.60217099277377e-06
12,12657705,A,G,-0.0165716033823861,4.87702985049852e-17,5.77305410955419e-11
12,12872484,C,CA,-0.0126427782124855,4.11803236268679e-08,3.48906027752123e-06
16,60664454,C,CACATTTCTTTATTA,-0.0173081516710738,5.58308417148292e-20,5.78274206079691e-11
06,26104632,G,T,0.0222570218773712,2.46876397005848e-14,5.79391668739054e-11
07,75095477,T,TA,-0.0163465817925791,1.28716457518079e-25,5.82239331329883e-11
19,10334663,G,T,0.0166357200447069,6.84508367870168e-24,6.51166295466717e-11
04,86747929,A,G,0.0245045633587312,1.54257210118268e-13,6.63317200317663e-11
05,61944322,A,G,0.0316881947358684,2.82092821872938e-12,7.1820289276638e-11
03,124551037,T,TA,-0.0161336887245376,2.1048352599181e-24,7.91435513163981e-11
13,115060768,C,T,0.0277573318288328,6.03642519033343e-13,8.94529354862974e-11
16,20392332,G,A,-0.0200632773310016,1.26780491921908e-12,9.22746079736156e-11
16,20887755,G,GA,0.0128015547587484,5.69517979543009e-12,1.75729297339034e-06
01,56617947,T,G,0.0164427938991138,3.48942574954941e-17,9.48940531741981e-11
01,56958393,CT,C,0.0131191271142561,2.00544131832603e-08,3.49368801523103e-06
04,144085327,A,T,-0.0157418763358635,4.76223322489914e-28,1.08452799494515e-10
18,42246441,T,C,-0.0194329953983045,2.93225308785048e-12,1.27605439365401e-10
18,42596789,C,T,0.0130931585906122,4.83886056280015e-10,1.9134935620669e-07
17,62387091,T,C,-0.0157542741325642,1.72369535957834e-14,1.33744728200605e-10
17,62580234,A,G,-0.0125722986104047,7.97660251302879e-10,4.8141388666208e-07
21,44829595,C,T,-0.0651665725316802,5.74894401430633e-10,1.53785187320757e-10
21,44795084,C,T,0.0155313835709977,8.2235747521768e-13,8.8766771806581e-09
08,76704099,G,A,-0.015712056433897,3.83721482092827e-27,1.5484278931199e-10
17,46979221,CAT,C,-0.0158314548332331,2.65539241094996e-17,1.74148021023715e-10
17,47453444,A,G,0.0164806689527106,2.905281886038e-14,3.17194774019305e-09
17,46508156,G,A,0.0365258745952555,8.06815234383312e-09,5.98873282927193e-09
20,42804026,A,G,0.023031147789649,3.09841386025305e-13,1.77379826205612e-10
03,48178576,ATA,A,-0.0171103850658711,1.60260426414103e-22,2.11921378510784e-10
19,45739675,G,A,0.017280036136012,1.53523033108421e-14,2.28116331290612e-10
19,46239598,C,T,-0.0142057698170978,1.44470192596682e-11,3.0586091813785e-07
01,6683240,G,A,-0.016134944585674,3.6513705884599e-20,2.45254400431496e-10
07,24606157,C,T,-0.0197976261835335,1.44934510733762e-14,2.71617691366357e-10
14,50655357,G,C,-0.0738538182369867,1.39331192057825e-10,2.76974876576787e-10
05,114430610,A,G,0.015361160169124,1.00767011444989e-27,2.90942787391266e-10
07,2092885,A,G,0.0168292807024292,1.43633131925205e-16,2.91483215381874e-10
07,2529623,T,C,0.0151138240790317,5.07908373609206e-13,2.51169523609368e-08
03,134046989,C,T,-0.0127365679011187,1.93347540811024e-07,4.60123426890978e-10
03,133935636,CAAAAAAA,C,-0.0122868709927908,9.09688509183112e-10,4.93979003012347e-10
06,117878947,A,G,-0.0151373788727768,3.73500383155434e-27,5.3096175457583e-10
15,63380607,G,GA,0.0161380922321259,1.01795162470944e-19,5.50451660495123e-10
11,122528352,A,C,0.0173895649067359,1.67813711690045e-15,6.69840121627053e-10
11,112953771,GT,G,-0.0154439442016643,2.39590389141331e-21,6.90227742055313e-10
09,127900996,T,C,0.022509675946119,1.86302314513715e-12,7.33744966206115e-10
02,208535138,T,A,0.0151003263073843,1.25755339569445e-25,7.81133439912659e-10
20,62711459,C,T,-0.0142657082910955,6.56456045038126e-16,8.00353260775841e-10
20,62483910,G,T,0.0140412914933362,1.99603444726261e-11,8.74977820252643e-09
07,22156538,C,G,0.0164089584661571,2.46775949558478e-17,8.34115036600533e-10
11,30443248,G,A,0.016976936746988,2.73433693753653e-09,8.91136071249828e-10
11,30166274,GT,G,-0.0139023758924377,1.82383690869792e-11,1.33660615623896e-09
11,30759781,C,CT,-0.0129014132096963,3.32404321224872e-09,7.08285110419206e-06
11,47347688,TG,T,-0.0216740457336208,6.20076580898511e-11,1.77356300037922e-18
11,47401448,T,TTA,-0.0154552462920279,5.63128169426248e-17,3.74247962222976e-17
16,3539896,A,AC,0.0156050423219418,4.71122607397595e-12,9.94213180126367e-10
16,3762587,T,C,0.0210127849313644,2.17008161687479e-06,1.29930002622058e-07
01,16048951,A,T,-0.0172721456655703,4.36311380596968e-15,1.05173161779353e-09
02,25262928,C,T,-0.0257581638743107,2.02532269698196e-11,1.09685039788037e-09
10,124205304,A,G,0.0234777931973411,6.24457544042248e-12,1.12546068906236e-09
19,17213716,CA,C,-0.0183442860176291,4.14585298793274e-14,1.26293809908567e-09
14,23384705,C,CT,0.0153066082204001,4.34570422803091e-15,1.31573462133506e-09
14,23865885,G,A,-0.0139336260248095,3.21828961165034e-11,5.2056352620736e-08
02,138387566,AT,A,0.0172777094824065,3.28619805549035e-15,1.31957709292967e-09
05,157986813,CT,C,0.0170567576112904,3.62631708940585e-12,5.61891902665302e-10
05,158470063,T,C,-0.0142824227289544,2.02953561549618e-11,1.98556088900329e-09
07,69743566,AACATACATACAT,A,0.0180450556611987,5.46651983618388e-14,1.6909490272426e-09
04,49138609,A,T,0.0173442027155574,7.0880664139944e-16,1.77844673097164e-09
11,61278246,T,C,-0.023057324505717,2.37432925400854e-10,1.78025210063832e-09
11,61702603,C,T,-0.0113031475877021,5.05209154932395e-11,4.94200176097938e-06
14,53411391,C,T,0.0158339410326777,1.28305121062546e-16,1.80283548059671e-09
02,162771163,AT,A,-0.0236217519527692,1.00171354138825e-11,1.9466141996638e-09
06,143180726,T,C,-0.0191177779603382,7.98848600009058e-13,2.14596113210818e-09
11,57603686,GT,G,-0.0157181338931163,1.92548218551137e-17,2.31526425600964e-09
05,77828816,G,A,-0.0146867870234432,1.18668903214595e-22,2.56215081760695e-09
01,8460247,TCA,T,0.0156624312553029,1.45235899339905e-16,2.60678078616475e-09
14,100591558,A,C,0.016274199770554,5.22308174286933e-11,2.67767696560847e-09
14,100133250,C,T,0.0127028183462287,5.1926911458452e-12,1.16786757962978e-07
03,121696035,T,C,-0.0145690679138497,2.80080717358449e-23,2.97467985977224e-09
17,43163851,C,T,0.0222362111084484,7.40723824640834e-45,2.31839913964385e-19
13,25256470,G,A,0.0247770781919742,2.73450053767812e-11,3.26906758517072e-09
02,175558804,G,A,0.0156318169237972,7.74420805054016e-09,3.43175299932516e-09
02,175085994,TC,T,0.0115989944932851,6.71023694416305e-11,9.63837164143512e-08
02,177052949,G,A,0.016215044600117,9.16805125435477e-12,3.47393847342473e-09
02,177533234,A,T,-0.0139667779474871,3.63650173894306e-13,2.99055436521601e-08
02,176736744,C,T,0.016342574621488,1.45188310221451e-08,3.94171940385138e-07
03,41211575,A,G,-0.0144056179215857,1.8667857282343e-23,3.7537982407474e-09
06,22136262,G,C,0.0147930876471972,1.31886466000187e-16,4.12321488454334e-09
06,22392260,A,G,-0.0139257549742479,7.44393396266967e-09,8.10519994015548e-07
17,40495473,C,CTT,0.0156442165891492,5.67252230450838e-21,4.13046180612458e-09
02,231270165,A,G,-0.0146672934852825,2.72713010211905e-19,4.40246772051563e-09
10,105161778,C,T,-0.0196952010925802,5.5958321897012e-17,4.27763552766879e-12
10,105668646,A,AT,0.0160492260228574,4.30238513293068e-19,4.84653127729959e-09
17,57384444,G,A,-0.0152750325927019,2.72528352505294e-17,4.4676456647359e-09
02,242466277,C,T,-0.0410939119619642,2.43073977480138e-09,4.55628381115788e-09
02,242367649,C,CT,0.0116984188156553,4.76500273436162e-15,5.56484694760653e-06
03,49811413,A,AAC,-0.0146736109807881,3.55163242045353e-23,5.02820825944411e-09
02,651407,T,C,-0.020574832642831,5.82615078944717e-12,5.09501346634452e-09
13,113636156,C,T,0.0169506173619211,1.73875071104226e-13,5.13860191711209e-09
06,98328592,G,GTA,-0.0145104107255829,1.24858339306684e-21,5.20200127767211e-09
06,31236051,G,A,0.0173102956889117,3.78157544303108e-22,9.74021232166349e-15
06,31576714,G,A,-0.0219203103337619,3.8578963220894e-10,4.36573890370946e-09
06,31348879,A,G,-0.0138086267443147,2.87685542364925e-11,5.15363439838252e-10
07,1195692,A,G,-0.040633943722169,1.65774924105469e-09,5.37646489741451e-09
06,50774397,C,CAT,0.0215609332164341,8.83834383747508e-12,6.74276577955552e-09
02,37498688,C,T,-0.0145612280764557,1.71460375952071e-07,6.86163998485696e-09
02,37634473,T,C,-0.0117882513836011,3.31946858773726e-08,3.63108427099668e-08
09,130377239,AG,A,0.0159729958035611,3.80716478922956e-18,7.30930234508263e-09
11,56180753,G,A,-0.0262651617439908,3.79184444210882e-16,7.95979363081569e-13
08,141076197,G,A,0.0145599523767201,8.96974216059956e-18,7.91646599131987e-09
11,58424081,C,A,-0.0196440876935418,2.0355615338183e-11,8.69997035134822e-09
08,81374271,CA,C,-0.0187816699228926,1.21813026737345e-12,8.84735902332522e-09
06,57749349,A,G,-0.0142474591362314,5.06791724912165e-19,8.9158962328627e-09
19,31900731,T,A,0.0142802825447792,1.59976035970396e-14,9.0555690906335e-09
19,32178927,C,T,-0.0127839408089254,1.21509367791782e-07,4.06148416882457e-06
09,9343174,C,A,0.0146852355867526,6.31785135204574e-17,9.08926920537384e-09
10,69586512,G,T,0.0168036672112293,3.14380171463843e-13,9.56157646625373e-09
07,90297177,C,G,-0.0147794067461341,4.13348974622634e-16,9.91263256612896e-09
19,4939393,C,CT,0.0144126846084683,3.38448727321117e-17,9.96351505659291e-09
19,5119384,C,T,-0.037715296549226,9.99746960947607e-07,1.21755289658086e-06
01,1685921,TCCCTGGGACCGAAGTCGCCCCA,T,-0.0138452944875602,3.02880086527272e-18,9.9730242463965e-09
01,1273278,G,A,-0.0148327394549482,4.75142789993977e-07,1.61032254857187e-06
11,31808280,T,C,0.0194286334130804,2.14480373264183e-11,1.01909913144075e-08
04,138381268,T,C,0.0141171088026716,2.20830961510191e-21,1.11774447703757e-08
16,4477006,C,A,0.023597120848744,8.77559226001642e-11,1.2737973045015e-08
16,4918326,G,T,-0.0159732760069958,3.01619748054684e-10,9.71043017998505e-08
16,4178332,GAA,G,-0.0176510076829251,3.68643039057261e-10,1.71200588719286e-07
03,183503017,G,A,0.0138745638550954,9.37992955244573e-23,1.29875930377908e-08
01,156074845,T,C,-0.0140563399445715,1.23890173201939e-18,1.33033806466304e-08
16,65244618,G,T,-0.013927361939318,4.93288662722604e-21,1.33596672288145e-08
02,174936181,T,A,0.0143028523335131,2.54891308281287e-18,1.34759906367644e-08
11,13299258,AG,A,-0.0147289939675236,3.56145700641261e-16,1.40464922627655e-08
05,55868097,C,T,0.0167263699992423,3.36674632404408e-13,1.4296108699189e-08
05,55807370,T,C,-0.0152673056089307,4.37457237036586e-10,5.85497051579756e-07
03,7496400,A,C,-0.0123212287665463,3.7240252190938e-10,1.46586307862635e-08
03,7485367,G,C,-0.0529146930404981,1.75672846369533e-06,3.55632460939127e-08
03,7704993,C,T,0.0111370463417342,1.15346464011234e-08,5.93320316616234e-06
09,139517066,T,C,0.0140822438323975,2.12301358425576e-18,1.46722519744316e-08
X,57007024,T,TA,0.0142393315187327,3.07456087245922e-11,1.54472857414914e-08
08,105715692,G,T,-0.0232133334705849,4.03919455698195e-10,1.562005755128e-08
04,169726027,T,C,0.0138826642762217,6.20804103583238e-23,1.64285285401713e-08
02,135755616,T,C,-0.0200743186049564,9.48849202935532e-11,1.67066018174474e-08
11,69065991,G,C,-0.0221342062730658,3.34507352345891e-10,1.72680659503102e-08
06,1618966,C,A,-0.0138164604876897,1.61120017317546e-19,1.72848975673418e-08
02,43426295,C,T,0.0136205790429232,8.58481509722257e-10,1.73547847173025e-08
02,43196694,A,T,-0.0222804710297537,9.05803924847779e-08,6.88035784538991e-08
02,43752382,T,C,-0.012549973263904,3.99097615204279e-11,3.45844124878783e-08
06,159693220,T,C,0.0196936828413262,8.27128716513102e-11,1.74964965491087e-08
17,17882059,G,A,0.0157835497647567,1.3879212448014e-09,1.7628897500113e-08
17,18176002,A,AT,0.0111988603401452,8.93071679332838e-10,2.86249009016357e-06
05,68032422,T,C,0.0154308246996439,8.54560423775735e-14,1.80239235987608e-08
07,22766433,A,T,0.0139496814443452,7.32649200184216e-19,1.85416909064509e-08
12,27321112,A,G,0.0137234717230844,6.80925335437621e-21,1.88765363837462e-08
18,54578482,C,T,-0.0141677363127926,1.64386391419268e-16,1.9724594718339e-08
14,94838142,G,T,-0.0474724344504861,1.03402425041364e-08,2.08311660344454e-08
18,783040,CT,C,-0.0192011313999726,6.35085958653448e-13,2.08542102497022e-08
18,682922,C,CAA,-0.0208540382023048,2.9724446067975e-08,4.97854703310892e-06
10,28181307,A,G,-0.0148076943586039,1.82078576464097e-14,2.1223204380582e-08
15,66941084,G,A,0.0151697711851091,3.83887615757158e-14,2.12234900672188e-08
04,69945771,G,GA,0.0137718547040289,7.08369813694962e-20,2.19243284038485e-08
22,29453193,G,C,-0.0137514806362099,2.86781248202019e-19,2.28232773493942e-08
16,73603649,T,C,0.0141635920826754,8.08576509726727e-15,2.31260905597696e-08
16,73127723,C,T,0.0209152922230162,1.33731380062493e-09,2.72083444763834e-08
18,48147127,A,G,-0.016233591547858,5.2834171554736e-12,2.35561643443681e-08
18,48277005,A,G,-0.0191819705083327,1.09024595350983e-09,5.09606647357764e-08
08,64503942,T,C,-0.014337815320449,1.60213544407599e-16,2.39231317262991e-08
19,46325483,T,C,-0.0146460279123403,1.30586702741498e-14,2.44106647284871e-08
03,48108442,C,T,-0.0143118406159858,1.77852969735312e-10,5.27683641067232e-09
03,47666710,G,A,0.0193104551583036,3.70621998112167e-07,2.60347389214057e-08
06,152335236,G,A,0.0215618571146835,2.07918339136613e-09,2.66170095240957e-08
06,151981001,C,A,0.0130801251615089,1.82177916613406e-09,2.26246146578043e-06
04,111431444,G,A,0.0636804952625737,3.44289941033674e-09,2.70997492607823e-08
04,111390816,G,A,0.016054819666383,1.00275748492098e-10,8.29464521040183e-07
19,46011825,G,A,-0.0315855211720489,-99,2.57929643689504e-06
05,158261163,T,C,-0.0313738582628823,-99,7.80227855384706e-11
