chrom,pos,major,minor,beta,p_value,gwas_p_value
4,81181072,A,T,0.0427454007299415,5.22723995330512e-103,4.50013490998081e-57
5,32831670,C,T,-0.0416685905020418,2.32814195978268e-145,3.45935385214626e-53
5,32838928,A,G,-0.0669124268913158,1.00970264052589e-22,2.01607300246847e-12
1,11880731,G,T,-0.0481085566577662,1.45324003079752e-66,2.93677125615654e-48
7,106411858,T,C,0.040894492837314,1.09125512145912e-60,5.44096488531226e-41
11,100610546,C,T,-0.0367575644281194,3.66933137315379e-71,6.08017441247549e-41
12,90088580,T,A,-0.0417119223715308,2.44214337138837e-52,1.73912145142267e-37
10,18727959,C,G,-0.0320797232278412,1.46561707603279e-49,6.7196782938292e-36
10,18471750,CA,C,0.0212103434243178,3.0172849203588e-22,1.00629252391999e-17
19,7257990,C,G,-0.0447943597455822,9.48038795191661e-45,9.60724106749516e-35
15,91428197,C,T,0.0287835650550157,8.06576643977209e-87,4.41601566334776e-32
2,164954174,A,T,-0.0334533317244944,8.70172032967049e-52,1.02944180663773e-31
11,1887068,T,G,0.0259108567833314,7.61413454375492e-33,1.1972262146576e-31
11,2129578,G,A,0.0309856407750426,5.82349395495129e-11,6.85024574435629e-09
11,1876157,G,A,0.0169114839100751,2.71416317374772e-12,7.89329325390301e-18
19,11526765,G,T,-0.0282716108296925,3.23658452306107e-83,4.07038437724824e-31
2,26916844,G,C,0.0281311808812705,9.58880557006754e-64,4.31981753891451e-29
10,104906211,T,C,-0.0505254101401451,4.50428759929854e-33,1.34438567508731e-28
10,96009182,T,TA,-0.0248805788935035,1.50964377459752e-39,3.86121788005421e-27
10,95900004,A,G,0.0155168309431323,8.56676805349778e-17,2.89526196944567e-14
10,63511306,G,A,-0.036400506652817,2.64786564786938e-34,4.79138849939033e-26
6,127182811,C,A,0.0250984049438839,1.86919882597576e-58,3.11611200732833e-24
1,10798552,T,C,0.0256611024962245,1.33499363548024e-50,4.83895048324071e-24
1,113044328,G,T,0.0416983201836233,9.63373387192803e-22,1.05749862044693e-23
1,113045061,T,A,-0.0182779538842164,4.85179451787599e-17,1.60848780976688e-15
12,115554085,A,AT,-0.024713721648963,1.42211654521897e-49,5.46205514696128e-23
7,27238691,G,C,-0.0457197831750814,5.76111692328409e-26,1.31946289085675e-22
20,57727382,T,C,0.038246880042063,2.10646957580943e-27,2.56683487197613e-22
17,44993128,A,G,0.0220142209319187,2.41847853411477e-32,1.68463463774152e-21
17,44794558,C,G,0.0215348608324283,6.31468560007265e-12,7.39132234568463e-14
12,111884608,C,T,0.0231498453927694,3.9690456613727e-58,1.78148951692157e-21
8,10603705,T,G,0.0231620426432833,6.52589527127542e-46,2.07168732343835e-20
17,43172478,C,CTT,0.0234767485090172,6.66063823165097e-42,3.11058212110548e-20
15,75114322,C,T,0.0245161257194933,5.21793892505337e-37,3.87376378306639e-20
11,107091429,T,TTG,0.0221072642192403,3.06438351264849e-54,1.13109261615078e-19
11,47530227,A,AAC,0.0186279978353858,1.670795100792e-33,6.01815864303643e-19
11,47278298,T,G,-0.025224651490094,4.54800794771616e-14,2.0949595417822e-17
16,69965021,C,T,0.048362256485808,7.41007343825549e-21,6.52293445093898e-19
15,81010249,A,G,0.0216961384988755,1.59115914116225e-46,8.16372538004216e-19
12,20351276,A,T,-0.0222610495699145,1.5694445386488e-28,2.62104013656102e-18
12,20007597,C,A,-0.0190524157118844,3.8501682490951e-11,2.00908709934088e-10
8,25900405,G,T,-0.0246447216025521,6.61799158043835e-28,8.04320816669099e-18
17,44237751,C,T,0.046089456844486,3.50971936644427e-20,1.30046451144388e-17
6,31610189,TAAAG,T,0.0206397154723656,1.29787795032567e-45,3.69040359565992e-17
12,53441990,G,A,-0.0224511366463567,2.76694125011881e-29,6.18476620302382e-17
20,10965998,G,A,0.020401268069831,7.25695782740813e-27,1.98109661905325e-16
20,10693337,A,G,-0.0161767256262613,6.56471295864897e-17,1.07348329130352e-10
10,115781527,C,T,-0.0243645704737964,1.57542110526831e-30,2.12556078083385e-16
10,115725280,A,G,0.0408793510638999,3.53895166420231e-12,3.66061330573375e-09
6,150998847,G,GA,-0.0390213321394609,1.02868802472923e-18,2.25349672057807e-16
4,103188709,C,T,-0.0379183932457299,9.79940560994469e-19,3.20183909861175e-16
16,75456304,C,T,-0.0202124876453487,4.42049629753683e-37,3.75019328824515e-16
11,10192809,T,A,0.0246482630463517,2.40257747664326e-18,3.84044350489411e-16
11,10664421,G,A,0.018696794633394,9.14935996064717e-18,5.07901622168087e-13
7,92243719,C,T,-0.0215795969326792,3.14370935551657e-28,5.62321507334541e-16
7,151406220,A,G,0.0216514364805576,2.99423931236567e-27,8.10314862953717e-16
11,49707575,CA,C,-0.0209886084423591,6.22088550720941e-39,1.51897870046877e-15
1,89146660,C,CT,0.019913004114456,1.88557022383572e-33,1.85177705530188e-15
1,115831202,G,A,0.0737325076454627,6.64081311539402e-16,2.11847636921143e-15
5,157803588,A,G,-0.0179109268097024,3.16204839118346e-18,2.77743748552924e-15
5,158261163,T,C,-0.0169522533663489,8.90118422652246e-17,7.80227855384706e-11
5,157938502,C,A,0.0159117618967989,6.52868559362613e-12,4.05165732104682e-10
11,65405600,G,T,-0.0236444185715301,2.49354924563773e-22,3.69279984430842e-15
5,122481429,AAT,A,0.019748646163255,3.09257370364555e-32,4.13499366816413e-15
1,230844772,G,T,0.0193117038486399,1.3956039947405e-32,8.79016470523399e-15
7,130973495,T,C,-0.0191949790439108,6.64546470244542e-32,1.36509194240911e-14
7,150704843,G,A,-0.0203064830339212,4.48274898858967e-27,1.40869618124942e-14
15,69583434,C,T,-0.0633671918983036,2.87546347605256e-15,1.41819330993605e-14
2,216300185,T,C,0.0210677105144606,1.54718476560769e-23,2.6427026940895e-14
5,148348395,G,A,-0.0231785271503054,7.55170762827192e-21,2.82516697761909e-14
6,97039741,G,A,0.0238784902373908,4.11037832102222e-20,3.30534135534613e-14
4,156487119,G,T,-0.0188940331320023,5.54201378218328e-25,3.64024380417535e-14
4,156636327,C,CT,-0.018624154156967,1.53006299589237e-18,3.14852073172252e-13
17,59489893,C,T,-0.0225911635251338,7.35745465813228e-21,3.85413173346693e-14
19,49605705,G,A,-0.0247375935859392,4.8556217004581e-19,4.73158636344109e-14
10,102611920,T,TCACA,-0.0270956375578141,7.01707104191551e-18,5.45392782954992e-14
17,1958609,C,T,0.0192011815027274,3.72409721918554e-28,8.47756505568001e-14
3,53553923,G,T,-0.0207135063851359,5.28623736074383e-23,9.5063440759782e-14
3,169091569,A,T,0.0182808150653126,2.42125197769389e-33,1.10071262570234e-13
3,27562988,C,T,0.0181427829900728,1.35657058147667e-33,1.34148844128974e-13
3,14947539,T,G,-0.0212533575174101,9.3996220904786e-21,1.61079596324484e-13
5,127857493,A,G,0.0184166812088236,3.74798908177256e-29,1.84132091486533e-13
7,19052733,G,A,0.0246227333227229,1.22447708859205e-17,2.42131964425244e-13
2,19729795,C,A,0.0178747034532549,6.32920674859448e-37,2.4558026019168e-13
4,106910958,T,C,-0.0208448415685811,8.15788015520035e-21,2.68216708179078e-13
13,22317923,G,T,-0.0182352742930549,1.5174268973938e-28,3.11222789020798e-13
16,24835168,G,A,-0.0224480920155462,6.26829672234935e-19,3.31812385026295e-13
6,79598237,A,AT,0.0185693000945333,1.14617805987354e-33,3.96547560925016e-13
15,41460307,G,GGCT,0.0177544699828392,2.3311997059322e-34,4.95950817849561e-13
1,42364877,G,T,-0.0177308517939531,4.06519084807373e-30,5.61740507480048e-13
8,120456197,A,T,0.0208046315468705,2.96012414436398e-20,5.82203756353772e-13
1,59650829,G,C,-0.019679418015251,1.27693829618436e-21,6.47039990654645e-13
2,65296280,T,C,-0.0180641400225138,2.08054871284684e-25,9.46026834282953e-13
3,11539058,T,C,-0.018034459029505,4.11687072927517e-26,1.02569149032425e-12
