chrom,pos,major,minor,beta,p_value,gwas_p_value
12,21323338,TG,T,0.17067209731236,0,0
12,20953761,G,GT,0.073855650656428,1.89155124021496e-298,1.73126316613992e-154
12,21062570,T,G,0.0832638984360289,3.23087697191113e-190,2.32858689250587e-110
2,234144942,C,T,-0.1111515908149,0,0
2,234198054,T,A,0.17352915095668,0,0
2,234146313,C,A,0.153454988549422,2.0171792927609e-249,0
2,234148737,G,A,-0.12464384076872,0,0
10,71094504,T,C,0.0810129571278474,5.91926303428129e-113,6.81949815048236e-91
3,135932359,T,C,0.0465703196017883,1.69718309112839e-86,5.40081236016849e-55
10,65172328,C,T,-0.0374207925715664,1.10209391660905e-137,2.48742413800114e-50
6,26093141,G,A,0.0736422887235329,2.85601366336656e-65,6.55745765213464e-45
6,26104632,G,T,0.0492821869235854,2.94157746347787e-60,5.78482654996765e-34
12,111865049,G,C,0.0342418038896874,5.36998203629743e-118,5.17932210595136e-42
10,94839642,G,A,0.0311977602622549,3.50564788215452e-90,1.95553870881372e-35
11,2941324,GGT,G,0.0544473949154148,6.69734288905636e-44,1.00606902210617e-34
11,3051206,A,T,0.0602076687905856,1.33737084885455e-11,1.58533861459278e-09
7,17284577,C,T,0.0303679570318631,4.92539177827216e-66,1.30901475369756e-31
22,37462936,G,A,-0.0282501403015899,8.35589944211893e-72,5.53971435333897e-29
6,27985882,TAC,T,-0.0278260193417474,1.0072479659453e-38,1.65464175963755e-28
6,27691171,C,A,0.0306205204725212,1.52995311670935e-12,2.88068358873648e-17
1,158611797,T,C,-0.0311029728789319,1.73741693731049e-47,3.20304407764524e-28
8,41542093,G,A,0.0677699538720171,1.55673570112666e-24,1.28444020570789e-26
8,41630447,G,A,-0.0257121282622847,2.33664761891753e-27,2.23414082779265e-21
12,21109735,T,G,0.0892221330375624,1.99082612494649e-282,3.42809328124929e-173
12,20954557,A,C,0.075848933553374,3.61327388386949e-293,2.31827068336709e-152
12,21236781,T,C,0.172728945115396,1.69092394726374e-123,1.19920034631572e-67
15,60883281,A,C,0.0259193157785953,6.87822886920882e-52,6.22395343689877e-24
9,93956002,GA,G,0.0316119489722268,8.30662521848439e-33,1.5427969932763e-22
2,233969889,A,G,0.0835907839234461,1.43825383293169e-54,3.27874979691729e-52
2,233864627,G,C,-0.0388293543825786,9.2517011248669e-42,7.69041331086631e-30
2,233550713,A,G,-0.0414725007571857,1.68122697135733e-29,3.41089626249853e-17
15,63793238,T,G,0.0244489854511385,3.00782736905621e-40,2.0541402968866e-20
9,91497782,C,T,0.0502471507118818,6.14711097553107e-22,1.00624581239163e-19
19,19379549,C,T,0.0431304770593687,1.09478514445839e-22,1.08617673993644e-19
11,13356030,G,A,0.0239767164883204,3.11245680573567e-34,7.09562807816944e-19
2,211540507,C,A,0.0236879688384758,2.47721188281489e-34,1.21564093976535e-18
20,43042364,C,T,0.0629438378465272,1.06619080160588e-19,1.37316178763552e-18
2,234692617,C,T,0.521724132649359,0,0
2,234691428,G,A,0.041916085990714,1.27333252718535e-26,0
10,122860694,C,A,-0.0383915879074305,4.19359946531506e-21,5.84391388949042e-18
2,113841030,A,G,-0.0215497708111716,2.13114402381501e-38,2.58254817277978e-17
11,75455021,C,A,0.0285016009898253,3.24836891605422e-22,1.20660473978982e-16
16,88856084,G,C,0.0208584227490769,8.98648837035905e-38,4.8904580816753e-16
6,32147761,C,T,0.0239952649627583,2.82369755500314e-15,2.2438175051971e-15
6,31835164,G,C,-0.0216090871240552,2.99218331254524e-13,1.08658283213069e-13
1,27021913,G,C,0.0656043179573439,5.77087445121491e-16,2.97205588948325e-15
12,24198568,A,C,-0.0530763143180207,2.88585149291235e-16,3.05101254123524e-15
12,21364289,G,T,0.162794916664947,0,0
12,21402741,C,T,-0.139928540805425,9.61899608664412e-84,2.24053458997181e-106
12,21437223,G,A,-0.174149333348074,1.02404988168923e-69,7.70541475952372e-84
2,64887382,T,C,-0.0221892038836721,1.08449335336471e-24,6.98948696096787e-15
17,57979002,A,G,-0.0245612924720193,3.5550579389992e-21,9.41669375525539e-15
19,17252041,G,A,0.0275261417725043,8.73274967498306e-12,1.66731945899277e-14
19,17252974,T,C,-0.0174238639335142,6.83111104399691e-18,2.71527840483001e-14
1,234854779,T,C,-0.0192116598622243,2.30763348028737e-38,1.93300244821932e-14
11,61571348,C,G,-0.020403971353086,9.52354474024362e-26,3.78570035300443e-14
11,116623213,T,TA,0.0268026843817253,1.34842655294063e-17,1.17886076827956e-13
1,220969049,C,T,0.0194584030899873,9.77757369080977e-26,2.11890909539028e-13
10,113933859,GGTGACAACTAT,G,0.0204927635948865,2.33437097631811e-22,2.96162508173684e-13
6,160564476,C,G,-0.0233608553626976,1.08254626730324e-18,3.09275487766243e-13
7,21605973,A,G,0.0218009877478622,1.98627372617978e-19,6.80086430490777e-13
3,114464858,C,T,-0.028780376581015,1.68818819756746e-15,9.73199889758427e-13
17,7806529,A,G,0.0177121872436097,1.09151870600212e-28,2.99137459834899e-12
10,96571931,C,T,-0.0244779832068035,6.03270059950953e-16,3.48054362389207e-12
3,170712913,T,A,0.0261905756632561,3.57538544276162e-15,4.45775487506872e-12
8,42441346,A,AT,-0.0188362383044161,1.9333661909188e-25,4.81102021584939e-12
19,12429782,G,A,-0.075556937916368,3.39425319353406e-12,6.70562337088376e-12
4,88018991,A,G,-0.0173772012414692,2.2781941405634e-25,9.08550191458971e-12
5,131664516,T,TTATATA,-0.0179071010577065,4.41756077129655e-24,1.12279229550522e-11
1,154425456,G,A,0.0172529655182211,8.58521391004337e-26,1.2229400537157e-11
14,51207741,T,C,0.0809761072230328,8.27222673976955e-12,1.39051186690082e-11
16,28513530,C,T,-0.01785027389986,1.26991737039687e-21,1.7588639654127e-11
6,126851160,T,C,0.0168413571334135,1.24477212994139e-31,1.87176810885616e-11
17,59262040,T,C,-0.0206228260621007,2.00329114421658e-16,2.56871993602279e-11
19,49213853,AT,A,-0.0169090030333535,1.81495699731421e-25,3.27507483520791e-11
17,76121864,A,G,-0.0199752445722602,1.76423659294413e-16,4.36263278942895e-11
4,124770793,T,G,-0.0264253622593925,2.20988399205012e-13,4.91546682979566e-11
4,69736660,A,G,-0.0322681402496579,4.2336080479562e-13,6.68822916921532e-11
19,45430280,G,C,-0.0175317912266033,6.46232976532128e-30,7.20535638875863e-11
7,97864792,G,A,-0.0219909711234169,1.71732542522671e-14,8.48609882572965e-11
3,12391207,C,T,-0.0247478980853224,1.87838718864841e-13,8.5102631666755e-11
1,202271767,C,T,-0.0166792570854416,2.67954337645658e-22,9.45126325914768e-11
9,137113606,C,T,-0.0214270776719413,1.47701166451589e-12,1.20287744708692e-10
9,137228370,T,C,-0.0162622023048093,3.2730139118924e-14,1.91170614140023e-09
8,23417918,C,T,0.0218623593071449,3.58840966228191e-14,1.26046365815442e-10
4,145083342,G,A,-0.0159971257711616,7.36944452195531e-29,1.92416573826965e-10
6,32193219,C,T,-0.0184909476801401,1.05322842925562e-14,4.42722137117023e-14
6,32172065,G,T,0.0217256812889464,1.97170350403303e-12,6.2091571122056e-14
1,107627697,A,G,-0.0167942200827931,1.13709499673086e-19,3.33579598383756e-10
1,63167984,A,C,-0.0165170172630293,2.67767511028771e-20,3.67080367042526e-10
4,175076940,C,T,0.0159314427534682,1.85175624983534e-22,4.0459673711163e-10
4,100065509,G,T,0.0160363782721827,7.12578390389375e-21,5.53206273461929e-10
11,9765503,T,A,-0.0161385225882513,2.59500687654473e-19,6.37973347179385e-10
9,136151579,TGGTGCAGGCGCAGGAAAAAATTGTGGCAATTCCTCA,T,-0.0199025335701756,1.1191145844926e-13,7.46761322387403e-10
6,42929288,C,CTTTTTTT,0.0158200768381259,4.09120527000876e-21,8.37445992206778e-10
17,15875147,A,G,0.0154139368563088,8.12094168873307e-22,1.16013577379481e-09
2,234149050,GA,G,0.753916592212117,-99,0
