chrom,pos,major,minor,beta,p_value,gwas_p_value
01,161612578,T,C,-0.0732105592499058,3.1241666533611e-281,3.24267904198064e-223
01,161612233,T,C,-0.128059733464539,1.14235390491975e-87,9.47184202532317e-188
01,161658490,C,T,0.0557785185928444,6.035118397762e-78,7.75582821937545e-91
17,16842991,G,A,0.116256217006883,1.51254865411869e-174,1.45819261895509e-143
06,32633231,G,C,-0.0773900509609803,8.27033549430472e-238,2.84961442399161e-121
19,50028306,CCTGCTG,C,-0.0778558665596909,2.54916826810554e-226,2.6201024267026e-114
19,50026735,G,A,-0.260997944882914,8.09569776365704e-90,5.87904275349323e-73
19,50035161,C,T,-0.200215479130429,2.1814634213808e-48,2.50353411035951e-36
14,103255806,TG,T,0.0432032634956115,3.30596652560907e-67,3.07354150582375e-63
14,103230145,C,CT,0.0260849457160486,1.54668131579822e-24,8.50238693875026e-32
02,27730940,C,T,0.0410919416270734,1.13433841104983e-111,2.6168062674643e-49
06,30230768,A,T,-0.064915087872646,8.27720740424427e-78,6.59152939778216e-55
06,29558364,A,G,-0.0469109796667763,1.63262692355109e-14,1.5915034981016e-09
14,94844947,C,T,0.13609560756067,5.92241072858835e-47,5.84989469147946e-45
19,35551428,C,A,0.0548747245198656,4.27865367409191e-67,3.95398907822882e-43
19,35541248,G,T,-0.0524791656779386,3.65737105721644e-33,2.22929440773634e-20
11,61596633,C,T,0.0378317352708112,2.04519046135387e-82,1.76336168799804e-40
19,49206108,G,C,-0.0359428400375568,1.80211195013953e-111,2.56396155746631e-40
19,49609115,C,T,0.0920568696672655,2.9059989348852e-13,1.34764637995676e-13
17,7462969,G,A,0.0381350307340756,1.06111805184863e-41,5.58428252205577e-40
17,7448457,G,C,-0.0433959088682551,1.07398865251536e-33,1.08664596333301e-21
17,7431375,C,T,0.109281621946512,1.91610415072532e-13,6.37432105563007e-12
01,25305172,T,C,0.035727011790981,2.5625052722954e-115,3.79945785977963e-39
02,112220359,C,T,0.0401858622046983,2.21484165357625e-56,2.14229869485878e-35
02,111817345,G,GA,-0.0252808311170286,3.43424531518975e-19,5.32221264450683e-15
04,3443931,G,A,0.0336893808231648,2.66388704099998e-72,1.51849951509872e-32
05,55444683,G,A,-0.0326328306917737,3.26272733787018e-67,1.67779982762208e-31
04,26152727,A,G,0.136614103771546,1.53414227226976e-36,3.91063242955872e-31
04,26165165,T,G,0.0355497589884972,3.44737769099529e-29,5.01574874042671e-19
04,25972573,C,T,-0.0345597376368791,4.86120362610549e-11,3.15203160296631e-08
15,44027885,T,C,0.100839038568184,9.25872515040676e-33,4.48339879526752e-31
08,10644101,G,C,-0.0379645963147941,1.19301445662268e-44,8.8334525860058e-30
17,1995254,A,G,0.0311114629265296,3.66120076504027e-56,1.65158607586713e-29
17,1618363,T,C,0.0364339002932655,2.77535242948271e-30,7.85039644957442e-26
03,58463689,T,TC,0.0294607842158638,1.82737683390069e-38,4.21328608568352e-27
03,58296655,CA,C,0.0186954152504559,1.9296806370819e-17,1.12919081738402e-12
04,103494230,T,C,-0.0305074456591248,3.39066935242375e-62,6.7199123664635e-27
04,103188709,C,T,-0.0286568743805374,6.73864209690418e-09,9.27403349348051e-07
17,67081278,A,G,-0.0967132383863953,8.65511632828811e-28,7.73141305014271e-27
17,66823805,G,A,0.0320375913134478,3.25356459849953e-09,1.30453541123386e-08
18,60826760,T,G,0.0430181269642003,7.99290502551035e-33,1.26122561445709e-24
18,60730252,G,A,-0.0447610276961594,1.5497918278594e-21,1.32089543702397e-17
08,11353000,G,A,0.0315351154823051,5.55982307748992e-41,1.36177197051128e-24
02,100795926,A,G,-0.0290384629937959,7.98647098250906e-51,1.58144383050818e-24
13,28604007,T,C,0.136971125446301,6.52693305690514e-28,1.21835989387456e-23
13,28618586,C,CA,-0.0187955951118549,4.56064129934795e-21,1.35103658567089e-06
13,108960385,T,A,0.101741522406987,6.22954943351431e-25,1.64881981676601e-23
10,17891705,G,A,-0.0279058742700967,1.78866345485212e-50,1.81247540254228e-23
06,90958502,G,A,0.0282908939260468,4.74637922341916e-47,2.69449539734073e-23
17,43696159,A,T,-0.0338482312022542,1.27857069313247e-32,3.17247260478158e-23
17,43381472,G,A,0.0348092756898888,3.50634711452939e-07,5.5789100826178e-08
17,57993161,A,T,0.0275296527501902,3.37511348762518e-62,7.42497415782134e-23
07,50308811,G,C,-0.0312553847943114,6.73811301115869e-33,7.93025868040505e-23
07,50355207,G,C,0.0211263436525377,2.52328377782483e-20,1.76825103162108e-10
07,50697279,C,A,0.0193548466348327,3.60742705581957e-07,5.19582473136856e-07
06,424263,C,T,-0.0513421257805699,8.87396583701088e-22,2.58783763527244e-22
06,231878,T,C,0.0451518076959482,1.24308213555147e-15,1.46674170592227e-13
06,223039,T,C,0.0341674365098891,3.12514771936038e-15,4.03052872333321e-12
02,85453713,TCTC,T,-0.0273233120127175,6.33576310565257e-38,4.68893607295648e-22
02,85603132,T,TC,0.0237688193651129,1.10777249737245e-07,7.6333925340017e-08
02,85946977,C,T,-0.016482223217483,1.55576120168006e-07,1.63442297138454e-06
03,12393125,C,G,-0.0368640537221246,9.42356175208296e-21,6.19093099351385e-22
03,12126850,AAT,A,0.02360530177854,1.19772507143318e-11,2.82132707192411e-17
03,12503639,G,A,0.0134336339158918,1.13770443203816e-08,3.38572009795816e-08
15,70376441,T,C,-0.02672895447541,9.29169835496055e-54,2.82514935831741e-21
15,69988813,T,A,-0.0295502648713527,1.7980563932045e-12,3.30656105684961e-10
03,136384912,A,G,0.0268294492216976,5.77014252482846e-41,6.19522997714367e-21
05,95282971,A,G,0.0310206388896613,2.12102178433384e-30,1.61411115335735e-20
01,154355251,G,T,-0.0251818891383766,7.72719101724736e-49,2.85707231016443e-20
22,30508275,C,G,-0.0203387155862623,7.29359748952011e-25,6.11187532452857e-20
22,30581998,G,C,0.0224442580971163,2.71920482742819e-12,4.53094285392067e-17
06,137111178,C,G,0.0251867843255803,6.14666347282501e-45,7.55993189299995e-20
11,111230529,A,G,-0.0267941947757878,4.38699989920546e-35,1.36760223287336e-19
01,150544640,C,T,0.0295184079249914,5.15677026716395e-30,2.07639349463279e-19
03,141206800,C,T,-0.0491386877318385,2.05897807318296e-21,5.03494038345472e-19
05,75996909,G,A,-0.0568587722244426,2.35713710231194e-18,5.05317804567993e-19
05,75714031,CA,C,0.0168633394133013,2.97879265242672e-15,8.86823950263622e-09
05,76119638,C,CT,-0.0135809631550171,9.65291904660899e-09,6.77731983101252e-08
17,45811354,C,G,0.0409357969797823,1.3636273322345e-17,7.36839427650655e-19
17,45815529,A,T,-0.0254186818430918,8.2136279612038e-17,6.21533351934226e-16
01,161595730,C,A,0.0708207113857161,0,3.22695891619982e-198
01,161494322,A,C,-0.0517550534997009,2.31373483684134e-45,2.4147883909431e-71
01,161542235,A,G,-0.0789044998935601,1.65492508423651e-65,1.29682676918679e-190
02,211540507,C,A,-0.0248223060579923,1.1536081769165e-26,1.3912642857036e-17
02,211426974,A,G,0.0147717584799523,1.37297956676653e-07,3.48328773455649e-06
12,111957410,C,T,-0.0882958107264184,8.3172330863178e-15,2.01295420485873e-17
12,111884608,C,T,0.018907166944445,6.05554179521316e-32,3.39490308206097e-15
13,111033125,C,T,-0.0227696936650197,1.46390270247316e-21,2.63406836037423e-17
13,110959688,C,G,0.0208256942729451,2.52270386424092e-15,4.58747820039526e-13
13,110827388,C,G,0.0139773884564931,3.56628165078534e-09,1.09264137677993e-06
04,100239319,C,T,-0.0717331252953469,4.67349922892743e-15,2.88434071160268e-17
04,100427716,CTT,C,-0.0289668847897999,1.78854765848283e-06,1.32516207036568e-08
09,139327154,C,T,-0.0251949932313927,1.22651807441704e-29,4.03143002828274e-17
02,102082885,C,T,0.0228972524419906,3.28426201135668e-29,7.14868187010586e-17
02,101643506,G,A,-0.0221036437387984,5.79185657063843e-10,6.46226248887517e-10
14,105968504,T,C,0.0288313177928421,3.94581117569106e-29,8.12751908111145e-17
14,106198080,A,G,0.0244903306859651,7.46199845402785e-24,1.40446054355232e-09
14,106114794,C,A,-0.0455349204983781,2.96444588794085e-14,1.42758274113987e-16
X,48326779,C,T,0.0460274183278695,6.22656144599396e-17,4.70503234671206e-16
15,60887884,G,GA,-0.0225564454415419,1.01451799740994e-33,9.82665352416593e-16
10,6095928,C,A,0.0422941133433672,1.91394974604499e-21,1.79508957340208e-15
10,6094697,C,T,0.0314406189093925,2.1057813493068e-14,1.51767214985885e-09
02,98472162,CA,C,-0.0226869377936966,7.71803757847603e-34,1.85376069859656e-15
06,26479150,C,T,-0.0404538711220491,2.27791341808567e-30,1.37118637575498e-17
06,25804921,T,A,-0.0397372716284296,2.02063401126885e-24,3.32403550141083e-15
06,26128410,C,G,-0.0249134656759178,6.7653829244229e-13,1.60801120056595e-06
17,37927120,A,G,0.0559664405372495,6.11965438415408e-15,2.64562274996492e-15
17,37916823,C,T,-0.0175435924227548,1.29421369396265e-07,2.86730666636192e-07
03,156795468,A,G,0.0222185972882613,1.60492113747449e-34,2.7520419174348e-15
19,16495774,C,A,0.0262433664236298,1.92780269813115e-22,3.57991171145555e-15
09,86666993,C,A,0.0276604316036253,6.00639992557775e-22,4.35275590243282e-15
14,103117673,C,T,0.0247760597379684,3.32049744492621e-23,1.37661204080084e-28
14,102675350,G,C,0.025134122739448,1.3372517257839e-16,6.75781325627325e-15
14,103135104,G,T,0.0290106797143185,1.02011629904342e-07,4.02328848924728e-23
19,45745052,C,CCA,-0.0241255702307973,3.17316549266985e-23,8.99467497785566e-15
19,45302504,G,A,-0.051360746173381,1.59462591683247e-07,2.77605846799882e-07
19,46029811,GA,G,0.0381879964529025,2.11476067979767e-06,2.80758968925886e-06
19,4083560,C,T,-0.0244563944657852,6.20553126706052e-24,9.85313207576769e-15
03,186738749,G,GT,-0.022297102195297,1.62101014870781e-29,1.5653332299885e-14
04,102738856,TA,T,-0.0222385236040941,2.0263124782606e-18,2.02324387114969e-14
04,102298696,T,A,-0.0143115617502861,2.5081684689623e-12,6.36457439540255e-08
01,93380331,G,GA,-0.0309248796743633,7.5967779271228e-20,2.30549971451483e-14
17,77910297,A,G,0.0218078082228981,5.10772119948253e-18,3.15005085869617e-14
17,77781725,G,A,-0.0136794329566177,7.70553497278297e-13,1.29064291443861e-07
06,32666526,C,T,-0.0801889044883144,9.71835436444468e-113,2.6151841330299e-62
06,32665597,A,G,-0.0747493470289281,1.45234314956859e-79,2.4897729292978e-42
06,32667493,C,T,-0.0713151336361417,3.23776372776017e-26,7.15452094759663e-14
11,122514281,C,A,0.0197208759779252,3.36388618191085e-23,3.34583461707368e-14
11,122594929,C,T,0.026669096960391,3.56643193850453e-07,7.94278057710996e-09
02,171837238,A,C,0.0213164327934447,1.51309254149385e-30,3.67612664878523e-14
01,39738803,AT,A,-0.0257907176221125,5.66667288664e-21,3.82876538143274e-14
11,118932859,G,A,-0.0219575140304295,9.725172055412e-23,4.26463370039323e-14
11,118606825,GT,G,0.0158563288080771,4.93276752437575e-12,1.14148556215408e-06
08,9183358,G,A,-0.0423612778007861,5.07958793592816e-16,2.65130739921969e-13
08,8729761,G,C,0.022205166196278,9.22010967777817e-13,3.62522000221938e-10
02,61798046,C,CT,0.0207873034519469,2.05117759569123e-34,8.28650641521326e-14
18,57168498,C,T,-0.0204041739170802,1.82558453738073e-21,8.38758250047571e-14
18,57086934,G,A,-0.0167832451256067,6.6586974320333e-13,1.18374055871538e-09
03,132183991,G,A,0.0477283963319443,3.2582566219066e-17,1.28840875286884e-13
03,132445904,C,A,0.0230280330202241,1.5779673539901e-12,1.2626803810894e-07
06,34381937,A,G,-0.0380079527844634,2.11770304336271e-15,1.52271931359108e-13
06,34867478,A,G,0.0199738932258372,3.15024814066695e-07,7.95797759941309e-06
05,127357526,C,T,-0.0232299038736926,1.94357685351825e-21,2.21274827406106e-13
02,204738919,G,A,-0.0183100769361379,5.91276337973948e-25,2.39206456967237e-13
02,204971716,A,AT,-0.0297519848476652,6.86023549569565e-07,7.40433066024094e-09
14,35871217,G,A,0.020692265293828,9.56195235567112e-27,2.49161530697727e-13
02,26949366,G,A,0.0150660451790605,1.94727634809772e-15,3.07789838385188e-13
02,27354419,C,T,-0.0266719362177363,3.2320449425565e-15,2.69575626649506e-10
02,27424636,A,G,-0.0203728204382119,6.08629817972534e-16,8.26987395706181e-09
06,116317444,T,C,0.0203706505600738,2.09247282437076e-29,3.51704971279103e-13
19,55325123,T,C,-0.024414691612206,2.78179116672738e-19,4.71084764326062e-13
11,71608582,C,G,-0.019715803723196,2.24791282536235e-31,6.48544488321655e-13
04,106208902,GT,G,-0.0196399227378145,2.5610316714294e-30,7.30612174315288e-13
08,61405398,CT,C,0.0203005969456667,7.86307746328354e-27,7.56521165484439e-13
14,23696667,A,G,-0.0246277070700214,2.91951081595166e-18,9.74746966000154e-13
15,78312056,CCT,C,-0.0224683425904191,3.75441172832406e-14,1.18919535826103e-12
15,78286698,T,TCCCAGCTCTGC,0.0619818781869039,7.17588277696385e-10,9.80942987798966e-11
15,77835657,C,T,0.0146176974835763,3.13939061312373e-10,1.24060243897689e-06
08,82044410,A,G,0.0285931128679197,5.58393585814541e-16,1.2680473349121e-12
11,65351364,G,A,-0.0221342049125361,1.25959359235642e-20,1.85040177276218e-12
11,64901141,C,G,0.0367921489503952,2.51232367477147e-06,8.47510179220311e-06
06,35646435,C,T,-0.0202227619729366,2.04498327729911e-23,2.11614150835314e-12
09,93559515,T,A,-0.0190822369814434,1.75842521006263e-31,2.1436569848924e-12
12,125086417,C,T,-0.0254561442920062,1.28708062762e-13,2.57071969408684e-12
12,124826676,C,T,-0.0165886005159951,6.22035004699886e-07,3.87246516553306e-07
06,41953344,G,T,-0.0203996814594723,2.20749217774361e-22,2.75373591529997e-12
05,1279790,C,T,-0.0215859053123943,1.23928578398487e-19,3.28562605070303e-12
19,1084026,G,C,-0.0350087352609714,1.17924248622131e-12,3.55234510233444e-12
19,1253420,AC,A,-0.0132168180941584,7.09679492143494e-15,2.27461355338503e-06
01,221001142,A,C,0.0319781290864189,1.47971143109094e-14,3.57807429404423e-12
11,47380340,T,G,-0.0189031685837234,6.42780123459231e-30,4.07259717297607e-12
07,130585623,T,G,-0.0206048212718126,1.24143752009493e-21,5.90346383231634e-12
11,128326602,CAA,C,0.0197544906807389,1.60734091058621e-12,6.08190890672851e-12
11,128521317,G,C,0.0207202356139181,2.39646841149512e-16,3.8340296170871e-07
11,128489818,T,C,0.0171660235351735,1.58452709359207e-16,1.07210674811523e-06
07,150502468,AT,A,0.0273486960544213,1.08079630395992e-10,6.12472678579303e-12
07,150917891,T,C,0.0253662158231019,2.22074248226149e-10,9.07299353534716e-09
07,150476673,G,C,0.0168844942731673,8.84052493844351e-16,3.31216122538094e-11
04,120141320,G,A,-0.0279944849224309,6.15351241098877e-15,6.45083317616802e-12
16,30936743,G,A,0.0231751117984092,2.65065342623747e-18,7.01821656022387e-12
16,31313779,C,T,0.0168414563180683,1.61935235833063e-10,5.96468888286547e-06
10,90899622,G,C,0.0183765591366965,4.01618742145951e-16,7.53091664289365e-12
10,90854382,CA,C,0.0163056603123194,1.78038352688488e-08,1.00953126710949e-07
04,79697870,C,A,-0.0503689940677954,1.31739494733333e-12,7.65256972361953e-12
04,177350956,A,C,-0.0194823037624807,8.03954873413538e-29,7.78314551617606e-12
04,177650866,C,T,-0.0646582465074748,1.12884118127352e-06,6.92549115952637e-06
06,149596374,A,G,0.0261500381729102,8.04341431659019e-16,8.29088187720403e-12
12,105626185,A,G,-0.0185786502418035,4.21442016246042e-27,1.22486351104945e-11
03,47087837,T,A,-0.0187635332446289,3.25782848027402e-25,1.5728996762735e-11
01,182157235,A,G,-0.0190132708552217,8.87238957228828e-23,1.64523845053964e-11
06,106698052,AT,A,-0.0226205342530882,2.67402291182061e-16,2.43687902365543e-11
03,189395715,G,A,0.0246727775970505,1.25985876568919e-12,2.64370396418652e-11
03,189556848,A,AG,-0.0137131510360818,7.40494419732875e-10,2.56677001643742e-06
08,142235358,T,G,-0.0184527008197021,2.10291608939529e-24,2.6949408471176e-11
02,42328575,G,A,-0.018117837016066,1.23928033210368e-30,3.15117273232437e-11
04,154358486,T,C,-0.0191537624874955,4.89663585058065e-22,3.26588936844734e-11
08,22960704,C,G,-0.0226163365774596,2.40422026607638e-13,3.43245400102302e-11
08,23107578,A,G,-0.0139062098970451,8.04953858888207e-10,1.3762416792599e-06
08,22519815,C,A,0.0135454573818322,1.12991292505888e-08,1.29617159650559e-06
19,10770305,T,C,0.0183754232001398,4.4066363729929e-24,3.45172199038327e-11
09,136145404,C,A,0.0205504436556495,3.29623486364963e-20,3.45761811165435e-11
07,17480198,A,T,-0.0395734906177009,3.87879898534103e-10,5.15627591506577e-11
07,17941865,GT,G,0.0183237195225737,3.72761991732181e-17,2.52430518902717e-10
07,17200506,T,G,0.0176373799703165,3.26506883604631e-07,1.0962917798743e-06
11,60970849,A,G,0.0199850325170087,1.69976278291001e-19,5.17421051932467e-11
11,61442813,C,T,0.0184613229240713,5.88780567229355e-13,2.61460238153388e-08
01,25774643,C,CTT,-0.01915499966965,1.25184242282948e-23,2.43365361976616e-11
01,25381063,C,T,-0.0172646117039557,4.36081525435096e-10,5.90958221658831e-07
15,77437790,C,CA,-0.0205334492870856,3.36376187131357e-18,6.38861672219658e-11
12,4384844,T,G,-0.0683262191891516,1.30603524914626e-11,6.45871095938128e-11
03,133484029,G,A,0.0186709169433824,1.50566418158824e-20,7.13350310033958e-11
X,19797714,G,C,-0.0225722626627979,1.58295680764873e-12,8.21633743587308e-11
07,73504233,A,G,0.0184209853763529,3.05955714690187e-16,8.69877967420045e-11
07,73625128,T,C,-0.023596390766187,1.19806517644217e-06,5.3580159499519e-07
16,89771870,T,TA,0.0156428469139944,8.28179778608452e-11,9.10956574773006e-11
16,89502822,CA,C,0.0129934975185378,2.53787095952274e-08,1.02538356252741e-08
02,201760701,C,CT,-0.0231927838773652,7.81800248944254e-15,9.97829554977296e-11
06,168351078,C,G,-0.0333425453480103,3.05921429288724e-12,1.09900200624819e-10
22,42322854,G,T,-0.0567189502272514,3.62742875093594e-11,1.11426093668283e-10
01,110362356,C,T,0.0185953574470609,3.23695403163893e-18,1.1386048940546e-10
01,110470764,G,A,-0.0220880904670326,1.10204627030634e-09,7.92227660260849e-08
01,110427190,G,A,-0.0147026828157964,2.5392680725639e-09,5.43609874635158e-06
17,47863368,T,C,-0.0211288373727812,4.71338701712247e-16,1.28898609279243e-10
11,308363,C,G,0.0175886990197053,4.72252656670517e-28,1.37583157741704e-10
22,30283999,C,T,0.0271407947930203,3.39985440694926e-15,3.66112509063659e-15
22,29717326,C,T,-0.0135068614893444,1.01407832950579e-07,3.50382192264723e-09
22,30284757,C,CTTTT,-0.0126015302089019,5.52628211114566e-09,1.08932571698513e-07
03,196194031,GT,G,0.0182563951910495,2.98229830260968e-24,1.48053942425679e-10
04,40688868,G,T,-0.0224805888765424,9.45472611831484e-15,1.59162233771309e-10
13,30104154,A,G,-0.0247174483246797,1.42508460142343e-13,1.75881174088004e-10
