chrom,pos,major,minor,beta,p_value,gwas_p_value
01,161612578,T,C,-0.0732105592499002,3.12416665365932e-281,3.24267904198064e-223
01,161612233,T,C,-0.128059733464537,1.14235390492815e-87,9.47184202532317e-188
01,161658490,C,T,0.0557785185928427,6.03511839782375e-78,7.75582821937545e-91
17,16842991,G,A,0.116256217006872,1.51254865424085e-174,1.45819261895509e-143
06,32633231,G,C,-0.0773900509609793,8.27033549440166e-238,2.84961442399161e-121
19,50028306,CCTGCTG,C,-0.0778558665596898,2.54916826814006e-226,2.6201024267026e-114
19,50026735,G,A,-0.260997944882861,8.09569776431557e-90,5.87904275349323e-73
19,50035161,C,T,-0.200215479130418,2.18146342140565e-48,2.50353411035951e-36
14,103255806,TG,T,0.043203263495609,3.3059665256644e-67,3.07354150582375e-63
14,103230145,C,CT,0.0260849457160508,1.54668131578404e-24,8.50238693875026e-32
02,27730940,C,T,0.0410919416270751,1.13433841102464e-111,2.6168062674643e-49
06,30230768,A,T,-0.0649150878726426,8.27720740439644e-78,6.59152939778216e-55
06,29558364,A,G,-0.0469109796667772,1.63262692354924e-14,1.5915034981016e-09
14,94844947,C,T,0.136095607560663,5.92241072864771e-47,5.84989469147946e-45
19,35551428,C,A,0.0548747245198679,4.27865367403737e-67,3.95398907822882e-43
19,35541248,G,T,-0.0524791656779498,3.65737105710315e-33,2.22929440773634e-20
11,61596633,C,T,0.0378317352708104,2.04519046137025e-82,1.76336168799804e-40
19,49206108,G,C,-0.035942840037562,1.80211195000794e-111,2.56396155746631e-40
19,49609115,C,T,0.0920568696673046,2.90599893481826e-13,1.34764637995676e-13
17,7462969,G,A,0.0381350307340712,1.0611180518713e-41,5.58428252205577e-40
17,7448457,G,C,-0.043395908868253,1.07398865252312e-33,1.08664596333301e-21
17,7431375,C,T,0.109281621946516,1.91610415072179e-13,6.37432105563007e-12
01,25305172,T,C,0.0357270117909822,2.56250527224958e-115,3.79945785977963e-39
02,112220359,C,T,0.0401858622046995,2.21484165356016e-56,2.14229869485878e-35
02,111817345,G,GA,-0.0252808311170283,3.43424531519276e-19,5.32221264450683e-15
04,3443931,G,A,0.0336893808231861,2.66388704045546e-72,1.51849951509872e-32
05,55444683,G,A,-0.0326328306917868,3.26272733747719e-67,1.67779982762208e-31
04,26152727,A,G,0.132961168986341,4.6224335993367e-35,3.91063242955872e-31
04,26165165,T,G,0.0352399816021061,8.32423030380476e-30,5.01574874042671e-19
15,44027885,T,C,0.100839038568216,9.25872514999379e-33,4.48339879526752e-31
08,10644101,G,C,-0.0379645963147906,1.19301445664399e-44,8.8334525860058e-30
17,1995254,A,G,0.0311114629265147,3.66120076547915e-56,1.65158607586713e-29
17,1618363,T,C,0.0364339002932672,2.77535242946555e-30,7.85039644957442e-26
03,58463689,T,TC,0.0294607842158632,1.82737683390667e-38,4.21328608568352e-27
03,58296655,CA,C,0.0186954152504542,1.92968063709495e-17,1.12919081738402e-12
04,103494230,T,C,-0.0297042522353573,4.899325206341e-63,6.7199123664635e-27
17,67081278,A,G,-0.0973767859580813,3.01799558826316e-28,7.73141305014271e-27
18,60826760,T,G,0.0430181269641756,7.99290502616605e-33,1.26122561445709e-24
18,60730252,G,A,-0.044761027696146,1.54979182790197e-21,1.32089543702397e-17
08,11353000,G,A,0.031535115482313,5.55982307723514e-41,1.36177197051128e-24
02,100795926,A,G,-0.0290384629937976,7.98647098240122e-51,1.58144383050818e-24
13,28604007,T,C,0.123694958351119,2.81108076270568e-24,1.21835989387456e-23
13,108960385,T,A,0.101741522407013,6.22954943334098e-25,1.64881981676601e-23
10,17891705,G,A,-0.0279058742701009,1.78866345479271e-50,1.81247540254228e-23
06,90958502,G,A,0.0282908939260645,4.74637922280142e-47,2.69449539734073e-23
17,43696159,A,T,-0.0348464911770395,6.26454583816082e-35,3.17247260478158e-23
17,57993161,A,T,0.0275296527501999,3.37511348729748e-62,7.42497415782134e-23
07,50308811,G,C,-0.0314252232109496,5.60470383122956e-34,7.93025868040505e-23
07,50355207,G,C,0.0212520042212347,1.13373400313166e-21,1.76825103162108e-10
06,424263,C,T,-0.05134212578059,8.87396583668863e-22,2.58783763527244e-22
06,231878,T,C,0.0451518076959358,1.24308213557362e-15,1.46674170592227e-13
06,223039,T,C,0.0341674365098879,3.12514771936761e-15,4.03052872333321e-12
02,85453713,TCTC,T,-0.0273103242573094,9.97364164808782e-49,4.68893607295648e-22
03,12393125,C,G,-0.0357915245891774,9.16038148691648e-22,6.19093099351385e-22
03,12126850,AAT,A,0.0265507685790576,1.14753491209617e-18,2.82132707192411e-17
15,70376441,T,C,-0.0267289544754099,9.29169835497395e-54,2.82514935831741e-21
15,69988813,T,A,-0.0295502648713526,1.79805639320465e-12,3.30656105684961e-10
03,136384912,A,G,0.0268294492216962,5.77014252488222e-41,6.19522997714367e-21
05,95282971,A,G,0.0310206388896552,2.12102178438902e-30,1.61411115335735e-20
01,154355251,G,T,-0.0251818891383868,7.7271910165751e-49,2.85707231016443e-20
22,30508275,C,G,-0.0259175036924762,9.3350128502959e-41,6.11187532452857e-20
06,137111178,C,G,0.025186784325573,6.14666347317598e-45,7.55993189299995e-20
11,111230529,A,G,-0.0267941947757809,4.3869998993787e-35,1.36760223287336e-19
01,150544640,C,T,0.0295184079249902,5.15677026719194e-30,2.07639349463279e-19
03,141206800,C,T,-0.0491386877318294,2.0589780732173e-21,5.03494038345472e-19
05,75996909,G,A,-0.0593439202792714,2.56600394161977e-20,5.05317804567993e-19
05,75714031,CA,C,0.0168121262200848,5.12139677047139e-23,8.86823950263622e-09
17,45811354,C,G,0.0409357969797706,1.36362733226312e-17,7.36839427650655e-19
17,45815529,A,T,-0.0254186818430902,8.2136279612396e-17,6.21533351934226e-16
01,161595730,C,A,0.07082071138572,0,3.22695891619982e-198
01,161494322,A,C,-0.0517550534997018,2.31373483683235e-45,2.4147883909431e-71
01,161542235,A,G,-0.0789044998935602,1.6549250842359e-65,1.29682676918679e-190
02,211540507,C,A,-0.0249525508412628,1.66138073769475e-32,1.3912642857036e-17
12,111957410,C,T,-0.088295810726417,8.31723308632702e-15,2.01295420485873e-17
12,111884608,C,T,0.0189071669444406,6.05554179541267e-32,3.39490308206097e-15
13,111033125,C,T,-0.0228622041187148,2.15412053286651e-25,2.63406836037423e-17
13,110959688,C,G,0.0204870555350599,1.91775078952791e-16,4.58747820039526e-13
04,100239319,C,T,-0.0775831753594456,5.48633690228951e-18,2.88434071160268e-17
09,139327154,C,T,-0.0251949932313927,1.22651807441687e-29,4.03143002828274e-17
02,102082885,C,T,0.0238732144814651,2.74964722498423e-35,7.14868187010586e-17
14,105968504,T,C,0.0288313177928421,3.94581117569132e-29,8.12751908111145e-17
14,106198080,A,G,0.0244903306859654,7.4619984540188e-24,1.40446054355232e-09
14,106114794,C,A,-0.0455349204983781,2.96444588794061e-14,1.42758274113987e-16
X,48326779,C,T,0.0460274183278343,6.22656144633116e-17,4.70503234671206e-16
15,60887884,G,GA,-0.0225564454415447,1.01451799739182e-33,9.82665352416593e-16
10,6095928,C,A,0.0422941133433533,1.91394974610274e-21,1.79508957340208e-15
10,6094697,C,T,0.0314406189093938,2.10578134930153e-14,1.51767214985885e-09
02,98472162,CA,C,-0.022686937793698,7.71803757840691e-34,1.85376069859656e-15
06,26479150,C,T,-0.0375141580022915,8.24185729888974e-27,1.37118637575498e-17
06,25804921,T,A,-0.0380242496860223,4.2625844812086e-23,3.32403550141083e-15
17,37927120,A,G,0.0586184765080554,2.63836633909007e-16,2.64562274996492e-15
03,156795468,A,G,0.0222185972882596,1.60492113749245e-34,2.7520419174348e-15
19,16495774,C,A,0.0262433664236244,1.92780269816932e-22,3.57991171145555e-15
09,86666993,C,A,0.0276604316036235,6.00639992561389e-22,4.35275590243282e-15
14,103117673,C,T,0.0315636546460476,2.08779662021639e-47,1.37661204080084e-28
14,102675350,G,C,0.0264938454322366,2.39393810880725e-18,6.75781325627325e-15
19,45745052,C,CCA,-0.0241300430700713,3.79295637594326e-24,8.99467497785566e-15
19,4083560,C,T,-0.024456394465789,6.20553126696414e-24,9.85313207576769e-15
03,186738749,G,GT,-0.022297102195294,1.62101014873549e-29,1.5653332299885e-14
04,102738856,TA,T,-0.0226113709350516,1.27680894946973e-26,2.02324387114969e-14
01,93380331,G,GA,-0.0309248796743663,7.5967779270607e-20,2.30549971451483e-14
17,77910297,A,G,0.0222589616960259,4.70047727311324e-26,3.15005085869617e-14
06,32666526,C,T,-0.0801889044882707,9.71835436714164e-113,2.6151841330299e-62
06,32665597,A,G,-0.0747493470288856,1.45234314986314e-79,2.4897729292978e-42
06,32667493,C,T,-0.071315133636157,3.23776372768152e-26,7.15452094759663e-14
11,122514281,C,A,0.0211943343282293,9.02549809381971e-30,3.34583461707368e-14
02,171837238,A,C,0.0213164327934418,1.51309254152123e-30,3.67612664878523e-14
01,39738803,AT,A,-0.0257907176221138,5.66667288661504e-21,3.82876538143274e-14
11,118932859,G,A,-0.0206099951114535,2.60840184446085e-34,4.26463370039323e-14
08,9173209,G,A,0.0206013303704355,6.09579920076418e-37,4.91928413982153e-14
02,61798046,C,CT,0.0207873034519444,2.05117759572996e-34,8.28650641521326e-14
18,57168498,C,T,-0.0204041739170792,1.82558453738856e-21,8.38758250047571e-14
18,57086934,G,A,-0.0167832451256077,6.65869743201371e-13,1.18374055871538e-09
03,132183991,G,A,0.0442798853068536,3.81258373586995e-15,1.28840875286884e-13
06,34381937,A,G,-0.0375469105528672,1.49558827657178e-15,1.52271931359108e-13
05,127357526,C,T,-0.0232299038736864,1.94357685356605e-21,2.21274827406106e-13
02,204738919,G,A,-0.0199487662781962,1.23236915037493e-32,2.39206456967237e-13
14,35871217,G,A,0.0206922652938356,9.56195235526195e-27,2.49161530697727e-13
02,26949366,G,A,0.0198587136269424,1.36584939433741e-37,3.07789838385188e-13
06,116317444,T,C,0.0203706505600772,2.09247282432675e-29,3.51704971279103e-13
19,55325123,T,C,-0.0244146916122074,2.78179116671386e-19,4.71084764326062e-13
11,71608582,C,G,-0.0197158037231993,2.24791282530987e-31,6.48544488321655e-13
04,106208902,GT,G,-0.0196399227378105,2.5610316714975e-30,7.30612174315288e-13
08,61405398,CT,C,0.020300596945664,7.8630774634052e-27,7.56521165484439e-13
14,23696667,A,G,-0.0246277070700283,2.9195108158889e-18,9.74746966000154e-13
15,78312056,CCT,C,-0.0223406935266175,1.68485104162227e-16,1.18919535826103e-12
15,78286698,T,TCCCAGCTCTGC,0.0611460057110712,9.48878925575972e-10,9.80942987798966e-11
08,82044410,A,G,0.0285931128679049,5.58393585833627e-16,1.2680473349121e-12
11,65351364,G,A,-0.0218610600977333,9.23511871263477e-21,1.85040177276218e-12
06,35646435,C,T,-0.0202227619729382,2.04498327728236e-23,2.11614150835314e-12
09,93559515,T,A,-0.0190822369814515,1.75842520996041e-31,2.1436569848924e-12
12,125086417,C,T,-0.0269210009285623,8.68786375209169e-17,2.57071969408684e-12
06,41953344,G,T,-0.0203996814594749,2.20749217771613e-22,2.75373591529997e-12
05,1279790,C,T,-0.0215859053123948,1.23928578398258e-19,3.28562605070303e-12
19,1084026,G,C,-0.03523049864049,4.39380609613279e-14,3.55234510233444e-12
01,221001142,A,C,0.031978129086421,1.47971143108524e-14,3.57807429404423e-12
11,47380340,T,G,-0.0189031685837268,6.42780123444163e-30,4.07259717297607e-12
07,130585623,T,G,-0.0206048212718103,1.24143752010774e-21,5.90346383231634e-12
11,128326602,CAA,C,0.0206986563917537,3.79068470352403e-21,6.08190890672851e-12
07,150502468,AT,A,0.027348696054421,1.08079630396044e-10,6.12472678579303e-12
07,150917891,T,C,0.0253662158230971,2.22074248227882e-10,9.07299353534716e-09
07,150476673,G,C,0.0168844942731645,8.84052493853883e-16,3.31216122538094e-11
04,120141320,G,A,-0.0279944849224269,6.15351241104347e-15,6.45083317616802e-12
16,30936743,G,A,0.0217448298667577,1.88741956176461e-18,7.01821656022387e-12
10,90899622,G,C,0.0194048834865104,1.19677177930474e-24,7.53091664289365e-12
04,79697870,C,A,-0.0503689940677844,1.31739494734799e-12,7.65256972361953e-12
04,177350956,A,C,-0.0188533634112237,2.92602851720517e-27,7.78314551617606e-12
06,149596374,A,G,0.0261500381729075,8.04341431664582e-16,8.29088187720403e-12
12,105626185,A,G,-0.0185786502418003,4.21442016254486e-27,1.22486351104945e-11
03,47087837,T,A,-0.0187635332446262,3.25782848032392e-25,1.5728996762735e-11
01,182157235,A,G,-0.0190132708552227,8.87238957224523e-23,1.64523845053964e-11
06,106698052,AT,A,-0.0226205342530937,2.67402291177641e-16,2.43687902365543e-11
03,189395715,G,A,0.0252472651409631,7.08559520065918e-15,2.64370396418652e-11
08,142235358,T,G,-0.0184527008196954,2.10291608947404e-24,2.6949408471176e-11
02,42328575,G,A,-0.0181178370160645,1.23928033211764e-30,3.15117273232437e-11
04,154358486,T,C,-0.0191537624874985,4.89663585050861e-22,3.26588936844734e-11
08,22960704,C,G,-0.0220755689792766,2.07058588610093e-16,3.43245400102302e-11
19,10770305,T,C,0.018375423200139,4.40663637301269e-24,3.45172199038327e-11
09,136145404,C,A,0.0205504436556456,3.29623486370322e-20,3.45761811165435e-11
07,17480198,A,T,-0.0415820483039105,4.70283872287621e-11,5.15627591506577e-11
07,17941865,GT,G,0.0179425802351989,1.50889231073972e-18,2.52430518902717e-10
11,60970849,A,G,0.0188167149471313,3.41806183583118e-21,5.17421051932467e-11
01,25774643,C,CTT,-0.018221573657019,6.6870247310077e-27,2.43365361976616e-11
15,77437790,C,CA,-0.0205334492870852,3.36376187131783e-18,6.38861672219658e-11
12,4384844,T,G,-0.0683262191891628,1.30603524913627e-11,6.45871095938128e-11
03,133484029,G,A,0.0186709169433798,1.50566418160673e-20,7.13350310033958e-11
X,19797714,G,C,-0.0225722626628044,1.58295680762544e-12,8.21633743587308e-11
07,73504233,A,G,0.0193413961575458,1.79786667892682e-18,8.69877967420045e-11
16,89771870,T,TA,0.0182611791980945,4.22570837196077e-27,9.10956574773006e-11
02,201760701,C,CT,-0.0231927838773617,7.81800248951496e-15,9.97829554977296e-11
06,168351078,C,G,-0.033342545348009,3.0592142928935e-12,1.09900200624819e-10
