chrom,pos,major,minor,beta,p_value,gwas_p_value
02,27730940,C,T,0.096655645740357,0,0
08,19815256,A,T,-0.10681759005482,4.89431633150232e-101,0
08,19824667,C,T,-0.0850661564993563,8.36725782588444e-247,0
08,19813529,A,G,0.20860935582292,2.61546059388067e-118,1.63471171837376e-140
08,126500031,C,G,-0.0966628633902939,0,0
11,116648917,C,G,0.255704377870225,0,0
11,116588425,C,T,-0.0549662621859219,1.99246457943623e-11,3.76564081830816e-61
11,116623213,T,TA,0.219557399699614,3.17803947830971e-184,0
07,73026378,C,T,-0.11314227339188,0,5.58717760428632e-251
01,62901807,C,A,-0.0836224199550971,0,2.42627204388212e-229
19,45416178,G,T,0.0916237323516209,3.19344519047617e-263,7.92046758800239e-216
19,45430280,G,C,-0.0699257805970593,0,1.51063906455527e-151
19,8429323,G,A,-0.226601031144305,2.31468353042772e-149,1.03999914058112e-143
02,21231524,G,A,-0.0774010911503128,6.66366435351429e-213,3.75240297976341e-141
19,19379549,C,T,-0.112111954226633,5.03554888312493e-147,1.46783826777006e-121
19,19396616,C,T,-0.152250878631271,8.47959901998305e-43,8.67927194971552e-37
17,41926126,C,T,0.144723626879718,2.27599143277044e-100,2.76974944767577e-94
11,61557803,T,C,0.0470066984570434,4.23161010576726e-152,8.72456428808659e-74
01,230295789,T,A,0.045333998653852,1.956309846979e-162,6.97085070530622e-72
20,44551855,T,C,0.054753248401054,6.47721561297234e-104,5.77599536227122e-70
15,44028047,C,T,0.137146284734912,7.20283761031028e-68,1.04405103465187e-64
06,43757896,C,A,0.041494533377595,1.52267320962937e-177,5.55605189084747e-63
15,58723426,A,G,0.0486728287107464,9.39631041967627e-75,2.29712995252112e-59
15,58683366,G,A,0.0314979960077691,7.74983021953351e-63,4.87230534754786e-35
06,32587213,C,T,-0.0411426086082084,4.40397475609243e-127,9.04278502945226e-59
04,87976359,A,T,0.038106002779262,9.48299892826047e-118,2.2838597950119e-51
05,156390297,C,T,-0.0375227827493042,2.11149017384211e-102,1.36749948208889e-48
08,18272377,T,C,0.0426553537595498,3.79795096163234e-72,1.06806262903793e-46
02,227117778,G,C,-0.0367360392010083,1.93955739364772e-94,5.39701774949676e-46
05,55861464,C,T,0.0481317310349324,3.99003459661854e-65,1.76782877520372e-45
05,55804552,C,A,-0.0375261737597255,1.02392743931668e-48,1.8180498273549e-29
02,165528876,C,T,-0.0344469979904456,4.09031858431373e-95,2.36841894468864e-42
02,27825715,T,C,0.0868980074943893,0,3.08328935823039e-152
02,27847642,C,G,0.0797652377871729,1.40376297520844e-92,5.60597793960019e-35
02,27883358,T,C,0.0929953838824223,9.34223133992327e-24,6.1167256540469e-11
06,31326289,G,A,0.0301160682166218,7.9685117180586e-46,2.98741210060839e-40
06,31709113,T,TACAC,-0.0200649510741265,2.15934528122687e-28,8.44839755399745e-28
06,31821182,G,C,0.0487134366081857,1.47828516203732e-11,5.03895975054418e-17
07,130424646,G,A,-0.0325289866477775,7.4141284636684e-114,7.33994390868166e-39
07,72823661,A,C,-0.071900767305372,7.06523386834725e-65,2.90968655877045e-103
07,72834469,T,C,0.131061414842221,2.45617764154603e-90,5.60611773829888e-12
07,72840443,CT,C,-0.0406253097994602,9.39931926271815e-38,1.05176551053588e-94
16,56987015,C,T,-0.0321335913665594,1.04430687142164e-63,1.73195611209672e-37
16,57010486,C,T,0.0365028834286746,1.11019395561984e-11,1.3297639151259e-14
04,3452345,G,A,0.0295830451618788,5.88902123213502e-47,1.43721816664294e-34
04,3490328,T,C,-0.0169192384402103,8.41472497594561e-17,3.72524790712031e-17
10,94839724,G,T,-0.0292815309017539,5.74493600527838e-73,1.96244925681267e-34
X,109702468,G,A,-0.0253621570146231,1.60421349769325e-63,4.64894117890296e-34
12,124505444,T,C,-0.0265080373556528,2.51550617287105e-36,8.62880069612324e-34
12,124404718,T,C,-0.0248836241739522,1.46648149283599e-26,7.60991582022627e-30
16,81534790,C,T,0.0316188646110007,5.62931343012314e-58,6.03668438566991e-32
06,139844429,A,G,0.0290585558794857,5.34571698242605e-80,1.48991069182356e-31
10,65027610,A,T,-0.0292173603525046,3.07411047814227e-74,1.77229671571664e-31
07,25991826,T,C,-0.0300197507586091,4.37272362975454e-22,9.26260526713313e-30
07,25983400,T,A,0.0196466787136823,1.05834536373572e-21,1.05625916096716e-22
07,26397239,A,C,0.0177312461588511,3.7931573027298e-19,2.77796940683497e-14
13,114544024,T,C,0.0277536954201845,1.45276144144297e-39,6.85168585948666e-27
13,114631536,C,CGAGTGTGGGAATCT,-0.0221134751150412,2.07355855857098e-13,7.58403295724505e-13
06,127440047,T,C,0.05300949430233,3.26799610483171e-21,1.5074780979828e-26
06,127435106,T,A,-0.0157133316556204,1.00359020148329e-12,1.30604203321369e-23
06,127153879,T,TTTC,-0.0141846271591784,2.17040523938568e-09,7.35415621819431e-14
08,10691088,A,AAT,0.0272331559308759,6.1835753100944e-22,5.74028599169355e-26
08,11178093,A,C,-0.0175312280902277,2.7831178016192e-28,3.96621940135225e-22
16,15150505,C,A,-0.0284037859839961,3.45016151696396e-46,1.14653274143751e-25
11,64018104,A,AC,0.0612625945826792,5.03981957021506e-28,1.15734491142769e-25
19,49259529,G,A,0.0265130695384536,2.03113135981689e-66,5.28105178734546e-25
12,57766392,G,C,-0.0288413433389664,1.20734068901856e-37,1.17386253107181e-23
08,11521079,T,A,0.0182953446022216,1.0256112209182e-22,1.3287268784414e-23
08,11522353,G,A,0.0231202235534711,1.304190758468e-08,9.30787867818522e-21
03,52344680,A,G,-0.0295587739035471,4.27801441699409e-25,2.28076635376785e-23
03,52745087,T,C,0.012247308470037,5.29476830318862e-14,3.77859215010618e-10
01,27021913,G,C,0.0811904975381914,3.23491010464238e-24,4.058112386176e-23
03,135956305,C,A,-0.0274807874732846,5.63739965909923e-33,4.55583521982087e-21
06,160521885,C,T,0.0438981723232603,4.09277336161507e-23,7.38229074406575e-21
12,4384844,T,G,-0.0875956333894924,1.46954768201771e-21,1.47912848384295e-20
11,47275064,G,A,-0.0216497512435656,3.20638359648953e-24,1.399542080146e-19
11,47670056,C,T,0.0422240560475733,4.73052583678395e-08,3.45055923735502e-09
11,47427424,C,G,0.0271221938669238,9.97398268634945e-08,2.62089983006899e-09
22,38599767,G,C,-0.0228974424942091,7.90099018164244e-29,2.30678376220456e-19
22,38898416,C,CA,-0.0166276433304908,9.20441264758296e-18,1.76806831011159e-09
20,39165692,G,A,0.0563058553293066,2.30698958374227e-16,3.98299067604422e-19
20,39186590,C,G,-0.0151468613194916,1.01311929628142e-14,6.5208025107312e-11
20,39124408,G,A,-0.0232531818978763,4.80447321567356e-08,5.97306829621204e-08
08,59338856,C,G,0.0211917190405523,2.58779861989238e-30,8.82014346431155e-19
08,59407808,G,A,-0.0328327772878755,4.96608025420629e-08,1.59959704697296e-10
15,63789952,A,C,0.0201343622029925,5.28891395234843e-22,1.76768326124021e-18
15,63344332,CATTA,C,0.022522007064528,1.83855111735822e-14,1.14483413036722e-16
16,69666683,G,A,-0.0219059651718918,1.88206474174135e-41,3.71475274002303e-18
02,219565859,C,CT,-0.0195754008818566,4.81173903566495e-23,5.6648967642901e-18
02,219291481,C,T,0.0387458597594333,1.23667273745732e-11,4.11811870887821e-14
02,219184275,T,C,0.0158384091180227,3.04153771142952e-13,3.18488042746343e-07
12,20470199,A,G,-0.0272556701207162,1.34318842290463e-24,5.82279246002385e-18
12,20916617,G,C,-0.037359232573552,1.81304754052266e-07,1.61996909362216e-07
12,20263340,G,GA,0.0223544729333096,2.68264301401033e-07,4.82408427894394e-06
16,72097827,C,T,0.0272707512892116,1.40873640905448e-25,5.83431547328218e-18
15,102067841,C,T,0.0237553474944137,1.00891957682603e-22,3.9055327350173e-17
15,101904001,A,AT,0.0144337923285432,3.61237575749755e-09,7.90757366790412e-07
01,219664627,A,G,-0.0164956826064248,5.72418999493066e-24,4.19906602255721e-17
01,219759733,G,A,0.0178202906705484,3.28007570529155e-11,7.00224296100411e-15
06,160907134,C,T,0.0278172969486042,5.17583254981791e-34,2.42453122414896e-10
19,7220596,G,T,0.0172830876309824,2.02223078999733e-18,1.58259735176985e-16
19,7293119,C,T,0.0344369469314648,9.6367981810916e-07,7.25323246167067e-07
19,7195938,C,CTTTCTTTTTTT,0.0142196427984732,9.26676660774996e-07,1.0251819778146e-09
06,52621781,C,T,0.020637288899795,4.04422029728749e-36,2.35001187339698e-16
12,21343886,A,G,0.0286048808222897,1.48022093853175e-18,7.22219575948609e-16
12,20996289,A,G,-0.0325971006410505,5.31435293645822e-07,6.98126604019595e-08
04,26050450,AC,A,0.0267499397794217,2.3374421118396e-21,1.05465547830252e-15
03,12471070,A,G,0.0183641995612565,1.25961016538739e-12,1.55464948645367e-15
03,12170251,T,C,-0.0226813760474164,7.17333825652344e-10,7.02151391172194e-11
03,12494794,A,C,-0.0132316318099332,9.01122437971914e-15,2.31212342748824e-11
20,62711459,C,T,-0.0195048388305981,1.70294339712381e-41,3.52626109532991e-15
17,64210580,A,C,-0.0588745925115504,6.49410543659028e-17,3.54065969677525e-15
17,64216929,GA,G,-0.0271155535147864,5.61078778302108e-09,3.82345147067656e-07
19,33896432,C,A,0.0204524248565298,1.23879687814794e-21,4.14971959377851e-15
19,33753166,T,C,-0.0154328653467501,2.1466195433349e-13,2.5573256727378e-09
05,132444128,G,A,-0.0332726787524313,1.04655385188738e-17,5.78078441723031e-15
01,93854517,C,T,-0.0194658257940232,4.62641666461027e-32,1.03042881407409e-14
05,118729286,C,T,-0.0174073353574818,4.28852738510374e-15,2.17695622341138e-14
05,118790979,C,T,0.0126807497194805,4.32889218665889e-11,2.4274755546299e-11
06,30722267,C,A,-0.0240667087172624,1.29012243266005e-15,9.02540605443469e-16
06,30062660,TACAC,T,0.0168876811126572,5.13602818961134e-10,1.02009202337525e-09
06,29811624,C,T,0.0514022274383552,1.65069093338969e-06,2.36678012972702e-06
07,73397788,G,A,-0.0655046289264591,2.44132987468919e-25,6.92938249932065e-23
07,73328157,AG,A,-0.0434747060400737,9.35142102364686e-11,1.64848431557381e-09
07,73187974,A,AAAG,0.0578737374098142,9.54900751050909e-09,2.23374340750919e-09
10,115814806,A,T,0.0206546496500753,1.42080061140802e-25,2.76994987327056e-14
10,115324609,C,CT,-0.0129209379124422,4.01608240858891e-07,4.31846887745648e-06
07,44200715,T,TTAATTA,0.0245925581968997,3.91159701337041e-17,3.0782051454912e-14
07,44224632,G,C,-0.0296856898466401,7.20874048937524e-07,9.23090209269783e-08
19,56086584,T,C,0.0188016987414316,4.5467835064796e-34,4.61308772980623e-14
18,57914679,G,A,0.0217366816091294,2.99514915884921e-22,7.85210746173978e-14
01,40048009,G,A,0.0221291814191768,5.17941320729837e-21,8.13902036789544e-14
07,17284577,C,T,-0.0166456696446341,7.86880763908297e-16,1.12472475747231e-13
01,154239334,T,TC,-0.019553025650887,1.87280932567142e-25,1.28274992359756e-13
17,76391454,G,T,0.0188872189320573,7.50326412297829e-20,1.71528294305604e-13
17,76808726,C,T,0.0126866391955863,3.95722838889627e-12,6.55249492183818e-07
19,35537706,G,A,0.0221738341742135,2.54225190958616e-12,2.14922266543162e-13
19,35556640,C,T,-0.0193872563832721,6.17418892859986e-09,5.72718465117859e-11
19,36032301,G,A,-0.0117474366030385,4.67497858792895e-09,4.06170558588614e-06
08,72432906,C,T,0.0327642407847978,2.96933052676889e-14,2.34978637130308e-13
08,71985773,T,G,0.017906395930626,6.31574708360656e-10,3.10777618433912e-08
X,153545105,G,GT,-0.0177150387971323,8.16258312951819e-19,3.04521990070948e-13
09,92169473,C,T,0.0195026507467114,1.31592768191857e-24,3.08861484517093e-13
01,221001142,A,C,0.031259199026867,1.82670538684698e-16,3.19793514163772e-13
01,220942418,T,C,0.0383568114648762,1.3917068891399e-06,9.62403946834303e-06
05,158015903,G,A,0.0231889687763853,1.23894252464922e-18,3.6521658957429e-13
03,150097635,G,C,0.0355162952386897,4.60878559814245e-15,3.75623668430249e-13
02,65284156,C,CGTGGATGCAGCA,-0.0173527200902396,6.65940511549372e-14,3.84716574854818e-13
02,64906295,G,A,-0.0148848482574022,7.92250461843272e-09,9.08569143044432e-08
02,65690496,G,A,-0.0118796791201097,1.15845375508311e-08,7.18131834921976e-09
11,118396331,A,T,-0.0605024484146536,1.46557583940594e-13,5.1475120895448e-13
17,65854807,G,A,0.0235423157613553,5.80969652164897e-16,5.47183451260618e-13
17,65367094,C,T,0.0123751415844571,1.13735940081313e-09,5.10141330924443e-06
12,123174023,A,AT,-0.0240500711622662,4.52652894750992e-18,6.22775831923183e-13
17,1618363,T,C,0.0224267751385031,1.14215712483525e-17,1.37628365873566e-12
X,65973199,G,A,0.0288017787186532,1.25717624218479e-13,1.57822514544036e-12
11,65473798,A,C,-0.0171946331118407,2.66463442947191e-17,1.76671708219541e-12
11,65473175,G,A,0.0234894808405526,1.31611614122711e-06,2.12208980268808e-08
06,133816623,T,TACTCATTTATTTATA,0.0174828702769954,3.02473202023907e-30,2.13910728705427e-12
10,103946480,C,G,-0.0339794132101652,5.35494055785061e-14,2.39636641006764e-12
05,67714246,A,G,0.0178385572993717,4.22284960637671e-27,2.67995176481546e-12
03,172294500,G,A,0.0518534017482636,5.25216957941128e-13,3.08245319912e-12
11,68616074,GCACACA,G,0.0185479696052531,2.24353221222573e-22,3.14709595118968e-12
07,17941865,GT,G,0.0178771468949901,2.96873740624153e-19,3.59887262098032e-12
03,156795414,G,T,-0.017756693248474,9.60085827878388e-26,3.92194694804026e-12
10,94845981,T,TCA,0.022637921193723,2.85079282880291e-27,6.91456205903866e-25
10,95067066,T,A,0.0132373464589051,1.23401624007238e-08,2.73674711084949e-13
X,15285874,C,CAAAA,0.0132470440197707,2.7565204385744e-15,5.69025335570946e-12
X,15199949,CT,C,0.00981608452648721,1.79040886654702e-07,1.72733178921735e-07
01,51353068,C,A,-0.0300586221843288,7.68152876960241e-14,7.45843134032104e-12
11,13361524,T,C,-0.0181823555416055,6.66619706629061e-21,9.00940372443654e-12
12,69773411,G,A,-0.016919121293677,4.80972396156402e-30,9.14676411027721e-12
17,17482025,T,C,0.0376586475737267,2.00499197442636e-14,9.48518225080496e-12
17,17366377,A,G,0.0181093463760578,7.15996137570645e-15,1.61516427584382e-08
04,110569620,C,T,0.0591117942589805,4.32379398497534e-12,1.15313022081391e-11
09,107664301,C,T,-0.019176533616881,4.63667237402141e-14,1.26379029998242e-11
09,107722705,C,T,0.0122034557379664,2.54272091981023e-12,1.50544394875484e-06
02,20367135,C,T,-0.0167455299657022,3.25036753638753e-30,1.36093311195437e-11
05,53283630,A,T,-0.0170896880793857,7.71090725993684e-24,1.80938852443305e-11
19,11300582,G,A,0.0281442829529344,6.4478363286043e-14,2.90508604881438e-11
19,11342785,A,AG,0.0413523585367205,7.67020047744301e-12,2.86176530202057e-10
19,11298369,C,T,-0.0361949604250696,2.29068997376817e-06,1.88002134544626e-07
10,114128630,G,A,-0.0414015521038385,2.87403924028558e-10,2.93310162008524e-11
10,113915574,CA,C,-0.0165197087373262,3.72481083847845e-12,1.09079638060426e-09
10,114012302,T,C,0.0155655754855129,1.03824387360532e-10,5.19554626498831e-09
11,14424900,T,C,-0.0244455110555307,6.58621140821091e-16,4.67674285731793e-11
11,14561945,G,C,-0.0418253813834897,5.27651829379523e-09,1.94393451649025e-07
10,63911444,C,T,-0.027123824120793,2.49540431482001e-13,4.91420976542099e-11
19,50016759,C,T,-0.0211760958991408,3.10968502794584e-12,5.05579543861859e-11
19,50016300,T,A,0.0295492322154149,1.89366590415838e-08,2.48824398723941e-09
12,122630915,T,C,0.020202995051088,9.2853231014684e-16,8.97873238897891e-11
04,18034463,A,G,0.0236288585548454,9.69464205201556e-14,9.18722187988786e-11
09,86595731,C,A,-0.0182551836941073,4.95470576006728e-17,1.20466396318608e-10
10,99772404,A,G,-0.0159846082416684,5.24561679145066e-25,1.33072866290182e-10
11,111458659,T,C,-0.0378523363871731,4.91115395363196e-09,1.51218349342844e-10
11,111646915,A,T,0.0145692690761455,4.95538506401283e-15,2.95928485640189e-10
11,64799894,C,A,0.0176453553470116,1.41283091304709e-17,1.55131047322508e-10
07,76036364,G,A,0.0158418392815726,2.16221771968645e-29,1.59150203493384e-10
03,142655290,G,A,0.0158152524732134,3.59761998161095e-26,1.81377716828997e-10
17,46197755,G,A,-0.0183332722030114,6.4477552744535e-16,2.35461410207755e-10
03,170727739,T,A,0.0241084261677077,8.88536523696804e-13,2.61881425235519e-10
01,62955862,T,C,-0.0834344172141891,0,3.75068061516713e-229
11,78042294,CT,C,-0.0210490192064221,1.82816348684737e-13,4.11038711239038e-10
20,45594711,G,A,-0.0171600488304231,5.02047025198757e-17,4.26884579548552e-10
02,121309231,C,G,0.0195116198045786,8.77282490577615e-15,4.44942956579245e-10
02,121347612,G,C,-0.0165429138095943,1.66696644624312e-11,1.87691662875788e-07
02,121440218,T,G,-0.0226757892810655,3.64896765925024e-07,2.64653933211979e-06
02,219660394,T,G,0.0202537871575472,1.13924864917885e-41,8.91089966067951e-18
02,220101974,A,G,0.0535038568707505,7.31515959737596e-09,4.56890019920658e-10
02,219879746,G,A,0.0393215504530504,3.7680838956396e-06,3.28630182189818e-06
01,109817590,G,T,-0.0184555609532884,6.62497793388672e-15,5.05432309327278e-10
17,57950619,T,TTG,0.0189612754235041,1.64486884345383e-14,5.18237056521288e-10
15,66872325,T,C,0.0160103501932839,2.1603715480831e-19,5.21582758949727e-10
02,37066018,T,G,-0.015451089987422,1.31466542550225e-23,5.71567195023225e-10
08,116657911,T,G,-0.0169654774960789,1.03302554497555e-16,6.53893432835793e-10
11,48767656,G,A,0.0314875319922172,7.04144067798147e-12,6.56196309968755e-10
11,48311874,T,C,0.0433032658410083,3.90495599522555e-08,4.32546705652099e-07
14,64236191,T,C,0.0208509710636748,5.414953515525e-13,8.78491425969449e-10
17,40749466,A,G,0.0206176408555708,8.40655414767833e-13,9.5066839073712e-10
17,41166479,TTC,T,0.0610940066854526,1.0797249491645e-08,1.25668857847186e-08
08,25464670,G,T,0.0173059227669894,3.40951324955685e-17,1.02976569382629e-09
12,107206223,GT,G,0.0178444827262657,6.80117023578471e-15,1.03473982979161e-09
10,5245780,G,T,-0.0207729404420998,7.78838716327668e-13,1.06126024157816e-09
16,2462739,T,C,0.0160316039270135,2.16111159672338e-17,1.33294212045541e-09
05,57610069,C,G,0.0154169041040726,8.68494497074335e-21,1.37446990119909e-09
01,184672098,G,A,-0.0543926845357334,6.47218523700142e-10,1.38443773892861e-09
17,47357969,G,A,0.0149356638881375,3.67473081188142e-14,1.58650812062123e-09
17,46957987,G,A,-0.011719703546978,5.90567868522254e-10,1.87588818112703e-06
09,136146597,C,T,-0.0173805472413554,1.93715695950118e-15,1.61317360093665e-09
19,20439917,CCCA,C,-0.0490768596437876,4.43569833486237e-10,1.75492329385606e-09
15,60902512,C,T,-0.0206334508851438,1.47303837622042e-12,1.89477797381838e-09
07,17459648,T,C,-0.0325245119364094,-99,2.02551674033575e-09
10,95309022,T,C,0.0455756575541592,-99,3.03190798144695e-12
06,161010118,A,G,-0.0957253352161105,-99,1.70056244257404e-16
06,161013013,T,C,-0.184274951546658,-99,3.43161909000124e-20
