chrom,pos,major,minor,beta,p_value,gwas_p_value
20,34025756,A,G,0.038174137591953,5.91651607374057e-283,3.70081157160439e-122
18,57849023,G,A,0.0410791569917419,6.16287914519333e-169,8.83624884907132e-106
03,141101961,C,T,0.0296193709122697,7.08522454501679e-196,4.58278688462437e-76
13,51116901,G,T,-0.0327417073481891,1.06103244050215e-97,2.41246245085738e-69
13,50655989,G,T,0.0796579474507122,2.00601190022848e-42,2.89493137449831e-46
06,126704795,C,T,0.0277983145208551,6.07845709471818e-168,9.17629691854722e-67
06,130374461,A,T,0.0302540184078886,7.04215359180395e-107,5.19376472692696e-63
07,92250140,T,G,0.029826293412244,1.89058857540132e-106,6.77602581384673e-62
12,66361453,A,G,-0.026509069386348,6.09152532177546e-178,2.28403459579251e-61
16,53806453,A,G,0.0263708968964285,1.02673163869832e-99,4.21771888658587e-60
16,53477732,TGGG,T,0.0143279034399249,9.54919905978943e-22,1.80317794081653e-17
12,4384844,T,G,0.0987366570965637,1.13541644206518e-61,1.50824413235902e-58
06,34183026,T,C,0.0302604961389581,6.77801247769128e-57,3.44900529457286e-58
18,20737641,T,TTAA,-0.0310448414774926,7.09545278719515e-90,9.59434430331178e-58
08,57122215,T,C,-0.0360178153328918,3.49627205643493e-63,6.93718222842503e-56
08,57160328,G,T,0.0190130237382053,5.83488445330373e-34,1.58312507617655e-27
06,34205465,GGAGCCC,G,0.0374192603806933,7.1283595882146e-52,3.83850413325422e-48
17,29206421,G,T,-0.0297754340737901,2.2358000539076e-85,4.96387649342114e-52
04,17902920,C,A,-0.0274749628548717,2.5028345837506e-47,8.83433110521079e-52
04,17956213,T,TG,0.0186673469957167,6.47802735742092e-40,3.22792033205502e-41
17,61996255,C,A,-0.0321328155625762,4.12785389851231e-167,6.77959408406706e-49
17,61996273,T,C,-0.0416951145531546,4.25116200548271e-69,1.81246101238687e-24
09,119124535,T,TAA,-0.0291824646428925,1.43926068774709e-72,1.42377661213743e-48
X,78655777,G,C,-0.0200879364153144,1.30362059204393e-85,1.78265581233275e-48
13,51064533,CCT,C,-0.0276602052229644,2.52412822689381e-84,9.02421715881284e-57
13,50565104,ACT,A,0.0790193753567699,3.71125023805695e-43,2.13208574356168e-47
12,93989683,A,AT,0.0292690866278825,2.19174461479722e-65,1.15811690614604e-45
12,94136009,C,G,0.0171036672679241,3.58904355149379e-60,3.093947532242e-20
02,27730940,C,T,-0.0230675390160102,7.83637476022039e-102,6.69924430253363e-45
06,31840021,A,T,0.0215158167586562,1.20015110215401e-65,3.98309392847127e-44
06,31552850,T,C,-0.0150493494406714,1.3959636149301e-20,2.61040384301699e-23
14,61072875,C,T,0.0227274017872575,7.7610215937058e-97,8.49062765295803e-44
06,19839415,C,T,0.0479770548122096,1.00977626785442e-44,1.74454558214051e-40
04,145568352,C,T,-0.022726388308351,3.42969407979934e-34,2.02319101192045e-40
04,145839264,G,A,0.0142600663168419,3.34556231834687e-44,1.34915141758293e-33
01,78444764,C,CGGCCG,0.0325868572528439,2.11114843136176e-52,3.65019163305392e-40
01,154989823,T,TGGGGGCAGTAGAGGGGGCAGTAGA,0.0204700796715537,9.30955348059404e-41,4.20709021788872e-36
01,155155608,A,G,-0.0114945985024459,6.27149377108631e-26,1.79534026325371e-20
02,417167,T,C,-0.0478414903185885,8.71482978398647e-41,5.52061407664161e-36
02,630553,G,GA,-0.0269015607988294,3.17342358853547e-50,1.17033201992134e-34
16,30042677,G,T,0.0200885387346576,5.17152740322105e-80,6.68757249519161e-35
01,41544279,T,G,0.0208451719607279,1.1409668988908e-68,8.7425506470416e-35
06,7719065,T,C,0.019999006976342,6.24894918917372e-86,1.51390651190986e-34
06,7231843,G,A,-0.0192489829391411,8.10847984761659e-15,1.00531046527837e-12
07,150668070,T,C,-0.0155984751290161,2.29812017630592e-37,7.18573273293854e-34
07,150540196,C,T,0.0139309050508702,3.63005696517408e-27,6.68193614781499e-30
20,33409350,G,A,0.0165599457866026,5.65945688644705e-58,1.34053066170387e-38
20,32505658,G,C,-0.0215833203619014,1.93778091955482e-18,1.35733933804708e-24
20,32678560,T,C,-0.036690975783463,5.02993053647435e-10,4.81828413079175e-12
08,135601194,T,C,-0.0155631829769234,5.05337510938339e-25,3.94803871957109e-31
08,135649848,G,A,-0.0160970959859717,5.73141724664891e-20,3.82614800233533e-26
08,135843916,C,G,-0.0122261696664239,5.64464479077435e-16,6.18238911883157e-11
07,2760935,T,C,-0.020154008281026,1.58042753030358e-56,4.39669464144384e-31
11,66897377,CAA,C,-0.0332871946925615,2.11964248738051e-36,5.40845925501164e-31
20,32077916,C,A,-0.0192674228584365,7.9310475289725e-38,8.27208924642767e-31
20,32542814,A,G,0.0121463790684425,2.83577888513353e-21,1.09136430710387e-17
02,172414553,A,G,-0.0212378837106675,2.7291306471937e-50,9.12251222534678e-31
06,26180634,G,C,-0.02109787400841,4.53464371702989e-51,1.05067228601905e-30
09,98316094,G,A,-0.0267567633207448,8.94000065876952e-23,4.07466611822704e-30
09,98217348,A,G,0.0286842635607216,8.84314366744336e-34,4.25176122262572e-25
09,98192383,T,A,0.0132888433070116,5.4067881437791e-25,2.94985237335229e-11
01,177875959,GCTA,G,0.022251753661223,2.1965088631905e-45,5.85064717653758e-30
05,122699198,C,CTA,-0.0181881954437829,2.49048340002444e-78,6.38019643446831e-30
08,78105153,C,A,0.019684505123443,6.80777265353217e-49,6.54588971034785e-30
08,77761919,C,T,-0.0236628083807881,1.13766694790379e-11,4.33993024124344e-12
04,106216800,T,TA,-0.018733870063698,3.42843657934038e-66,7.97257208785174e-30
17,7571752,T,G,0.0858722157473045,2.77173442602787e-32,1.13994032153579e-29
17,7366619,T,C,0.0215738517115768,6.6664000009432e-25,4.65926143247658e-18
17,8056606,G,T,-0.0184896086038197,9.21582726245965e-12,1.49479829886373e-10
15,99186488,G,C,-0.0219494013963826,4.65059964095075e-24,3.44777686572207e-29
15,99214192,TTGGAA,T,-0.0257508934196681,1.03720710416589e-21,1.5105079613678e-10
15,99226148,G,C,-0.0150286927240987,6.22841358306708e-27,2.23801189102972e-18
02,218279432,AC,A,-0.0190002912943429,3.77986566367655e-42,4.08892508885529e-29
02,218146818,T,G,-0.0160169532866627,9.41933648512916e-24,3.42376679110085e-19
05,42687629,T,C,0.0203032993567873,2.88421102456713e-17,8.16220346691294e-29
05,42290110,TA,T,-0.012128980236429,1.59257119307622e-16,2.44336609010419e-16
05,42814817,C,G,-0.011106768654015,1.29365608441621e-20,1.07326210814256e-19
06,41909521,C,CCG,0.0352785649251624,1.03246897397249e-30,6.22271480712079e-28
06,41903798,C,A,-0.0633316724197256,8.15885111048396e-20,9.08106445289518e-21
16,2160503,T,G,-0.0233622921741947,9.82441083977583e-34,7.80509817568676e-28
16,2266173,T,C,0.0175665327615662,1.23054307970511e-35,2.245039178849e-23
06,152168974,T,G,0.0175001375236515,1.4905315220315e-71,2.53454079516977e-27
01,176787749,C,CT,-0.0180999131552952,1.75736166038458e-66,4.06276766597306e-27
01,176500060,T,A,0.0199903794813431,7.57184405722038e-12,2.96005133095798e-09
06,108988184,A,G,-0.0176205164175441,4.75853535696074e-41,6.77289865121862e-27
06,109032609,C,G,0.0298074613433567,1.75297674645751e-10,2.78910922303335e-13
03,185548663,G,A,0.0241840734662437,2.00961516452174e-27,1.21127048292009e-26
03,185371172,A,G,-0.00959172630556378,1.59473386480364e-19,1.65546562585468e-12
06,142716286,G,T,-0.0188695964575589,1.09066200379055e-38,1.267263996068e-26
06,142436352,C,T,-0.0112502897509615,2.35296662294982e-12,1.68585475001753e-09
02,23896049,G,A,-0.0190107706027308,4.58320335196005e-45,2.21622068974177e-26
03,172137343,G,C,0.0177512616633584,4.87757115423449e-33,6.2134895134364e-26
03,171969077,G,C,-0.0152074995251991,2.21858051915551e-42,1.07061599108827e-22
17,59494574,T,C,0.0177739464409714,6.42537984146334e-50,7.74672327377051e-26
12,46752872,C,CA,-0.0154578237101807,2.54082686795938e-47,2.82755780225244e-25
12,46764254,A,G,-0.034521882518043,4.51938926276836e-09,6.46525853309342e-14
02,56106928,C,T,-0.0171015618149858,1.13593625723406e-28,6.06128349005412e-25
02,56076480,C,G,0.0136962737685383,7.72492997775425e-13,1.81207314449386e-16
07,23513093,C,T,-0.0190455203556655,3.68618958448717e-40,7.98444349952842e-25
15,89397827,A,G,-0.0490833472966175,2.80597690657658e-26,1.02332512562163e-24
15,89386652,G,A,-0.0155125840691834,8.17582053685973e-16,1.21292086608873e-10
15,89367562,C,A,0.0131405681012602,7.46868807117457e-31,4.1450090019796e-15
05,168256240,G,A,-0.0201301699838452,1.48190651476472e-36,1.56333402290886e-24
10,102659337,G,A,-0.0168578081191301,8.14250301726957e-53,1.93337381511992e-24
10,102317555,C,CA,-0.0126907554678361,1.05359112763512e-12,2.76346121454186e-09
19,2176403,G,A,0.0163855890223811,1.20372165938316e-54,5.73275700625845e-24
05,176509193,T,C,-0.01863349569559,1.49328038809295e-47,8.02628628316029e-24
06,109730882,T,C,-0.0162760052769786,3.17046047422243e-54,1.55655365848925e-23
04,145868325,G,A,-0.0157360319250743,7.32883210143131e-38,1.98064355500823e-34
04,145605025,A,G,-0.0177323005835262,6.77010398419364e-13,8.09489841054599e-27
12,111884608,C,T,-0.0158178504394814,4.00096375440185e-63,3.45776277611118e-23
12,124826676,C,T,0.0207017808322265,4.69393298488154e-26,3.4900439690392e-23
12,124393697,G,T,-0.00973331456410995,9.13014421054365e-15,1.38826408019441e-10
05,75003678,T,C,-0.0161639982142826,8.9606718644249e-51,4.74571768297158e-23
11,2165576,G,A,-0.0201410297547946,1.48827758191447e-29,7.40330516199125e-23
11,2053669,C,A,0.0295400102423728,6.33738989300422e-11,1.67600660401859e-11
10,96038686,G,A,0.0142728457640479,7.14620312507894e-34,1.70641403134431e-22
10,96085377,T,A,0.0144653510358249,2.72558363965165e-10,1.51612065271354e-13
11,68199393,C,A,-0.0207859348417017,1.92799515326694e-30,5.29617056960791e-22
07,72973854,C,A,0.0170801481751734,2.08906263217125e-38,6.07399215979612e-22
17,43223316,C,CAT,-0.0145055135682026,5.27033000125656e-29,1.11344285357941e-21
17,43146641,A,ATTTAT,0.0118014181111575,4.1255477397674e-13,2.1289354453017e-14
05,170864021,G,T,-0.0186817570278384,2.79625314177603e-23,7.12265260364553e-21
02,211543055,T,C,0.0161714997084438,2.74333164619468e-38,8.2549549120423e-21
22,42070374,A,C,-0.0254460450328503,4.50793051042301e-25,8.73849753074557e-21
01,172105257,T,C,0.015164503894647,3.48015624387853e-28,1.27970881036817e-20
01,172355841,C,T,0.0118845297627501,1.98401352939136e-10,9.7771794402642e-11
19,10750115,T,TG,0.0157697242248202,9.26804004129154e-40,1.96645646324782e-20
X,129251524,A,C,0.0124409351688348,2.90156992023642e-38,2.48160147957934e-20
01,51037660,G,GT,0.0260190325378699,8.48033763744756e-24,3.27190264671421e-20
17,79093822,A,G,-0.0152433767611778,1.9908781036446e-31,3.81513238928676e-20
17,79420617,G,GC,0.0101490808533338,7.91768562460809e-14,2.05218913311336e-09
08,130721793,AATAG,A,-0.0184427238927853,8.27762022203227e-30,4.32448613882373e-20
12,11878464,C,A,0.0153195472519461,1.79849697549134e-40,4.46716130010505e-20
01,214638396,C,G,-0.0152863896045679,5.12170150667382e-46,4.78307444905057e-20
06,29355148,A,C,-0.0162289103112994,1.84925063530563e-36,5.2668200618809e-20
20,50951298,A,G,-0.0184727412163949,3.11403924327712e-28,1.0483088897364e-19
09,99084471,G,C,0.0198956041477068,1.48924615105265e-26,1.4916144844399e-19
16,4014282,G,C,-0.0148078051161168,1.03972437507769e-41,2.06601299171733e-19
12,116196322,A,G,-0.0182501723413749,1.25284937373184e-28,2.63884992968558e-19
01,33774752,C,A,-0.0154306927220513,1.69843875813694e-35,4.91997776866217e-19
01,11276710,T,TA,0.0158565850058242,3.6299470524273e-36,6.12048430153411e-19
08,126508568,G,GA,-0.0173135935408323,4.77954058006218e-31,8.03890956169514e-19
07,28174957,G,A,0.0156334476147783,1.06146343204424e-32,1.02225884004018e-18
02,71562503,C,T,0.0142297609387827,6.67757374302522e-45,1.26915346285174e-18
05,36803614,T,TA,-0.0141076591517838,1.50938671495107e-45,2.44267248194333e-18
X,137050402,C,CT,-0.0171445247467824,3.61218793148308e-23,2.4640486435338e-18
03,128992047,A,G,-0.0168140144291457,6.17517774607786e-28,2.643769873654e-18
20,35604110,A,AT,-0.0175630788481135,4.56313566179392e-29,3.13975674860964e-18
06,140438076,TAA,T,-0.0154467706688534,5.25197267444954e-31,3.44361326737132e-18
01,218597297,C,G,0.0152405355739092,4.81039125237281e-31,7.42675698053963e-18
20,21217976,C,A,0.0145050223391586,7.0077741601775e-34,1.15470514414334e-17
11,10126097,TG,T,-0.0136424049174055,7.54226543055722e-49,1.23481517818948e-17
12,3338920,GCACAGCTGGGGCTGA,G,0.0152556231773035,1.59189822854746e-17,1.41947632467072e-17
12,3393100,C,T,0.0249053419608768,3.81229435489434e-14,8.26364031829641e-15
12,3295708,TTGTTTGTGTG,T,0.0112535185477689,5.62036846755958e-15,3.88583724321909e-10
05,67596088,G,A,-0.0136370627401224,1.07970931552476e-44,1.54145319117968e-17
06,160769811,C,T,0.0135760461112083,3.0315902396007e-45,2.02528028113463e-17
16,781292,C,T,0.0170832395415229,3.37661065013093e-20,2.45913153322357e-17
16,987454,T,C,0.0106357993089672,2.11015637096642e-14,1.29230948417006e-10
16,1113847,G,T,0.0103817812399737,4.85765367384105e-15,3.10597895317327e-10
15,62274940,G,C,-0.0135545254856305,1.5196902482619e-43,2.56717221084394e-17
03,9975386,C,G,-0.0173738393576997,5.34410974761521e-26,3.06704164565325e-17
X,78858583,G,A,-0.015405702374047,7.1310102373375e-43,3.52493012105593e-27
06,80959985,TC,T,-0.0148801154363303,7.90164440177853e-39,3.91509782651524e-17
06,81446732,G,T,-0.0126198220380135,1.71342177660352e-22,2.29885860600425e-11
12,123759417,GAA,G,0.0189159249990427,1.93169819593065e-24,4.56438326166166e-17
15,67007813,A,G,0.0154053202552097,4.97581237374674e-29,6.52066587751532e-17
15,67457698,A,G,0.0226424517919186,4.75289613175152e-12,1.5628864642934e-10
07,46642308,T,C,0.0125992584841518,1.1585497410767e-34,7.73380517644143e-17
07,46557704,G,A,-0.0152890059481523,6.42459968167646e-14,1.00608422137861e-13
17,63561592,G,T,-0.0184346195958395,1.58492000427284e-22,8.36389218315015e-17
06,50787576,CGAGGTGGGA,C,0.0207112098229039,1.0669321962283e-22,9.94134825295455e-17
14,24835773,G,GA,0.0144966765391624,2.10722627826351e-29,1.28047368086081e-16
14,25948867,T,C,-0.0143336408567523,6.74899047731206e-33,1.3682342794215e-16
20,20069826,G,T,-0.014992965220671,1.85836533255573e-25,1.38746226634539e-16
20,20348253,C,T,-0.0142942366889353,1.86905041330404e-14,2.61770881173316e-11
19,47557098,G,C,-0.0155371514214294,1.21064492352476e-26,1.40612841730576e-16
03,50022069,G,A,0.0143226351164917,3.28675911245542e-44,1.74214467466365e-16
17,68153968,T,A,-0.0201557326103507,1.36498698225746e-20,2.00656129954342e-16
04,88557753,G,A,0.0132168305409762,4.70769769676484e-44,2.02916867194861e-16
14,65520246,T,C,-0.0132645820689179,1.18157306746495e-42,2.03464670684303e-16
02,227263582,C,T,0.0133296661498924,1.46422791655913e-25,2.03767253958379e-16
02,227368066,C,T,-0.0410642592268594,5.2521806523016e-11,9.77143122577111e-13
11,27728102,G,A,0.0142800169724595,5.55295251899863e-30,2.26482793699394e-16
11,2813322,C,T,-0.0495408333273978,3.65470926084014e-17,2.39456991200437e-16
01,205685352,T,C,0.013339571518502,1.93106255288107e-35,2.83750827596643e-16
08,120456193,A,T,-0.0148695662166567,5.47465057037337e-26,2.87252204597955e-16
08,120596023,G,A,-0.0234423828585467,4.07430521010617e-12,1.81286023658422e-11
12,50263148,G,A,0.0134287895689825,1.3241834987472e-34,2.91217410566208e-16
19,30286450,G,GA,0.0140767191544686,7.03216691551814e-31,3.13232938455572e-16
16,88804924,T,TC,-0.0141801550423655,5.12086409248371e-30,3.37491323314314e-16
16,88321027,C,T,-0.0315096176292886,4.13086186214139e-15,5.31461788400947e-14
02,183247431,G,GA,0.0132165876686034,2.61019931000284e-38,3.59202061466746e-16
13,30177474,TC,T,0.0147274277949854,5.2063637414305e-27,4.010837472183e-16
06,19078274,A,G,0.0162605777343889,2.28519647405128e-23,4.15418636647391e-16
05,130378027,C,T,-0.0156602387783788,8.56312230490773e-25,4.45859501970559e-16
05,139041673,A,AG,0.0135087325888922,2.07962657655569e-33,5.99273844188901e-16
05,172779211,T,C,0.0130654467951899,3.99401115848232e-19,5.99925060887228e-16
05,172753555,T,G,0.0175408926488895,4.85087304395605e-12,7.80240472341066e-14
10,25178864,G,A,0.017621478593393,5.14056557756029e-22,7.03457135169107e-16
10,104775231,C,CTTT,0.0131569620557153,7.98476305614246e-34,9.13823608718767e-16
14,23750078,G,A,0.0163510370017035,8.74545836805721e-19,9.21097776613721e-16
14,23299135,T,G,0.00974260723992312,1.58960068656583e-19,2.51849360813016e-09
08,145001031,T,C,-0.0129488003378809,4.97601396089371e-37,9.24492869965713e-16
06,76164589,C,A,0.0212422334579025,5.13572481174538e-19,9.49528572197061e-16
11,30443688,T,C,0.0139415015435955,3.55137401476002e-28,1.01142541272814e-15
X,45634577,C,A,-0.0115914772859862,5.20670923923812e-21,1.18776043581196e-15
X,45304952,AT,A,-0.00822522336865543,5.43081377890463e-15,3.1836233750162e-09
12,102407746,T,C,-0.0335651148942111,4.52431706329476e-18,1.23751200721222e-15
12,102372809,T,C,-0.0109815720107005,3.31349890379475e-26,3.72678059360842e-10
06,32447644,T,C,0.020600354857021,4.34286201028482e-65,4.48210797141938e-40
06,32630996,C,T,0.0141950558734485,1.95892386837179e-18,1.51666580367026e-17
04,122713863,A,C,0.0130854263549773,2.42749938832193e-34,1.33782174931159e-15
01,26455182,A,G,0.0167216343982538,1.25977969129611e-21,1.34621255038315e-15
19,8670147,C,T,-0.0354383652131261,8.81647748292112e-17,1.43299991003457e-15
13,78474468,C,A,-0.0150542563819232,4.08252508528621e-24,1.59626659203825e-15
01,184007119,C,T,0.013741569929501,1.06494969923517e-28,1.64756991765011e-15
03,183976103,C,T,-0.0166810573859046,2.52141525943708e-21,2.03114888417997e-15
15,86276000,C,T,0.0126762403044259,3.1434515960566e-39,2.30096065087093e-15
10,120434096,T,G,0.0126504589423274,3.20424115452743e-39,2.63750514740323e-15
12,122630285,G,A,0.0113601496552505,1.47339345113132e-23,2.91410471336534e-15
12,123100397,T,C,-0.0127259398801128,7.9542382361584e-16,7.52526009012326e-14
12,122353230,C,CA,0.0205324357178742,2.07078507551207e-12,7.34313862433444e-12
05,179727399,G,C,-0.0127800692060848,2.38420178504796e-32,5.19203088985854e-15
04,1012300,T,C,-0.0293162059994707,2.13580648172826e-16,5.33833804201655e-15
01,118855812,A,T,-0.0134877951127568,3.34672422145082e-27,6.14139845638461e-15
01,56602992,A,G,0.0148367171429163,7.22217091370706e-23,6.37305037433208e-15
06,81829439,GTTGT,G,-0.0121049731307071,1.82380092777172e-24,7.4539238182322e-15
06,81570143,CT,C,0.0275463335175746,2.37635469338529e-10,1.96691800109062e-12
20,47762210,T,C,0.0143785230018376,9.48573523257121e-24,7.95187650407701e-15
10,81136129,A,C,0.0122275634137027,1.69716814641295e-32,8.50077170775837e-15
10,81228378,T,C,0.0126988095383143,1.2081065376806e-09,2.21449438660951e-09
01,21584941,C,T,-0.0126253298738692,2.70522076542663e-32,8.83793162651545e-15
12,103064247,A,G,-0.0132995940844051,1.28363288079319e-40,9.08171528933846e-15
12,102826653,CATAA,C,-0.0286123516632727,6.17547851542743e-12,1.52655210998043e-10
12,103175170,G,C,-0.024304327916623,6.78424564156876e-12,1.46664401089516e-09
12,57146069,T,G,-0.0206156665467911,7.67691061515735e-17,1.08158508559977e-14
12,57540848,C,G,0.0112459624573135,7.96417358329815e-15,3.30456575187103e-09
17,36925750,A,G,-0.0125420672505026,1.0739243919799e-35,1.08790147473355e-14
10,77210191,T,C,0.0123940613138118,3.58256109448698e-37,1.22660791850686e-14
12,97792368,TG,T,0.0123722404149077,3.06348937673752e-38,1.2580261797787e-14
10,70287303,C,T,0.0125134678567987,5.06144204478835e-36,1.29246335874721e-14
05,95736560,G,GA,0.0138217507095988,3.71906057612694e-24,1.52252981453403e-14
X,99882543,C,G,0.0105532073074653,8.30697268692645e-25,1.55555729071881e-14
02,233120758,C,T,-0.0191747535511615,3.16718339614033e-15,1.57490038250573e-14
02,232779155,G,A,-0.0117740615287146,1.50744406220157e-10,2.29446710188288e-09
09,90873653,A,G,0.0124910574354752,1.83376655193601e-33,1.68154571867727e-14
08,116631278,T,C,-0.0150678206502626,2.00356432274233e-21,1.7221624629507e-14
06,36217160,A,G,0.0128186722425666,7.84949775271873e-15,1.76447169891222e-14
06,35939146,C,CT,-0.0123349948786704,3.57232780217231e-15,2.27450763267145e-14
05,137603293,G,A,0.014927708564139,1.67818830727077e-21,1.8146233529411e-14
05,88275333,G,GT,-0.0110450755635135,7.58805295236543e-18,2.85737739462095e-14
05,87795525,G,A,-0.0125958299698,2.06910416676242e-12,1.19137895416785e-13
05,87755411,A,G,-0.0145576912865934,6.0410352446862e-22,3.10663015070392e-14
16,4948936,T,C,0.0135762738100186,4.92777122504611e-24,3.19643413769212e-14
21,39673981,T,C,0.0122341574202085,2.64501915109885e-33,3.31183005174882e-14
07,50641187,A,G,0.0181947779499464,4.40159797072463e-18,3.62656955123283e-14
07,93258982,CT,C,0.0121648653654642,3.10414937912376e-34,3.66404881189468e-14
01,155174106,C,T,-0.0130539785269269,5.75505754446796e-37,4.25750734911063e-19
01,155661719,C,T,0.0353544759238731,2.30421568986787e-11,3.95547402198924e-14
05,134372685,T,C,-0.0138102443432199,5.98802288030001e-17,4.00862057939046e-14
05,134586980,G,A,-0.0103330710622587,1.25965353081788e-19,6.96878254692588e-11
09,97617103,C,G,0.0122445570655515,1.09778199061319e-34,4.56132723795335e-14
09,109565934,T,C,0.0134245602553859,1.0629796664898e-24,4.63153030193404e-14
02,223960207,C,T,-0.0134541723170881,7.88551511009937e-24,5.00409959486367e-14
05,77394128,TA,T,-0.0139541751231683,4.24606105367321e-22,5.2612138087751e-14
04,123832776,G,A,0.0152421259933922,7.01045706284529e-20,5.50581412395218e-14
05,131563571,C,G,-0.0134194343164346,1.24372327343906e-23,5.53867388881488e-14
03,13800722,C,T,0.0122152255358669,2.17390964545089e-32,5.67857900926925e-14
04,82174165,A,G,0.0130630698912741,5.56143562714105e-25,6.0050911409542e-14
07,139749346,G,A,0.0154210873345314,1.78409597526904e-19,7.13350903428433e-14
17,29210595,G,A,-0.0252965863535563,5.27858185615172e-77,4.80958029223973e-45
03,56686329,T,C,-0.0124605539924644,1.48506940517285e-27,7.27666467877626e-14
10,79659934,G,A,-0.0136992640864416,1.61569611045414e-22,9.76483986255166e-14
07,148648835,T,C,-0.0155171222093113,1.3512946413798e-19,1.02685212130462e-13
19,4910021,A,C,0.0120677558785938,6.15317652808357e-33,1.04281060096514e-13
07,127015083,G,A,0.0432344749426607,3.16272126585191e-14,1.08857094473795e-13
12,28644895,G,GGT,-0.0128662506380895,6.78016185303486e-25,1.12312741076132e-13
10,124131176,A,G,-0.0120039655117,6.6008260055341e-31,1.18935671293026e-13
07,76568137,TAA,T,0.0157948612561914,2.64381806517105e-19,1.31766534743447e-13
03,85668052,G,A,0.0123891656293413,9.41436305222162e-27,1.72890982371669e-13
08,49407362,C,T,0.015859746856933,3.19403351852246e-18,1.73031980421406e-13
14,21538067,A,C,-0.0118662488149142,1.73305732167368e-20,1.79973900278301e-13
14,21924673,C,G,-0.00979023896907521,3.36628239699832e-15,6.96817491325075e-10
17,47027359,G,A,0.0155830945717268,2.46612857435053e-18,1.97963375887544e-13
11,43878459,G,A,0.013031644474006,1.73650483173724e-23,2.22488236178383e-13
02,169721381,A,G,-0.0125073750120742,1.39866382808124e-24,2.31489783178969e-13
08,129224182,G,A,0.0132240508071075,4.88731209565828e-22,2.8978119750727e-13
08,13372120,G,A,-0.024233216167882,5.94765298077454e-15,3.03304134474457e-13
06,126097374,G,GC,-0.0115814653275031,1.36906823118049e-29,3.05057509008376e-13
06,126594267,G,A,0.0156727574612403,2.60119061830569e-11,1.04764492884034e-10
02,25458100,C,A,-0.0119990675472682,2.26121311529383e-17,3.0540686402408e-13
02,25017860,T,C,-0.0125351316626691,2.16040242370289e-14,1.81362242419464e-12
02,25935577,G,A,0.0118953303760252,2.14953096859712e-12,6.57846789986024e-11
05,127357526,C,T,0.0135406808316793,4.36517262474661e-21,3.37232487191671e-13
02,33360338,G,A,-0.0110850343474487,1.39817318476642e-15,3.81636588843113e-13
02,33489022,AAAG,A,-0.0214313519604614,7.02381780173946e-10,9.05130855755393e-13
12,117396822,T,C,-0.0163988107731149,3.72454157780955e-17,3.85352050300054e-13
19,7106909,GTGA,G,-0.0174153425817674,1.58883511987112e-15,4.07786922027506e-13
19,7183926,C,T,0.0126378314128329,1.51913846200092e-17,3.09939383957803e-12
04,12881731,T,A,-0.0130429472238544,2.08211242972894e-21,5.03564306442433e-13
12,123593382,C,T,0.0158972022924559,4.47950663895037e-19,1.90062671814852e-16
12,122940191,A,G,-0.013208097886106,3.37569473199612e-18,3.28405598346922e-14
10,5042294,T,C,-0.0181127975586003,3.26866634840534e-16,5.41793319351102e-13
X,118640330,AT,A,-0.0106331532324912,3.15394939362116e-21,5.6285738417859e-13
12,56364321,A,G,-0.012116586396708,1.31833867118547e-24,6.46473249512646e-13
05,55014771,C,T,0.0125049551033172,1.4970801989249e-22,7.30360429064007e-13
14,103859143,C,CT,0.0122964697444802,7.24043955781393e-26,8.20371560278775e-13
01,150552042,G,A,0.0160252022790587,6.42160871169793e-17,8.92964187033524e-13
06,45090977,C,T,0.0117407412341423,1.46860930626823e-26,8.9838309887975e-13
06,105358192,G,A,0.0119151679449606,2.89751277668943e-26,9.06938525448204e-13
06,26207175,C,A,-0.0202394741785109,3.36327594103274e-48,8.65846132918415e-29
08,57170647,A,G,-0.0300960009570246,2.55576657519391e-38,1.88385507012013e-45
08,57187356,C,T,0.0214870867978982,4.33324078178055e-26,2.70977561891244e-31
08,57665019,T,G,-0.0108096522495415,4.26831665280988e-14,1.2992725121633e-12
03,52844733,C,T,0.0176038494436841,2.16216141170273e-15,1.61252717354043e-12
12,69827658,G,T,0.0118388742558935,5.15423965382628e-24,1.76532184912283e-12
11,118595207,T,A,0.011534618295462,5.56248002013909e-27,1.80634939149488e-12
01,201800511,T,G,0.0117814530151377,8.06491244890389e-17,1.94636697345427e-12
01,202004254,A,ATGGTCACATACCTAAGTATGTG,-0.00927477471290109,5.28948167498235e-15,3.02431155524613e-09
03,38496193,C,G,-0.011350419635214,5.86100442501016e-32,1.96345367880057e-12
05,32831670,C,T,0.011435949725752,3.51858356009884e-27,2.02420708140591e-12
06,34140498,A,G,0.0508413266817957,1.31324669607448e-20,6.92229733893492e-20
06,33641956,C,T,-0.012088430105526,6.34520195303779e-20,2.09481604764294e-12
06,33981907,C,T,0.0475514437965667,2.00849131497889e-11,6.37871618832251e-11
17,21283507,G,T,-0.0123491379293443,8.37827785604379e-22,2.49668451231976e-12
X,139248591,G,A,0.0093528718077338,1.17867648630505e-24,2.6950498377156e-12
18,46748042,C,T,0.0117303989888527,4.02148025767218e-23,2.8876367116356e-12
18,46526371,G,T,0.0120541775798322,1.50433984089971e-17,9.47266411678736e-12
16,86417679,CAA,C,-0.0114937131130335,2.3022246755748e-28,3.12193850051708e-12
X,53628625,AT,A,-0.00966115507985264,6.76501319732997e-27,3.14325459014321e-12
10,27914001,A,G,0.0113562462181395,1.19356708059664e-27,3.2064248912739e-12
02,25481898,T,C,0.01174476525193,9.07073043428497e-24,2.58597138213907e-12
02,26001061,G,C,0.0136486112931933,5.23530295736978e-16,3.60325484067516e-12
12,12868701,C,T,-0.0181507458811686,7.48158627493076e-12,3.80362072513676e-12
12,12871099,T,G,-0.0109331660729697,2.55843119558227e-12,4.02849214291418e-10
04,1341553,A,G,-0.027504910221482,2.05406248925636e-14,2.02124250710722e-14
04,1699512,G,A,0.0112879533835253,1.42057867495462e-20,3.83906575081897e-12
X,77576633,C,CGT,0.0102459547635857,6.72174129750943e-19,9.85801022643065e-16
X,77770928,C,T,-0.0178384162088063,3.98615014598728e-12,2.60821044909858e-15
01,11111976,T,TGAA,0.0163496241139912,1.21914885101748e-22,1.22770462021258e-18
01,10724236,G,A,-0.0112227487242258,1.20438400025325e-24,4.37140146084607e-12
02,9770589,G,GCGGGGC,0.0133435001091694,2.19530685499865e-20,4.54017080141205e-12
09,95453880,T,C,-0.0159954999370902,1.09747864900758e-15,4.54429061660004e-12
15,41970964,C,CA,0.0173870169031626,1.84299335287672e-15,4.73628549667026e-12
15,74336633,T,C,0.0111164736824064,2.27304776503659e-30,4.90815961022309e-12
14,68669308,T,G,-0.0159448248402448,1.2929596574965e-15,5.00856579422052e-12
17,38597922,CTT,C,-0.0111467540349614,1.19532355287484e-28,5.08052353352966e-12
20,6709838,A,G,-0.011928528627899,6.80653143902624e-17,5.68654933161032e-12
20,6542634,C,T,-0.0108441020099347,8.03163391390271e-18,4.37098847939381e-11
11,47902883,G,A,-0.0115515465040717,4.18337529679431e-23,5.87026772095997e-12
02,233166601,C,T,-0.0195096445425101,4.94982123035114e-16,2.13908945065594e-14
11,69303727,T,G,0.010961600840862,2.8553062419864e-30,7.49416574301723e-12
17,60720058,T,G,0.0115542061866159,4.13090226779596e-24,7.56117786509137e-12
11,9399731,G,A,0.0111538058820633,5.24564613665159e-26,7.73527227734852e-12
03,11630252,G,T,0.0144260861795209,2.42261158879963e-16,7.99684382176088e-12
X,82016216,CTGCCTCGACAGGCCCCGGTG,C,-0.0116056892568872,1.46885476953866e-21,8.13970796899849e-12
X,81657453,G,A,-0.01965369286498,1.15930346334725e-12,5.83397146908898e-09
01,22492613,A,G,-0.0159140182130798,2.01846482755887e-15,8.23105800537617e-12
07,121964618,T,C,0.0113313244502007,1.23632003824997e-23,8.526172650365e-12
03,49930101,T,TA,-0.0138672097657674,1.19414170124451e-47,1.46789230088905e-15
15,38380787,C,T,0.0114057644389305,1.15317042194252e-23,1.06940192456119e-11
17,29041115,C,T,-0.0244916572295239,1.95097832466913e-44,1.0581866812597e-27
17,29037339,G,A,-0.0387960245795774,2.98873089366177e-20,5.9679485365682e-15
12,980925,C,A,0.0133110709462519,2.17592487190819e-13,1.22583924606131e-11
12,589872,CCTG,C,0.00976224027233424,2.03497491207779e-16,1.20623690787854e-09
11,2665357,A,G,-0.0351797491297391,-99,1.55581667854488e-10
06,34204286,G,A,0.130650832950843,-99,7.85324721637253e-15
06,34552736,G,A,0.0672867614332712,-99,3.95619425487715e-56
05,171224403,A,G,-0.0187874165499296,-99,5.95916521998841e-09
05,171281875,G,C,-0.0272156885820688,-99,1.27273967761827e-16
02,233585299,G,T,-0.0237201013246594,-99,2.13842098253227e-12
