chrom,pos,major,minor,beta,p_value,gwas_p_value
16,53802494,C,T,0.05136487510044,5.21707770168087e-211,4.59185761113871e-91
18,57829135,T,C,0.0440486169599305,3.06123588182448e-80,5.65880276281139e-56
02,417167,T,C,-0.0837422811237771,7.57829667696005e-51,4.10406346991615e-45
02,632789,CTTG,C,-0.0422572686154594,3.43977118515424e-51,4.4247079374142e-35
01,177889480,A,G,0.041154800841283,1.30513284913993e-61,5.15342520352429e-41
01,149906413,T,C,0.0326962623745593,2.84815153881905e-88,5.7762033691876e-38
03,141105570,A,G,0.0338793221572512,5.84865204865755e-103,1.95205453367915e-36
03,141298124,G,T,0.0374077274984122,1.48852332039364e-12,7.8094244751986e-07
06,34650934,CGT,C,0.0418755819948814,9.90312221497222e-39,3.09685770452348e-36
16,28825953,A,G,0.0307170880512135,3.1108791389226e-77,7.79506772095999e-34
06,26180634,G,C,-0.0308246320914491,5.781583379723e-31,4.56597624174747e-33
12,50263148,G,A,0.0285466254712674,1.046564035571e-62,1.14959150654004e-28
15,84591575,G,A,-0.0256287647004864,2.98749005266992e-45,2.80536110358898e-28
15,84217283,T,A,-0.0170306197625113,1.69161732831177e-10,2.34147821593815e-13
11,27722298,G,T,0.0269345078928011,1.21445285041751e-38,9.14623624480456e-28
11,27653220,A,G,-0.0185240904575465,1.2533820718772e-15,5.66699771692087e-15
05,75003678,T,C,-0.0265682569521234,3.9048665539804e-56,2.1401726678668e-25
12,122963550,C,T,-0.0407518233051257,6.4811648358358e-25,2.37266723913093e-24
12,123160886,A,G,0.0238568459030138,5.82795570521557e-13,9.01592587738042e-14
01,78450517,C,A,0.038162667296712,7.58175993688428e-30,1.83263974140787e-23
07,2912928,T,C,-0.0270012580918603,2.73844484222189e-37,2.03764856076573e-23
07,3125220,C,T,0.0192133479911338,9.44948075286886e-09,5.4409229750928e-08
04,45182527,A,G,0.024635778913897,4.49128520926495e-55,1.11757183153868e-22
16,4015729,T,C,-0.0246302880567381,6.36534870241434e-34,1.49740133604558e-22
16,3624964,AAAT,A,0.0158261041839724,2.82317899582386e-09,2.78308287067829e-08
16,4298901,C,T,0.0159298635949802,5.34793341194878e-09,6.34227965549421e-08
01,219762581,C,A,0.0268659472523167,2.18514161801161e-39,1.85010844809037e-22
06,50787576,CGAGGTGGGA,C,0.0376894979078762,2.79544874175721e-30,3.96641457525027e-22
12,4384844,T,G,0.0919285152886546,4.79682483748683e-23,6.37186540966176e-22
19,8670147,C,T,-0.0660889472791577,2.69875161955159e-23,1.16446536210431e-21
17,65854602,C,T,0.0309683348868958,1.56435762594327e-27,1.92518852100889e-21
17,65394209,CAA,C,-0.0157214927999942,5.12717082623513e-10,3.66525449022035e-07
22,38601430,CCT,C,0.0239279698074241,1.06807040768343e-49,2.86166231266822e-21
02,165508389,C,T,0.0233218141058735,1.94354603678697e-28,7.23294988153655e-21
02,165413448,A,AT,0.0126605885901686,4.66585852636168e-11,6.9943876067929e-08
12,120907309,T,A,-0.059115481467094,2.87212340394766e-22,1.14728563449103e-20
08,116671848,G,A,-0.0249585359790678,5.62410485045919e-26,6.07399453042281e-20
08,116641960,T,G,0.0142239110445189,1.59258283658784e-13,9.16252936254211e-09
11,47669861,G,A,0.0230528778148755,2.05176436609304e-44,9.81407386762399e-20
X,31854782,G,C,0.0195925220947444,3.46394967931125e-32,2.86511715435492e-19
12,124580119,C,T,-0.0178512749743307,1.6640949077122e-18,3.63327705165037e-19
12,124203832,A,G,-0.0275860455553742,6.97190113939659e-09,1.03970024680717e-13
12,124515574,C,T,0.0203260713210841,4.02129038464249e-09,2.14181835312728e-13
11,66872320,C,T,-0.0445736184213581,1.66553159677955e-21,6.9373727806246e-19
14,79890677,C,T,0.0267155412785569,4.98434677718808e-23,8.58163977797258e-19
14,79522736,AT,A,-0.0121387178822875,4.02909829996779e-10,1.1908681160365e-06
19,18207397,A,C,0.0232587325826479,3.23355365279933e-29,1.57753112682094e-18
20,34025756,A,G,0.0197141018579793,1.7086794722898e-28,1.6768428559384e-18
20,33772728,G,A,0.0295819293269667,2.94272398916251e-07,1.85474233004512e-11
19,46182304,T,A,-0.025963255235919,1.4107782307704e-23,8.90177134367715e-18
19,46306705,C,T,0.038559073968721,1.77237374853327e-06,1.36937308274904e-07
06,26211146,G,T,-0.0301415614153132,2.21890767496662e-31,1.99125926409817e-32
16,29972465,C,CA,0.0225484283249158,1.50908068614926e-42,2.15263627069406e-17
06,105390782,CAATT,C,0.0227411268286625,1.45189337768781e-32,2.16955480923772e-17
02,25182488,C,T,0.0183869683443585,3.22262270343678e-11,3.30174046263497e-17
02,25152800,A,G,0.0168293177106719,4.35245212745077e-11,5.34434697659907e-08
02,25458100,C,A,-0.0159576224813458,8.47195651530153e-11,1.23058363389045e-09
03,12391813,G,A,0.0283311253259681,6.05873333091682e-17,4.45234808108545e-17
03,12441088,T,TA,-0.0232702852130334,2.99060604516672e-13,7.96911848770265e-14
09,15880555,A,G,-0.0207314055774935,2.04995334042714e-40,1.96420467602429e-16
06,108927842,G,A,-0.0212082564975606,4.02740275659974e-34,2.02716751743888e-16
11,43669653,C,CA,0.0221037864200693,6.85579916873932e-21,2.20017117794954e-16
11,43551572,G,C,-0.0126850870722262,6.63148749471098e-13,3.74169042612665e-07
13,54107352,G,A,0.0322998938666551,5.63092480005905e-22,2.88372273164535e-16
13,54505922,A,G,0.0178775583024744,2.53734010930957e-10,2.91972119826529e-06
08,73449940,A,G,0.0225168295661813,2.77441977884718e-28,4.44643451556219e-16
02,227062080,G,A,0.0214497486833716,5.54028554787383e-30,6.71639282775758e-16
19,34019403,GAC,G,-0.02104557210923,2.50322798034426e-33,1.54290414588324e-15
06,142734204,T,C,-0.0216508917806343,2.18697993457947e-18,2.52042103092127e-15
06,143187255,CA,C,-0.0140412551080388,7.47265637649975e-16,6.91632522099936e-09
12,66353891,G,A,-0.0202133159627986,6.85582908570997e-33,2.9000624687032e-15
18,57988669,G,A,0.0284692490317013,1.82156378455229e-41,4.19619850070411e-31
18,58133070,C,A,-0.0277400330134537,3.19123671052758e-06,5.70758722789943e-07
02,56106928,C,T,-0.0225031851110486,1.32049178570261e-19,4.77343106302461e-15
02,56190273,A,C,0.0156186348769582,3.71821093690257e-08,1.57963352012287e-07
08,126506694,G,A,0.0202558549930355,4.97551588189159e-33,4.80470356979508e-15
15,68060389,G,T,-0.0249162551344166,3.05726389512401e-21,6.17776974457539e-15
16,4940994,G,A,0.0194890295679902,2.18638286276815e-35,9.48403141309719e-15
01,110147321,C,T,0.0641772490481321,7.64811102102631e-17,1.01139769784102e-14
01,110104189,A,C,0.0160117748629778,7.00003674968587e-10,8.78212807828962e-06
09,28414625,C,T,0.0205085963343685,2.45173656931527e-27,1.19140631377253e-14
06,160766681,TA,T,0.0192128706039901,5.56593612191349e-39,1.90748056209736e-14
19,30286037,G,GCCTGTAATC,0.0203336703550869,3.4585023327589e-27,2.65144151519849e-14
06,34617869,TA,T,0.0416280812724855,6.84126013652509e-38,1.24710518954995e-35
01,72812324,A,G,-0.0192613521670202,3.89255714182307e-31,3.58104837892835e-14
06,40362023,T,C,0.0189144026854431,1.24607317692095e-34,4.10495248299162e-14
19,47556375,TG,T,-0.0220373867669603,5.1211332587592e-23,4.23320208033418e-14
05,87969925,CGG,C,0.0275486497262898,1.84278844178141e-16,5.8923934215098e-14
05,87712913,G,A,-0.0210051577464082,3.69996103127711e-18,5.80819093497749e-13
17,42285460,ATTTTTTTTTT,A,0.0210503314448004,2.33943400993977e-24,6.08741476174239e-14
04,100239319,C,T,-0.0635075010729454,1.37941212285353e-14,6.5746104198946e-14
04,145718861,GGTTA,G,0.0153590490345287,3.27580882237639e-19,7.90066750361228e-14
04,145560166,A,C,-0.0170742872480713,6.20928330546818e-10,2.9425972608672e-12
12,89776845,C,CT,0.0169783230056065,3.89464682832294e-23,8.11767522631227e-14
12,90136912,G,A,-0.0171056411974665,8.76877155916225e-12,1.28783353458345e-11
17,1837168,T,TA,-0.0258448750795256,2.3319131595977e-18,9.53655030245525e-14
15,89415247,C,G,-0.0208874667949849,1.84886956310802e-22,1.22919269510414e-13
15,100692953,G,A,-0.0317143117724259,2.44250781558175e-16,1.30460158018413e-13
15,100509976,C,A,0.0155666570228326,3.71634280784817e-17,6.25214989623598e-08
15,100764127,G,A,-0.0142848413405812,5.92500263023246e-09,2.68377224138279e-07
01,149995265,G,A,0.0315475914739342,1.81229843859276e-75,1.01770297481209e-37
01,150346106,A,G,-0.029708049216628,3.21969372748876e-09,1.31810850428838e-13
07,92258736,A,C,0.0207730217710132,3.32559548337221e-22,1.74928355273704e-13
01,201808049,CT,C,0.0193270138323055,1.98244888606002e-28,1.83286160550271e-13
06,152170247,G,A,0.0184255093724315,1.88473758103823e-33,2.21354705335387e-13
18,40788387,G,A,-0.01923506385123,6.6005278599784e-26,2.32302992096294e-13
17,46270606,T,C,0.0372174382844805,1.19012868754785e-15,2.72155061334864e-13
17,46764369,C,T,0.0417512720542045,1.28157713046478e-06,7.93688757762934e-06
02,59294558,C,T,0.0182027232294078,4.46328676018238e-18,2.83090881696369e-13
02,58935282,G,T,0.0179406924353255,2.68014650334088e-20,2.94604449863108e-13
03,41308348,T,C,0.0183031724005421,1.53171278407313e-34,3.03078237157786e-13
03,49642946,A,AAT,0.0160776755586496,1.85102733017111e-19,4.24541462145625e-13
03,49333171,C,A,0.0173283625643365,2.59376318989061e-06,1.06902583959831e-09
16,89535888,C,T,-0.0233282716926427,1.50975272663163e-12,4.64344972750627e-13
16,89356864,G,T,0.0144857991212181,4.83862700408698e-10,9.61124434184124e-10
06,41909521,C,CCG,0.0364771022095188,2.3017207691231e-14,4.76720961842262e-13
06,41903798,C,A,-0.0597435429611352,3.6627488139888e-08,1.50220609702404e-08
12,991306,G,A,0.0219936236307627,3.59807950958492e-19,5.10016790522891e-13
19,45392254,C,T,-0.0218093979056361,5.69994084262859e-15,5.77978755139805e-13
19,45425178,G,A,0.0342315208646306,3.21811450434501e-10,3.19759756695013e-11
01,62570321,G,A,-0.0180682307083456,4.69412488350256e-30,7.96635779798684e-13
17,44566824,TTTTG,T,0.0205781236235149,3.49447678008661e-24,1.25244178254702e-12
20,50951298,A,G,-0.0223497066296385,1.31378460567836e-17,1.98746125885597e-12
12,90336002,ATT,A,-0.0215483855933073,1.33078460338978e-19,2.10026795329085e-12
17,78722281,T,G,-0.0200575568866453,4.55697505438728e-18,2.20760218256136e-12
17,79087537,G,C,-0.0161409653554064,1.65453297917999e-16,1.6854198524156e-09
18,21005508,C,T,-0.0168254315398755,2.84333604628684e-17,2.45674915839923e-12
18,20697295,CAA,C,-0.0221332275301798,1.13826047003664e-07,2.45813533308574e-09
16,2200622,AGTCTGGGGAGCTGTTCTCTACCCC,A,-0.0215638865481336,1.19424742910464e-19,2.71919452724844e-12
05,55796639,C,T,0.0222801754423872,1.5622251595526e-19,2.89802193043565e-12
05,55860907,GC,G,-0.0186042594323107,3.20035216490967e-10,2.29844256128258e-06
04,82285904,T,C,0.0186519132138237,3.46668657790205e-22,3.20510412538398e-12
X,109888230,G,GCCT,0.0148770484640357,9.1415678386684e-22,3.2248854176314e-12
07,70045443,G,C,0.0175366777574358,1.80618963578554e-27,3.79457966658394e-12
10,99762693,G,A,-0.0174695025432309,6.23597312396621e-29,4.49525934213103e-12
13,79590413,T,C,-0.017620258460603,2.53384224392492e-29,5.6021357321694e-12
04,89726823,A,AT,-0.0174285926708724,2.68772580806705e-29,5.71023131029031e-12
11,130796248,G,A,-0.0171517329155066,5.066584149389e-32,7.32985706469162e-12
03,25077932,G,A,-0.0247809169774069,2.07353268586111e-15,7.34090888727353e-12
10,22258152,C,CA,0.018910781341252,9.84469783907951e-21,8.44454703675468e-12
14,25931404,G,GTC,-0.0176110273417118,7.61613087105681e-17,8.75346746123355e-12
14,25919203,T,C,-0.0151848628357129,6.68953737392701e-07,1.0045530076463e-06
06,29355148,A,C,-0.0187678066403545,9.1853073727168e-21,9.4929059875504e-12
02,36777825,G,A,0.0186227987024907,2.20215596458859e-20,9.83372987488574e-12
20,32912091,A,G,0.0218869425190107,8.92224015661829e-12,1.09810828739185e-11
20,33355046,A,G,-0.0179636452467193,6.30569311089009e-09,1.60239631505269e-09
04,18351898,C,T,0.0165124247180091,1.54412032842793e-19,1.13200446092708e-11
04,17956213,T,TG,0.015046920764996,3.72850921807284e-09,2.66282235939538e-08
07,130450661,C,G,-0.0172786853061137,2.58521763813562e-26,1.13580470247549e-11
11,134568740,A,T,-0.0212541512599277,1.05949321280312e-13,1.34135469450525e-11
11,134575547,T,C,0.0278429796993994,2.19225174317448e-06,2.63005905232232e-07
10,102626510,G,T,0.0165683279223396,3.842384892519e-17,1.34579872617067e-11
10,102447647,C,A,-0.0247768203973734,1.04848257078636e-10,2.26360024091605e-11
06,31606756,A,T,-0.0219681802952334,2.6567826575914e-11,1.4068679293869e-11
06,31597700,C,T,0.0171973079681046,1.56884492327095e-11,1.24168587603212e-10
10,72428283,C,T,0.0190911904357488,6.20498498308824e-19,1.65198781023529e-11
15,67936020,G,A,-0.0218465575801166,4.565147600763e-17,3.24743200936369e-12
15,67457698,A,G,0.0372396117716723,8.94162746291269e-13,1.6998038192648e-11
15,67035754,CT,C,-0.0143336873009615,2.40279736314848e-12,7.28986504126223e-08
06,100602753,G,A,0.0196171695967822,6.9837326727762e-18,1.71864725325332e-11
05,87682877,C,G,-0.0210606174471801,7.2955455266245e-17,8.12717894994683e-14
05,87939654,C,T,0.0256447145092822,2.54385064349483e-13,4.75745389922035e-13
09,78511889,G,A,-0.0259998781587652,3.97983048740755e-13,2.10682147506631e-11
09,78763259,T,TTCTCTCTCCC,0.0125318244438652,2.1451794346838e-09,7.67298371412772e-06
08,23392733,C,T,-0.0242155069424806,2.43920614676636e-13,2.25665820285008e-11
08,23079392,CT,C,0.0155152557537099,1.90899844490889e-08,1.26533258252088e-06
06,130345835,G,A,-0.0180844163938204,2.39241354045396e-14,2.33574628764404e-11
06,130165691,T,C,-0.0144905473504955,2.8587715029919e-07,3.74393623531915e-07
07,77422583,A,G,0.0174039484722003,4.0677912880509e-17,2.41760877442876e-11
07,77827064,G,GA,-0.0157526872982373,5.9304715637364e-12,3.99464876070651e-10
06,51796751,G,A,0.0163144948425385,8.88104951763933e-15,2.50456425639826e-11
06,51480853,C,T,-0.0151047376051186,4.96502294290399e-13,3.62999638004131e-10
10,126474200,T,C,-0.0170878526245943,2.61424204358823e-19,2.6151092672471e-11
10,126707126,A,C,0.0148908785648035,6.03095893939464e-09,1.2268631482684e-06
02,69698158,A,G,-0.0167096246416331,5.91182874737936e-28,2.65192354566694e-11
01,42505522,C,T,0.0187559417896427,4.82570275970108e-15,2.66667522470159e-11
01,42079046,G,T,0.0115547925470007,1.77555890211058e-09,7.79279300813412e-06
05,139070398,G,C,0.0235084092546019,9.90267371528123e-15,2.85453404008162e-11
12,108164385,G,A,0.0170623030953409,2.33247745637624e-19,4.0065332483627e-11
12,108558344,A,G,-0.0253095240009839,4.20286131760284e-06,3.08099703965052e-06
04,103188709,C,T,0.0268005066023585,2.35581099312749e-08,4.04744157758863e-11
04,102708997,C,A,0.0124382220842893,7.37632243982249e-13,1.95227328484893e-09
16,69551467,T,A,0.0168979396909049,3.68557225163287e-26,4.35554996967996e-11
13,28011963,A,G,-0.0173259371608866,6.90873726577176e-21,4.49283793459888e-11
03,138122122,C,T,-0.022481396043113,1.2953037061162e-14,4.7129577803721e-11
01,96940119,G,A,-0.016676903366268,1.02126481499118e-23,5.22623428122481e-11
01,113117213,A,G,-0.0207461016355837,6.21803801801813e-13,6.54910800507294e-11
01,113483900,C,CT,0.013272403115219,4.33234891334333e-15,1.06750319389791e-06
17,28834740,C,CAAAAAA,0.016310766148157,7.35921650263888e-29,6.59417070473931e-11
14,23755607,G,A,-0.0178931365179792,1.12711219931982e-18,7.58472332510896e-11
01,16706255,GT,G,-0.0162331213941041,1.57237514067129e-22,8.58747181124768e-11
01,16845368,C,T,0.0464764611018196,3.86179275326538e-06,4.54005306170694e-07
05,95728898,C,G,0.0178357092194245,7.36703529734466e-15,9.09350363438041e-11
05,96131733,A,G,-0.0141177484775733,1.01533642378766e-07,1.71803336890092e-06
07,76626619,G,T,0.0209809018759679,1.79463176411964e-11,9.43830733508712e-11
19,19793545,T,C,-0.029174589201687,1.70937830550659e-12,1.06329851987314e-10
20,39179822,G,C,-0.0470988656878338,2.67173016926799e-11,1.1997986369353e-10
21,46494995,C,T,0.0145015263826052,5.86253853224351e-16,1.26557505394457e-10
21,46488959,G,A,-0.0262934570085006,6.01340715313344e-07,1.06043052785975e-08
07,50661735,G,T,0.0171312449019491,9.35385129608194e-20,1.50435963468106e-10
07,6387863,A,AG,0.0237689745947854,2.01957123876069e-13,1.5187400832553e-10
05,77389973,G,A,-0.0184042022622293,2.28788859580653e-16,1.7427829840917e-10
11,30402179,T,C,0.0163171040025129,4.06312815227087e-22,1.76651810864852e-10
01,66505549,A,AGTT,-0.0159534599263675,3.26998824001839e-22,1.85391407079299e-10
01,66194463,C,G,0.0175163806882404,2.68040330557009e-07,1.04472398464597e-06
03,85906663,TGTTGCTCAG,T,-0.0170390331193516,3.98212517470013e-19,1.86802905172508e-10
04,73515313,C,T,0.0159810276446926,6.08647057316702e-27,1.9014437721325e-10
03,153657951,C,G,-0.0157337213002064,3.53536421155167e-15,2.02993250342439e-10
03,153210071,A,C,0.0116449351527118,7.06817233518363e-09,1.37156435978411e-06
03,94037499,C,T,0.0158767639109211,8.8668973777261e-25,2.22344642038466e-10
12,118405172,C,G,-0.0174338451396076,1.21571407069649e-17,2.37853632421362e-10
07,75050086,C,T,-0.016710279463735,4.00654241931098e-25,2.39776166083837e-10
05,122657199,G,A,-0.0159215353147415,1.92368838143583e-26,2.42303458939129e-10
12,122485389,C,G,-0.0440772675103476,2.57612772473882e-16,5.03517672781319e-14
12,122586113,A,T,-0.034747660734071,7.90793983093087e-12,2.10143984433828e-09
12,121714935,C,T,0.0137785133927504,1.99499074635606e-09,4.9495064771467e-07
02,181517642,C,T,-0.016288802909673,1.37382779151925e-22,2.7954937114656e-10
08,77220405,T,C,0.0156618477047224,3.64398714156715e-24,2.91977496641641e-10
08,76808121,G,T,0.0186571165718353,2.12261843191281e-06,4.61900358806407e-06
11,8694830,G,A,-0.017705521248524,5.91357384756664e-17,2.94771375033439e-10
05,81056637,A,C,-0.0204416029059957,3.91595778276564e-14,3.09661329074262e-10
04,56276334,T,C,0.0158247652760044,1.48206696435486e-25,3.13705757346136e-10
05,158030813,G,A,-0.0191013033291637,2.4288951561885e-15,3.37411955742534e-10
08,76668430,A,C,-0.0139357568865559,2.06010989402765e-12,3.52782398750543e-10
08,77165846,G,T,0.0134839849256482,4.30474664073057e-14,7.89916367727712e-10
05,153518766,A,G,0.016977855620696,1.9388040686699e-22,3.99192851860383e-10
05,153089361,A,T,-0.0186128436731099,1.81931559933928e-08,2.39581293797705e-06
03,196934710,G,C,0.0220608312001783,3.44313382356482e-13,4.00235575593192e-10
12,91243910,G,A,-0.0144971538313886,2.91624507932004e-15,4.27049669422558e-10
12,91496137,T,C,0.0190666892319905,6.15711443788658e-09,2.27061895272916e-09
01,184009788,C,T,0.0163419292124302,1.79182808308977e-19,4.30232614376192e-10
04,137083193,C,A,0.0157060904025173,1.09022848799051e-23,4.55620045468479e-10
16,73085286,A,G,0.0185123940900517,9.82752680475019e-14,4.56468527018243e-10
16,72629056,C,G,-0.0224810827489404,4.81770635094913e-07,6.26753424842483e-07
06,19839415,C,T,0.034849317319799,6.58403073836684e-11,5.8578794781358e-10
03,183406520,G,A,-0.0173213890806436,3.46349488259561e-16,7.4280554559131e-10
22,42070374,A,C,-0.0227832496947737,3.91225214525531e-09,7.54210047079373e-10
22,41914860,T,G,0.0150014347063603,3.45142530029765e-09,1.16967771494755e-08
20,32287917,C,T,-0.0153041497348227,3.71511935530934e-11,8.34288318909667e-10
20,32542814,A,G,0.0137172942369981,7.37144247208851e-12,2.46725930720944e-09
06,32652281,T,C,0.0205854765938817,4.47076374536119e-14,8.49818647769201e-10
03,194863860,T,C,-0.0177349850196171,1.55773358634366e-15,9.05896817047805e-10
05,51090842,C,A,-0.0367853139945935,4.69451789825858e-10,9.26954134985416e-10
05,50914726,C,T,0.0310930116330393,4.57139969896458e-06,3.4150568617308e-06
08,135602976,A,C,-0.0158334901901238,1.29177082775323e-19,9.3575232867279e-10
02,205363596,G,A,0.023461693646205,6.08672461192927e-12,1.05139077324911e-09
01,203519648,A,G,-0.0154468196712887,9.11129608120752e-24,1.08832273084517e-09
19,18334805,C,T,0.0207547441300876,1.48033418771189e-17,1.2342110784669e-14
19,18834514,C,T,-0.0130196600823536,1.85575115538044e-11,1.10537530575296e-09
15,99236869,T,C,-0.0171791795001821,4.1055790115962e-12,1.25372123627678e-09
15,99519259,G,C,-0.0129743651466599,1.45496948302679e-10,4.79913084712789e-07
03,85044736,A,G,-0.0178858939564897,1.33871615849243e-14,1.36142521925417e-09
20,25195509,G,A,-0.0397113552731881,5.51453498342431e-09,1.4083091085054e-09
20,25401417,CA,C,0.0207890900761903,2.47687174074284e-09,3.28357356849943e-08
13,50655989,G,T,0.0547149958036134,1.84749031662697e-09,1.47511600350103e-09
13,50971056,C,T,0.0251991549611555,1.82372286244054e-08,2.10294300115614e-07
13,50734294,T,C,-0.0143306603987168,4.13599242225095e-08,4.02200162008516e-07
16,72006370,C,T,-0.0182042570834764,3.46652607655966e-14,1.48678087208006e-09
03,84113491,A,G,-0.0322129334939296,1.51634060638708e-10,1.57127619922628e-09
03,131717795,A,T,0.018637319145317,1.18974385049493e-13,1.67919009919934e-09
12,116196322,A,G,-0.0161528893580829,6.55544863751158e-08,1.85453597268085e-09
12,116450006,C,T,0.0129271642598828,4.9656738701413e-09,1.12485937180437e-07
12,116120567,C,CT,-0.0115360035205489,7.37822994530072e-08,9.92099592883099e-07
05,43190861,TA,T,-0.0157532309968654,1.10840913344921e-21,1.87083753165708e-09
X,66222744,CAA,C,-0.0171719904445805,1.02993125732518e-11,1.87609202141593e-09
15,73083121,G,A,-0.0176920344223565,1.75201681492026e-14,1.88299627445128e-09
X,117955250,C,T,0.0153489076174337,2.10802582817084e-12,1.883099733467e-09
18,39696251,A,G,0.0256529179763735,3.93940325059085e-11,2.02801650445424e-09
03,70656304,T,C,0.0156876911497665,1.93931848512331e-17,2.28772766405919e-09
05,264646,G,A,0.0229999086612262,1.16863270042209e-11,2.3525259610852e-09
03,61251635,G,A,-0.0209177933317942,3.53746220045326e-12,2.44957336650373e-09
08,57112046,G,A,-0.0226864594782428,1.1826797846519e-11,2.46125875177136e-09
11,13347748,TA,T,-0.0157215905742035,3.19730089243141e-14,2.77807341664403e-09
11,12856414,C,T,0.0126709419610241,7.25185658977552e-10,8.26922904495151e-07
16,24798079,G,A,-0.0169627662982598,1.2237924610226e-14,2.81024652888192e-09
06,131429452,C,T,-0.0157240983436947,1.82363140202486e-14,2.81812055285034e-09
06,131924689,G,A,0.0165041620239204,5.44854731436699e-08,4.75823534474345e-07
06,164105984,T,C,0.016063937625883,3.30109167681771e-16,2.95145853561236e-09
14,94003548,C,T,-0.0153449325668555,2.90070798644961e-18,3.00978405849185e-09
01,49879122,G,A,0.0159422421913521,2.55177155684165e-16,3.03188162711943e-09
03,108119528,C,T,-0.0148286376905296,1.5596204631417e-24,3.1112965002948e-09
15,80991447,T,C,-0.0161412819174803,7.30442838726773e-16,3.14763207687871e-09
16,20011100,A,G,0.0199669161625928,2.36485536123946e-12,3.47339929853935e-09
16,20249395,GTACT,G,-0.0230753440365099,4.54519346706523e-10,1.35445364770119e-07
16,20380004,G,C,-0.0144126985055797,3.97409984434262e-17,2.27784684346108e-08
20,15809756,G,GA,0.0205256472123745,7.69054152943131e-10,3.59496250142883e-09
20,15807441,T,C,-0.0212356934642252,7.07749096402529e-07,2.01713582609386e-07
06,12131542,G,A,-0.0154350057858059,2.18840530493383e-17,3.69651792242957e-09
11,14399564,T,TTG,-0.0155369806673982,2.33395286147512e-17,4.00896374775707e-09
01,103380892,C,CTTTG,0.0150548834095255,7.80294539785794e-19,4.0820646231804e-09
07,105091519,G,A,-0.0174873000138644,1.82483874565129e-14,4.16399973731631e-09
05,170368907,C,A,-0.0150116360345795,2.30199176954147e-10,4.16447935064181e-09
05,170864021,G,T,-0.0148115818010729,1.64746953464551e-07,8.97222348834773e-08
03,170743141,A,ATAT,0.0181826389511365,4.6972450161691e-14,4.30138118644751e-09
07,27243238,A,G,0.0278599256079299,2.64498389146875e-10,4.44878616429112e-09
10,32176589,GT,G,-0.015640386021825,2.8525859966767e-16,4.6685464565038e-09
14,77529783,C,T,0.01556969217588,1.16149115287513e-16,4.67341221353093e-09
11,122750082,TG,T,0.0169889122394409,2.47182430176467e-14,4.68916304127202e-09
03,185490184,A,G,0.0225466694548234,1.58883603781988e-09,4.98902705744421e-09
03,185328671,G,A,-0.0133892186234632,2.90859408925424e-12,9.48137958748213e-08
18,42593994,GA,G,-0.015608223287159,1.05432099696266e-16,5.17964205488782e-09
17,47063204,A,C,0.0267620529189073,2.60194255257031e-10,5.19279632160063e-09
17,47379486,T,C,-0.0136168971124781,3.22028698623205e-13,8.63892826792165e-08
17,46766398,G,T,0.0435160964447288,1.42118589912039e-07,2.53180484021002e-07
11,120200333,TA,T,-0.0212078359077576,7.77593109772397e-12,5.6040614596754e-09
19,18460956,G,A,-0.0267619251475603,-99,1.0561920611952e-06
06,26543649,CTT,C,-0.035146253250216,-99,5.39740793928959e-18
06,34183057,A,G,0.0782589556714672,-99,7.25498399257887e-17
18,58024670,C,G,-0.216269082711783,-99,2.66553052486383e-38
07,77045957,G,A,0.0276020390089646,-99,2.53605874662446e-07
