chrom,pos,major,minor,beta,p_value,gwas_p_value
16,53806453,A,G,0.0377375764955315,2.04100517017049e-140,9.04748315489597e-61
01,149906413,T,C,0.0283400248059318,3.80741051255243e-79,9.64727658094048e-41
01,219762581,C,A,0.0290294899283338,1.7794354645875e-55,1.85147797827969e-31
16,28825953,A,G,0.0266587263730752,2.76813165642454e-71,2.63706551667956e-31
15,84591575,G,A,-0.0213603695631198,3.96883887754466e-27,5.10719329487538e-31
15,84498945,G,C,-0.0154449796221911,1.91090193082869e-12,1.873633561975e-22
02,417167,T,C,-0.0616552685123375,2.79951528495461e-34,1.73997235682411e-30
02,632789,CTTG,C,-0.029445142810527,4.37050369463048e-31,2.00108221862269e-21
18,58024670,C,G,-0.0876245240009403,2.8029495407072e-28,2.32843687915692e-30
18,57824038,C,G,0.0262540796660397,6.33052728408174e-35,1.27487757676632e-25
02,165508389,C,T,0.0262642244910924,8.74756288182046e-70,2.83344802433823e-30
01,177889480,A,G,0.0313921680124351,2.37579897118189e-44,1.13895780597277e-29
11,47646640,AAAAAAC,A,0.0257581484909097,1.32692411928928e-67,2.26521880490958e-29
12,124409502,G,A,0.0220165331626419,4.28788664765744e-23,2.69279311301684e-27
12,124508758,T,A,0.0192093412840487,5.76049049389729e-23,1.36610882517577e-24
02,227062080,G,A,0.0252693866721079,1.10618393949601e-49,5.90818787171804e-26
03,12386337,C,T,0.0319059009002758,2.82896812245453e-25,9.6326560980683e-25
03,12441088,T,TA,-0.0224101219244838,7.83247487776394e-15,3.29884560316721e-16
22,38601430,CCT,C,0.0232640405785507,3.64020840048251e-57,2.45949158736295e-24
06,34735883,T,C,0.0283448999600553,7.24019562700942e-36,2.88883335908284e-24
06,26211146,G,T,-0.0225713396758371,4.96940106916102e-22,4.59478109642163e-23
06,26543649,CTT,C,-0.0143556915790215,1.08312850417939e-14,2.67637211834983e-14
02,25158008,T,C,0.0218738844775688,4.09142512490873e-62,2.29892217637966e-22
09,15911745,G,C,-0.0219696414168454,2.9576287955227e-51,6.15878949636854e-22
12,50256063,C,T,0.0221139763580363,4.66704382203065e-44,6.34116914306026e-21
19,34019403,GAC,G,-0.0223066516651903,3.87133571613827e-45,8.33026334769423e-21
11,27722298,G,T,0.0204544662857176,3.81781304143961e-26,9.89164748652013e-21
11,27503936,A,AT,-0.0151396771488726,1.8163877232756e-15,7.58119156814987e-13
12,122963550,C,T,-0.0359288711766077,5.27798289449831e-24,3.48249144413001e-20
10,96012950,G,T,-0.0205411429783906,2.4292309995344e-45,2.32264007884612e-19
04,45182527,A,G,0.0204101771890674,1.6361316339041e-46,2.69894103025727e-19
08,116671848,G,A,-0.0223660949606513,3.90028423325503e-33,3.38279971930304e-19
19,18207397,A,C,0.0164418910192077,4.68649709239372e-13,4.9607756610126e-19
19,18402142,G,C,0.0151757791015703,7.08689835976939e-13,3.4392633894603e-18
10,72416408,G,A,0.0226956901357996,8.63439093146558e-32,7.12340235937134e-19
17,65842016,A,G,0.0250317961538186,6.74930976957701e-27,1.43439789738998e-18
01,149995265,G,A,0.0293587989087285,8.122454281505e-80,1.04816870300909e-40
03,141180097,A,AAGAGGCTGCTGGCCTC,0.0194592827415661,2.51986359105794e-38,3.68029882844432e-17
05,75015242,T,G,-0.0196718988373337,3.05342791246748e-34,5.89007807833445e-17
17,42290015,G,A,0.0223062545878434,8.45798850141988e-27,5.90189374261386e-17
16,69551467,T,A,0.0194013901782696,3.89568106357287e-41,6.10120728342705e-17
12,120907309,T,A,-0.0478019584180454,4.04397070324521e-18,7.83286773202148e-17
15,89415247,C,G,-0.0212367979238931,5.82616100303846e-28,7.95203717116372e-17
07,130445847,TA,T,0.0186740681117943,5.26837808010258e-46,1.70502979379738e-16
04,89711849,T,C,-0.0183102575324152,1.0831605171359e-40,5.58792887087631e-16
05,55796639,C,T,0.0236591413124094,2.50353960482018e-26,7.17728715853957e-16
05,55860907,GC,G,-0.0224017406945914,5.56666804732174e-17,9.39853785877993e-11
19,8670147,C,T,-0.0503742853043249,5.24711500536635e-17,7.59270511311865e-16
16,4015729,T,C,-0.0185071364136277,4.0802481426747e-33,1.54635885621259e-15
15,68060389,G,T,-0.0229247223563952,6.24314130554559e-22,2.2060431530538e-15
14,79890677,C,T,0.0218131336350385,5.10533003934888e-23,2.58156895563523e-15
07,2912928,T,C,-0.0193879062452721,1.13211043653237e-26,4.39552692179557e-15
X,31854782,G,C,0.0154488776590143,7.23369534588732e-25,5.09874289219707e-15
06,50935513,T,C,0.0236075727004273,1.00143653374372e-20,5.45589069210003e-15
06,26337264,G,A,-0.0214768114108023,4.17003953332459e-23,5.09897919946279e-21
06,26604140,C,T,-0.0147940287986815,1.3819952520571e-17,2.13051787909536e-13
05,157996026,T,G,-0.0211575274049903,1.35152834560774e-21,2.27096544547487e-14
04,73549559,C,T,0.0336949931139328,4.96728002053203e-16,5.80935088078329e-14
19,46183031,A,AT,-0.0221834921611875,1.44913304713241e-19,8.27425391145823e-14
04,103188709,C,T,0.0318732274270733,1.04277690341838e-15,1.023842865606e-13
01,150346106,A,G,-0.0648789025642569,-99,5.39049535334749e-18
