chrom,pos,major,minor,beta,p_value,gwas_p_value
20,34025756,A,G,0.038174137591953,5.91651607374057e-283,3.70081157160439e-122
18,57849023,G,A,0.0410791569917419,6.16287914519333e-169,8.83624884907132e-106
03,141101961,C,T,0.0296193709122697,7.08522454501679e-196,4.58278688462437e-76
13,51116901,G,T,-0.0327417073481891,1.06103244050215e-97,2.41246245085738e-69
13,50655989,G,T,0.0796579474507122,2.00601190022848e-42,2.89493137449831e-46
06,126704795,C,T,0.0277983145208551,6.07845709471818e-168,9.17629691854722e-67
06,130374461,A,T,0.0302540184078886,7.04215359180395e-107,5.19376472692696e-63
07,92250140,T,G,0.029826293412244,1.89058857540132e-106,6.77602581384673e-62
12,66361453,A,G,-0.026509069386348,6.09152532177546e-178,2.28403459579251e-61
16,53806453,A,G,0.0263708968964285,1.02673163869832e-99,4.21771888658587e-60
16,53477732,TGGG,T,0.0143279034399249,9.54919905978943e-22,1.80317794081653e-17
12,4384844,T,G,0.0987366570965637,1.13541644206518e-61,1.50824413235902e-58
06,34183026,T,C,0.0302604961389581,6.77801247769128e-57,3.44900529457286e-58
18,20737641,T,TTAA,-0.0310448414774926,7.09545278719515e-90,9.59434430331178e-58
08,57122215,T,C,-0.0360178153328918,3.49627205643493e-63,6.93718222842503e-56
08,57160328,G,T,0.0190130237382053,5.83488445330373e-34,1.58312507617655e-27
06,34205465,GGAGCCC,G,0.0374192603806933,7.1283595882146e-52,3.83850413325422e-48
17,29206421,G,T,-0.0297754340737901,2.2358000539076e-85,4.96387649342114e-52
04,17902920,C,A,-0.0274749628548717,2.5028345837506e-47,8.83433110521079e-52
04,17956213,T,TG,0.0186673469957167,6.47802735742092e-40,3.22792033205502e-41
17,61996255,C,A,-0.0321328155625762,4.12785389851231e-167,6.77959408406706e-49
17,61996273,T,C,-0.0416951145531546,4.25116200548271e-69,1.81246101238687e-24
09,119124535,T,TAA,-0.0291824646428925,1.43926068774709e-72,1.42377661213743e-48
X,78655777,G,C,-0.0200879364153144,1.30362059204393e-85,1.78265581233275e-48
13,51064533,CCT,C,-0.0276602052229644,2.52412822689381e-84,9.02421715881284e-57
13,50565104,ACT,A,0.0790193753567699,3.71125023805695e-43,2.13208574356168e-47
12,93989683,A,AT,0.0292690866278825,2.19174461479722e-65,1.15811690614604e-45
12,94136009,C,G,0.0171036672679241,3.58904355149379e-60,3.093947532242e-20
02,27730940,C,T,-0.0230675390160102,7.83637476022039e-102,6.69924430253363e-45
06,31840021,A,T,0.0215158167586562,1.20015110215401e-65,3.98309392847127e-44
06,31552850,T,C,-0.0150493494406714,1.3959636149301e-20,2.61040384301699e-23
14,61072875,C,T,0.0227274017872575,7.7610215937058e-97,8.49062765295803e-44
06,19839415,C,T,0.0479770548122096,1.00977626785442e-44,1.74454558214051e-40
04,145568352,C,T,-0.022726388308351,3.42969407979934e-34,2.02319101192045e-40
04,145839264,G,A,0.0142600663168419,3.34556231834687e-44,1.34915141758293e-33
01,78444764,C,CGGCCG,0.0325868572528439,2.11114843136176e-52,3.65019163305392e-40
01,154989823,T,TGGGGGCAGTAGAGGGGGCAGTAGA,0.0204700796715537,9.30955348059404e-41,4.20709021788872e-36
01,155155608,A,G,-0.0114945985024459,6.27149377108631e-26,1.79534026325371e-20
02,417167,T,C,-0.0478414903185885,8.71482978398647e-41,5.52061407664161e-36
02,630553,G,GA,-0.0269015607988294,3.17342358853547e-50,1.17033201992134e-34
16,30042677,G,T,0.0200885387346576,5.17152740322105e-80,6.68757249519161e-35
01,41544279,T,G,0.0208451719607279,1.1409668988908e-68,8.7425506470416e-35
06,7719065,T,C,0.019999006976342,6.24894918917372e-86,1.51390651190986e-34
06,7231843,G,A,-0.0192489829391411,8.10847984761659e-15,1.00531046527837e-12
07,150668070,T,C,-0.0155984751290161,2.29812017630592e-37,7.18573273293854e-34
07,150540196,C,T,0.0139309050508702,3.63005696517408e-27,6.68193614781499e-30
20,33409350,G,A,0.0165599457866026,5.65945688644705e-58,1.34053066170387e-38
20,32505658,G,C,-0.0215833203619014,1.93778091955482e-18,1.35733933804708e-24
20,32678560,T,C,-0.036690975783463,5.02993053647435e-10,4.81828413079175e-12
08,135601194,T,C,-0.0155631829769234,5.05337510938339e-25,3.94803871957109e-31
08,135649848,G,A,-0.0160970959859717,5.73141724664891e-20,3.82614800233533e-26
08,135843916,C,G,-0.0122261696664239,5.64464479077435e-16,6.18238911883157e-11
07,2760935,T,C,-0.020154008281026,1.58042753030358e-56,4.39669464144384e-31
11,66897377,CAA,C,-0.0332871946925615,2.11964248738051e-36,5.40845925501164e-31
20,32077916,C,A,-0.0192674228584365,7.9310475289725e-38,8.27208924642767e-31
20,32542814,A,G,0.0121463790684425,2.83577888513353e-21,1.09136430710387e-17
02,172414553,A,G,-0.0212378837106675,2.7291306471937e-50,9.12251222534678e-31
06,26180634,G,C,-0.0194613122153224,4.25831284002885e-36,1.05067228601905e-30
06,26076446,G,GA,0.00927881784547666,1.05036808173573e-16,1.59151171066203e-13
09,98316094,G,A,-0.0267567633207448,8.94000065876952e-23,4.07466611822704e-30
09,98217348,A,G,0.0286842635607216,8.84314366744336e-34,4.25176122262572e-25
09,98192383,T,A,0.0132888433070116,5.4067881437791e-25,2.94985237335229e-11
01,177875959,GCTA,G,0.022251753661223,2.1965088631905e-45,5.85064717653758e-30
05,122699198,C,CTA,-0.0181881954437829,2.49048340002444e-78,6.38019643446831e-30
08,78105153,C,A,0.019684505123443,6.80777265353217e-49,6.54588971034785e-30
08,77761919,C,T,-0.0236628083807881,1.13766694790379e-11,4.33993024124344e-12
04,106216800,T,TA,-0.018733870063698,3.42843657934038e-66,7.97257208785174e-30
17,7571752,T,G,0.0858722157473045,2.77173442602787e-32,1.13994032153579e-29
17,7366619,T,C,0.0215738517115768,6.6664000009432e-25,4.65926143247658e-18
17,8056606,G,T,-0.0184896086038197,9.21582726245965e-12,1.49479829886373e-10
15,99186488,G,C,-0.0219494013963826,4.65059964095075e-24,3.44777686572207e-29
15,99214192,TTGGAA,T,-0.0257508934196681,1.03720710416589e-21,1.5105079613678e-10
15,99226148,G,C,-0.0150286927240987,6.22841358306708e-27,2.23801189102972e-18
02,218279432,AC,A,-0.01865363868031,1.29089541458676e-39,4.08892508885529e-29
02,218146818,T,G,-0.0158501452874619,8.05480056525029e-23,3.42376679110085e-19
02,218604987,C,T,0.0174355118493943,6.18632389234267e-09,1.02337155905605e-09
05,42687629,T,C,0.0203032993567873,2.88421102456713e-17,8.16220346691294e-29
05,42290110,TA,T,-0.012128980236429,1.59257119307622e-16,2.44336609010419e-16
05,42814817,C,G,-0.011106768654015,1.29365608441621e-20,1.07326210814256e-19
06,41909521,C,CCG,0.0352785649251624,1.03246897397249e-30,6.22271480712079e-28
06,41903798,C,A,-0.0633316724197256,8.15885111048396e-20,9.08106445289518e-21
16,2160503,T,G,-0.0262541568413882,6.35731118780804e-42,7.80509817568676e-28
16,2266173,T,C,0.0151502064561492,7.07349067965991e-26,2.245039178849e-23
16,2173046,G,A,-0.013102418026857,1.67622014125909e-12,2.46710985447857e-07
06,152168974,T,G,0.0174583725296484,4.46149722645423e-49,2.53454079516977e-27
06,151728714,T,C,0.009414224871007,8.27072103185801e-11,2.17594713891486e-08
01,176787749,C,CT,-0.0186812697576864,1.37122773603271e-42,4.06276766597306e-27
01,176521349,T,G,0.0145772382890191,2.7721769071198e-23,5.13118221858476e-07
01,176521655,G,A,-0.0362346693427904,9.05118976174559e-14,1.24420127049164e-12
06,108988184,A,G,-0.0176205164175441,4.75853535696074e-41,6.77289865121862e-27
06,109032609,C,G,0.0298074613433567,1.75297674645751e-10,2.78910922303335e-13
03,185548663,G,A,0.0241840734662437,2.00961516452174e-27,1.21127048292009e-26
03,185371172,A,G,-0.00959172630556378,1.59473386480364e-19,1.65546562585468e-12
06,142716286,G,T,-0.0187883134302623,1.72331237065324e-34,1.267263996068e-26
06,142436352,C,T,-0.0105995746110531,4.61992354204346e-10,1.68585475001753e-09
06,143200936,C,T,-0.00930732470440874,1.69565617988267e-09,8.23487032947844e-09
02,23896049,G,A,-0.0190107706027308,4.58320335196005e-45,2.21622068974177e-26
03,172137343,G,C,0.0177512616633584,4.87757115423449e-33,6.2134895134364e-26
03,171969077,G,C,-0.0152074995251991,2.21858051915551e-42,1.07061599108827e-22
17,59494574,T,C,0.0177002214203848,1.89234358961643e-36,7.74672327377051e-26
17,59608726,G,C,0.0090517918409219,6.63040991285185e-12,2.91692978860324e-08
12,46752872,C,CA,-0.0154578237101807,2.54082686795938e-47,2.82755780225244e-25
12,46764254,A,G,-0.034521882518043,4.51938926276836e-09,6.46525853309342e-14
02,56106928,C,T,-0.0171015618149858,1.13593625723406e-28,6.06128349005412e-25
02,56076480,C,G,0.0136962737685383,7.72492997775425e-13,1.81207314449386e-16
07,23513093,C,T,-0.0190455203556655,3.68618958448717e-40,7.98444349952842e-25
15,89397827,A,G,-0.0490833472966175,2.80597690657658e-26,1.02332512562163e-24
15,89386652,G,A,-0.0155125840691834,8.17582053685973e-16,1.21292086608873e-10
15,89367562,C,A,0.0131405681012602,7.46868807117457e-31,4.1450090019796e-15
05,168256240,G,A,-0.0201301699838452,1.48190651476472e-36,1.56333402290886e-24
10,102659337,G,A,-0.0168578081191301,8.14250301726957e-53,1.93337381511992e-24
10,102317555,C,CA,-0.0126907554678361,1.05359112763512e-12,2.76346121454186e-09
19,2176403,G,A,0.0161994976632814,1.42972281077312e-37,5.73275700625845e-24
19,2039727,C,T,-0.0275951991883438,1.89114169844471e-07,4.77532996064407e-06
19,2353368,A,G,-0.00793714742048528,5.48676828271719e-10,5.11510230245022e-08
05,176509193,T,C,-0.0142181460059076,6.69443575307415e-21,8.02628628316029e-24
05,176980904,G,A,0.0099772578254822,2.10171815826228e-09,2.16213769093358e-06
05,176586898,T,A,0.0108521025106441,9.26124385952894e-17,7.97573855542517e-21
06,109730882,T,C,-0.0162760052769786,3.17046047422243e-54,1.55655365848925e-23
04,145868325,G,A,-0.017177505257383,1.44246772444119e-44,1.98064355500823e-34
04,145605025,A,G,-0.0180129096662734,2.92332308443659e-13,8.09489841054599e-27
04,145982625,G,A,-0.0315591603874366,3.31322693099208e-11,8.48575430487584e-06
12,111884608,C,T,-0.0158178504394814,4.00096375440185e-63,3.45776277611118e-23
12,124826676,C,T,0.0207017808322265,4.69393298488154e-26,3.4900439690392e-23
12,124393697,G,T,-0.00973331456410995,9.13014421054365e-15,1.38826408019441e-10
05,75003678,T,C,-0.0161639982142826,8.9606718644249e-51,4.74571768297158e-23
11,2165576,G,A,-0.0201410297547946,1.48827758191447e-29,7.40330516199125e-23
11,2053669,C,A,0.0295400102423728,6.33738989300422e-11,1.67600660401859e-11
10,96038686,G,A,0.0142728457640479,7.14620312507894e-34,1.70641403134431e-22
10,96085377,T,A,0.0144653510358249,2.72558363965165e-10,1.51612065271354e-13
11,68199393,C,A,-0.0198086802210221,6.08328775818732e-22,5.29617056960791e-22
11,68077048,C,CT,-0.00875213371912794,2.38276304196674e-15,9.09085719628164e-10
07,72973854,C,A,0.0146696674491569,2.5536712562193e-24,6.07399215979612e-22
07,73121347,G,A,-0.00940216902471037,1.03969170318124e-16,1.69447534119176e-14
17,43223316,C,CAT,-0.0145055135682026,5.27033000125656e-29,1.11344285357941e-21
17,43146641,A,ATTTAT,0.0118014181111575,4.1255477397674e-13,2.1289354453017e-14
05,170864021,G,T,-0.0186817570278384,2.79625314177603e-23,7.12265260364553e-21
02,211543055,T,C,0.0161714997084438,2.74333164619468e-38,8.2549549120423e-21
22,42070374,A,C,-0.0254460450328503,4.50793051042301e-25,8.73849753074557e-21
01,172105257,T,C,0.0149122418205309,4.47831169721352e-26,1.27970881036817e-20
01,172355841,C,T,0.0107895332769165,7.83199311370774e-09,9.7771794402642e-11
01,172186310,C,T,-0.013968150445329,2.16679961575448e-07,5.64164203353573e-09
19,10750115,T,TG,0.0148124275170459,1.19012349644682e-29,1.96645646324782e-20
19,10301469,AATAAAATAAAAT,A,0.0173073150625605,5.36776529675575e-08,1.32734073744469e-08
19,10366557,C,A,-0.00979210344668182,2.9926011478312e-08,5.06605540394463e-09
X,129251524,A,C,0.0124409351688348,2.90156992023642e-38,2.48160147957934e-20
01,51037660,G,GT,0.0274025312885833,1.80484665975031e-25,3.27190264671421e-20
01,50612250,A,G,0.0113367768714552,1.72978307059386e-12,7.69202706946611e-07
17,79093822,A,G,-0.0155313709595931,1.31712615352919e-29,3.81513238928676e-20
17,79420617,G,GC,0.0102169670189961,1.21294735978588e-12,2.05218913311336e-09
17,78757626,A,G,-0.00917188822590525,1.40981474209869e-09,5.7257416586483e-07
08,130721793,AATAG,A,-0.0183952270539213,5.17513424673659e-24,4.32448613882373e-20
08,131026459,C,G,0.00811849162703911,6.72650545864791e-13,3.77988575878369e-07
12,11878464,C,A,0.0153195472519461,1.79849697549134e-40,4.46716130010505e-20
01,214638396,C,G,-0.0148419953727059,6.99582251704275e-40,4.78307444905057e-20
01,214721975,C,G,-0.0161944365711459,7.58633983808866e-07,8.79145045712588e-08
06,29355148,A,C,-0.0116431431166447,1.93692193450654e-12,5.2668200618809e-20
06,28912076,C,T,-0.0130332570911605,9.75471486825221e-08,1.79945354523772e-18
20,50951298,A,G,-0.0169566840167765,1.00205182516402e-23,1.0483088897364e-19
20,50850431,TA,T,0.0137484358614022,7.79972880080574e-08,6.06417802199452e-10
09,99084471,G,C,0.019718736745653,1.20686150589272e-25,1.4916144844399e-19
09,98613633,G,A,-0.022442571452041,3.26170316655479e-08,4.21405783654102e-08
16,4014282,G,C,-0.0148078051161168,1.03972437507769e-41,2.06601299171733e-19
12,116196322,A,G,-0.0174436221825775,3.15842490054583e-23,2.63884992968558e-19
12,116632928,C,T,-0.0111606050263827,1.08093802620879e-07,2.39969167918994e-08
01,33774752,C,A,-0.0149263688524208,6.953500573824e-28,4.91997776866217e-19
01,33295956,AT,A,-0.0101283030830988,1.85449957968293e-07,1.00123482744631e-07
01,11276710,T,TA,0.0158809782090198,4.36827544182055e-27,6.12048430153411e-19
01,10789634,T,C,0.00774128642033986,4.29200153837051e-09,3.41278669549706e-06
08,126508568,G,GA,-0.0173135935408323,4.77954058006218e-31,8.03890956169514e-19
07,28174957,G,A,0.0156334476147783,1.06146343204424e-32,1.02225884004018e-18
02,71562503,C,T,0.0139664650971018,6.0650014138488e-27,1.26915346285174e-18
02,71945444,C,G,0.00778322440187375,3.92080491327883e-08,2.6159682976406e-08
02,71889624,GTA,G,-0.0139432896225337,2.66127693849478e-06,1.91543747165778e-06
05,36803614,T,TA,-0.0139271671649973,6.91009594721885e-25,2.44267248194333e-18
05,36646032,G,C,0.00899168068211082,2.0696214188623e-08,1.42862137228896e-08
05,36309895,CT,C,0.00748052156769168,3.05870375105012e-08,1.77553261458893e-06
X,137050402,C,CT,-0.0143068223619003,1.18200037706079e-12,2.4640486435338e-18
X,137095712,A,T,-0.00687248682164107,6.34972331843851e-11,6.7095515364025e-13
03,128992047,A,G,-0.0149088965529492,5.77594463804722e-22,2.643769873654e-18
03,129051990,T,C,0.0153951864829196,6.78215772310697e-10,2.69182550862994e-12
20,35604110,A,AT,-0.0162540964728924,1.04127351742176e-24,3.13975674860964e-18
20,35385915,G,A,0.025640777530041,6.86779970286539e-08,6.39407539702561e-09
20,35196236,G,A,0.0272823521813873,6.69730892117619e-07,4.28564761257765e-07
06,140438076,TAA,T,-0.0154467706688534,5.25197267444954e-31,3.44361326737132e-18
01,218597297,C,G,0.016175584499443,1.31109068331373e-30,7.42675698053963e-18
01,218986185,G,C,-0.0152346927681581,7.50899336707758e-10,5.20962510243972e-07
20,21217976,C,A,0.0145050223391586,7.0077741601775e-34,1.15470514414334e-17
11,10126097,TG,T,-0.0119331639872728,5.85667407476456e-25,1.23481517818948e-17
11,10393468,G,A,0.00858346669029329,9.45080628570703e-14,6.93424465947246e-12
12,3338920,GCACAGCTGGGGCTGA,G,0.0152556231773035,1.59189822854746e-17,1.41947632467072e-17
12,3393100,C,T,0.0249053419608768,3.81229435489434e-14,8.26364031829641e-15
12,3295708,TTGTTTGTGTG,T,0.0112535185477689,5.62036846755958e-15,3.88583724321909e-10
05,67596088,G,A,-0.0136623595903554,7.75493058157112e-34,1.54145319117968e-17
05,68029078,C,A,0.0110831497733176,2.10669809766259e-09,3.47594465299615e-09
05,67315659,C,A,0.014392657057629,1.56006088627989e-07,1.44090893234404e-06
06,160769811,C,T,0.0135760461112083,3.0315902396007e-45,2.02528028113463e-17
16,781292,C,T,0.0170832395415229,3.37661065013093e-20,2.45913153322357e-17
16,987454,T,C,0.0106357993089672,2.11015637096642e-14,1.29230948417006e-10
16,1113847,G,T,0.0103817812399737,4.85765367384105e-15,3.10597895317327e-10
15,62274940,G,C,-0.0134356821854108,4.32662319700013e-33,2.56717221084394e-17
15,62732836,C,G,-0.00901689068160086,2.62423039741981e-07,1.57139976531258e-06
03,9975386,C,G,-0.0173738393576997,5.34410974761521e-26,3.06704164565325e-17
X,78858583,G,A,-0.0127782875012078,2.15177808311338e-24,3.52493012105593e-27
X,79324423,G,A,-0.0145634406920375,6.20467220005727e-07,3.89775469384284e-17
06,80959985,TC,T,-0.0135963083475163,2.30748884728673e-32,3.91509782651524e-17
06,81446732,G,T,-0.0110872012439097,1.04377243094997e-17,2.29885860600425e-11
06,81279194,G,A,0.0251673553402768,4.73699532627761e-09,1.17397054330635e-14
12,123759417,GAA,G,0.0161637595564315,1.71153990013013e-17,4.56438326166166e-17
12,123292503,A,C,-0.00877886468876539,3.22050085485871e-10,2.66803873275785e-11
15,67007813,A,G,0.0150069011019802,6.28488152937036e-24,6.52066587751532e-17
15,67457698,A,G,0.0225225185111873,1.02476974536706e-11,1.5628864642934e-10
15,66514155,C,T,-0.00820093805304716,6.14202478522864e-08,6.38067309450132e-07
07,46642308,T,C,0.0133985346165906,5.33384234486011e-32,7.73380517644143e-17
07,46557704,G,A,-0.0165031303140895,6.25196595695887e-15,1.00608422137861e-13
07,46734307,G,A,0.0117755302064455,7.33083332845907e-15,2.79086969370375e-08
17,63561592,G,T,-0.0184346195958395,1.58492000427284e-22,8.36389218315015e-17
06,50787576,CGAGGTGGGA,C,0.0190268977776343,3.56597264137348e-19,9.94134825295455e-17
06,50908969,TG,T,-0.0119582212927895,5.66024635885543e-07,1.42385999351393e-08
14,24835773,G,GA,0.0133612580808515,1.76755666766791e-21,1.28047368086081e-16
14,24903721,C,T,0.0124332555583782,1.98848614765231e-08,3.45438701365721e-09
14,24669623,G,A,-0.0133386661941041,9.43014626194545e-07,3.06362167532307e-08
14,25948867,T,C,-0.0143336408567523,6.74899047731206e-33,1.3682342794215e-16
20,20069826,G,T,-0.014992965220671,1.85836533255573e-25,1.38746226634539e-16
20,20348253,C,T,-0.0142942366889353,1.86905041330404e-14,2.61770881173316e-11
19,47557098,G,C,-0.0135898448965814,1.96988322427905e-19,1.40612841730576e-16
19,47688034,G,T,-0.0344006450954976,2.32593654311356e-07,2.1307561821973e-11
03,50022069,G,A,0.0120222236225728,9.59779069590601e-29,1.74214467466365e-16
03,50428885,C,T,0.0321990790712477,8.44751288523112e-09,6.23107626850248e-12
03,50427030,G,A,0.0363623031972983,4.74477762722841e-06,3.41909285351296e-07
17,68153968,T,A,-0.0190007679402529,9.69170667477075e-16,2.00656129954342e-16
17,68203546,A,G,-0.00948286878024901,8.62585068889951e-15,4.3864195479903e-09
17,68075324,T,C,0.00898645040566452,7.43266208496031e-10,3.82062170653145e-08
04,88557753,G,A,0.0132168305409762,4.70769769676484e-44,2.02916867194861e-16
14,65520246,T,C,-0.0132645820689179,1.18157306746495e-42,2.03464670684303e-16
02,227263582,C,T,0.0136001862940009,5.07921089178794e-22,2.03767253958379e-16
02,227368066,C,T,-0.0388589019852332,5.53668207393083e-10,9.77143122577111e-13
02,226948084,C,T,0.00992842074305474,8.83889421874339e-11,1.45492961459879e-08
11,27728102,G,A,0.0133094287278012,1.51169133384544e-22,2.26482793699394e-16
11,27650524,G,A,-0.0105959609171602,2.4257590760177e-12,7.85947683527653e-11
11,2813322,C,T,-0.0476313939165313,5.89102686507354e-16,2.39456991200437e-16
11,2770982,G,T,0.0130403132896693,8.94456596840036e-11,6.3012993749339e-11
01,205685352,T,C,0.013339571518502,1.93106255288107e-35,2.83750827596643e-16
08,120456193,A,T,-0.0148695662166567,5.47465057037337e-26,2.87252204597955e-16
08,120596023,G,A,-0.0234423828585467,4.07430521010617e-12,1.81286023658422e-11
12,50263148,G,A,0.0134287895689825,1.3241834987472e-34,2.91217410566208e-16
19,30286450,G,GA,0.0141119508529031,6.17352859835409e-26,3.13232938455572e-16
19,30709841,C,A,-0.0112684684325619,1.48539733376961e-10,1.71307335893582e-08
16,88804924,T,TC,-0.0137269104956551,1.33658866837253e-21,3.37491323314314e-16
16,88321027,C,T,-0.0314563361680077,8.61179598097456e-15,5.31461788400947e-14
16,88554317,T,C,0.00826606585129143,5.80179055834511e-11,9.01230615211023e-08
02,183247431,G,GA,0.0132165876686034,2.61019931000284e-38,3.59202061466746e-16
13,30177474,TC,T,0.012295583163862,6.85884808799342e-15,4.010837472183e-16
13,30155020,T,A,0.0116350334177668,4.6330139210893e-07,6.48130186733638e-12
06,19078274,A,G,0.0162605777343889,2.28519647405128e-23,4.15418636647391e-16
05,130378027,C,T,-0.0150409822261532,7.80601377473207e-23,4.45859501970559e-16
05,130711004,G,GAAAAGGTTAGTT,0.0232637348945914,2.30890717170229e-06,2.49049008475488e-07
05,139041673,A,AG,0.0135087325888922,2.07962657655569e-33,5.99273844188901e-16
05,172779211,T,C,0.0126818547214107,1.62641147707273e-14,5.99925060887228e-16
05,172753555,T,G,0.0167476789860691,1.7755651442762e-10,7.80240472341066e-14
05,172839289,C,T,0.00818397538030343,4.8202590606281e-12,4.50131847731359e-09
10,25178864,G,A,0.0158817110055068,5.21790016259551e-17,7.03457135169107e-16
10,24860913,G,A,-0.00872356221137014,8.03335461640925e-11,8.29440660814921e-10
10,104775231,C,CTTT,0.0131569620557153,7.98476305614246e-34,9.13823608718767e-16
14,23750078,G,A,0.0156228465358736,2.76111052558457e-17,9.21097776613721e-16
14,23299135,T,G,0.00948252193639421,3.13747910956611e-18,2.51849360813016e-09
14,23772829,A,C,-0.0259233994725894,9.57700069621758e-07,2.18594288375464e-08
08,145001031,T,C,-0.0124865773200391,3.75944183088469e-22,9.24492869965713e-16
08,144852879,A,G,-0.00913811169952792,4.28881080655797e-12,1.69441732247079e-09
06,76164589,C,A,0.0212422334579025,5.13572481174538e-19,9.49528572197061e-16
11,30443688,T,C,0.0139415015435955,3.55137401476002e-28,1.01142541272814e-15
X,45634577,C,A,-0.0115914772859862,5.20670923923812e-21,1.18776043581196e-15
X,45304952,AT,A,-0.00822522336865543,5.43081377890463e-15,3.1836233750162e-09
12,102407746,T,C,-0.0336322539811897,8.71181080191761e-18,1.23751200721222e-15
12,102372809,T,C,-0.0108870728141801,1.13895657749857e-16,3.72678059360842e-10
12,102328806,C,A,-0.00895971111584757,3.3363398610119e-13,1.61215036066488e-08
06,32447644,T,C,0.0213832826431821,1.11629665589369e-63,4.48210797141938e-40
06,32630996,C,T,0.0144005170448752,4.64613277711788e-18,1.51666580367026e-17
06,33138677,G,A,0.0106510193587759,3.02023256017154e-11,4.5128057092125e-06
04,122713863,A,C,0.0130854263549773,2.42749938832193e-34,1.33782174931159e-15
01,26455182,A,G,0.0157150687106861,8.09446699381406e-18,1.34621255038315e-15
01,26754875,A,AC,-0.00963113152732833,7.55618366090443e-11,3.14539600058599e-09
19,8670147,C,T,-0.0345062830041639,1.31273698677791e-15,1.43299991003457e-15
19,8513894,A,C,0.00892426895651726,6.1222501948053e-13,2.9820062876402e-08
13,78474468,C,A,-0.0150542563819232,4.08252508528621e-24,1.59626659203825e-15
01,184007119,C,T,0.0131033931604777,8.29393924237025e-24,1.64756991765011e-15
01,184433986,C,T,-0.0104049644974862,1.41828687439117e-07,9.94363915595955e-08
03,183976103,C,T,-0.0144534084787863,1.12337857320701e-15,2.03114888417997e-15
03,184010048,C,G,0.00899539767168517,1.43880099781553e-10,1.11738318923157e-10
15,86276000,C,T,0.0126762403044259,3.1434515960566e-39,2.30096065087093e-15
10,120434096,T,G,0.0126504589423274,3.20424115452743e-39,2.63750514740323e-15
12,122630285,G,A,0.0113601496552505,1.47339345113132e-23,2.91410471336534e-15
12,123100397,T,C,-0.0127259398801128,7.9542382361584e-16,7.52526009012326e-14
12,122353230,C,CA,0.0205324357178742,2.07078507551207e-12,7.34313862433444e-12
05,179727399,G,C,-0.0127800692060848,2.38420178504796e-32,5.19203088985854e-15
04,1012300,T,C,-0.0268580474728907,7.12257703352747e-14,5.33833804201655e-15
04,840616,C,G,0.0103581104807093,2.19144402086718e-12,2.01322362564243e-10
01,118855812,A,T,-0.0134877951127568,3.34672422145082e-27,6.14139845638461e-15
01,56602992,A,G,0.0148367171429163,7.22217091370706e-23,6.37305037433208e-15
06,81829439,GTTGT,G,-0.0107278546796558,7.31708265422357e-15,7.4539238182322e-15
06,81570143,CT,C,0.0317669945426178,3.05213798654669e-13,1.96691800109062e-12
06,81379924,G,C,0.00842224253897007,9.74470477979704e-13,1.08618172475044e-06
20,47762210,T,C,0.0143785230018376,9.48573523257121e-24,7.95187650407701e-15
10,81136129,A,C,0.0125234320827257,1.36492312318181e-23,8.50077170775837e-15
10,81228378,T,C,0.0127531289992002,1.91289140769924e-09,2.21449438660951e-09
10,80931481,G,A,-0.00775901701357893,1.26369683657717e-08,8.32232393014457e-06
01,21584941,C,T,-0.0126253298738692,2.70522076542663e-32,8.83793162651545e-15
12,103064247,A,G,-0.0132995940844051,1.28363288079319e-40,9.08171528933846e-15
12,102826653,CATAA,C,-0.0286123516632727,6.17547851542743e-12,1.52655210998043e-10
12,103175170,G,C,-0.024304327916623,6.78424564156876e-12,1.46664401089516e-09
12,57146069,T,G,-0.0206542822464059,8.22152008651079e-17,1.08158508559977e-14
12,57540848,C,G,0.0104125304904967,4.10430281172117e-12,3.30456575187103e-09
12,56647911,C,G,0.0168931972218558,4.97516722721154e-08,8.79401527919968e-09
17,36925750,A,G,-0.0125420672505026,1.0739243919799e-35,1.08790147473355e-14
10,77210191,T,C,0.0123940613138118,3.58256109448698e-37,1.22660791850686e-14
12,97792368,TG,T,0.0126103593629097,1.33855682803639e-29,1.2580261797787e-14
12,97575565,T,C,0.010332413732625,5.25215196356175e-08,1.38093902941852e-07
12,97764804,A,G,0.0109076096497423,1.29681628977889e-06,8.6656338685932e-07
10,70287303,C,T,0.0125134678567987,5.06144204478835e-36,1.29246335874721e-14
05,95736560,G,GA,0.0127855405224413,3.6765447765968e-16,1.52252981453403e-14
05,95885405,T,G,0.00926999257921885,1.76096816842788e-09,2.4034742719401e-09
X,99882543,C,G,0.0105532073074653,8.30697268692645e-25,1.55555729071881e-14
02,233120758,C,T,-0.0209140615872513,5.24066832229835e-18,1.57490038250573e-14
02,232790053,T,C,-0.0101333043299798,7.65505703610629e-14,6.71177172416803e-08
09,90873653,A,G,0.0117542317508335,2.19430128549249e-23,1.68154571867727e-14
09,90600849,C,T,-0.00899849167178423,9.81578096844627e-10,7.67815163703142e-09
08,116631278,T,C,-0.0150678206502626,2.00356432274233e-21,1.7221624629507e-14
06,36217160,A,G,0.0180773566311927,6.04161711794901e-21,1.76447169891222e-14
06,35737014,G,GA,-0.0110872557117856,1.27860423802201e-13,1.24827726007251e-06
06,36645696,A,G,0.00984939419491542,1.58150103645828e-13,1.57352613903878e-08
05,137603293,G,A,0.014927708564139,1.67818830727077e-21,1.8146233529411e-14
05,88275333,G,GT,-0.0116386823267263,9.11459366691526e-19,2.85737739462095e-14
05,87795525,G,A,-0.0130698455170968,4.38689721424168e-13,1.19137895416785e-13
05,87999371,C,T,0.0177845161674408,4.82716117735948e-09,7.64863117361255e-07
05,87755411,A,G,-0.0131333013535621,7.49692733930681e-13,3.10663015070392e-14
05,88045029,C,A,0.017446703807017,3.20829330353598e-09,3.5836621244556e-07
05,88251136,G,A,-0.00924767329399233,3.62970912981286e-14,3.19390670983391e-10
16,4948936,T,C,0.0120813357411913,1.58177317613382e-17,3.19643413769212e-14
16,4631802,A,G,0.0199623452559604,4.30351143434648e-07,5.96214203567986e-10
21,39673981,T,C,0.0121970420576035,1.27071704015257e-20,3.31183005174882e-14
21,39235370,G,A,0.0074831103290653,7.55597811035031e-10,2.74433479146194e-06
07,50641187,A,G,0.0170750614754348,6.12699917645474e-14,3.62656955123283e-14
07,50877893,C,A,-0.0167922428676091,3.43047644728621e-09,3.64601337152054e-10
07,50930763,C,CA,0.00922067671296974,1.40647814336393e-16,2.69770053549696e-08
07,93258982,CT,C,0.0121648653654642,3.10414937912376e-34,3.66404881189468e-14
01,155174106,C,T,-0.0118062074134954,2.88723641485381e-30,4.25750734911063e-19
01,155661719,C,T,0.036681457730032,4.04522014264377e-12,3.95547402198924e-14
01,155306195,T,C,0.026177921383013,5.91094333892799e-08,1.09550623677659e-09
05,134372685,T,C,-0.0138102443432199,5.98802288030001e-17,4.00862057939046e-14
05,134586980,G,A,-0.0103330710622587,1.25965353081788e-19,6.96878254692588e-11
09,97617103,C,G,0.0112482077094942,3.1583807795432e-17,4.56132723795335e-14
09,98089747,G,T,-0.0185741554025886,2.44544105857711e-08,2.78452192530143e-13
09,97409771,C,T,-0.00799195086363318,8.55933818393877e-09,5.81042834186822e-06
09,109565934,T,C,0.0134245602553859,1.0629796664898e-24,4.63153030193404e-14
02,223960207,C,T,-0.0134541723170881,7.88551511009937e-24,5.00409959486367e-14
05,77394128,TA,T,-0.0127830742639722,1.70126371529427e-14,5.2612138087751e-14
05,77631634,A,G,0.0103546133697941,1.31269911460924e-09,8.85647727771525e-09
05,77142829,G,A,0.00744060369358135,3.55561376619793e-10,6.41818143021457e-06
04,123832776,G,A,0.0140726272962761,2.91269542142183e-16,5.50581412395218e-14
04,123760527,A,AAAC,0.0223666160558846,4.26100833972667e-08,7.18279332194507e-10
05,131563571,C,G,-0.00970003693214446,7.01663245385225e-09,5.53867388881488e-14
05,131086617,A,G,-0.0114802359446752,2.3206403305119e-07,5.97031550741934e-14
03,13800722,C,T,0.0117697145355919,6.76365824938754e-30,5.67857900926925e-14
03,14043412,C,A,-0.0306237240362395,1.01537940176157e-06,1.52353907207709e-07
04,82174165,A,G,0.0136061548553085,8.70160117447393e-27,6.0050911409542e-14
04,81735963,T,C,0.0324313659902095,7.74172989008868e-08,1.32743773861627e-06
07,139749346,G,A,0.0153181379518455,2.20518878523745e-16,7.13350903428433e-14
07,140244627,G,A,0.00800032830011028,8.2310139584083e-10,1.48325670473659e-06
17,29210595,G,A,-0.0207626574573658,3.18839431304664e-40,4.80958029223973e-45
17,29707521,A,G,0.0104939094138243,1.04982360872977e-20,7.16793028612228e-14
17,29285075,C,T,-0.029651423959924,6.57757010614353e-08,5.50857032919901e-14
03,56686329,T,C,-0.0124605539924644,1.48506940517285e-27,7.27666467877626e-14
10,79659934,G,A,-0.0113011725794482,1.2752326306617e-14,9.76483986255166e-14
10,79572587,T,C,-0.0349076484968553,1.04358864111054e-08,4.23996899256671e-13
07,148648835,T,C,-0.0173540513040337,1.71240890225989e-18,1.02685212130462e-13
07,148634851,C,T,0.0101611348012556,7.66640513335746e-15,1.26504195513721e-06
19,4910021,A,C,0.0122071549728712,1.14719688506198e-20,1.04281060096514e-13
19,4444742,A,G,0.00886348069588129,4.44969779402488e-08,4.07200603465037e-07
19,4772202,A,C,-0.00778705349734515,1.27712245711362e-07,6.4216401446786e-06
07,127015083,G,A,0.0432344749426607,3.16272126585191e-14,1.08857094473795e-13
12,28644895,G,GGT,-0.0128662506380895,6.78016185303486e-25,1.12312741076132e-13
10,124131176,A,G,-0.0120039655117,6.6008260055341e-31,1.18935671293026e-13
07,76568137,TAA,T,0.0145474749666353,4.59433084695004e-15,1.31766534743447e-13
07,77052364,C,T,0.0141044971511785,2.36006173266542e-07,8.82973825304555e-09
03,85668052,G,A,0.0103347038951522,4.53037055521786e-16,1.72890982371669e-13
03,85168143,C,T,-0.008447448213747,1.43547480814793e-11,5.37856807998137e-11
08,49407362,C,T,0.012118990488236,3.44677525634769e-08,1.73031980421406e-13
08,49588463,G,A,0.00955028828012112,4.36404014482681e-09,7.96680473546165e-13
14,21538067,A,C,-0.0119322033890332,7.64032340988678e-19,1.79973900278301e-13
14,21924673,C,G,-0.00882397343522665,3.06172860555536e-12,6.96817491325075e-10
14,21892165,A,G,0.0092429467642412,6.24863749494947e-08,2.71480075569541e-08
17,47027359,G,A,0.0160402286847693,1.50664886892376e-15,1.97963375887544e-13
17,47075915,G,A,-0.0105398833034175,1.1159367298267e-12,1.30704283499365e-06
17,46528015,C,T,0.0129805653001005,2.02492760249575e-06,7.83195146116842e-07
11,43878459,G,A,0.013031644474006,1.73650483173724e-23,2.22488236178383e-13
02,169721381,A,G,-0.0125073750120742,1.39866382808124e-24,2.31489783178969e-13
08,129224182,G,A,0.0130807140034948,2.40150581115524e-20,2.8978119750727e-13
08,129464193,C,T,0.0150749741564409,1.39510063999552e-06,1.89054382353853e-06
08,13372120,G,A,-0.0244852357693359,3.94853690684358e-14,3.03304134474457e-13
08,12951025,G,A,0.00770608288950892,7.5071186453532e-14,3.18814954216019e-06
06,126097374,G,GC,-0.0112555536904702,1.4162626164138e-27,3.05057509008376e-13
06,126594267,G,A,0.0163556355800701,3.4418634930709e-12,1.04764492884034e-10
06,126518883,G,A,0.0341053788798752,2.23981917006341e-08,4.89788328184236e-08
02,25458100,C,A,-0.0119990675472682,2.26121311529383e-17,3.0540686402408e-13
02,25017860,T,C,-0.0125351316626691,2.16040242370289e-14,1.81362242419464e-12
02,25935577,G,A,0.0118953303760252,2.14953096859712e-12,6.57846789986024e-11
05,127357526,C,T,0.0135406808316793,4.36517262474661e-21,3.37232487191671e-13
02,33360338,G,A,-0.0110850343474487,1.39817318476642e-15,3.81636588843113e-13
02,33489022,AAAG,A,-0.0214313519604614,7.02381780173946e-10,9.05130855755393e-13
12,117396822,T,C,-0.0163988107731149,3.72454157780955e-17,3.85352050300054e-13
19,7106909,GTGA,G,-0.0174153425817674,1.58883511987112e-15,4.07786922027506e-13
19,7183926,C,T,0.0126378314128329,1.51913846200092e-17,3.09939383957803e-12
04,12881731,T,A,-0.0132812583566764,8.09732838450918e-18,5.03564306442433e-13
04,13182756,A,G,0.00869228510554973,1.07013678089273e-09,1.46682102456512e-06
12,123593382,C,T,0.0158972022924559,4.47950663895037e-19,1.90062671814852e-16
12,122940191,A,G,-0.013208097886106,3.37569473199612e-18,3.28405598346922e-14
10,5042294,T,C,-0.0170907130758914,3.57631243081945e-14,5.41793319351102e-13
10,5257647,G,A,0.0117475667828254,7.84930986607902e-10,4.82775762811356e-09
X,118640330,AT,A,-0.0106331532324912,3.15394939362116e-21,5.6285738417859e-13
12,56364321,A,G,-0.0107905821212637,1.86807657600353e-19,6.46473249512646e-13
12,56636975,C,G,0.0152589895612676,3.43653336071293e-07,5.78524383066494e-09
05,55014771,C,T,0.0125049551033172,1.4970801989249e-22,7.30360429064007e-13
14,103859143,C,CT,0.0122964697444802,7.24043955781393e-26,8.20371560278775e-13
01,150552042,G,A,0.0160252022790587,6.42160871169793e-17,8.92964187033524e-13
06,45090977,C,T,0.0117407412341423,1.46860930626823e-26,8.9838309887975e-13
06,105358192,G,A,0.0119151679449606,2.89751277668943e-26,9.06938525448204e-13
06,26207175,C,A,-0.0202394741785109,3.36327594103274e-48,8.65846132918415e-29
08,57170647,A,G,-0.0300960009570246,2.55576657519391e-38,1.88385507012013e-45
08,57187356,C,T,0.0214870867978982,4.33324078178055e-26,2.70977561891244e-31
08,57665019,T,G,-0.0108096522495415,4.26831665280988e-14,1.2992725121633e-12
03,52844733,C,T,0.0166253543127778,8.15558403074669e-14,1.61252717354043e-12
03,53164526,G,C,-0.0187421646876762,8.48958587966977e-08,2.02238414802418e-08
12,69827658,G,T,0.0118388742558935,5.15423965382628e-24,1.76532184912283e-12
11,118595207,T,A,0.011534618295462,5.56248002013909e-27,1.80634939149488e-12
01,201800511,T,G,0.0117814530151377,8.06491244890389e-17,1.94636697345427e-12
01,202004254,A,ATGGTCACATACCTAAGTATGTG,-0.00927477471290109,5.28948167498235e-15,3.02431155524613e-09
03,38496193,C,G,-0.011350419635214,5.86100442501016e-32,1.96345367880057e-12
05,32831670,C,T,0.00951670033736155,2.05273272581822e-14,2.02420708140591e-12
05,32717228,C,T,-0.00820989499204042,5.4632689336551e-09,3.03633692666104e-10
05,33325863,C,T,-0.00883839352285593,5.14159087557323e-07,6.05249162010442e-08
06,34140498,A,G,0.0508413266817957,1.31324669607448e-20,6.92229733893492e-20
06,33641956,C,T,-0.012088430105526,6.34520195303779e-20,2.09481604764294e-12
06,33981907,C,T,0.0475514437965667,2.00849131497889e-11,6.37871618832251e-11
17,21283507,G,T,-0.0123491379293443,8.37827785604379e-22,2.49668451231976e-12
X,139248591,G,A,0.0093528718077338,1.17867648630505e-24,2.6950498377156e-12
18,46748042,C,T,0.01174141697654,6.04318864271281e-22,2.8876367116356e-12
18,46526371,G,T,0.0115086698703508,5.58756737067538e-16,9.47266411678736e-12
18,46269568,G,A,-0.0143051896783095,3.95268883380241e-08,1.25328554194397e-08
16,86417679,CAA,C,-0.0115106318233374,8.45507608665846e-19,3.12193850051708e-12
16,86088594,T,C,-0.00800394552848362,2.06468991485527e-10,6.56406789194997e-07
X,53628625,AT,A,-0.00966115507985264,6.76501319732997e-27,3.14325459014321e-12
10,27914001,A,G,0.0113562462181395,1.19356708059664e-27,3.2064248912739e-12
02,25481898,T,C,0.01174476525193,9.07073043428497e-24,2.58597138213907e-12
02,26001061,G,C,0.0136486112931933,5.23530295736978e-16,3.60325484067516e-12
12,12868701,C,T,-0.0181507458811686,7.48158627493076e-12,3.80362072513676e-12
12,12871099,T,G,-0.0109331660729697,2.55843119558227e-12,4.02849214291418e-10
04,1341553,A,G,-0.027504910221482,2.05406248925636e-14,2.02124250710722e-14
04,1699512,G,A,0.0112879533835253,1.42057867495462e-20,3.83906575081897e-12
X,77576633,C,CGT,0.0102459547635857,6.72174129750943e-19,9.85801022643065e-16
X,77770928,C,T,-0.0178384162088063,3.98615014598728e-12,2.60821044909858e-15
01,11111976,T,TGAA,0.0162982529703907,7.74618683097228e-21,1.22770462021258e-18
01,10724236,G,A,-0.0108538732664156,1.83338596093559e-17,4.37140146084607e-12
01,10525150,C,CATTA,0.00807901869831285,2.7024415905982e-10,6.81094439149252e-08
02,9770589,G,GCGGGGC,0.0135673727052653,5.37610987270129e-16,4.54017080141205e-12
02,10184287,C,T,0.00808405366262615,4.18018865771788e-12,1.28074937852448e-06
09,95453880,T,C,-0.0159954999370902,1.09747864900758e-15,4.54429061660004e-12
15,41970964,C,CA,0.0160917758510348,1.3704399856093e-12,4.73628549667026e-12
15,41560127,TA,T,-0.0109436795958726,3.27720834295972e-10,1.52163229615138e-08
15,41749676,T,C,-0.0221643346289082,3.54241913517283e-07,5.63279512405325e-08
15,74336633,T,C,0.0103829769649972,4.23452598385359e-20,4.90815961022309e-12
15,74163430,C,T,0.0104414067886991,2.61559842240913e-07,7.75797416872621e-08
15,74570991,G,T,-0.0132806023686509,2.8787446523783e-06,4.38201048511719e-06
14,68669308,T,G,-0.0159448248402448,1.2929596574965e-15,5.00856579422052e-12
17,38597922,CTT,C,-0.0111467540349614,1.19532355287484e-28,5.08052353352966e-12
05,171037919,G,A,-0.00970426149295225,1.02286482533109e-07,2.46523395802459e-06
20,6709838,A,G,-0.011928528627899,6.80653143902624e-17,5.68654933161032e-12
20,6542634,C,T,-0.0108441020099347,8.03163391390271e-18,4.37098847939381e-11
11,47902883,G,A,-0.00956794105211999,6.34624888363856e-14,5.87026772095997e-12
11,48156722,C,CT,0.00860176284946125,1.90407554735451e-10,8.14668453448152e-10
02,233166601,C,T,-0.0188916291448824,7.45411808068996e-15,2.13908945065594e-14
02,233450824,G,T,0.0090174152517563,5.15332334389716e-10,9.62047505137952e-08
11,69303727,T,G,0.0115260891610952,5.6677419717059e-18,7.49416574301723e-12
11,69797119,C,T,0.0114479369409466,2.10461224320088e-08,8.42671493572755e-08
11,68826317,C,T,-0.00829912803018357,3.49734447027579e-10,7.38168156480662e-06
17,60720058,T,G,0.0112092032453242,1.54738325657582e-18,7.56117786509137e-12
17,60911376,ATTAT,A,-0.00885396231846491,6.44338684846424e-08,8.82968341285981e-07
11,9399731,G,A,0.0111538058820633,5.24564613665159e-26,7.73527227734852e-12
03,11630252,G,T,0.0144260861795209,2.42261158879963e-16,7.99684382176088e-12
X,82016216,CTGCCTCGACAGGCCCCGGTG,C,-0.0116056892568872,1.46885476953866e-21,8.13970796899849e-12
X,81657453,G,A,-0.01965369286498,1.15930346334725e-12,5.83397146908898e-09
01,22492613,A,G,-0.0136220318924841,7.35625121338649e-11,8.23105800537617e-12
01,22459754,G,A,0.00845161817806473,2.18469428320112e-15,2.65703273267242e-10
07,121964618,T,C,0.0108390245547527,5.86260074799282e-17,8.526172650365e-12
07,122462217,C,A,0.00880091678081161,4.45734770261863e-07,6.78601649328101e-07
03,49930101,T,TA,-0.0124278294727701,6.5742928207928e-38,1.46789230088905e-15
03,49463700,C,T,0.0250838526212022,3.33908774004982e-09,1.05826824392385e-11
15,38380787,C,T,0.0114057644389305,1.15317042194252e-23,1.06940192456119e-11
17,29041115,C,T,-0.0244916572295239,1.95097832466913e-44,1.0581866812597e-27
17,29037339,G,A,-0.0387960245795774,2.98873089366177e-20,5.9679485365682e-15
12,980925,C,A,0.0133110709462519,2.17592487190819e-13,1.22583924606131e-11
12,589872,CCTG,C,0.00976224027233424,2.03497491207779e-16,1.20623690787854e-09
02,69378070,G,C,0.0155940687905199,2.94516880336234e-15,1.31277278264228e-11
12,20537380,A,C,-0.0107637608793493,1.94976231646208e-15,1.31592035094201e-11
12,20804160,C,T,0.00836837544328605,3.69515971020362e-11,3.69383463508374e-08
22,40611012,G,A,-0.0116251851121261,1.73836006112751e-21,1.31890214616837e-11
01,32393560,C,T,0.0156354660529785,2.01668297471719e-12,1.33473739640076e-11
01,32128283,C,G,-0.00896761417082196,4.96206429112333e-17,2.49855819805155e-08
10,126290498,G,A,-0.0106853639088394,4.63699071394697e-21,1.56124311208326e-11
10,126675759,A,AAGAT,0.0121880355411036,1.18167605493548e-08,2.22751827709496e-08
12,131610065,A,G,-0.0117313989093341,2.65072246518667e-20,1.62977116395549e-11
09,94186973,C,A,-0.0120069470295902,5.16382695233993e-19,1.99664065947072e-11
02,198950240,G,A,0.0107212457462671,1.49926944955869e-29,2.0081422358766e-11
12,9064133,C,CT,0.0110798862565483,4.14016532599829e-28,2.06335942180741e-11
17,76739141,G,A,-0.0103924898165235,7.7633898522739e-24,2.0748401588126e-11
17,77182206,T,C,-0.0102821819257895,1.45126450153396e-07,1.55696507175843e-07
14,93112924,G,A,0.0138552286291967,5.28923466246447e-14,2.360178761532e-11
14,93406702,G,A,0.0109177337952888,1.04968671143422e-19,8.94196311657695e-11
02,20143831,A,T,-0.0320646526327047,8.1292184354412e-12,2.37672983865241e-11
02,20600634,CA,C,0.023526803326115,2.10892485369385e-06,2.49211043075736e-06
02,85818273,G,A,0.0116038309378047,2.80940446618582e-20,2.48277357343697e-11
X,133680547,A,G,-0.00926977908343564,4.68324438530371e-19,2.48856651471577e-11
22,30365780,A,G,0.0107761786967403,4.58699839416637e-26,2.65434596723515e-11
01,65298971,C,T,0.0516001985327863,1.4950646423274e-11,3.09232929038138e-11
19,3417166,A,T,0.0107264886506144,2.8933988899541e-21,3.59520186097617e-11
19,3290816,G,A,0.0118234945314738,1.29816351422044e-08,2.14637681228911e-06
19,3348608,T,TTTG,0.0252489929977124,3.66993385455116e-06,2.43607999909857e-06
16,15147788,A,C,-0.0114394102254217,8.23818629834213e-20,3.69197222404946e-11
16,89573230,A,G,-0.0104363246657516,2.15745180277057e-21,3.97043872966093e-11
16,89764549,G,A,0.0111994871324929,1.12209170105057e-08,1.98978946031426e-08
01,8015560,A,G,-0.0112134567633329,7.58575261393039e-15,4.1034575428722e-11
01,8412935,C,T,0.00732010792798305,4.73859260705324e-10,6.02595679714518e-06
16,14380768,C,T,0.0109463124722198,2.35162459766447e-22,4.37334298697888e-11
11,18664241,G,T,0.0120800235863106,1.20068751922598e-17,4.62719881717045e-11
17,27889986,C,T,-0.0101107137578697,4.50235568591263e-16,4.63937381983259e-11
17,28294280,G,A,-0.0177668223877972,2.38402684586437e-06,6.48705640000386e-08
17,27705770,T,C,0.0183649046323115,3.87225448951534e-06,1.41547791880022e-06
12,65964357,A,T,-0.0125495498009833,4.59001498024939e-14,5.90100575965333e-15
12,66212017,C,T,-0.0161348989892085,4.58682312782092e-23,1.22526201210425e-14
12,65724221,C,T,-0.00843655670164912,5.20885041700289e-08,8.18053508458768e-09
11,2665357,A,G,-0.0340307334314668,-99,1.55581667854488e-10
06,34204286,G,A,0.130650832950843,-99,7.85324721637253e-15
06,34552736,G,A,0.0672867614332712,-99,3.95619425487715e-56
05,171224403,A,G,-0.0189710440040694,-99,5.95916521998841e-09
05,171281875,G,C,-0.0273321418969876,-99,1.27273967761827e-16
02,233585299,G,T,-0.0237631580021066,-99,2.13842098253227e-12
