chrom,pos,major,minor,beta,p_value,gwas_p_value
04,9728210,TTC,T,-0.0399345569781913,3.48441224254922e-70,0
04,9842850,T,A,-0.0861767577322164,9.82399048102238e-213,0
04,9757904,C,T,-0.0319760110602071,1.19088155537523e-59,0
04,9895860,A,C,-0.0758099610728063,1.55428629441683e-242,0
04,89019735,A,G,0.1219196282143,1.58765209110242e-235,0
04,89091187,C,T,0.0553838969786685,7.20433967298235e-299,2.93201501903594e-219
06,25807603,G,A,-0.0690384911628063,0,3.71432804993777e-212
11,64364866,C,T,-0.0544703748497801,0,1.77487389423188e-130
10,61469538,C,T,-0.0558296955066886,2.20158295057074e-161,1.57974728865801e-101
02,27730940,C,T,0.0467174639958945,2.05325954424947e-217,7.04986291788546e-96
12,57844049,C,T,-0.0490760217671067,2.02366798547731e-133,5.19328985077935e-82
01,145719488,C,CTTTTTCTTTTTTCT,0.0361186743947106,3.52873035164027e-154,1.51796576109569e-67
01,145630111,G,C,-0.167740015069547,1.74469277781433e-67,7.83595753819798e-63
01,145536716,T,A,-0.182127313092158,1.20332240193005e-58,1.71870183138985e-67
01,155169355,G,T,-0.0377077225737931,1.29641010189495e-157,1.11055196424081e-64
04,9510396,T,A,-0.113234433171513,0,7.60966506862704e-147
04,9511156,A,G,0.166272971074215,2.6265060457183e-110,7.25294927521272e-22
04,9508552,A,T,-0.208507830310353,8.52114920897441e-72,7.15091013664619e-60
11,65557116,T,TG,0.0374073775862965,1.74972203465384e-119,1.13916231963667e-58
06,7115927,C,G,0.0404944522898817,1.96790270110622e-97,3.59503967023314e-58
10,52645424,C,T,0.0438381046700594,3.20016528067866e-74,5.04428103474236e-52
06,25818588,G,A,-0.055886478660774,0,1.175419258806e-211
06,25825547,G,GGACAAAAATTGAAA,0.0310794801254979,1.92942212013504e-49,7.79576999975621e-131
15,76298744,G,A,-0.0329093629733859,1.02070622858713e-143,1.55003273911273e-50
04,10262585,G,A,-0.344983422156133,0,0
04,10263380,T,G,0.0520292851482853,4.74882182623989e-12,0
04,10293246,G,T,-0.339174780058827,0,0
05,72431482,G,C,-0.0288492885840185,6.92118434762276e-60,7.17314889898204e-47
05,72445920,AT,A,0.0387946849225529,1.67712310445698e-31,2.39978469256698e-40
08,76480350,T,C,0.0314928175969514,2.20507877604096e-128,2.24583246630168e-46
15,99284074,T,C,0.0323546536826498,3.269169583256e-94,3.13424497806373e-45
03,53038262,TTTC,T,0.0304376077969974,1.00228420436692e-102,1.38902515563484e-42
17,53364788,A,C,0.0292301226093468,5.79750857421449e-87,4.40764346494893e-38
06,43816126,G,A,-0.0313300124728615,1.11344470636951e-49,1.3331057826719e-37
06,43327750,G,A,0.0212994618598866,5.03545965035692e-33,1.07483469430747e-20
06,44030011,G,A,-0.0261566844726694,3.78360298735719e-14,7.43654228609881e-13
02,170033995,C,T,0.0325329920045251,5.49568688288317e-60,9.24558672642242e-37
07,1286192,C,G,-0.0308033019093381,2.36047004216031e-68,5.48179838185897e-36
07,73016862,T,C,-0.0332368583071604,1.27684383697757e-49,1.1536578795267e-33
12,111884608,C,T,0.0262471201475893,1.34452533101668e-90,1.26498539830326e-32
02,211540507,C,A,-0.0275465346912659,1.04109878024186e-58,2.17795411494303e-31
08,23715871,T,C,0.0258435959396194,1.00462573869727e-71,4.91385122882055e-30
01,27021913,G,C,0.0819552427922878,1.32823159728407e-30,3.15765319265544e-29
16,79755446,G,A,-0.0287708036403992,4.50802142526196e-52,5.536217523761e-29
16,79931720,A,T,0.033141730643984,1.66210531220366e-29,4.99576555335102e-22
02,121306440,G,A,0.0244816622720332,2.72477065559428e-64,7.60563814266307e-28
07,151414329,T,C,0.0258618398405972,1.53776608166806e-46,1.65007914262194e-26
06,29477414,C,T,0.0454326808980312,5.00430903272262e-57,9.21007494041002e-34
06,29834951,C,T,0.0234007364030962,9.23305896549654e-31,1.1087735932937e-09
11,2178330,C,T,-0.0242456843689587,4.08193901547389e-30,1.14620930145659e-25
11,2149864,T,C,0.0167748031290173,6.32884324403705e-16,1.41795518932217e-16
11,30749090,T,C,-0.0293367167880491,1.2588480614865e-90,1.473853934554e-24
11,30749171,GTTCCCGCTCTGTAACTTATCAAC,G,0.0755481996384704,4.23442591880498e-38,2.47503051501276e-24
04,100239319,C,T,0.075158774256593,6.37754696701872e-25,6.72574083768738e-24
16,69552785,C,G,0.0264747192486203,1.15055863556341e-36,1.73090776330208e-23
08,95969445,C,A,-0.0219513533628859,5.7593768170219e-62,1.8941011674698e-23
03,48961019,A,G,0.0355640238464667,1.40689457878892e-26,6.2448482781429e-22
02,69813458,T,C,-0.0317982112262385,1.14538225734425e-27,7.80217187621462e-22
06,31236685,A,G,-0.0192609597991096,1.27503501110995e-32,9.33960377768656e-22
06,30764907,G,A,0.0222867819975621,5.89163475900962e-19,1.5165072898744e-19
06,43288835,TC,T,0.0214965703708509,7.27079512076341e-47,1.47654485497339e-21
09,33122509,AAAAT,A,-0.022374850328792,1.00619467102638e-28,1.08235469822134e-20
09,33084732,A,G,0.0145569392816007,1.59192520860989e-12,4.63668810354369e-10
04,88965493,ACAT,A,0.120032516834187,2.75152549668364e-263,7.87302459627178e-254
04,88897106,C,CTG,-0.0207702668281028,7.29927982621816e-30,1.43967787416817e-45
04,88923104,AT,A,-0.0367859721183622,2.32887946241385e-16,1.60264568993993e-20
19,7211311,A,C,-0.0214834489933814,1.31878784600303e-39,5.17020344400725e-20
01,147817111,A,G,-0.0999164531447748,2.12785472290976e-20,7.15227287739642e-20
21,37834721,G,A,-0.0230214587212903,2.1578465547985e-31,1.34821942671333e-19
18,57850422,G,T,0.023494220396878,1.25748283117478e-30,1.38671542166052e-19
10,60304864,C,A,-0.019689400056436,2.93479419183698e-47,5.84836480820897e-19
01,93822280,A,AT,-0.0204654497814697,5.78401679532037e-40,6.58803817471015e-19
12,122488211,G,GT,-0.0196192842152952,1.9004648521235e-51,1.3275774557294e-18
19,33394090,G,GA,0.0244012806230236,1.47183252101933e-28,1.88723256468416e-18
02,176993583,C,G,0.0613014687187609,2.14883258183063e-19,2.16033841224686e-18
17,59456589,T,C,-0.0257573122074926,1.92291119147906e-25,2.54206144496399e-18
12,121386121,A,AG,-0.0175926223671062,2.88667265329208e-35,3.68550987632459e-18
12,121416864,C,T,-0.0401696039392881,1.60845198444895e-09,6.94555089174781e-14
X,152898260,A,C,-0.0161050631220655,1.59940086583429e-33,4.22176084390893e-18
02,15733023,TA,T,-0.0197568484252132,2.03064855710594e-35,1.27000366808056e-17
05,53319517,T,C,-0.0205437544044763,1.76598471573174e-31,1.3574335996108e-17
16,51735746,G,A,0.0224373798562949,3.13004600654176e-27,1.40508930320726e-17
15,75027880,C,T,-0.0209015872295834,2.08654510203552e-28,3.82544462995623e-17
05,34660235,T,C,0.0185243799260795,3.87605014491769e-43,5.0600918508849e-17
20,43058096,G,C,0.016916935534974,2.83137803202517e-30,5.78786609283287e-17
20,43042364,C,T,-0.0417963913821036,8.90939728055897e-12,1.16484452792912e-14
11,64418900,A,G,0.0627579021133764,3.67638128564726e-186,1.04396757450612e-89
11,64423032,G,A,0.0453287490139355,7.69840129797975e-86,7.530792255308e-16
11,65374495,A,C,0.0205511603061744,3.90983154595778e-26,2.0668080388854e-27
11,65561468,C,T,-0.0281092263176812,4.14150282256793e-43,8.3998207085805e-49
11,65559266,G,A,-0.0171954201118583,1.85323615558645e-17,2.43422786241223e-23
11,66066664,A,G,-0.0137190934905472,1.81656501061232e-13,7.25447449564868e-14
10,88962741,A,G,-0.0184247709795303,2.49812530215765e-39,1.31410752477259e-16
01,15829916,G,A,-0.0195164686915211,3.53062532691004e-30,1.61114732666665e-16
X,100885798,CT,C,-0.017295155725741,4.63037068431269e-23,3.02731643710829e-16
05,176784439,T,C,0.0157607684248094,6.34414409263539e-16,3.79582793501988e-16
05,176813232,GGTCCCCAAGCTGCGCCAGGCT,G,0.0444049873888286,1.51396305615132e-09,1.13301638961391e-15
13,72345448,G,A,-0.0184226707508457,1.442502730789e-33,5.92748469677533e-16
10,119388528,C,A,-0.0172929861689464,2.75828997471025e-32,8.48485940081509e-16
10,119480578,G,A,0.0203670744492014,9.48652424016883e-14,1.13630939140862e-12
01,51080191,G,GTAA,-0.0181163315526799,5.88899417525602e-38,9.80974898922621e-16
06,2013328,C,T,0.0177198215569744,2.46790639011553e-35,1.03474323917555e-15
06,1747757,C,T,-0.0223090476554479,2.36526231563324e-09,7.79544249278685e-09
02,148858480,GGATT,G,0.0181517651827584,4.31642537070803e-33,1.7424514301042e-15
08,32432753,T,G,0.0175534460774946,1.90582092685894e-38,2.41248081100286e-15
02,18676203,G,A,0.0187142406950206,6.29415174968506e-28,2.42959359951108e-15
20,33433629,A,G,0.0182280555924224,2.23941557089008e-30,2.92117144530931e-15
02,430975,C,T,-0.047070039603487,4.31094515974643e-16,4.55132853602034e-15
02,113973301,T,TC,0.0201895073766017,1.72071431869998e-23,7.45148410593412e-15
03,141761472,C,CT,-0.019300511332071,1.45796241863734e-24,2.05515092071979e-14
15,85927947,GA,G,0.0173678068523927,4.33388829681017e-35,2.96668009812542e-14
02,242396694,T,C,-0.0168302713984358,2.98314400012051e-34,6.96786084879326e-14
07,46753491,A,C,-0.017135825244481,1.01814320739508e-28,7.21329588788379e-14
17,74268619,C,T,-0.0176127618150021,4.21495720489542e-25,9.97528321825836e-14
22,44324730,C,T,-0.0198642809451601,1.81910505743583e-20,1.11350623685936e-13
12,56863564,AAC,A,0.0204859520840521,1.62353987467859e-19,1.40374693578097e-13
04,81170475,CT,C,-0.0179469011469449,9.14468039414065e-24,1.40461360817312e-13
01,119943525,T,C,-0.0841830455234406,7.46216430531833e-14,1.64137119355899e-13
03,126014827,A,G,-0.0199699853876852,2.37528872221377e-19,2.58947278072259e-13
X,70448030,G,T,0.0137321213128338,6.96413982488726e-24,2.6774222853367e-13
08,103641791,C,T,0.0229654696304736,2.47891736076824e-17,2.82633462152265e-13
X,125597296,A,C,-0.0139650202522014,2.02163152512538e-24,2.9328420879136e-13
06,32646054,G,A,-0.0198665845833975,2.89897517915496e-22,3.52000455002944e-13
21,31587793,A,G,0.0187564790530006,3.62680420891732e-20,4.4280985721535e-13
04,103188709,C,T,-0.0304957045008005,3.73181906045554e-15,4.4635004578471e-13
03,47370693,GTT,G,-0.0161390454966143,1.74627719987838e-29,7.22932251291452e-13
14,50655357,G,C,-0.0746501440042888,4.6487409701795e-13,1.00011232652684e-12
03,132217703,G,A,0.0351084385172949,3.88615665608366e-14,1.07919743939677e-12
03,169155476,G,A,-0.0159969109665807,2.85581968418548e-26,1.61970687203579e-12
05,55804552,C,A,-0.0189100429713451,1.62547141542248e-16,1.81002637426362e-12
05,55446970,A,T,-0.0150880848444752,2.83050786610107e-16,5.192289950655e-10
09,130771044,T,G,-0.0381430041419928,1.65717160464247e-13,1.8513425839094e-12
04,89299518,C,T,0.0560647658729533,3.50907452271389e-36,1.37917522420897e-34
04,89306169,C,T,0.0712144014467152,2.25254457575792e-12,1.51173825331244e-10
04,89799206,C,T,0.0165078913091491,8.73547178871471e-16,1.98758565109042e-12
03,69154343,G,C,-0.0156228076431265,6.83019969703208e-33,2.05858297026087e-12
17,67081278,A,G,-0.0512093713184471,8.93290211204682e-13,2.90163523411233e-12
08,38101159,G,T,-0.0178288828133701,3.38102749605435e-19,3.1954026412783e-12
02,203418537,G,A,0.0235450772633445,4.5764992236115e-15,3.67306386302624e-12
01,54204963,G,C,0.0261645223304573,1.88907036236516e-14,3.717550169464e-12
12,52249405,A,G,0.0167590001316143,8.8839990311789e-22,4.46510590447986e-12
02,183077254,T,G,0.0152250903214137,4.16307609648581e-32,4.64644553574396e-12
14,96906740,G,T,-0.0165532131824626,2.73624016991636e-21,5.34166518094397e-12
05,90377989,A,G,-0.0250593002180401,3.45647139588651e-14,7.60524188482187e-12
14,102637575,T,C,0.0182865983510426,8.77258863198275e-18,7.91033928292963e-12
15,72118777,G,C,-0.0178749309728013,6.04129356648788e-18,8.46252621660838e-12
11,111515059,T,C,0.0195642007394777,6.09927961279283e-16,1.44347291720129e-11
02,122004065,A,AG,-0.0156627742400582,5.32195243373442e-22,1.75252192262467e-11
05,131668423,G,GCACA,0.0155132303170801,7.00982902613788e-33,1.8339162238556e-11
11,64329106,C,T,0.0500330657218673,1.21289093767708e-149,5.68068976670024e-127
11,64352540,A,T,0.0539104945818083,3.88244225746132e-90,1.85976029179281e-114
11,64349344,T,C,-0.0402456718029895,3.50070355575337e-23,2.22588865653437e-19
01,150688366,AAT,A,-0.0148378334434353,2.10025811719021e-29,2.09829663855997e-11
02,26013037,A,G,0.038678584301881,3.29329586518571e-12,2.13993130032589e-11
11,119238455,A,G,0.0152713934875202,1.09220687455261e-24,2.27270657994165e-11
03,12385828,A,G,-0.0224512928138419,4.15251619459272e-14,2.40600586553878e-11
01,234863602,G,T,-0.0152564025422124,5.17987270957968e-23,2.41403344339817e-11
02,71162773,C,T,-0.0150867308353433,3.99320267377406e-25,2.45615070423687e-11
04,9915741,C,T,0.297813396964812,-99,0
