chrom,pos,major,minor,beta,p_value,gwas_p_value
04,9728210,TTC,T,-0.0399345569781851,3.4844122427199e-70,0
04,9842850,T,A,-0.0861767577322242,9.82399048018554e-213,0
04,9757904,C,T,-0.0319760110601988,1.19088155545731e-59,0
04,9895860,A,C,-0.0758099610728018,1.55428629452277e-242,0
04,89019735,A,G,0.12191962821437,1.58765209011708e-235,0
04,89091187,C,T,0.0553838969786819,7.20433967058901e-299,2.93201501903594e-219
06,25807603,G,A,-0.069038491162847,0,3.71432804993777e-212
11,64364866,C,T,-0.0544703748497767,0,1.77487389423188e-130
10,61469538,C,T,-0.0558296955066916,2.20158295048803e-161,1.57974728865801e-101
02,27730940,C,T,0.0467174639958727,2.05325954519849e-217,7.04986291788546e-96
12,57844049,C,T,-0.0490760217671242,2.023667985045e-133,5.19328985077935e-82
01,145719488,C,CTTTTTCTTTTTTCT,0.036118674394704,3.52873035209283e-154,1.51796576109569e-67
01,145630111,G,C,-0.167740015069505,1.74469277794552e-67,7.83595753819798e-63
01,145536716,T,A,-0.182127313092176,1.20332240189884e-58,1.71870183138985e-67
01,155169355,G,T,-0.0377077225737889,1.29641010199908e-157,1.11055196424081e-64
04,9510396,T,A,-0.113234433171474,0,7.60966506862704e-147
04,9511156,A,G,0.166272971074239,2.62650604553018e-110,7.25294927521272e-22
04,9508552,A,T,-0.208507830310349,8.52114920903636e-72,7.15091013664619e-60
11,65557116,T,TG,0.0374073775863042,1.74972203446183e-119,1.13916231963667e-58
06,7115927,C,G,0.0404944522898908,1.96790270091108e-97,3.59503967023314e-58
10,52645424,C,T,0.0438381046700513,3.20016528087662e-74,5.04428103474236e-52
06,25818588,G,A,-0.0558864786607527,0,1.175419258806e-211
06,25825547,G,GGACAAAAATTGAAA,0.0310794801254947,1.92942212017858e-49,7.79576999975621e-131
15,76298744,G,A,-0.0329093629733801,1.02070622870527e-143,1.55003273911273e-50
04,10262585,G,A,-0.344983422155864,0,0
04,10263380,T,G,0.0520292851482007,4.74882182661769e-12,0
04,10293246,G,T,-0.339174780058696,0,0
05,72431482,G,C,-0.0288492885840086,6.92118434825794e-60,7.17314889898204e-47
05,72445920,AT,A,0.0387946849225497,1.67712310447597e-31,2.39978469256698e-40
08,76480350,T,C,0.0314928175969437,2.20507877635247e-128,2.24583246630168e-46
15,99284074,T,C,0.0323546536826459,3.26916958342402e-94,3.13424497806373e-45
03,53038262,TTTC,T,0.0304376077969987,1.00228420434759e-102,1.38902515563484e-42
17,53364788,A,C,0.0292301226093432,5.79750857449433e-87,4.40764346494893e-38
06,43816126,G,A,-0.0313300124728658,1.11344470633562e-49,1.3331057826719e-37
06,43327750,G,A,0.021299461859886,5.03545965037695e-33,1.07483469430747e-20
06,44030011,G,A,-0.0261566844726682,3.78360298736719e-14,7.43654228609881e-13
02,170033995,C,T,0.0325329920045261,5.49568688283677e-60,9.24558672642242e-37
07,1286192,C,G,-0.0308033019093454,2.36047004198821e-68,5.48179838185897e-36
07,73016862,T,C,-0.0332368583071576,1.2768438370017e-49,1.1536578795267e-33
12,111884608,C,T,0.0262471201475916,1.34452533096829e-90,1.26498539830326e-32
02,211540507,C,A,-0.027546534691265,1.04109878025002e-58,2.17795411494303e-31
08,23715871,T,C,0.0258435959396216,1.00462573867072e-71,4.91385122882055e-30
01,27021913,G,C,0.081955242792315,1.32823159722478e-30,3.15765319265544e-29
16,79755446,G,A,-0.0287708036403971,4.50802142533846e-52,5.536217523761e-29
16,79931720,A,T,0.0331417306439799,1.66210531223016e-29,4.99576555335102e-22
02,121306440,G,A,0.0245560997906818,1.67434064839726e-61,7.60563814266307e-28
02,120848049,C,T,0.0276246768874418,5.80307762831631e-08,1.65840676612725e-07
07,151414329,T,C,0.0258618398406031,1.5377660815961e-46,1.65007914262194e-26
06,29477414,C,T,0.0426745394134705,4.22424724189242e-50,9.21007494041002e-34
06,29834951,C,T,0.0204644517767791,1.31928527834406e-23,1.1087735932937e-09
06,29924542,G,T,-0.0202793504798345,1.46225730818523e-08,1.96423125765738e-16
11,2178330,C,T,-0.0242456843689573,4.08193901550452e-30,1.14620930145659e-25
11,2149864,T,C,0.0167748031290115,6.32884324418158e-16,1.41795518932217e-16
11,30749090,T,C,-0.0287006882168024,1.21406812996215e-58,1.473853934554e-24
11,30749171,GTTCCCGCTCTGTAACTTATCAAC,G,0.0735913410597888,3.85586335025674e-36,2.47503051501276e-24
11,30430331,C,T,-0.011817713673521,1.28556305973732e-09,1.75899484576887e-10
04,100239319,C,T,0.0751587742566224,6.37754696675059e-25,6.72574083768738e-24
16,69552785,C,G,0.0232406539382046,6.59199714128836e-25,1.73090776330208e-23
16,69560808,C,T,-0.0349312106718371,4.74934543572558e-08,1.79079184300905e-08
08,95969445,C,A,-0.019524193664582,3.77026854901136e-38,1.8941011674698e-23
08,95742295,A,G,0.0125348955596763,1.46034040141827e-11,5.49954758486724e-13
03,48961019,A,G,0.035564023846446,1.40689457888304e-26,6.2448482781429e-22
02,69813458,T,C,-0.0317982112262244,1.14538225740496e-27,7.80217187621462e-22
06,31236685,A,G,-0.0192609597991115,1.27503501109289e-32,9.33960377768656e-22
06,30764907,G,A,0.0222867819975586,5.89163475908357e-19,1.5165072898744e-19
06,43288835,TC,T,0.0214715757193106,2.82817776747473e-32,1.47654485497339e-21
06,42793566,A,ACCTGTAATC,-0.0110683412850587,4.63677466061202e-10,8.3372606336765e-07
09,33122509,AAAAT,A,-0.0160002873933773,2.12087404680519e-15,1.08235469822134e-20
09,33084732,A,G,0.0150669227124679,1.10648917931207e-11,4.63668810354369e-10
09,33133805,CA,C,0.0168203556294157,1.94081612497183e-16,5.7916179503616e-20
04,88965493,ACAT,A,0.120032516834167,2.75152549722839e-263,7.87302459627178e-254
04,88897106,C,CTG,-0.0207702668281069,7.29927982603107e-30,1.43967787416817e-45
04,88923104,AT,A,-0.0367859721183589,2.3288794624281e-16,1.60264568993993e-20
19,7211311,A,C,-0.0166511810513964,2.05126915791687e-23,5.17020344400725e-20
19,7218635,T,A,0.0164984311774327,1.91302694806016e-12,6.27487273410187e-17
01,147817111,A,G,-0.0999164531447755,2.12785472290845e-20,7.15227287739642e-20
21,37834721,G,A,-0.0236548698775291,9.40120666331406e-24,1.34821942671333e-19
21,37952742,T,C,0.0133034026402697,2.13000563382463e-13,1.17240685463946e-07
21,38059942,A,G,0.011863724732726,5.96951405017918e-09,9.20764162099117e-06
18,57850422,G,T,0.0191702695937819,2.7597011141415e-14,1.38671542166052e-19
18,57961249,C,T,0.013932231925591,1.25911792697098e-10,2.43544892699228e-15
10,60304864,C,A,-0.0196894000564366,2.93479419181791e-47,5.84836480820897e-19
01,93822280,A,AT,-0.020465449781475,5.784016795059e-40,6.58803817471015e-19
12,122488211,G,GT,-0.0196192842152951,1.90046485212619e-51,1.3275774557294e-18
19,33394090,G,GA,0.0245708476811862,5.22739728059789e-23,1.88723256468416e-18
19,33798509,C,T,0.0118339625050608,4.29921790789672e-13,3.47007078277167e-07
02,176993583,C,G,0.0539205545728979,6.80107581643402e-14,2.16033841224686e-18
02,176968585,G,T,0.020382778679473,3.48468216755226e-11,1.9037415333259e-07
02,177263153,C,T,0.015470210132209,5.25087862760602e-10,3.81133001917774e-12
17,59456589,T,C,-0.0257573122075069,1.92291119136188e-25,2.54206144496399e-18
12,121386121,A,AG,-0.017592622367107,2.88667265327119e-35,3.68550987632459e-18
12,121416864,C,T,-0.0401696039392902,1.60845198444579e-09,6.94555089174781e-14
X,152898260,A,C,-0.0161050631220693,1.59940086577937e-33,4.22176084390893e-18
02,15733023,TA,T,-0.0197568484252125,2.03064855711741e-35,1.27000366808056e-17
05,53319517,T,C,-0.0205437544044751,1.76598471574613e-31,1.3574335996108e-17
16,51735746,G,A,0.0224373798563066,3.13004600634996e-27,1.40508930320726e-17
15,75027880,C,T,-0.0199164289601846,7.69454253909561e-26,3.82544462995623e-17
15,75077061,T,C,0.0413055099775665,1.05439766058766e-06,5.01548652590824e-08
05,34660235,T,C,0.018524379926077,3.87605014501442e-43,5.0600918508849e-17
20,43058096,G,C,0.0169169355349732,2.83137803204204e-30,5.78786609283287e-17
20,43042364,C,T,-0.0417963913820982,8.90939728061373e-12,1.16484452792912e-14
11,64418900,A,G,0.0627579021133632,3.67638128630214e-186,1.04396757450612e-89
11,64423032,G,A,0.0453287490139365,7.69840129791219e-86,7.530792255308e-16
11,65374495,A,C,0.0205511603061741,3.90983154596518e-26,2.0668080388854e-27
11,65561468,C,T,-0.028109226317675,4.1415028227479e-43,8.3998207085805e-49
11,65559266,G,A,-0.0171954201118583,1.85323615558616e-17,2.43422786241223e-23
11,66066664,A,G,-0.0137190934905473,1.81656501061249e-13,7.25447449564868e-14
10,88962741,A,G,-0.0187486634007226,5.7237178402318e-30,1.31410752477259e-16
10,88881519,C,CT,-0.0125200657612051,1.71596589087343e-09,1.30480646838207e-06
01,15829916,G,A,-0.0195164686915268,3.53062532677506e-30,1.61114732666665e-16
X,100885798,CT,C,-0.0172951557257388,4.63037068437181e-23,3.02731643710829e-16
05,176784439,T,C,0.0157607684248056,6.34414409273805e-16,3.79582793501988e-16
05,176813232,GGTCCCCAAGCTGCGCCAGGCT,G,0.0444049873888157,1.51396305616781e-09,1.13301638961391e-15
13,72345448,G,A,-0.0184226707508484,1.44250273075732e-33,5.92748469677533e-16
10,119388528,C,A,-0.0175095576971878,3.86454402672306e-23,8.48485940081509e-16
10,119480578,G,A,0.0195917549831336,5.37803059619016e-12,1.13630939140862e-12
10,119563015,G,C,0.011480291621042,1.44214097150063e-10,7.10799876797519e-08
01,51080191,G,GTAA,-0.0181163315526753,5.88899417550328e-38,9.80974898922621e-16
06,2013328,C,T,0.0177198215569664,2.46790639028728e-35,1.03474323917555e-15
06,1747757,C,T,-0.0223090476554485,2.36526231563088e-09,7.79544249278685e-09
02,148858480,GGATT,G,0.0181517651827608,4.31642537062497e-33,1.7424514301042e-15
08,32432753,T,G,0.0167930278414586,4.66428610296574e-35,2.41248081100286e-15
08,32612884,A,C,-0.039972094785498,6.19663859138852e-06,4.3659947805771e-07
02,18676203,G,A,0.018714240695014,6.29415174995411e-28,2.42959359951108e-15
20,33433629,A,G,0.0182280555924259,2.23941557083294e-30,2.92117144530931e-15
02,430975,C,T,-0.0458352125640004,7.03015307159425e-15,4.55132853602034e-15
02,630864,T,TTTAA,-0.0145169705796929,2.09636628788326e-08,2.55843693929273e-07
02,171469,G,A,0.0109979666214449,4.0792741215071e-10,1.66083804561883e-07
02,113973301,T,TC,0.020189507376606,1.72071431866325e-23,7.45148410593412e-15
03,141761472,C,CT,-0.017390907912537,9.53334477669783e-20,2.05515092071979e-14
03,141857052,T,C,0.0221699364019091,5.24912443947023e-09,1.55746785624717e-10
15,85927947,GA,G,0.0173678068523938,4.33388829677062e-35,2.96668009812542e-14
02,242396694,T,C,-0.0168302713984328,2.98314400019975e-34,6.96786084879326e-14
07,46753491,A,C,-0.0171358252444802,1.01814320740126e-28,7.21329588788379e-14
17,74268619,C,T,-0.0176127618149949,4.21495720508015e-25,9.97528321825836e-14
22,44324730,C,T,-0.0198642809451531,1.81910505749193e-20,1.11350623685936e-13
12,56863564,AAC,A,0.0204859520840584,1.62353987463736e-19,1.40374693578097e-13
04,81170475,CT,C,-0.0179469011469451,9.14468039413028e-24,1.40461360817312e-13
01,119943525,T,C,-0.083375346076591,1.29129486321396e-13,1.64137119355899e-13
01,120233403,A,AT,0.039931666484314,1.12058366066252e-07,1.19198863662891e-07
03,126014827,A,G,-0.0161494875510124,6.61776854748396e-13,2.58947278072259e-13
03,126014616,A,G,0.029139767693153,7.46726966967997e-08,5.85264846557825e-08
03,126038340,C,A,0.0173421329129159,4.07582510382834e-08,2.20114972331284e-08
X,70448030,G,T,0.0137321213128341,6.96413982487097e-24,2.6774222853367e-13
08,103641791,C,T,0.022965469630473,2.47891736077266e-17,2.82633462152265e-13
X,125597296,A,C,-0.0139650202522004,2.02163152514163e-24,2.9328420879136e-13
06,32646054,G,A,-0.0211266291499686,3.22889771672435e-21,3.52000455002944e-13
06,33048606,G,C,0.0173216204721196,9.48758527708871e-10,4.53155516226352e-07
21,31587793,A,G,0.0187564790530001,3.62680420892559e-20,4.4280985721535e-13
04,103188709,C,T,-0.0309266476096418,5.41486648408628e-15,4.4635004578471e-13
04,103683546,A,C,-0.0143786479286307,7.54594621020587e-10,5.57699382218844e-07
03,47370693,GTT,G,-0.0120216222938058,1.84262184323665e-16,7.22932251291452e-13
03,46909812,G,T,0.0523233091934616,2.0616550674897e-08,3.38953300802815e-09
03,47666710,G,A,0.020935145061095,1.49080471263193e-09,2.23963683569704e-11
14,50655357,G,C,-0.0746501440042861,4.64874097018832e-13,1.00011232652684e-12
03,132217703,G,A,0.0351084385172886,3.88615665612458e-14,1.07919743939677e-12
03,169155476,G,A,-0.0159969109665871,2.85581968405503e-26,1.61970687203579e-12
05,55804552,C,A,-0.0204863231492039,1.65953940819911e-17,1.81002637426362e-12
05,55446970,A,T,-0.0149362382328352,6.74997353912821e-15,5.192289950655e-10
05,55860866,G,T,0.0158419944792733,6.10525813934308e-10,4.43882287093132e-07
09,130771044,T,G,-0.038877551905982,1.42789302388132e-13,1.8513425839094e-12
09,130629139,G,T,0.0166171956025751,2.79369468296391e-11,3.87886341097185e-08
04,89299518,C,T,0.0560647658729677,3.50907452257093e-36,1.37917522420897e-34
04,89306169,C,T,0.0712144014467423,2.25254457571488e-12,1.51173825331244e-10
04,89799206,C,T,0.0165078913091471,8.73547178878363e-16,1.98758565109042e-12
03,69154343,G,C,-0.015622807643127,6.83019969700364e-33,2.05858297026087e-12
17,67081278,A,G,-0.0512093713184117,8.93290211236797e-13,2.90163523411233e-12
08,38101159,G,T,-0.0178288828133749,3.3810274959797e-19,3.1954026412783e-12
02,203418537,G,A,0.0235450772633481,4.57649922356788e-15,3.67306386302624e-12
01,54204963,G,C,0.0261645223304524,1.88907036238634e-14,3.717550169464e-12
12,52249405,A,G,0.0167590001316177,8.88399903101048e-22,4.46510590447986e-12
02,183077254,T,G,0.0152250903214103,4.1630760966154e-32,4.64644553574396e-12
14,96906740,G,T,-0.0165532131824577,2.73624016998992e-21,5.34166518094397e-12
05,90377989,A,G,-0.0199927047438149,1.11873111425101e-07,7.60524188482187e-12
05,90239911,G,A,-0.0117110334939927,3.64880144370185e-10,7.30901069762043e-11
14,102637575,T,C,0.0182865983510402,8.77258863207035e-18,7.91033928292963e-12
15,72118777,G,C,-0.0178749309728007,6.0412935665028e-18,8.46252621660838e-12
11,111515059,T,C,0.0195642007394748,6.09927961285269e-16,1.44347291720129e-11
02,122004065,A,AG,-0.0156627742400665,5.32195243346819e-22,1.75252192262467e-11
05,131668423,G,GCACA,0.0155132303170823,7.00982902599535e-33,1.8339162238556e-11
11,64329106,C,T,0.0500330657218548,1.21289093788153e-149,5.68068976670024e-127
11,64352540,A,T,0.0539104945818003,3.88244225769616e-90,1.85976029179281e-114
11,64349344,T,C,-0.0402456718029883,3.50070355576443e-23,2.22588865653437e-19
01,150688366,AAT,A,-0.014837833443435,2.10025811719555e-29,2.09829663855997e-11
02,26013037,A,G,0.0386785843018624,3.29329586526437e-12,2.13993130032589e-11
11,119238455,A,G,0.0157100495478814,1.30821866699737e-24,2.27270657994165e-11
11,118802386,T,C,0.0212114768800169,7.01348244152372e-07,7.11833398072557e-06
03,12385828,A,G,-0.0264852925373928,8.2459390986478e-18,2.40600586553878e-11
03,12494794,A,C,-0.0134051809823374,3.74045870696435e-22,6.58140654845627e-06
01,234863602,G,T,-0.0152564025422141,5.17987270952522e-23,2.41403344339817e-11
02,71162773,C,T,-0.0150867308353409,3.99320267384286e-25,2.45615070423687e-11
X,99890204,C,T,0.0162779737516297,6.21408739106611e-14,2.9148426431639e-11
13,96304666,C,T,0.0221097453191777,1.38028948275523e-10,3.05633510462257e-11
13,96129940,A,G,0.0237141835969872,3.07931551238298e-10,1.021017984658e-10
13,96060207,C,CA,0.0145505778594947,2.82325687714034e-08,1.11191196215263e-07
10,104700444,G,A,0.0167310757821769,2.55647441755126e-11,3.17424497776704e-11
10,104318966,A,G,-0.0112832050213091,1.51377572440826e-09,1.03292372838329e-08
06,90121990,A,AGAGG,0.017030764184648,1.383038459985e-19,4.8750405997016e-11
12,133048600,G,A,0.0212961836256601,3.06628215834726e-14,5.52106372562702e-11
01,205028581,C,G,0.0186641079247305,3.05301488609587e-15,5.54372883741036e-11
08,76495727,C,T,-0.0277890645558535,9.80411088357112e-47,1.47564548642216e-39
08,76696976,T,G,0.0139302458323583,8.07564545925549e-15,9.21263387864545e-10
08,76639604,C,CT,-0.0115160002528164,1.36798473397377e-06,4.82867726886622e-06
12,78773251,C,T,-0.015448042476181,1.37874115713144e-19,7.98884556059405e-11
19,8272146,G,C,0.0144302951690746,1.11166484099213e-28,9.12580911374068e-11
07,50783606,A,G,-0.025205458173305,1.88363345153336e-12,1.07333048657822e-10
09,71434707,C,A,-0.0145438196694261,5.65812635641963e-23,1.08142801814261e-10
19,18234588,C,T,0.0162831265861046,6.30059876536427e-17,1.12407306459554e-10
20,52735238,G,GT,-0.0199440841054607,1.00391244177006e-16,1.29383341629811e-10
20,52788925,A,G,-0.0285806814155355,6.00394859828591e-10,6.49138683223038e-08
16,53845487,C,A,0.0141346864270254,1.8122558492673e-14,1.45514122770121e-10
16,53391673,G,A,-0.0105481325246972,4.9161659643674e-10,2.5317579668993e-06
20,33465289,A,C,0.0171744569587674,8.49942142870735e-30,3.58537513066139e-14
04,144158285,T,C,0.0128476390497816,1.30623745813913e-19,1.76997187867054e-10
04,144355290,G,C,-0.0334218385394786,3.01234520956419e-06,9.6920599734483e-08
03,121608433,T,A,0.01428868782241,1.70752960948943e-24,1.94082041835558e-10
06,126228512,G,A,0.0139934091225202,6.15949792524907e-27,2.0385005085382e-10
15,51095313,G,C,0.014356229640257,5.74720182932151e-23,2.06023220462725e-10
10,126404141,A,G,0.0158716082334193,7.51708064418531e-20,2.28913351496896e-10
10,126770730,C,A,0.0261468746968381,4.25503573355918e-11,4.45116540249421e-09
01,121341029,G,A,-0.0217937992829807,1.43034949409113e-13,2.52221402616406e-10
10,16932384,G,A,0.0564249151633905,5.4611442295876e-10,3.25048992169134e-10
10,17024503,A,G,-0.016952326185134,5.96304147109321e-07,1.96715303730721e-06
07,128742164,G,A,0.0142239821922176,7.46840364692998e-22,3.48309636361486e-10
07,128848301,AT,A,-0.016376414949404,1.20945445940359e-07,1.2076838019841e-06
06,39124448,T,G,-0.017033536900664,3.3278384735807e-12,3.90445064544327e-10
06,39261934,C,G,0.0133564863677859,3.49114676614532e-11,8.81364293953926e-09
06,38925944,A,AT,0.0116245957078621,1.80544110827283e-07,4.61355871279026e-06
15,76347375,C,CT,-0.0291363632937003,5.28950393202147e-94,8.46777655719056e-46
15,76350952,A,G,-0.0440145435358123,5.65516048440173e-10,9.4076411054475e-18
11,61546592,A,G,0.0141647497986681,3.21333704895084e-20,5.05118014146966e-10
09,139105229,T,C,0.0191175780449464,3.33496320209809e-12,5.22586752107987e-10
09,138970700,G,T,-0.0256053706967295,1.60056311179683e-06,1.26159590739258e-06
16,71644807,T,G,-0.0180665884990084,7.06074610340493e-13,5.63195369568834e-10
16,71415919,A,AGAG,-0.0210081474315275,9.46791517182153e-07,3.07386090851485e-06
07,4695844,A,G,-0.0165766617626577,1.09652098756231e-14,5.75332438808129e-10
12,50267335,C,T,-0.0155127215093566,1.68255208579898e-16,5.88752693268307e-10
05,68703389,G,GTTTTTTTTTTTTTTTTTT,0.0136708582538903,5.87709091515812e-27,6.31600801367552e-10
17,45509765,AAAAT,A,-0.0141175861078263,1.04520329483078e-26,6.76971143962365e-10
02,213345888,TTACA,T,-0.0193943250660133,8.62517079258787e-14,8.11928892015768e-10
02,213196892,G,T,-0.0319126789187023,7.35274062426649e-08,9.9622819961403e-07
04,22825055,G,A,-0.0188769078627783,2.02670914215604e-12,1.29594008335803e-09
07,156261321,A,G,-0.0174026324566248,2.42705929634269e-11,1.35040020523207e-09
07,156404062,T,C,-0.0130512175636557,1.60254682133321e-09,3.63340696985996e-07
13,31043841,C,T,-0.0152049170022301,2.01851629991086e-15,1.35709448859359e-09
07,101257531,A,G,-0.0136788852809596,3.18492151317304e-20,1.47723081972901e-09
21,16576783,G,A,0.0140619269472652,7.83900478206972e-18,1.69230562797953e-09
16,4022694,T,C,-0.0142107469644207,2.64117694245393e-15,1.82414454086559e-09
16,3560901,G,A,-0.0124340147034204,1.54359958379724e-14,9.6330002381887e-08
16,20967530,T,G,0.013620851670048,1.88348565266194e-19,1.88506442082644e-09
14,73189153,C,T,-0.0149867618744299,2.11780560842558e-15,1.96783324976393e-09
01,201790826,C,T,-0.0133715956429764,1.03377693851675e-22,1.99861933732672e-09
12,47189702,C,CCATT,0.0168872756956721,3.60953943208209e-13,2.01251476106432e-09
10,69661738,ATTTGTT,A,0.0140887718511167,1.9524006411359e-17,2.05725483705373e-09
01,212069929,A,G,0.0351013376489663,5.53659378631877e-10,2.28076379896305e-09
02,32994716,G,A,-0.0573942373667418,1.43776651270702e-09,2.53399339745696e-09
05,173269929,GA,G,-0.0155158525900326,1.40099603273264e-14,2.67781721934397e-09
03,170752136,TAC,T,0.0243960781696205,1.26690327304401e-10,2.84426641803652e-09
03,153872345,G,A,-0.0179884758061053,3.87930495789665e-12,3.08542575091257e-09
13,50079489,A,G,0.031058782761043,5.33549841565772e-10,3.11027416885326e-09
10,134459388,A,G,0.0156152176497229,1.24235850888308e-13,3.39583219590716e-09
02,27424636,A,G,-0.0184159079890021,2.87304177489925e-14,1.87839737194134e-18
02,27342894,C,T,-0.028356849493328,4.16317712708186e-30,1.2129136937764e-11
02,27384710,C,T,-0.016081156044054,1.12822343216299e-10,7.6023611951273e-12
07,155619498,T,A,-0.013767525823862,3.97218037435767e-12,3.99168032859946e-09
07,155665959,T,C,0.0124502346220133,2.01171767742745e-13,1.97146423855212e-07
01,154291958,C,T,-0.0129108765579484,2.96939590938644e-12,4.08804924743696e-09
01,154207635,G,T,-0.0178658585934304,9.54434376379366e-07,1.3734005145181e-07
16,24972534,AAAC,A,0.0264415393054548,3.84164098056466e-10,4.31832650486978e-09
02,165528624,G,T,-0.013184992920824,6.76229124930264e-19,4.71519141758941e-09
17,27317935,A,T,0.0177185582917577,5.39182006491086e-12,4.80975370769018e-09
11,67785118,G,A,-0.0217987692157021,8.33969614519457e-09,4.8950772712866e-09
11,67343157,T,A,0.0219702904314887,9.83763097692903e-09,1.78281891519453e-07
11,67448740,A,G,0.0144865594304324,3.3848882790291e-09,1.78434564366843e-07
01,163741788,A,G,0.0128989662134869,3.85954479788919e-24,5.02340756814313e-09
09,134231891,G,A,-0.0135293689052619,9.42990256403816e-22,5.1360520181009e-09
02,111927379,A,G,-0.0128273973690689,6.91250109527242e-24,5.73995377044091e-09
09,107690709,C,G,-0.0130366776963392,2.93344489292599e-21,5.83794900004615e-09
X,102627894,C,T,-0.0108504634575113,1.37743794546226e-15,5.91999600777215e-09
X,105061188,C,T,0.0108461344056069,1.32751084939236e-15,5.93487269460897e-09
02,32086986,A,G,-0.0271856910253947,3.33557571860231e-09,6.00367012608822e-09
02,32521612,C,T,-0.0230675610026258,7.65018298544484e-07,5.57129784736465e-07
11,5578842,CT,C,0.014665741263739,4.13152600507258e-14,6.06183380860573e-09
06,107172979,T,C,0.0238014556321536,3.41044552153309e-10,7.04313922612638e-09
12,63479425,GT,G,0.0137599055766828,8.903273728964e-17,7.43681058017044e-09
04,10890325,C,G,-0.161802516156645,1.68249861613932e-50,2.13747923667446e-45
04,10848109,G,T,-0.152030672918175,2.6288898920087e-45,1.10242535722665e-40
04,10872167,T,G,-0.0318904667764355,1.15830311527481e-31,8.99167736981426e-19
03,149181863,C,T,-0.0320022203077217,1.69848828982746e-09,8.42995027543645e-09
19,53460861,G,A,-0.0135194962901197,3.1944625207274e-16,8.6038440844317e-09
01,48695658,G,C,-0.0134985437961398,6.10202189151327e-16,8.74811414918853e-09
06,131159488,T,G,-0.0138076704528252,3.74976779277905e-15,9.14932572342786e-09
02,217963677,A,G,-0.0178963328936594,1.77195111631827e-10,9.17726547209062e-09
02,217635847,G,C,-0.0108606836757762,6.54045385886418e-14,3.29189080413494e-06
16,89795305,A,G,-0.0176273251223113,2.33707459196658e-10,9.3296633824972e-09
16,89362277,G,GGATGT,0.0131691057601037,2.22705616769867e-07,3.34529627715231e-06
01,185137628,C,T,-0.012893940413313,4.15127925969673e-19,9.46942098597418e-09
13,48654455,G,C,0.014175960809039,3.79796107001203e-14,9.59975142533662e-09
06,111548813,T,C,-0.0126894670987559,2.69526968647393e-21,1.00730066625135e-08
17,7859317,A,T,0.0278357904688885,1.32918471919997e-09,1.01822225510459e-08
11,75517332,T,G,0.0255959551638859,5.62808782342684e-10,1.03302790207683e-08
06,31319288,A,G,-0.0195677790862485,1.70103324943659e-25,4.93842149705571e-19
06,31283764,G,T,0.0114561095586475,6.73647056564557e-09,5.50445005044317e-09
06,116232098,C,T,-0.0129740678268045,7.37330286701554e-18,1.1354998727512e-08
10,64996249,C,T,0.0170730439122493,3.52784838174326e-09,1.14343832960428e-08
10,64552607,G,A,-0.010790928559007,7.3739631275322e-15,3.59456539494228e-07
02,136765951,T,C,-0.0158377520802025,5.65715452050511e-13,1.15173675331056e-08
18,42777064,C,T,0.0130987313238864,1.1488016999067e-12,1.20146851680769e-08
18,43218978,A,C,0.0182126644163379,6.68198207218239e-07,5.62605515696788e-07
11,69500363,A,G,-0.0130594456632985,1.47657615822273e-16,1.24562028280796e-08
06,41726138,C,T,0.0130143069257866,5.16796052399452e-17,1.25153249158988e-08
15,90648805,T,TA,0.0153699766188266,3.3782914669343e-13,1.33822166137155e-08
09,133400621,A,T,-0.0179750532618008,4.811865561001e-11,1.3483025190132e-08
18,24393213,C,A,0.0205860884755374,8.49042608161905e-08,1.41142342587446e-08
18,24337424,G,C,0.0119722783403184,6.55440081950455e-12,8.14535142083537e-08
12,96096618,GT,G,-0.0131350130062567,5.03892952917479e-18,1.44684903325138e-08
01,110147321,C,T,0.0395656363071341,5.35811740939063e-09,1.51789005045609e-08
06,42741427,A,G,-0.0136485534638256,1.3504388162653e-11,1.53520307424886e-08
06,42973835,C,T,0.0366411716764747,9.80548008748644e-08,2.26475254796869e-08
02,66745450,C,G,-0.0133212787433849,1.99928053170589e-15,1.54027629938482e-08
03,46277577,A,G,0.019292064956126,9.24554011027913e-11,1.55181736245058e-08
15,33343699,G,A,-0.0162630974093371,1.43008055658654e-11,1.63418816139965e-08
20,39870578,C,A,-0.0147293283379418,3.84918297486795e-08,1.64649651019611e-08
20,39460138,G,A,-0.0103141932850618,1.94249692849279e-11,2.88895029339831e-07
03,195636629,C,CCGCCTG,0.0407372862550767,6.92889100870945e-09,1.76355827487994e-08
X,133748412,T,C,0.0127135521231582,9.30338509081175e-13,1.79124742390894e-08
X,133874101,A,G,0.0249991243712117,1.2766239184367e-07,1.71093476650314e-06
11,122593906,A,T,-0.0124524714635763,1.13115475064997e-20,1.89146050714618e-08
14,37836411,CAG,C,0.0138645731249629,9.48709184750165e-14,1.93995909988829e-08
11,120056416,T,A,-0.0124620917541111,1.95360015756291e-19,2.04171914785248e-08
05,130236228,T,A,-0.0147725286620729,1.81527267027178e-12,2.26019217436353e-08
17,56579518,A,AT,0.0148880060639808,2.08535421023739e-14,2.27606171543405e-08
04,146727470,CT,C,-0.0201140374201374,3.32805620269757e-12,2.46083175359838e-08
04,146831323,C,G,-0.0132001988233128,6.06554750469968e-15,9.29097371708487e-07
08,33366728,T,G,-0.0506558887228364,1.48219690388755e-08,2.59063093324148e-08
12,4384844,T,G,-0.0469809134267746,9.6248443903524e-09,2.73319411565653e-08
01,200304554,T,TAA,0.013421807376385,3.74981357754333e-14,2.81515603396498e-08
17,36046931,T,G,0.0124991774330193,3.78910716433433e-17,2.97102076813932e-08
06,160769423,G,A,-0.012241112513262,3.1548854869078e-20,3.08443917099953e-08
10,63697657,G,A,-0.0253874586384745,3.89693261000588e-09,3.32619855280521e-08
03,185371172,A,G,0.0123032351011022,8.40750769780271e-19,3.35560461800315e-08
02,159707125,C,T,-0.0132209137642826,2.56430460014101e-15,3.55133600792024e-08
11,118135973,T,G,-0.0177473164880104,3.60779017899099e-09,3.62426110050921e-08
11,117697985,A,G,0.0132111509019248,2.95824114948768e-11,7.95256393435079e-08
02,20340806,C,T,-0.0170342573008691,1.56073483572563e-10,3.81926876347414e-08
08,42332640,C,CT,-0.0126947584403629,8.30563134196719e-16,4.04949674659414e-08
20,62690925,TCCTGGCTGGCCTGTGG,T,-0.0124977356475767,1.19791792983025e-14,4.23602577423405e-08
20,62363573,TTGGG,T,0.0126285026127636,5.58755393937192e-07,5.83585125999834e-06
03,15702641,C,T,0.0121648552604229,2.3113440694369e-18,4.69494600920448e-08
01,82910557,G,A,-0.012830068370949,1.02002149807066e-14,4.73064863654835e-08
07,97719699,A,G,-0.0121419764836145,1.98527035940399e-18,4.75422928839534e-08
06,56571123,AG,A,0.0143287913846339,6.27643319911008e-12,5.90415794997488e-08
01,16512391,C,T,0.0196770197131731,1.44425138531622e-08,5.9648155375411e-08
01,16028817,G,A,-0.0119496058920429,1.38923834782474e-13,8.58133239462017e-08
22,30686226,C,T,-0.0148273579394912,3.21854425841579e-11,6.19026831054041e-08
12,15342463,G,T,-0.0148420773363888,3.16584949897751e-11,6.56272993823599e-08
11,32927778,G,T,-0.0286551280085834,1.59712714935077e-08,6.69352650558354e-08
12,21331549,T,C,-0.016593837436029,3.13839551027365e-10,6.8205482569328e-08
11,15923562,G,A,-0.0120843800964646,1.37593244309077e-19,6.86103734903297e-08
19,1435771,G,A,-0.0121238573939427,3.65599223344179e-14,7.97171336766129e-08
19,1162930,C,T,-0.0106568922640111,1.02087977758309e-08,6.00029685258826e-06
17,47514916,C,CTG,-0.0176634526915479,9.27094405349935e-10,8.12444584313537e-08
05,53282979,C,T,-0.0160297574410187,1.98943034456828e-18,5.45203916481752e-13
05,52783408,T,C,0.0115429620745296,5.31354399821498e-11,8.56755788294684e-08
16,69763280,C,T,0.0257415316619897,7.26862089709549e-23,2.76085669295454e-22
16,69815000,A,G,-0.0338296346762241,3.55605089232182e-08,3.4452546296591e-08
04,9915741,C,T,0.297813396964813,-99,0
16,69999994,A,G,-0.0286323316493173,-99,1.14888416510771e-09
