chrom,pos,major,minor,beta,p_value,gwas_p_value
05,40663205,C,T,-0.109986547788809,5.56769589996339e-133,1.65756762648264e-115
03,187711214,T,TTTTG,-0.0497141435176092,4.78240338862012e-84,1.00727627622687e-99
03,187697670,C,T,-0.053667492266884,2.1059862787412e-40,3.76495443143486e-16
03,187700055,A,C,-0.0610096246485052,1.205023206605e-29,2.78907517426483e-84
01,155178782,T,A,0.0500542352577851,1.48393182722266e-198,1.37636276839829e-86
07,1286192,C,G,-0.0495316784824266,4.39842605077378e-137,2.79190291124476e-71
07,151411494,G,T,0.0483340207304874,6.25837246088288e-122,8.01339926218869e-69
15,76298132,G,A,-0.0339505676576869,1.10467185672957e-119,1.75291288819588e-52
15,76301905,G,A,0.0723247289329668,9.79106333166966e-21,3.92520332431314e-30
18,43262408,G,A,0.135608167638835,1.36264233602575e-48,6.33891215537433e-49
18,43220875,T,G,-0.0600441621811037,8.90110103122139e-30,8.7867823292794e-29
19,49227043,A,G,0.035852156248947,1.685603680801e-124,2.14159336355564e-46
06,166421127,A,G,-0.0358554101528021,3.58290246361963e-112,4.93274601034577e-46
19,46181392,G,C,-0.0440616431945519,1.70386577714755e-65,6.20355354216015e-45
11,30749171,GTTCCCGCTCTGTAACTTATCAAC,G,0.110333601531,9.36400161136964e-63,5.49778612075971e-40
11,30749090,T,C,-0.0423787200616756,1.51166951411499e-147,5.28772105318464e-39
04,77401452,C,T,0.0325563822458006,5.87666781977641e-102,3.23071689095268e-39
06,127446610,G,C,0.0316682156467206,3.1032314701665e-107,2.63559425802506e-37
03,66811565,A,T,0.0363447682067774,1.91735853069127e-46,1.86677239896174e-31
05,72440930,A,AT,0.0289785223419482,2.63461027414955e-40,2.3977986032661e-31
05,72176643,C,CAA,-0.0164302600136022,2.58364773969548e-19,2.80857193777643e-14
08,23750791,C,A,-0.0242776141181176,7.82441107460021e-51,6.72023563058822e-31
08,23720010,G,A,0.0354558344003478,2.80842194733663e-16,1.06985135359554e-23
12,56865338,A,G,0.0370642892463992,6.10812486198371e-44,7.23477096594788e-31
02,211540507,C,A,-0.0303756020948324,3.0288468308632e-56,4.79363183315905e-30
03,64798873,G,T,-0.0284697361221079,1.11853484134668e-77,6.17519715527868e-30
12,57843711,G,A,-0.0327176918376145,6.97274102744171e-48,1.37863832916996e-29
03,135909384,C,CA,-0.0324784747440126,3.80798989752793e-50,1.95089814749462e-29
17,65579733,A,C,-0.0294873412298893,3.04310178433082e-57,2.35369171999194e-29
21,37833751,G,A,-0.0313431401070946,2.29931064637087e-48,6.84222138703802e-29
17,36047417,G,A,0.0318879986645203,1.01232679931204e-32,3.09562687835162e-27
17,36172882,T,C,0.021131972050358,1.69235394704163e-21,3.44976237862021e-16
13,72337667,A,AT,-0.0271648720193442,7.75771943395864e-63,1.12390462288904e-26
07,101231082,C,T,-0.0281530466734208,3.2775834378021e-51,1.8342767686034e-26
01,67417255,G,GT,-0.0301400533563613,3.46690883463549e-44,2.4971940180968e-26
X,100917910,C,T,-0.0254095582114215,1.00296643273551e-37,2.68707906403062e-26
17,44988703,T,C,0.0252437949666407,3.19264782602687e-42,3.70519348318145e-26
17,44947958,A,AC,-0.0523179410110928,4.01982942337808e-17,1.96407938992495e-20
18,77160235,A,C,0.0260616018246634,3.69805403345807e-71,5.82997907946445e-25
08,127495576,A,G,0.0291827102538657,1.05143784029801e-43,5.89826785808898e-25
02,249092,A,C,0.0260709935955173,1.18305375275261e-47,9.22859928204334e-24
02,121998898,C,T,-0.0356350089300273,3.25488401394932e-30,3.05869659887793e-23
05,176800361,G,A,0.0268021648008495,1.12922719242533e-36,8.98430069015507e-22
03,169096263,A,G,0.0288144731532221,2.54744940373828e-23,1.5360527167933e-21
03,168811235,T,A,-0.0173019835759137,1.20856146802864e-20,1.11404465475875e-12
03,169085614,G,GCTGAT,-0.0288360760731706,1.19084894817519e-09,3.80082795018223e-12
02,176993583,C,G,0.0747325477600831,2.04805368139193e-22,2.34967671900307e-21
16,20392332,G,A,-0.0291758425619629,5.96921618466705e-30,1.68426027016394e-20
01,89119698,G,A,0.0232487071314464,1.71006180661186e-42,7.06569261512854e-20
11,34535585,C,G,0.024031567725881,2.87747987401177e-37,1.26713039365697e-19
20,52731402,A,T,-0.0236609628628326,2.67143885293432e-27,5.18976517747334e-19
20,52788925,A,G,-0.0321438640794659,2.24272827246182e-09,2.98129908803324e-11
15,75027880,C,T,-0.0250120373661082,8.57111757116042e-32,6.62475804742382e-19
02,113967075,T,C,0.0238953140315896,4.54518793612309e-37,6.75117570137447e-19
03,121641329,T,TA,0.0218908563744733,3.39791769449166e-50,1.55196066840578e-18
02,121310269,C,A,0.0222987131980673,3.0121537189681e-41,1.69660418528763e-18
02,120848049,C,T,0.0390842255563025,1.00928214129482e-11,4.02014399408404e-11
18,45667057,G,C,-0.0225516292615939,2.12839739227e-36,3.54788541806123e-18
11,65569444,G,T,0.0252097951332699,4.18042841438034e-26,3.63358795403145e-17
15,77062557,C,T,0.0472147414486056,6.79714803173093e-17,3.73697693024632e-16
15,77241751,C,T,-0.0591880013683619,1.29426868473211e-10,5.6324737395847e-11
02,27730940,C,T,0.0207749452380578,2.137373037505e-35,3.86206239398502e-16
17,80189895,C,T,0.0234404356218444,1.55755350712739e-25,5.63582421853105e-16
11,2178330,C,T,-0.0238245972014795,4.28090082541806e-25,6.68613184588463e-16
17,59249854,T,C,-0.0264449896433646,5.00241665044337e-22,6.70969197826943e-16
12,121431300,C,T,0.0221214539050946,1.02496582432734e-27,7.71251905557149e-16
10,899071,A,T,0.0358039580643162,5.41309991294008e-18,2.05508625262854e-15
15,99285056,T,C,0.0204979930944685,3.76033228239796e-31,2.54568290799228e-15
10,29203987,C,T,-0.0251203258848724,7.78899957370153e-22,3.60235558200323e-15
21,16578448,C,T,0.0205777654599097,1.82966968174822e-29,4.84123381765137e-15
12,47186260,A,G,0.0244400810636039,7.22573687339547e-21,1.03840467716623e-14
11,69231923,G,A,-0.0193500145744998,3.13408329209238e-32,1.73824384150154e-14
03,25118637,C,A,-0.0193626746911702,1.2043117573787e-32,1.86670471391307e-14
07,17284577,C,T,0.0196816923556896,3.30299770904825e-29,2.08543395764008e-14
16,69536569,A,T,0.0188864589868428,4.17338886333954e-34,2.33285001655001e-14
16,69605887,G,C,-0.0282634292129795,1.61645038400352e-10,2.61745489159504e-11
