chrom,pos,major,minor,beta,p_value,gwas_p_value
4,72599344,G,A,-0.189374929433622,0,0
4,72608115,T,C,0.15353531823152,0,5.00840727477014e-21
11,14561519,A,G,-0.0619090178795341,2.30856829705566e-15,0
11,14669496,A,T,-0.102886877669934,0,9.15506074207886e-258
11,14900931,G,A,-0.366623883643003,1.58446303508621e-289,0
11,71159429,A,G,-0.109912920838526,0,0
11,14385531,G,A,-0.245311629913787,7.94305330561925e-90,1.31012396433026e-264
11,14469586,GC,G,-0.0873728556330904,0,1.1496454809829e-188
11,14473976,C,T,-0.159250281536494,1.90998113252729e-118,3.45741153650079e-248
19,48376995,C,T,0.0641067344163708,2.41348797738189e-124,8.97971320670238e-90
4,72672158,A,G,-0.119790550235587,1.47179375497665e-85,0
4,72676836,A,G,0.105967627833754,7.64871563601542e-56,1.2335103258269e-39
12,96375682,C,T,0.0452030758374808,1.08994495605737e-188,7.39869146954149e-79
1,152285861,G,A,0.127479506793525,4.90259281315305e-56,4.46600695227639e-50
1,152179152,C,T,0.073944480197208,7.53229779986027e-45,1.62915144257784e-37
4,69943014,AT,A,-0.0349616922507881,3.59728653067303e-127,1.16029546275722e-48
20,52731402,A,T,-0.0294122007560735,1.42609181119268e-42,3.85995967113701e-44
20,52737123,C,G,0.0253954050040087,8.1946165825985e-30,2.70848594819416e-36
20,52788925,A,G,-0.0364803972696608,1.27519938764402e-12,2.08560929024074e-18
11,116648917,C,G,-0.0443960714780798,2.05321981649846e-47,1.08678560190068e-36
15,58723675,C,T,-0.0367148620186661,2.11389560364623e-47,1.54722500156673e-35
15,58680178,T,C,-0.0272667961801925,6.53279576087339e-48,1.71660175172648e-26
14,39556185,C,G,0.0382638721937973,1.57744955002861e-49,3.71477801741461e-35
2,234622379,C,A,-0.047081576979597,3.63387103888866e-32,1.74956214275232e-27
19,19393890,A,AG,0.0452457119226698,5.16418015096785e-27,2.23831302534711e-22
19,19380513,A,G,0.0762764996854933,6.48210960847038e-13,1.64261815983107e-11
1,62911305,G,GTA,0.0239716211964271,1.38236987983579e-45,6.57356136720541e-22
19,45411941,T,C,-0.0305458316691583,2.99641550566187e-21,2.31628052729314e-20
19,45412079,C,T,0.0370237705159784,4.17142726211047e-19,5.45434158610481e-19
19,45431658,G,A,0.0211948264516816,6.01428670192916e-38,2.38634882905151e-10
19,11192915,A,G,0.0328032161548896,1.46801087774573e-24,1.45033917334402e-19
1,109817192,A,G,0.0256347870141326,5.95028911975379e-30,1.55816968984154e-19
11,15235098,ATC,A,-0.10565948617068,1.60985136607805e-40,3.54535322396534e-44
11,15131899,C,T,0.0403560378959521,5.82926598206426e-18,1.15579796301631e-23
11,15182729,C,T,0.0171775468606626,1.66122004872834e-25,1.42373063248595e-22
2,27730940,C,T,-0.0210227061801537,1.93979044748947e-39,3.81214268276953e-18
1,17560055,T,C,-0.0213527580397445,2.01943156073951e-34,1.0348818137487e-17
8,116988527,G,T,0.0204932230491127,1.22091130933632e-40,1.39328908828285e-17
2,21291312,C,T,0.0277175658243937,3.95880098977755e-27,4.35528971333994e-17
2,21190024,C,T,0.0470398121449409,9.61327885137855e-14,8.37749985289199e-11
16,56996158,T,C,-0.0197195752231572,1.03075271670375e-45,1.3375598080103e-16
19,51517798,G,A,0.0229979026051326,4.46419143238265e-23,2.39306619254036e-15
4,100217449,C,T,0.0684490513782225,2.05155398479019e-15,2.23382633714375e-14
4,100239319,C,T,0.0606381804275828,9.52488229639835e-15,2.93746598372535e-13
15,63789479,G,A,-0.0188989261222879,2.07957060809378e-27,3.61888053568147e-14
11,13908514,G,GCT,0.0287982951657442,2.58324025647368e-18,1.51413554077885e-22
11,13848599,T,G,-0.0848423013351868,1.54733679119855e-21,2.15133123065953e-21
11,13998324,C,G,0.020835549476593,1.10063243742653e-25,2.42713330053117e-20
6,131931092,T,C,-0.0228973126950934,1.26129789247817e-17,5.95807128817779e-13
4,72203514,AT,A,-0.0231188185174117,1.17415548206016e-45,1.23395945612911e-27
4,72203140,T,C,-0.0734242866660122,8.87771413152328e-12,9.88028740131562e-17
4,72066524,T,TA,0.0253686264367102,1.94192253093679e-12,1.12678641898457e-15
9,125824478,T,C,0.024285041512562,3.58220953693095e-16,1.3223605348706e-12
1,155836780,C,CACAT,0.0186047848097951,1.29059426382025e-21,2.27932660689949e-12
12,21343833,A,C,-0.0232415593855842,2.80555200121689e-16,2.40495090679282e-12
11,16681379,T,C,-0.0536875325181723,7.76348435415052e-13,3.05610540276648e-12
3,49638084,AAAATT,A,-0.0181656667190926,2.09409458557296e-21,3.60348888977838e-12
4,73505911,G,A,-0.056922290847731,9.63894877078536e-26,1.62031697198706e-21
4,73678066,C,CT,-0.018333070400794,2.0222184620067e-17,2.2765848678463e-10
4,73518760,C,T,-0.0652314008395006,3.44444391151241e-10,3.90860761156032e-10
