chrom,pos,major,minor,beta,p_value,gwas_p_value
16,53806453,A,G,0.0524118327710232,5.56659104120012e-287,2.81040875456852e-123
18,57829135,T,C,0.054854639745438,1.22881209667878e-160,2.22018236588088e-108
02,417167,T,C,-0.0861927355550172,8.27950493256008e-70,9.52341956167083e-62
02,632536,G,A,-0.0453136215879601,2.15644631744246e-76,2.82755230252165e-52
03,141105570,A,G,0.0346566170556312,1.2965181028262e-144,2.62902806836794e-56
20,34025756,A,G,0.0344821382621481,4.82013624408734e-125,1.61697749055048e-54
01,177889480,A,G,0.0416361949681932,1.02039759418127e-81,3.41938600971267e-54
06,34552736,G,A,0.046768560498835,7.46824035534579e-62,9.3670290381715e-54
06,34205465,GGAGCCC,G,0.0346812710385179,7.52257744447288e-25,3.25180335909713e-25
12,4384844,T,G,0.115616683179931,6.09494472178563e-46,1.08530437091579e-43
01,78450517,C,A,0.0443400634847737,2.26188326446509e-51,4.82923812723106e-40
05,75003678,T,C,-0.0277776332758649,2.19050521836637e-79,1.46395769482497e-35
06,26180634,G,C,-0.0272876736261447,1.1222269332573e-31,1.74456212479386e-33
12,66351826,C,T,0.0263999697916741,1.04541882078327e-95,2.13044455193572e-33
12,50263148,G,A,0.026951141063509,9.88715738588113e-73,4.30371470683496e-33
11,27701365,G,A,0.0234182248804969,4.12217188151694e-34,1.23640984084463e-32
11,27694241,G,C,-0.0246947642032269,8.68548780828884e-26,3.25602098132207e-30
16,29972465,C,CA,0.0274180573878499,1.55791353757002e-80,3.99323676802425e-32
06,130384187,T,C,0.026970947914459,5.56151466689833e-56,2.28742216676979e-30
07,92253972,G,A,0.0264788848637663,4.58713063740201e-57,5.77518628625526e-30
13,51099616,C,T,-0.0279935515291747,3.03681079699318e-40,7.45503700646339e-29
13,50655989,G,T,0.0773760746496202,2.76340553100601e-22,5.44710650237449e-24
07,2859847,G,A,-0.0263188945799577,1.58309123765392e-46,1.00899010364223e-28
07,3128590,T,G,0.017550638372531,2.22366572715474e-09,1.9348921911429e-08
16,4015729,T,C,-0.0252828599888848,9.25125587713908e-51,1.58465901975659e-28
16,3583173,C,T,0.0149087196348237,4.35878949691556e-10,1.50880940824508e-07
16,28504181,G,A,0.0243550870827885,1.74643451015904e-66,3.4034456674256e-28
06,50787576,CGAGGTGGGA,C,0.0371413762661269,5.9737179087037e-38,1.1391649553393e-27
06,31610479,C,T,0.0345444516150985,5.7231121701296e-52,3.03732375531275e-27
06,31114449,T,C,0.0205362559478725,6.31144330986038e-22,1.18788502104813e-06
08,57112046,G,A,-0.0348093473665912,1.26810779120569e-30,5.27622710665813e-27
08,57136197,T,C,0.0157424332993444,1.25619741423068e-13,3.86610148711126e-11
18,20707972,GT,G,-0.025194784172489,4.69414754236046e-22,5.03194774693364e-26
18,21109466,G,T,-0.0132741127728198,1.12319983381467e-16,3.9809847001321e-15
12,123024476,G,T,-0.033244287814453,1.12339298189102e-19,5.35244028628408e-25
12,123160886,A,G,0.0196871505776937,1.4810026268599e-09,3.41471799084597e-15
12,122582160,T,TA,0.0131170656319256,3.80179692530069e-18,1.34855809174444e-17
13,51064533,CCT,C,-0.0254839861280885,3.07219287892171e-39,2.43740154168361e-25
13,50565104,ACT,A,0.0760993542128284,2.65086994830768e-22,1.32525639468879e-24
13,50905211,T,C,-0.0497824755141034,3.42718574781598e-07,8.22072981269592e-06
04,145718861,GGTTA,G,0.0188097431567917,7.49063473251878e-37,2.14064263250639e-24
04,145574196,A,G,-0.0249479018985515,7.51280785205244e-18,4.3113466547789e-22
06,108876002,A,G,-0.0227626702627195,2.39268449166282e-50,6.24772193981473e-24
11,66872320,C,T,-0.0437673034627753,1.22225962363484e-26,2.0249230240728e-23
17,29206421,G,T,-0.0267160384393902,7.09705775500954e-38,2.04598886981929e-23
02,27730940,C,T,-0.0219321355636295,2.4476095675404e-50,1.04776412915212e-22
19,47556375,TG,T,-0.0249449857859401,2.01170782993369e-37,1.52614152651349e-22
07,150668070,T,C,-0.0206048388461811,1.09777094655089e-34,2.28387585175837e-22
07,150554553,C,T,-0.0215170954726857,5.51710462403735e-08,5.02171073395624e-11
14,61108825,A,C,0.0216205193088236,2.24723580617769e-49,3.05363888588639e-22
05,122699198,C,CTA,-0.0211464539390952,2.61069248475098e-57,3.82941972073273e-22
04,45182527,A,G,0.0211202514250109,5.96298596030666e-53,7.71006062303376e-22
19,46182304,T,A,-0.0263445811073063,2.85836069909184e-31,1.18155425026166e-21
06,41909521,C,CCG,0.0353415968734742,5.45631063255729e-14,1.18236623872372e-21
06,41903798,C,A,-0.071936370911186,3.49072682658364e-14,3.75939973437292e-16
06,41734037,GGAAA,G,0.012024576926076,2.20343782764066e-10,1.37187705149704e-15
06,31351522,C,A,0.0214567736649705,6.55363179902414e-41,4.13615994586961e-27
06,30876017,C,T,-0.033302694299899,6.31039799478311e-09,2.26780419393228e-10
06,31125407,G,A,-0.0220422599414564,5.06455143757554e-08,1.42484018184139e-10
06,126704795,C,T,0.0206728820275664,3.89892413925245e-32,2.89343087792437e-21
06,126216403,C,G,0.0111061285832427,1.20436355290228e-10,2.27514064741907e-07
06,19839415,C,T,0.0451896907273676,3.98444794294589e-21,1.10587362476702e-20
06,19724989,T,C,-0.0117653539874942,8.5413322956768e-16,3.42857878777339e-08
12,120907309,T,A,-0.0492006631669846,4.04982142725029e-20,1.98352003083208e-20
12,120433563,G,A,0.0123815882908111,6.77177229978367e-09,6.89246875193201e-08
06,152168974,T,G,0.020313091123987,3.81103289107538e-36,2.28552414979631e-20
06,151727545,C,T,0.0110446142041955,2.40355412640226e-08,1.47798205819955e-06
06,142716286,G,T,-0.0211735830791428,9.85155539717103e-22,3.57777645940506e-20
06,143187255,CA,C,-0.0131250109997333,1.67859265704413e-16,6.27166364382184e-10
06,142340225,G,T,-0.0135658450081291,2.60202331147951e-06,5.11659291842684e-07
16,2160503,T,G,-0.0268222942706968,2.53540368690451e-24,3.93533909240986e-20
16,2266173,T,C,0.0171446504490416,5.141205394437e-19,1.04043265020531e-12
01,154989823,T,TGGGGGCAGTAGAGGGGGCAGTAGA,0.0206541238124069,2.62558040901992e-23,6.37897055879481e-20
03,49959570,C,CA,-0.0200556561464457,2.56673561029716e-53,9.5724524256862e-20
X,78655777,G,C,-0.0169835875241896,6.21286035059967e-34,1.28924758559395e-19
06,29355148,A,C,-0.0216770193688605,5.62362316066922e-35,2.75946794157387e-19
14,25931404,G,GTC,-0.0210006211893949,4.6017665738756e-36,2.94986671455346e-19
09,119129257,T,C,-0.0243896865904316,7.09293391913857e-28,3.86341029111231e-19
19,8670147,C,T,-0.0540144553253852,1.5885654702771e-20,4.21733436218425e-19
02,56106928,C,T,-0.0216929182362753,2.61929406308897e-25,4.60541502966584e-19
02,56134212,T,C,0.0229076409330371,2.03753098758661e-07,2.34468324228962e-09
04,17956213,T,TG,0.0175045589497448,5.04860535758733e-15,4.6558803185567e-19
04,17937983,G,GAA,-0.0235437827361641,2.9520485140827e-17,1.72463494238391e-18
04,18339947,CCCATG,C,-0.0150867464529542,4.59087233793909e-21,2.48720184983344e-09
08,135637337,C,G,-0.0155560112880581,2.24072113826773e-14,5.33904280055464e-19
08,135832151,T,C,-0.0143347679519207,2.98398585434194e-12,2.61201706197088e-08
08,135649848,G,A,-0.0156535418870759,3.48346845258618e-10,1.16783018177773e-15
19,30286450,G,GA,0.0207979803676778,1.33116940660975e-24,6.43431049862583e-19
19,30609964,G,A,0.0110062528332477,3.22930046118724e-12,3.81049786026973e-07
20,50951298,A,G,-0.0246584245730899,4.45059838933236e-27,6.98857484095212e-19
08,126506694,G,A,0.0200601223254577,7.34624498014052e-42,9.68800777924691e-19
05,87682877,C,G,-0.0223931707010573,3.38210115025411e-24,1.3492847546441e-18
05,87949118,T,G,0.0219057763387025,3.67341008164677e-11,2.24894743375298e-11
20,33430974,C,CA,0.0141830302452443,1.57104249242837e-18,1.25157960128878e-21
20,33132917,C,T,-0.0197046173761505,1.95196746521256e-13,8.35167269353254e-18
20,33326680,T,C,0.0278964762746066,1.36285500396604e-08,2.84833456258742e-17
16,4946794,C,A,0.0192599702271877,2.14827922816624e-43,2.58134337390418e-18
08,116659731,C,T,-0.0218588461790181,3.36632157087455e-20,2.64832708177935e-18
08,116639462,T,G,0.0137463213101586,6.16934239855354e-18,2.3044730329338e-12
20,32287917,C,T,-0.0190028541042563,6.04514239656258e-21,3.38418868288155e-18
20,32542814,A,G,0.0168090358013186,8.25054704966826e-22,6.08298843240578e-17
17,65854602,C,T,0.0247510444812962,3.10344949811628e-23,4.10374475783815e-18
17,65394209,CAA,C,-0.0135261239709693,9.84261326921136e-10,5.37606696831214e-07
11,43878485,G,A,0.0208915180648338,1.06772816492686e-31,5.17796087351793e-18
13,54107352,G,A,0.0282624834210756,7.22422935465521e-23,5.93969836652888e-18
14,79937216,T,A,0.0225973055216253,4.19438615833765e-27,1.0517687404099e-17
22,42070374,A,C,-0.031664169402465,4.30173133168013e-21,1.34601570647151e-17
12,991306,G,A,0.0227887399718664,3.05988568715247e-26,1.3591225006413e-17
06,160767905,T,G,0.0186299446602646,1.94280203724914e-46,1.40497047628811e-17
06,26207175,C,A,-0.0264478933086193,2.11970965549692e-30,3.99441031585238e-32
01,201806106,T,C,0.0195327596147029,5.23255742690501e-24,1.91685892652664e-17
01,202015938,A,T,-0.0110958283130248,4.34303925485332e-11,4.87133650402007e-07
08,73449940,A,G,0.0205761406772604,1.03912711475417e-30,2.03188611567303e-17
12,122963550,C,T,-0.0286344842977358,4.88683763190178e-16,1.89885521343082e-24
12,122606837,C,T,0.0133160494993426,1.38402248442754e-14,1.15144781598861e-17
12,123016781,A,G,0.0137674045681766,4.03159400741258e-11,3.1773443591032e-18
01,149906413,T,C,0.0187772002816569,4.69621214161315e-39,2.89169710842903e-17
03,185490184,A,G,0.0269861628322168,2.15296240961171e-16,4.7347071964507e-17
03,185828465,T,C,-0.0171607136374163,1.08922764331344e-10,6.01576591441387e-13
03,185310407,CT,C,-0.0119833511320488,1.51350276539869e-11,2.41906813826954e-10
02,218314141,C,T,-0.0227163031457744,2.31381985015387e-18,5.28346748296923e-17
02,218604987,C,T,0.0206326203353273,4.59130713219715e-07,1.19335706287677e-06
02,218126181,G,A,-0.0114506632372461,1.40629386487885e-08,4.00776436115062e-08
12,93986693,CTTT,C,0.0197818999294422,1.66691803333461e-19,6.75865089077134e-17
12,94136009,C,G,0.013330444936883,3.15146620518604e-15,3.24942984413832e-07
12,93910497,G,A,-0.0122554940345754,5.32711799761008e-08,9.92336687698191e-09
01,72812324,A,G,-0.0183634307239027,1.18810784568015e-36,1.32987778924469e-16
X,31854782,G,C,0.0156928407022681,2.91118813708042e-27,2.06940657303593e-16
06,40369081,C,T,0.0189071935737871,2.57848962344884e-31,2.79089841041832e-16
17,79093822,A,G,-0.0188526858935201,5.13138335904042e-28,6.09782752632317e-16
05,95728898,C,G,0.0189356012169438,4.56813572607356e-18,1.02965139672905e-15
05,95850250,A,C,0.0111304595016525,7.77780756239273e-11,4.23946898136064e-08
05,139042547,A,G,0.0182020599020041,1.35956078211314e-32,1.11454467512812e-15
10,102686838,GT,G,0.0167772410510065,3.30912621709793e-28,1.4976597300962e-15
10,102447647,C,A,-0.0204459941188326,4.97411591729002e-09,1.89101737561183e-11
10,102359760,G,A,-0.0194075489221141,7.75852262381951e-09,2.09566173561329e-10
11,30408765,C,T,0.0176678245373981,5.38019529568551e-33,2.85032311716384e-15
07,76637391,A,G,0.0224246293438774,2.43364047243299e-16,3.6409448066258e-15
01,110154688,T,C,0.0542573177235302,7.1223251374277e-16,4.79264680207532e-15
09,28410683,T,C,0.0182984273895419,9.03567585754111e-29,4.99366390586156e-15
17,7571752,T,G,0.0900134661086564,1.46344238507677e-18,6.35880063800673e-15
17,7579472,C,G,-0.0177168732454631,5.5686667828615e-15,6.53105384658106e-08
17,7096707,TC,T,0.0118645148146264,1.46926584069258e-13,5.200992197798e-09
05,77401374,TA,T,-0.01970687790859,1.53084305468956e-23,6.55681135709467e-15
12,124820705,G,A,0.0217871952890509,1.75740072532652e-15,9.01237355707503e-15
01,11214584,A,C,0.020085745928415,1.45830079192817e-17,1.78654454001666e-14
01,10732274,G,C,-0.0107725058448995,6.81026250232827e-13,9.55822228491412e-07
X,109888230,G,GCCT,0.0142875659069054,6.61738248132788e-26,1.94275135863591e-14
01,41482500,C,G,0.0168571288814832,8.06954357611661e-34,2.17965715435393e-14
12,116196322,A,G,-0.019743446718565,3.13782156245276e-16,2.47242710869787e-14
12,116450006,C,T,0.0122044849078726,7.66428277698615e-13,1.84155967080918e-09
16,20002523,A,C,0.021147016793347,2.3534179674444e-19,2.9847390052542e-14
16,20249395,GTACT,G,-0.0219473495152085,1.38833511590454e-11,2.26267945150312e-08
16,20380004,G,C,-0.0139465092433409,4.26523952589364e-20,5.94398750650163e-10
18,57920877,G,A,0.039130196528833,2.14078355099441e-78,1.84576459859209e-51
18,57945602,C,T,0.0312052091230818,7.42377922219674e-10,5.42553671923799e-06
02,58935282,G,T,0.0163858426654712,4.60790583521609e-22,3.35943293383482e-14
02,59297346,G,A,0.0160830565109712,2.158523963854e-18,2.26786910097674e-13
X,137166980,G,C,-0.02068727878329,2.16654548540539e-16,6.32169144557778e-14
17,46270606,T,C,0.033185749658097,3.38998541105896e-16,8.90522165621673e-14
17,46764369,C,T,0.0379346069752787,5.06069994100939e-07,3.93519211850724e-06
03,85044736,A,G,-0.0191919144479813,3.51894016093515e-21,1.06924981007876e-13
15,99226148,G,C,-0.021298373036129,2.10420749515672e-28,1.22440929469711e-13
15,99214192,TTGGAA,T,-0.0285972791665716,2.30837601424823e-14,1.15452745830539e-06
15,99519259,G,C,-0.0135178280467548,3.34821958095645e-13,4.84764473128173e-08
05,170864021,G,T,-0.0202434487137333,6.90555030218226e-16,1.28379248786775e-13
05,171336723,G,A,0.013387312108468,1.30105771969321e-19,1.19549360538048e-09
17,1835482,C,T,-0.0223244007883059,4.06704520075194e-18,1.30931371959029e-13
22,38556260,T,G,0.0166378201063403,6.03123527760826e-28,1.43487732106451e-13
02,172425405,AAAGT,A,-0.0168753691664918,7.04848771954694e-15,1.50845448826167e-13
02,172791264,GT,G,0.0105403156881216,3.0278950552146e-12,1.51465045581831e-08
15,89397827,A,G,-0.0425325938330461,1.08023265180788e-11,1.74533257202709e-13
15,89399167,T,C,0.0142291035303495,1.64878673897244e-17,4.84231840730493e-12
06,126090277,C,T,-0.0157522997634584,1.98264898268635e-29,2.53770519690348e-13
06,126587301,CTGA,C,0.0158266405681077,8.23872513049381e-07,1.64781900747457e-06
12,111865049,G,C,-0.0160459996190544,1.84037054500459e-35,2.54410291071745e-13
03,41308348,T,C,0.0160488880032666,1.0735984173353e-34,2.65363354946389e-13
17,62017421,G,A,-0.0213629966375767,4.7454855660647e-41,2.9306216457131e-13
17,61996273,T,C,-0.0295396821390896,1.07276906825188e-19,1.00847050849378e-08
03,10036668,CTAT,C,-0.0171157673528793,4.39707864686064e-26,3.79010585795055e-13
04,100239319,C,T,-0.0541218571026002,6.22014974266049e-14,4.08922675085756e-13
04,106215108,TC,T,-0.0162562772641779,1.92802199718832e-29,4.27356435325048e-13
15,41970964,C,CA,0.0240470286564254,8.2268424875073e-16,4.35960048218726e-13
15,42084329,G,A,-0.0372111901614132,5.35735239383817e-06,1.27891097229858e-06
05,80830788,A,G,-0.0183235745452295,1.48400649177461e-20,4.55466380405405e-13
14,23755607,G,A,-0.0141344712524806,5.34949623186163e-15,5.26485333930712e-13
14,23779877,C,A,0.0154534392252099,1.35420943496883e-09,1.26792165495067e-11
05,130833946,T,C,-0.0160580499713743,1.6499722779225e-29,5.52444845320473e-13
01,218609702,A,G,0.0173597623025978,4.59249855429771e-22,6.40239728896638e-13
15,68085555,G,A,-0.0186951057402825,2.1409972244578e-19,7.3716880631114e-13
15,84514290,G,C,-0.015635655636514,1.00492957299046e-30,9.45425968548143e-13
12,56364321,A,G,-0.0163860414875051,3.5764079275321e-24,1.10314840300683e-12
19,45392254,C,T,-0.0188458083529047,6.56565754813559e-13,1.11521046350128e-12
19,45425178,G,A,0.0315726264158638,1.56066348223929e-10,5.05267223421893e-11
19,45500925,T,C,-0.012626457195034,1.17664226053312e-11,1.04487211948533e-06
07,50661735,G,T,0.0166163030192883,6.40252218852874e-24,1.22506056242738e-12
04,82184234,A,G,0.01673065739858,8.91706356644037e-23,1.41893059878419e-12
03,128966302,C,T,0.0248825492506015,2.94040305530385e-11,1.43828408997794e-12
03,128992047,A,G,-0.0151605999196457,6.7724706858271e-13,1.29120890376811e-11
03,171969077,G,C,-0.0150648286489036,1.4817374495094e-19,1.50605839310919e-12
03,172150836,T,G,-0.0107844563083224,1.88063415189433e-09,3.21984016589883e-07
07,71585126,C,G,-0.0163352184482895,3.85865368472058e-24,1.67368194544983e-12
06,105390782,CAATT,C,0.0165848932063987,3.89080876506251e-23,1.68797484227468e-12
06,7706004,G,A,0.0154699250619759,9.86967839908765e-34,1.81836715372272e-12
17,47063204,A,C,0.0277684802488835,3.61134138025428e-15,2.27845109884571e-12
17,46766398,G,T,0.0381337079562852,1.11861679407536e-07,6.53805616325644e-07
11,68388220,G,A,-0.0211415408012061,1.60308036423943e-14,2.41170477978531e-12
11,67964692,G,A,-0.0238476382445874,1.92576892438966e-06,4.46852620618478e-06
11,68812781,C,A,-0.0100334208351276,9.58065104184665e-12,1.0286760336305e-06
19,2186757,C,T,-0.0155901059212658,7.1013360709472e-18,2.51385014054599e-12
19,1849147,G,A,-0.0145252749049758,6.16126184983575e-17,1.29848774024877e-11
19,1947776,C,T,-0.0131218238442336,2.16360751749198e-06,7.94270860935173e-06
07,6396021,C,A,0.0262142022388708,5.22692108782172e-14,2.56655858940741e-12
07,6646145,G,C,-0.0158116267966612,4.00055256442375e-07,3.08395918259142e-06
07,121964618,T,C,0.0157884676109458,1.45180255992976e-24,2.85063283321751e-12
17,71124903,G,A,-0.0156056706760811,1.96113834309162e-25,2.95670429326968e-12
05,67596088,G,A,-0.0152195231177412,1.97775790501623e-30,3.21055986379236e-12
03,170743141,A,ATAT,0.0187912767422015,5.14684712958921e-19,3.85402167937597e-12
10,22258152,C,CA,0.0167710372521994,2.96225691107341e-21,4.52624070848643e-12
06,51796751,G,A,0.0148742431471263,6.40671489179289e-16,4.85863641859899e-12
06,51480853,C,T,-0.0126443179326584,4.77061135210309e-12,1.52676941986809e-09
03,85168143,C,T,-0.0153566758141776,3.37113685445083e-16,3.65186625158526e-13
03,85868529,T,C,-0.0144246154404554,3.6547467133961e-14,6.65853235397708e-12
09,94186973,C,A,-0.0170806797952952,2.33406065081033e-17,5.16837152872552e-12
09,94252219,C,G,0.0121094847250059,1.49924015246673e-07,8.50902155139639e-06
02,25389224,A,G,0.0160857252023806,7.07556926746001e-22,5.247231057288e-12
01,33774752,C,A,-0.0155863021958343,5.75887940663618e-17,5.40188813441226e-12
01,33342304,C,T,-0.0138931687233669,1.21478957074062e-07,1.56841686570163e-07
X,53652838,G,A,0.012849279042912,1.31124113686634e-26,5.50870652084468e-12
01,155596497,C,T,0.0145042568948445,6.78347334048385e-10,5.64871665631906e-12
13,28010734,A,G,-0.0158386521893897,1.17508725779442e-22,5.82691973619948e-12
12,89776845,C,CT,0.0135763519070148,1.35030495868497e-19,6.20992124571711e-12
11,130817579,T,A,0.0150488836452145,2.03956967643397e-32,6.26906277674777e-12
09,98380222,G,A,-0.0246388521970466,2.10114628005084e-10,6.87298384397022e-12
09,98217348,A,G,0.0219818454991573,1.54189724665937e-11,1.73460895939874e-10
09,98318926,C,T,0.0138909865386929,1.19041519464182e-08,1.96942714185094e-07
01,184007119,C,T,0.0161131256203651,1.34127967212831e-21,7.25405541259621e-12
09,103061366,A,G,0.0160543107521009,1.42159919726497e-21,7.51738250010867e-12
01,62570321,G,A,-0.0150917054396484,1.50917168916628e-27,8.04230405057922e-12
05,42724294,A,G,0.024763390733692,1.57616925061965e-13,8.35234224894858e-12
05,43190861,TA,T,-0.0140629659633986,1.30003467483064e-19,5.17653232147718e-09
17,39261560,A,T,0.0161652626661609,4.70767372470195e-21,8.7121785165084e-12
X,117865540,CA,C,0.0155753761226293,2.86939831092543e-16,8.94769873709016e-12
18,56876563,A,G,-0.0202518340707648,9.35632012822103e-14,9.04567542499204e-12
18,56676022,T,G,0.0195211288203029,1.70733217240061e-06,1.18364654895129e-06
18,56458986,C,G,0.00991377045625745,1.18684677331775e-09,6.62386172880803e-07
06,109736614,G,A,-0.015532700870393,1.7806811360896e-22,1.13341535302716e-11
07,73037956,A,G,0.021759605594342,5.87317612975892e-15,1.18233839574817e-11
17,79092463,C,T,-0.0182667063827303,5.83995710500572e-23,1.25149472020179e-15
17,78448640,C,G,0.0109926846593941,5.40209544662796e-08,1.0928494552291e-08
19,18207397,A,C,0.0158772353027339,5.35309246734033e-16,2.67350748359545e-11
07,93200058,A,G,0.0146218455805903,7.16863278587372e-27,2.79252515513095e-11
03,61253045,G,A,-0.0204834983786771,9.71757191524949e-15,2.83566663304392e-11
03,94037499,C,T,0.0145628289577788,4.55315026239598e-27,2.90160033623352e-11
08,23385834,A,G,-0.0147532478671395,2.3990481794804e-10,3.20129007980452e-11
08,23344469,C,T,0.0108904831289234,6.55151754920331e-12,4.92812176975882e-10
11,2165576,G,A,-0.0173658199690453,1.02045605855488e-11,3.24602777001872e-11
11,2077271,C,T,-0.0151481063419946,1.0351469421799e-08,3.8487017319213e-07
11,2199686,G,A,0.0135886330298133,4.140942058514e-08,4.56057640294232e-06
13,79587841,C,A,-0.014995052989821,5.40024240401917e-25,3.38246254824994e-11
01,49791149,G,C,0.0154504527201483,2.42133417760817e-20,3.42049898555339e-11
04,122702179,T,G,-0.0145845930107937,3.70427912942858e-27,3.76850132811729e-11
06,140623538,C,T,-0.0167708973495982,2.46269901246584e-17,3.76886439492274e-11
06,34162034,T,A,0.030827682945097,1.02360625286516e-22,1.72067336205626e-30
06,34503739,T,C,0.0330403445999121,2.63855418164257e-19,4.76262623476254e-29
06,34163292,G,A,0.0605206291767015,5.87039548275238e-11,7.97668177655671e-09
19,10745764,C,T,0.0152184427129374,3.69617781766948e-21,4.06261068465829e-11
07,28174957,G,A,0.0159348867902338,6.04737748765411e-19,4.54108604744673e-11
03,88097699,AAAT,A,-0.0210804424010748,4.17525682188841e-13,4.64143511715413e-11
03,88155120,T,C,0.0509942164918611,3.02658343167877e-06,1.04567610201764e-06
16,783865,T,C,0.0177170144273359,3.95148866472555e-14,4.85594851720488e-11
16,376781,A,G,0.0131429308968336,5.79949799203033e-12,3.39736737822796e-08
16,1124507,G,A,0.0126345161393573,3.70375475537025e-10,1.14492123412159e-07
17,76766437,G,GA,0.0143351545909253,7.73905494720028e-28,6.05285533499589e-11
06,2065303,G,C,0.0175527952258619,3.65912943831404e-16,6.1229448432968e-11
02,36777825,G,A,0.0148186117379806,5.71064731057687e-14,6.13829732745021e-11
02,37021090,C,G,-0.0110063485510051,6.17855236024564e-10,1.4544927472331e-07
13,96982541,T,G,0.0144660734032561,4.64515228823835e-24,6.25221721808149e-11
08,10665444,A,C,0.0145136637487706,3.16168614873208e-24,6.29792629900653e-11
12,124203832,A,G,-0.0228296747231347,7.21865375034638e-08,6.3006983476518e-11
12,123759417,GAA,G,0.0190175674538098,3.47584509684434e-11,2.29014340684313e-09
07,77417584,T,C,0.0148987240507841,2.08838466389014e-16,6.79638439248221e-11
07,77791674,C,CA,0.0128911178007612,2.65871134736573e-12,3.68746870371126e-09
02,181517642,C,T,-0.0146948656486888,6.37971252320897e-24,8.16403988592586e-11
12,103067437,T,A,0.014429859167247,5.79578839851599e-24,8.17625318020173e-11
07,75050086,C,T,-0.0149278619956114,3.935829787521e-26,8.41641189574067e-11
16,24714679,T,C,-0.014711710068263,2.15666477097563e-21,8.84959486142119e-11
06,36210086,C,CT,0.0119469000610541,4.87771544961034e-10,1.00191566945917e-10
06,36000117,G,T,0.0371533880191391,1.66784492806965e-07,5.96419956931299e-10
06,36613812,T,G,0.0109750520885854,3.12631228173272e-10,2.35472083485402e-06
01,42407229,T,C,0.0155120134279832,4.21626885262894e-12,1.09917882622146e-10
01,42090726,C,T,0.0102149807656833,4.45350870318572e-10,6.4794405660038e-07
11,2813322,C,T,-0.0524590179243662,6.67965534937502e-11,1.11662254510714e-10
11,3126263,A,T,0.0225469443255644,8.43672629189041e-11,1.14746231093677e-08
11,3018322,CCTT,C,0.0370310676755098,3.05003772816709e-07,1.62066151509634e-06
05,172779211,T,C,0.0143574125609117,6.28271274352946e-13,1.25968021989302e-10
05,172753555,T,G,0.0173225335062379,5.75817482788674e-07,3.87538443766605e-08
X,78883216,C,T,-0.0137794714053159,2.67729636152993e-19,1.66443753190176e-12
04,137083193,C,A,0.0141439536156773,5.22804303276106e-25,1.38448011026471e-10
02,205375909,A,C,0.0263571924251938,4.33060167878351e-12,1.41825743976852e-10
01,51054322,C,T,0.0187749595096052,2.34711250433877e-11,1.4890784288015e-10
01,50566266,T,C,0.0140062195919685,1.04122565207495e-14,4.93966838880922e-10
03,183976103,C,T,-0.0177031798851206,4.2542475380355e-12,1.57583216306812e-10
03,183481246,A,G,-0.0131296449284049,9.62066808966911e-08,6.18225183488887e-07
08,78124967,C,T,0.0150262629649863,2.09623624135972e-16,1.61964266788566e-10
08,77761919,C,T,-0.0258009119084051,5.96507655230951e-08,5.27957603815301e-08
10,104610926,G,T,0.0142847141613744,3.99623411521417e-22,1.62241942948444e-10
22,40611012,G,A,-0.0149629884180928,2.76193431722353e-19,1.67471308532868e-10
16,31015998,TA,T,-0.0149611745834607,2.25422862494306e-25,1.67834167973659e-10
04,18351898,C,T,0.0155411230276808,5.46077669554156e-29,8.02164895198121e-11
04,18089412,A,C,-0.0446733130953059,1.68588553742173e-07,7.45864077619399e-06
11,14413213,G,A,0.026023452119815,9.27798651271199e-09,1.77401427543485e-10
11,14399564,T,TTG,-0.0123933794943108,1.72527072669881e-14,2.90122185406192e-10
20,34769811,A,G,0.0213999724748181,9.15235979197982e-24,4.80741516766495e-19
20,35529001,C,T,-0.0195533248584072,7.74308225864048e-12,1.03054562768187e-07
20,35365000,T,C,-0.0240530904579418,9.38605031981772e-11,2.82557600492499e-10
10,99772190,C,T,-0.0139942513644132,9.93022961986139e-25,1.84319424911538e-10
16,15131654,C,CA,-0.0153508691838451,5.72399003421484e-18,2.00097062286163e-10
21,46494995,C,T,0.0144120564032213,2.09565603636992e-20,2.20366381377057e-10
06,164102214,T,C,0.0150414339293308,3.08161777431601e-18,2.24100985358644e-10
X,85574990,T,A,-0.0116201712575895,3.12205432631297e-19,2.32568474815472e-10
01,8017651,G,A,-0.0146464994281388,1.3164172792203e-19,2.36991109725139e-10
14,21962908,CAAAAAAA,C,-0.0190925197652155,2.88745759519806e-14,2.45398115184575e-10
11,65914766,C,A,-0.0146778802075406,8.96820691402697e-18,1.88742872656385e-11
11,65245829,T,A,0.0141087616785683,2.37489220216543e-09,2.60733277328695e-08
14,94023972,A,G,-0.0143104923462127,2.55656311861234e-20,2.80504243746969e-10
07,70045443,G,C,0.0139156104056231,6.76689118703892e-23,2.84185927428366e-10
20,25027526,A,G,-0.01431975897998,5.28557170129156e-20,2.85561415443174e-10
07,23513093,C,T,-0.0159355186871218,4.24211381390452e-16,2.86267426345061e-10
06,100602753,G,A,0.0155067916939094,4.14798956089014e-13,2.90629756254541e-10
06,100880696,A,G,-0.0113556909715299,7.06731623688228e-08,1.63022410620738e-06
15,67938334,G,C,-0.0169606370602292,5.22107853406118e-15,1.8169201479763e-10
15,67457698,A,G,0.0310427208132904,7.87071816880879e-12,2.95736302285136e-10
15,67005714,G,A,0.0124030337506828,1.05864324013275e-08,5.23104073569706e-06
12,41887940,C,T,0.0137621071258645,4.19629609465796e-27,2.97560078830168e-10
05,153518766,A,G,0.0150123829045676,6.85409973818557e-23,2.99085137674543e-10
05,153089361,A,T,-0.0171885290470729,2.84096601601182e-09,6.16538027079181e-07
06,131429452,C,T,-0.0146317558038962,4.03086550773288e-16,3.17302911083684e-10
06,131897278,C,T,0.0136802862899078,2.44180941851785e-07,1.81924935455245e-06
05,137603293,G,A,0.0167202181549222,5.60209896006927e-15,3.23237082054666e-10
07,103427228,T,G,0.0138237588241821,4.71631072571982e-23,3.76237518535474e-10
17,29230520,GGT,G,-0.017743377293015,2.08391984239225e-17,5.03768871746267e-22
17,29729250,C,T,0.0134802413858534,8.10612898870827e-15,3.79303946303331e-10
17,29285075,C,T,-0.0388966768505698,2.18897404925892e-07,1.76407493178016e-10
05,6754402,C,T,0.0144783514015795,1.36917618935934e-18,3.94716500954811e-10
03,62687746,T,A,0.0144537024755737,2.58560422948271e-14,3.94768719094209e-10
03,62471282,T,C,-0.0127970836174782,4.31790046709004e-12,3.09695000686915e-08
14,35864990,T,C,0.0145407079292177,2.98177888580447e-14,4.06494520460117e-10
14,35638902,A,G,-0.0166967700045465,2.64213350744254e-08,4.68256884696182e-08
01,96940119,G,A,-0.0132884622309899,2.91565889437735e-14,4.22342078622088e-10
01,97409943,G,A,0.0107386766721192,3.81325844899838e-10,2.2337035327108e-07
03,25110415,A,T,-0.0138173067213083,3.966353559172e-22,4.56191998534508e-10
03,194864804,T,G,-0.0158142281481003,4.04184174456936e-16,4.6910690460096e-10
06,34015765,C,T,0.0145590693399744,7.71852907189507e-08,3.06548456367713e-10
06,33516762,GGTA,G,0.0168397368064256,2.17008321264067e-15,4.69504955557601e-10
06,34013546,C,T,0.0426597891532402,2.45230648946571e-06,3.32874535479641e-10
19,18834514,C,T,-0.0127439363153438,3.17842483466614e-13,4.73003971606628e-10
19,18334805,C,T,0.0135645372656056,5.58778058203278e-10,5.42247843643366e-09
08,77220405,T,C,0.0135652331766908,1.01325518484269e-23,4.7350409543486e-10
08,76808121,G,T,0.0170866819092662,6.89966767656526e-07,1.68969433707487e-06
11,134568740,A,T,-0.0155387206055462,9.96238093331447e-10,4.85016765422186e-10
11,134611807,C,T,0.0133996866928381,5.36516180080587e-10,1.77370876697325e-09
03,49642946,A,AAT,0.0174125593393988,8.75311506134278e-40,1.51389993714355e-14
09,78510823,C,A,-0.0210531079477281,4.14179176230623e-11,5.49835770021259e-10
09,78830874,CA,C,-0.0109244273938254,3.45876821816737e-15,1.14183115622068e-06
18,60845884,T,C,0.0127756982042071,5.09484052654802e-11,6.18439804982936e-10
18,60737480,A,G,0.0107933676889544,2.44770233222082e-10,4.08362989851999e-08
01,23508673,T,TA,-0.016434067270557,5.37896098308663e-15,6.29168829892945e-10
05,37258143,C,T,-0.0162852401479436,1.36760206858853e-14,6.89975885574349e-10
08,64702385,A,T,-0.0136155631293728,1.26634191776857e-22,6.91998733268861e-10
16,72996162,G,A,-0.0128108477437721,1.90165736485794e-15,7.55975695630496e-10
16,72505534,T,C,-0.0156599375542537,5.98975154609681e-07,8.02439165843874e-08
09,35753898,G,A,0.0155916647161903,3.50121787860325e-15,8.42724392737242e-10
16,71899586,G,A,-0.016057115966271,1.38224710767736e-14,8.47825959212512e-10
02,223960207,C,T,-0.0149861079468485,2.18620379542557e-16,8.88370743488724e-10
20,15809756,G,GA,0.0204649501755441,1.89545961057318e-12,9.00318346931407e-10
12,103680717,C,CA,-0.0160291884865311,5.4756270716651e-16,9.4623431146274e-10
08,49236714,C,CTG,0.0139707550752685,1.33093580201212e-25,1.00419659119287e-09
02,211540507,C,A,0.0144643763491618,1.39564280703449e-15,1.05558307418176e-09
02,211999544,G,T,0.0140238970845303,2.03577177374764e-07,4.22514029594158e-06
01,190278319,T,TA,0.013478949550304,1.03598731383161e-22,1.06133605289136e-09
06,83374925,G,C,0.0133716747423692,7.00121581681677e-25,1.09319491409785e-09
04,840553,CTTT,C,-0.0137775514011096,1.84368773023592e-20,1.18155897085235e-09
12,97604246,C,G,0.0169518149358175,1.09580687692811e-14,1.18802567993025e-09
12,97792368,TG,T,0.0129021179234272,2.88473141241105e-14,2.40258264403216e-09
12,97942845,G,C,0.0137862948465707,1.68826888761235e-06,1.56202013787089e-06
05,168297997,C,T,-0.0212002293634661,7.94585887649002e-12,1.20521407088257e-09
04,102708997,C,A,0.0134004825022661,5.00460634213474e-22,1.41749164864587e-09
20,45532447,T,TA,0.0141899377337138,1.51575977433198e-17,1.47696328991555e-09
12,46713720,T,A,-0.0136165366419939,1.40516465221082e-21,1.64087723478826e-09
12,28691701,C,G,-0.014406953945293,2.83715490935258e-16,1.658807586456e-09
17,68153968,T,A,-0.0201674617952806,9.10308483759949e-12,1.67122082674387e-09
10,124131176,A,G,-0.0133363112927678,5.1221538996005e-21,1.69997449873957e-09
05,112162299,A,C,0.0140757656857993,2.42341483501417e-18,1.76937365392007e-09
05,63967322,A,G,0.0139301494530959,1.58515955390738e-18,1.79164823478777e-09
12,53831064,C,T,-0.0211131708885615,1.68735738982654e-11,1.8770028825492e-09
02,233153745,A,G,-0.0200020272448192,4.39163572386219e-10,1.96238337699184e-09
02,233417394,C,CT,0.0127365997896638,2.80426579470371e-12,4.11355226950359e-08
20,43514203,C,T,0.0147332679996489,3.09367068886211e-15,1.99769952764809e-09
19,3438636,C,T,0.0122930994689955,3.88201545086426e-10,2.01413737970528e-09
19,3376042,C,T,0.01293983543625,8.45411342241129e-07,2.81447877108658e-08
19,3619679,G,C,-0.0168806247857162,1.90078749653959e-06,2.30506849752675e-06
11,120184575,T,G,-0.0183106107500105,2.81629272607297e-12,2.04975466092823e-09
20,54494252,C,T,-0.0131759376078787,6.99687168204678e-23,2.07030464048792e-09
09,90873653,A,G,0.0115341788836404,9.83221439563386e-13,2.40359215979715e-09
09,91073568,A,G,0.0293552393125738,2.68151005883331e-06,6.75444120178838e-07
09,90673161,A,ATT,-0.0114756535063791,1.06022623438692e-08,1.56284806247229e-08
03,153657951,C,G,-0.0133583590673136,3.49212908572077e-20,2.409490268809e-09
14,91517973,A,AG,-0.014337554329443,7.31142886126722e-16,2.42617135416094e-09
11,14683048,G,A,0.0273471779155227,2.39347206736729e-09,3.176738177614e-10
11,15030244,C,CT,-0.0137809648171786,3.00978383302732e-12,2.42974911831552e-09
07,114591303,C,CT,-0.0251026562032898,8.9832060568125e-11,2.50257949125874e-09
03,85806313,G,T,-0.0134684101612915,2.278919271525e-14,5.77180077601079e-12
03,86538010,A,G,-0.0126752745532067,2.63077989467016e-08,1.34372485473779e-07
03,85759558,G,A,0.0118126973217085,3.88870602924474e-08,3.5801861165555e-10
13,78474468,C,A,-0.0153456806522381,3.87113530353783e-14,2.67864064248545e-09
11,47434986,G,A,-0.0137426500134495,4.67378773540567e-17,2.79915550718733e-09
01,66505549,A,AGTT,-0.0130701861305179,1.1129462637849e-19,2.83247382959071e-09
01,66194463,C,G,0.0147637227040724,7.14634876147704e-07,2.5325225034212e-06
06,19078274,A,G,0.01622421074936,3.44467045011733e-13,2.83441416754347e-09
12,17243518,GT,G,0.0168006029149015,9.6832419835198e-12,2.87980947870871e-09
12,16959954,A,G,0.0116337309912144,5.2135750513406e-08,7.3475875607647e-06
19,19793545,T,C,-0.0235411200761894,7.60815621168788e-11,2.91521610755179e-09
01,205677148,G,A,0.0131522211096539,5.32994124039835e-20,3.01004583743125e-09
19,18490284,G,A,-0.0215286006526806,-99,2.46346874564043e-06
06,26543649,CTT,C,-0.0292829274079829,-99,5.44086909543974e-17
18,58036384,C,T,-0.185029408332811,-99,3.08112182293047e-40
07,77045957,G,A,0.0218162005286472,-99,7.30024538939207e-07
17,78757626,A,G,-0.0356886709030367,-99,2.48391874311603e-14
12,90136912,G,A,-0.0311003482015305,-99,6.92758816770982e-11
12,124580076,G,C,-0.0260884542628433,-99,6.30749458109378e-11
01,155133456,C,CA,-0.0248892181239674,-99,5.73031573844973e-12
