chrom,pos,major,minor,beta,p_value,gwas_p_value
17,38166879,T,C,0.0878078753873652,0,4.53778585913897e-257
06,31242174,G,A,0.0794843188001661,0,2.01959848689254e-187
06,31234693,G,A,-0.0550712494715538,2.77384879600325e-102,1.36124321528025e-57
06,32593690,T,C,0.0581071399215354,0,1.91535737148485e-172
06,32107851,G,A,-0.0590591070783131,3.51201479575386e-92,3.62075358046888e-132
12,111884608,C,T,0.0616911646057489,0,2.19231670705229e-134
04,74959093,A,G,0.0569358154569313,5.9041431250441e-161,3.98670537339762e-113
04,74703999,C,T,0.0355668034324709,1.54427502523732e-63,8.67650660249809e-48
06,30873605,C,A,-0.0872009063400537,1.49452397229505e-184,2.95787967945844e-114
06,30766204,C,T,-0.0426383622603279,9.44477163018424e-48,5.83585893932657e-15
07,92408370,C,T,-0.0876484219610386,6.37899044888296e-102,7.0111397322763e-86
07,92236164,C,T,0.034807977796336,1.07557156969986e-40,4.09147926894609e-23
07,28724374,G,T,0.0525009442544836,1.53189384391232e-108,2.8282955843611e-80
07,28277107,G,C,-0.0363598465398698,2.58688840718102e-76,2.332202620031e-45
10,25202038,C,T,-0.0480674212083881,8.41511137257029e-166,2.33132928980305e-76
19,44153100,A,G,-0.0591101740458163,3.98241210118936e-90,3.18940033568543e-66
19,45742094,G,A,-0.0443702809436266,2.98953456711561e-91,4.03767321232326e-54
01,66073952,C,T,-0.033146518079636,7.46497515688212e-71,2.58088212931776e-53
01,66069781,A,G,0.0323632053611959,1.89168649619368e-25,1.57985800239102e-38
10,99094436,G,A,-0.0404104952847594,1.02535519090028e-101,6.38784312842632e-52
06,135419037,AC,A,-0.043917995821768,1.64806700169127e-84,1.67557944936459e-50
01,36943916,G,C,0.0346334652382483,3.22599272161325e-99,3.55270789006535e-48
01,36947936,C,T,0.0988761194657316,2.05430379506197e-15,1.08591599279552e-21
16,30485393,C,G,-0.0360240665783573,5.53489109584947e-131,3.24688936395788e-46
11,308314,T,C,0.037110841348917,8.55967753081006e-97,2.92519093962236e-45
08,130611749,CT,C,0.0388112973534417,1.08012040239646e-108,3.95906728305061e-44
08,130624816,C,T,-0.0586725609745677,4.25428811593899e-20,3.66832270495729e-17
02,113844174,CA,C,0.0344455133079042,6.75441844285006e-95,2.33803767392095e-41
01,236104981,T,A,0.0526403649318369,6.28292798673196e-50,3.29719266325815e-40
08,61650831,A,T,0.0441819971814072,3.69365566623688e-53,5.24793819792821e-40
08,61475573,TA,T,0.0183966441700281,2.22391337541039e-23,2.6060958029025e-09
19,16495774,C,A,0.0402736259257867,4.4531826820082e-59,3.20290329764988e-39
01,159175494,C,T,-0.14212654023973,4.9758997589265e-40,5.57922236474265e-39
05,131705458,G,C,-0.0326598429080613,3.52981287676662e-107,9.12250828225848e-39
17,38072727,T,C,-0.0524951649823726,9.70035463673895e-180,3.86057896632784e-121
17,38059899,T,C,0.0519817749260433,1.72153895405428e-38,4.99562326703767e-61
17,37879588,A,G,0.0283632032436432,1.01565813514084e-25,1.42549021644884e-07
17,57830473,A,C,-0.032466624319753,1.0179481320105e-98,2.64448222733899e-38
13,28604007,T,C,0.164871823892739,3.3124469770086e-46,1.15931365501805e-37
13,28620036,T,C,-0.0266053311968715,1.09274472631925e-49,8.85776962043782e-16
02,182324186,C,CTT,-0.0293406531248197,6.47813176515752e-49,3.37449089546617e-37
02,181918326,ATC,A,-0.0222770284500242,1.93334035838126e-18,3.99404215293487e-19
04,83547862,G,A,-0.0406667460544727,5.18138017612811e-52,2.84171083275388e-36
09,136138765,GCGCCCACCACTA,G,-0.0398435429461207,5.678886582867e-49,3.32291786582194e-34
01,114377568,G,A,-0.0485568385573766,5.12484798409642e-39,5.59714602833057e-32
14,25461989,T,C,0.0298815056091521,3.16526233956178e-70,2.35983124148312e-31
15,42248826,T,C,-0.039759254673229,2.94038823787875e-28,7.02137005087154e-30
15,42226255,T,C,0.0171312500633551,1.86289165867411e-16,4.89509215803161e-17
02,219020958,C,T,-0.145071492491839,1.67100903620386e-31,1.26197343337882e-29
02,218942848,G,A,-0.0280928251812963,6.63326831725214e-11,1.75633645460346e-08
05,173205282,G,A,0.0303124817609971,5.16327734394181e-34,2.72603322335763e-28
05,173075213,T,C,0.0173445713567411,2.60308194892359e-19,3.23462924703098e-13
11,47974373,C,A,-0.0291613676742653,3.73502910250164e-55,2.96182299163785e-28
07,45009341,G,A,-0.0383008079595554,9.22287225418572e-33,3.78922236367498e-27
07,44788657,G,A,-0.0149638228402258,1.26174513639561e-18,5.46012667433917e-08
03,196518623,G,A,-0.0266237549705936,3.55763317673822e-60,1.50687603448228e-25
09,21990457,T,C,-0.0278822875883519,1.36799320650414e-34,2.90016334262526e-25
09,22151139,G,A,-0.0290547191430577,3.36447550203166e-20,3.36775645303498e-19
08,142329460,C,A,-0.0246019029940171,1.09137945789771e-26,8.36827587022622e-25
08,142239318,A,C,-0.0160967957187457,2.25934279970443e-10,6.16581575552482e-20
08,142200467,G,A,-0.0152236882525388,1.75592805505519e-08,3.06762236394482e-10
09,113892634,G,C,0.0261155454496595,1.45683492995537e-25,1.32508051569386e-24
09,113830547,C,T,-0.0161535386742212,1.57256044774804e-16,1.04982831083488e-16
03,47087837,T,A,0.0261638630358981,3.05912950560361e-55,1.50647553480924e-24
03,128381270,G,A,-0.0286402832578589,6.97423644183641e-39,2.51233013116912e-24
03,128294111,G,A,-0.0509788750437628,5.59445564432888e-10,3.36843942130911e-08
03,128320345,G,T,0.0234518324949959,5.0001989961456e-10,2.25149308501512e-12
02,160676427,A,C,0.0343088781340726,2.46559012257919e-29,2.96777736164124e-24
02,160323691,C,T,0.0148304342013037,3.31776487011267e-18,6.19362059862444e-07
02,160382851,C,T,-0.0461696996401987,3.47987001721309e-08,1.91391657975879e-09
17,2005255,CAGA,C,-0.0316120760093448,1.28270052767652e-35,3.58700563421639e-24
17,56356502,A,G,0.112753409182695,1.40874635147599e-24,5.37195906415488e-24
01,247601595,C,T,-0.0264457417285321,5.14967927082412e-36,2.75455078860692e-23
01,248039451,C,T,0.0224651136670911,2.89537965094039e-23,1.17324621603196e-17
01,247596057,G,A,-0.0162736159194854,1.71353071095528e-08,2.85635777919673e-06
02,169709757,G,A,-0.025260554541392,4.04818640730873e-40,3.33270481233551e-23
02,169891210,G,A,0.0128044995718854,4.37116638310008e-09,4.79698573561748e-06
12,9896953,G,A,0.0264132288454497,8.03832055624437e-45,4.25122720084668e-23
10,28781367,A,G,-0.0295562309454887,3.46863688633583e-36,5.0481722078133e-23
11,113987256,A,G,0.027035538774913,4.39009787950151e-41,5.543853563573e-23
11,113958142,GT,G,0.0221451206503658,2.25333984896698e-32,1.92607325131464e-15
03,42902022,T,C,-0.0227181300818655,1.10784549712201e-39,6.54668489882429e-23
03,42906116,T,C,0.0260300429482432,1.44001876126155e-07,1.25685961619923e-11
04,72605517,A,G,-0.0271729647070611,1.33713225330613e-40,6.90588801718992e-23
19,10391611,G,T,0.0292883544302307,9.68372095749939e-36,1.07671428618507e-22
19,10525372,G,A,0.0282911379975798,2.4260168465047e-11,1.31491547285964e-07
19,10666450,T,C,-0.0180506833738624,2.88936818090964e-13,1.24327808169256e-12
05,141510261,CA,C,-0.0253618309676145,9.50649182696639e-35,1.96372879611284e-22
05,141016288,G,T,-0.012146995249092,3.44553943988956e-09,2.72583065090803e-06
16,84582965,C,T,0.0292648807121213,2.95989164520732e-34,2.68152041535178e-22
11,128310346,G,A,-0.0289195493709837,1.87036423100122e-29,3.39207116523551e-22
11,128119264,C,A,0.0199521288382506,4.61754338921764e-18,1.19039862233649e-12
06,32678347,G,A,0.0502067410582643,8.10017892052185e-127,8.20723741640051e-144
06,32666526,C,T,-0.0485850704332324,3.5885486064152e-48,9.47731615732283e-116
06,32740411,A,G,0.0285457666191504,5.13285110868655e-34,3.85699454475713e-68
10,65161903,G,A,-0.0242365910591954,1.19439095435046e-58,4.90472463675725e-22
02,27730940,C,T,0.0254877026839838,1.64474277500925e-36,5.44536363602815e-22
02,27300531,CT,C,0.0145984639603382,4.61839375924075e-13,3.75790035614481e-07
08,68842927,T,G,-0.0244617692362657,5.83557737145548e-49,8.25696537868338e-22
08,22966769,A,G,0.0311758548846106,1.16122263836467e-29,3.04847686965172e-21
06,35266231,C,G,-0.0322604439425557,5.93075972556064e-25,1.85172662348373e-20
06,35633070,C,CT,0.016101208637375,8.88658077799706e-10,3.71584396074329e-06
06,34798905,AT,A,-0.0151329582590065,5.86087273632061e-10,1.29475302203833e-07
01,208035434,T,A,-0.0246988867685902,3.70062268198242e-22,2.35211594305063e-20
01,207806730,A,G,-0.0150526507993971,9.07158022871134e-07,2.36304505109434e-09
03,12266804,A,G,-0.0237862658684082,1.18498934749332e-44,2.60473142701541e-20
06,7140831,G,A,0.0316413553497003,1.14000932261345e-25,3.10132141070304e-20
06,7255015,G,A,-0.015978091169639,2.18770109830949e-12,2.70488655767384e-06
06,6708848,T,A,-0.0149712611039855,3.54450116683227e-10,4.63961064421432e-08
19,7827830,G,A,-0.0324736099831046,3.55321709391482e-27,3.62796274016573e-20
08,79014245,G,T,-0.0321520922496561,1.16893242084803e-22,6.84399618356435e-20
08,78841080,T,G,-0.0146357618822585,8.78517249492287e-15,1.41942664885873e-08
01,161542235,A,G,-0.0373371204290997,1.02398579546106e-19,7.07572725570847e-20
01,161080633,C,CT,-0.0155960833952036,1.21564330829972e-13,8.50765312906049e-09
01,161694857,G,A,-0.0204141618987899,2.21639035751961e-08,1.13754463818871e-07
12,50691165,T,A,0.02375996612031,1.50325689807461e-40,7.46089129215004e-20
20,8609588,T,A,0.0227920281992231,7.64391531942941e-33,7.91906617308588e-20
20,8125395,C,G,-0.0115360511899188,8.10646425158876e-09,3.82674829236314e-06
17,72720728,T,C,-0.0252637630951721,1.70138435996675e-19,2.18959230743285e-19
17,72744512,C,T,0.0151585382041264,1.65803969929657e-19,8.19066931849244e-13
01,224602173,C,CATTTTAATCAGAATA,0.0285706248925173,1.18751760743849e-28,2.55166204219918e-19
15,51101606,C,T,-0.0227886936935665,2.18169237125491e-46,2.93807043299418e-19
02,61633837,T,TA,-0.0226482466440003,1.25209619016787e-50,5.05785886698202e-19
12,88845035,G,A,0.0242490757236142,9.75847198532969e-34,7.58836288971035e-19
02,65642097,A,T,0.0173369084243914,7.16456970315314e-22,8.07607148992409e-19
02,65546395,A,G,-0.0135207128566859,3.42250067608034e-13,2.1611488527114e-15
06,16744687,C,T,-0.0288476717999635,1.0443520727309e-25,2.29866691725522e-18
19,1008358,G,A,-0.0239335485697984,4.85404735004617e-21,3.75869959876547e-18
19,1074000,T,A,-0.0179179128485151,2.11648603883025e-11,1.17162345856921e-11
19,1175396,A,G,-0.0141649210290411,8.43528152398088e-14,1.22738775156502e-08
09,139319847,A,G,0.0239316350560025,9.37845112453317e-32,3.89491794815047e-18
07,130742066,G,A,0.0242717426459272,1.61619926862039e-24,4.04924720553593e-18
07,130575884,A,G,-0.0297388115960714,2.95923146734944e-13,1.2259272830236e-12
07,130612085,G,T,-0.014964532949263,6.80117329090555e-07,2.06087859605033e-06
05,1285974,C,A,0.0170851943935043,1.30808661352454e-09,5.10985413764527e-18
05,1287194,A,G,0.0154251855994437,1.52864477828888e-10,4.23466931679424e-16
05,1104938,T,C,0.013039892183873,1.59722809306541e-10,1.03551476176242e-06
04,57769824,T,C,-0.0278211372553326,2.30332492314059e-25,5.83882285539558e-18
22,39557340,T,G,-0.0210108302410046,6.66595207702816e-25,6.68248036788807e-18
22,39907661,A,G,-0.0117177150472781,4.31146998906602e-09,2.48747391738442e-07
17,17707105,C,T,0.0218182303337641,1.26974226847976e-39,1.77841989802083e-17
04,55408875,A,T,0.0260864773428645,1.78373391842724e-22,2.05851836116602e-17
04,55521017,G,A,-0.0208824341265169,1.77244612272043e-33,3.68215735674142e-15
13,114192125,A,G,0.0212636126484235,2.21225913925035e-28,3.56011232787363e-17
13,113927208,G,T,-0.0164491955373242,2.2571214889498e-10,5.96563209198208e-09
02,143886819,G,A,-0.0328322799889935,1.80844950614674e-21,5.67245305443505e-17
02,144332582,T,C,0.0215765806101979,5.93602266427678e-10,1.64040897833822e-07
10,44880260,T,C,-0.0227677904285346,6.89932311118012e-31,5.79858242980347e-17
20,39271006,G,A,-0.0190543457560737,1.70028237796229e-30,5.81618833250108e-17
20,39118662,C,T,0.0307728296117429,6.54732384838285e-13,5.69725617820232e-15
02,24610501,G,A,0.0236296645024541,8.92349274818104e-29,6.31663792291685e-17
05,71744080,AGGT,A,0.0320958132560628,8.63724729463547e-21,1.05985970228859e-16
19,51736383,G,C,-0.0220644941037338,1.03081235840925e-31,1.6331326178603e-16
07,36084529,T,C,0.0213131209424965,1.34006080468519e-34,1.7283139837781e-16
02,160866274,T,C,0.0492143934243885,4.75599616304858e-15,1.37915181950771e-18
02,161340963,G,A,-0.0176736113526079,1.06577213586812e-23,2.16513778586825e-16
02,161456008,G,GA,-0.0156823959093767,2.40350939870066e-08,5.28403997061139e-08
04,3231148,G,C,-0.0212133416856956,5.29482285681072e-36,2.44589609508157e-16
02,12889030,A,AATT,0.0212523061247134,6.02604329476722e-35,3.28291424156317e-16
12,4333159,C,G,-0.0250683148762841,6.63178572019537e-20,3.29466967213609e-16
12,4406836,C,A,-0.0131032475959646,8.37929478813037e-11,8.50989156017771e-07
14,93118229,C,T,-0.0260092209704641,2.52972179136224e-19,3.36398016739472e-16
14,93016815,A,G,0.0165701437220822,2.93647750083548e-15,4.23850475093637e-11
14,93516398,T,G,0.0244206758072363,2.1839935894598e-10,1.19825079796787e-09
15,101713668,G,A,0.0306448612515211,3.22926439553912e-18,3.98754406682185e-16
15,102068658,G,A,0.0162424532045886,3.62645046236733e-12,1.13446678823007e-08
06,109602443,A,G,-0.0202214783978426,9.05860211837048e-42,6.33413563420536e-16
12,6499533,G,A,0.0298721455775513,2.59907303256328e-18,6.77217105874458e-16
12,6445982,C,A,0.0169253197636635,1.57198694123574e-25,5.3476351187403e-11
05,148200553,A,G,0.0197019712865222,5.45892919123007e-31,6.8198303659474e-16
05,148346443,G,A,-0.0147215164410717,4.65841686320394e-07,5.05085748906968e-07
11,122519979,C,A,0.0304340605515854,1.43310120105275e-19,1.33149540935545e-15
10,126324077,G,A,-0.0218054712663662,9.55452167275299e-28,1.54796702306633e-15
10,73508791,T,C,-0.0175785677553612,1.19321244196813e-19,1.55714356436937e-15
10,73520632,C,A,-0.0245787905377011,3.98816587763555e-09,1.54389191641082e-12
10,73111258,T,G,0.014670695934229,1.37862934520939e-08,3.62175313471185e-07
01,31231680,C,T,0.0237071620924041,6.3938221163768e-16,2.49467475043723e-15
01,31207781,C,T,-0.0144419166206608,3.70916116578706e-19,7.17412818265596e-11
17,16172980,AT,A,-0.0198196027627426,3.16094889727825e-40,3.51868984695154e-15
09,288414,C,G,0.0270131031275023,2.90477995484869e-20,3.93846834530455e-15
10,96108697,ATAACCC,A,-0.0227994913788902,3.80190369268952e-22,8.49344113273049e-15
10,96545972,C,T,0.0184780558378049,4.25587006497455e-08,6.50760068046171e-07
08,129001189,G,A,0.0218723728919391,1.43610253941768e-24,1.06211351687953e-14
06,90981085,TAA,T,-0.0200685500850119,2.47457545926437e-33,1.24319937185848e-14
06,21382765,G,T,0.0175564161742992,5.93751186365054e-21,1.33420631847751e-14
06,20915399,CAA,C,-0.0251764932988349,1.53782811708125e-08,1.61560537268386e-07
06,21365911,G,A,-0.0165874051688134,5.97271220962166e-08,3.38474589895681e-10
04,701327,C,T,0.0210642929045479,1.22863126868993e-29,2.12284531176428e-14
02,101735833,CT,C,-0.0198597821978878,1.34088177930519e-29,2.28726517032251e-14
06,122808096,A,AACT,-0.0196680205594217,9.83761575321423e-41,2.47887202397305e-14
15,64672002,A,G,-0.0403873298051659,5.86357831135676e-16,2.5392654006584e-14
04,36312542,G,A,0.0473084075399684,2.22900583205803e-15,3.44324681328153e-14
02,237780727,C,T,-0.021716383568983,3.07690106786553e-23,3.5161157089999e-14
05,156442784,A,T,0.0250044860044899,2.29542789135341e-19,4.16037799132103e-14
21,40463283,G,A,-0.0222344160740618,1.84937061680086e-18,4.5469598568224e-14
21,40682529,C,CA,0.0129979697000607,1.09468334788041e-10,1.95988075945604e-06
X,153525595,G,GT,-0.0277357784039946,6.82545477642125e-16,4.72547873250984e-14
01,234923446,A,G,-0.020750169884969,9.36076819765819e-22,7.29433395803464e-14
01,234799148,A,G,0.0136790086759792,2.9877612591982e-12,3.9817823641466e-07
13,108960380,TGCTG,T,-0.0712746244742274,2.49205238385348e-14,7.58400796631408e-14
13,108910232,TAC,T,-0.0146206483246576,1.26952754110682e-08,6.31120826738996e-06
01,101284306,T,C,0.0184355145568562,3.63939153952614e-25,8.91822974427274e-14
01,101088269,TC,T,-0.0152684716666997,1.60753752659769e-08,1.38663608376533e-07
18,60920854,C,T,-0.0550287802926507,1.63444677861592e-14,9.14386182094075e-14
06,34372804,A,G,-0.0346559477491813,1.03291416249126e-15,1.16847992423068e-13
04,38677011,T,TC,0.0184064396293912,2.03287144411373e-26,1.30537625475091e-13
04,38314170,G,A,-0.0170196279276946,2.79544077395877e-09,2.18966625089484e-08
17,7742601,G,A,-0.0594440335680995,1.56541219630922e-20,1.78248453428422e-13
17,8214427,G,A,-0.0155567134468676,2.36412542912736e-22,1.16826389415425e-09
15,91412850,A,AAAGGCAG,0.0185684162466323,1.23767571321138e-28,1.90231110728389e-13
08,106536267,C,T,-0.0222589155971939,3.25805998357293e-17,2.23149511531483e-13
08,106239562,TTAAA,T,0.0133489701258784,2.60383717494287e-10,1.27024938074392e-06
09,112745178,A,T,0.0273736388405275,3.04095060486965e-17,2.35726679167442e-13
08,8793607,C,T,0.0183801995862045,4.2058446839391e-33,2.67331731952935e-13
17,28107453,AT,A,-0.0194632339319786,3.9599761780043e-40,2.7469845213855e-13
09,4763176,C,T,-0.0177816144146071,1.29771554326664e-19,3.10477110981488e-13
09,4648617,G,A,-0.0123820037038705,1.4200722170376e-09,2.67749900661046e-07
09,91562311,G,A,-0.0155769909714588,2.16163190397241e-13,3.43188093344132e-13
09,91504314,T,TG,-0.0275266555459565,1.25583381647236e-06,1.81453556955172e-11
03,107302898,A,AT,-0.0247979699021872,5.37088797104652e-18,3.49405950846864e-13
19,42768289,G,A,0.0416718062626484,2.43227317876829e-13,4.00417312211857e-13
19,42516376,G,GTGTA,-0.0315907482637987,2.37054154639421e-08,1.49384860786128e-08
02,163124051,T,C,0.0166867350641051,2.93783041006381e-22,4.38098394303813e-13
02,162964301,G,A,-0.0256914191358047,2.46362794476174e-07,3.98584467851044e-09
02,112881614,T,C,-0.0182379303877897,1.32391130286801e-25,5.00510731587812e-13
02,112640229,G,A,-0.0164533254638116,4.02962655888964e-11,2.73671386029622e-07
02,113059988,G,C,0.0493566528955243,2.13057237533905e-07,1.2247108616983e-09
01,8913656,A,G,0.0179090312898809,4.3918052911985e-22,5.18784168981651e-13
01,8503379,A,C,0.0140920814313149,3.65429167821185e-11,1.75252629501825e-08
05,35890613,C,T,0.0205796674153106,6.14796282245916e-21,6.16682796931131e-13
01,46325873,TAC,T,-0.0184626493824646,4.75239230897811e-33,6.27438879080298e-13
22,19970547,G,T,0.0189280440908214,3.18838087376298e-25,6.29637129337078e-13
14,69199111,G,A,-0.030397673773498,1.93524429671164e-12,6.36079069015626e-13
14,69239219,T,TAATAA,0.0177124785332133,5.48708252923071e-10,1.23568539028521e-09
05,68592923,C,T,-0.0181059150589425,6.80856641739123e-31,7.00075352150548e-13
16,3744912,C,G,-0.0392563147948863,2.60650833951001e-13,8.13228828795762e-13
16,3959911,T,C,0.022821603953175,1.68077931524219e-06,1.70615628505471e-06
18,21151617,C,CAA,-0.0180230260637209,2.42208268439637e-17,8.27019001869224e-13
18,20750400,A,G,0.0149870013594818,2.27138696093542e-15,1.28115643267456e-09
17,7234983,G,A,-0.0211847419250595,1.09023758527575e-15,8.47863858771079e-13
17,7732351,A,T,0.0178892701356713,7.27008396092022e-21,4.94584929189323e-10
06,87890408,A,ACG,-0.0186985842025139,4.31278085710898e-36,8.98620065993974e-13
01,23850590,A,C,0.0187724322081258,4.03839399877252e-27,1.08553466922986e-12
17,5004720,C,CA,-0.0195047862802606,2.37954788863952e-22,1.37521717826763e-12
17,4616387,C,A,0.015238317353452,1.57314560264384e-09,7.50889555182909e-08
17,5278703,G,A,-0.0657225626428104,1.60231355793432e-07,4.38799722607562e-06
01,150595537,G,T,-0.0213517898373063,5.04528117234218e-19,1.49404134742592e-12
06,403799,G,A,-0.01819969362145,3.14295061350133e-20,1.5506487612496e-12
06,557611,T,A,-0.0116331232184416,1.39314757532574e-09,9.53958887929284e-06
18,48147793,C,T,0.0183637873975091,9.7944355415147e-26,1.61704162910621e-12
04,145045780,T,C,0.0168798024820494,6.13375797962742e-21,1.74442368457928e-12
01,198663661,G,A,-0.0385355976347351,1.29192758438916e-12,2.0216786453848e-12
01,198811372,G,A,0.0213865170333906,3.05665232062064e-07,3.81944282130574e-07
09,127191583,C,CAG,0.0185945001619724,3.97639091702623e-24,2.03783144153612e-12
03,141206800,C,T,-0.0348553865784802,2.31578262188029e-12,2.3052098446576e-12
03,140926791,C,T,0.0243773156135646,1.65797081903987e-11,7.62029428032381e-11
03,141582961,G,A,0.0117668691675418,5.97408781028877e-13,2.03469155405433e-06
09,86582925,T,TAATA,-0.0202243695993468,2.04206916829113e-19,3.09625791051807e-12
13,50113450,A,G,-0.0188379204325164,1.83458424670516e-16,3.12767578353295e-12
13,49784367,A,G,0.012318440112493,1.08283835128604e-08,1.7114681797098e-06
06,126674371,CT,C,-0.017873331909471,5.32550399501224e-34,3.17519588151531e-12
08,56768647,T,G,0.0208424371589008,5.06030643980532e-21,3.26777338480552e-12
08,57112046,G,A,0.0211979181097675,1.47627763498833e-09,2.61256419739525e-07
18,42240598,G,A,0.0161538257286704,3.84523299884791e-18,3.53876984114259e-12
18,42085122,T,G,0.0325663825562498,3.21357499571043e-08,1.92622319816992e-10
20,47384301,C,A,-0.0742455066165539,1.83021472264132e-12,3.77336642847319e-12
X,46504071,CA,C,-0.0153674956634574,3.72520879390751e-19,4.8471356261567e-12
07,2796763,C,T,0.0193334531703185,6.80478969134889e-19,4.95881223909019e-12
07,2462708,C,A,-0.0166402717383496,7.43337512770384e-09,6.96631723261215e-07
01,92842367,A,C,0.0727150590901175,2.2210281392235e-12,5.62043079899007e-12
17,41297755,CTTTTT,C,0.0325165827215569,4.50419996586454e-10,9.55854657614504e-12
17,41380511,T,C,-0.0311973119649929,4.89471153870492e-06,4.60548593280004e-07
17,40835451,C,A,-0.01154474960136,6.46142198676672e-12,2.77659510840035e-08
02,54787592,C,G,0.0326063925600395,1.85616476999721e-13,1.04731665335351e-11
01,203656387,A,AAAAAGAAAG,0.0285639099664092,6.3724997202194e-14,1.09780329883086e-11
17,43525166,C,CT,0.0221026585798698,2.10184960023917e-16,1.27468473964879e-11
10,50376394,C,T,-0.0203622947443733,1.751433457671e-17,1.28208746883132e-11
03,183730295,C,T,0.0175756675469756,1.81088167793399e-23,1.30962308852732e-11
06,159335320,A,G,0.0297056251913118,2.85166281428493e-08,1.44904398720562e-11
06,159395339,C,A,0.0296834989044085,1.24725724205581e-07,5.61687653734582e-06
06,159500004,G,A,0.0131589905174088,1.7314520337829e-11,5.90541093295419e-10
19,3220857,C,T,-0.0399463118960752,3.29150659982309e-11,1.54976820645271e-11
19,3161905,C,T,-0.030506945374314,7.39018614992357e-07,1.57937732025493e-07
01,39291708,A,G,0.020279182436691,1.78066706259326e-17,1.6580423895662e-11
11,108098459,TAA,T,0.0166638984109024,9.42910103641542e-22,1.86611313747633e-11
11,108443925,A,G,0.0307454796419736,1.28242019658935e-07,4.63351774508776e-08
12,122219787,C,T,-0.0184753417842321,1.04679806797432e-20,1.91951922826245e-11
18,51754206,AAAAAG,A,0.0185337085000121,3.73918355891967e-20,1.99485576642115e-11
07,8024823,G,T,-0.0364961768481623,1.20800918369603e-12,2.00707773840852e-11
10,97025645,A,T,-0.0184661470994016,1.36831081150635e-19,2.14980543245605e-11
07,106372219,C,G,-0.0167766633269705,4.78398007943165e-28,2.30125869210158e-11
07,22784486,T,TTATATATAAATATATATATATATATA,0.0171290778624871,7.87855673794736e-25,2.32247647122691e-11
17,55466426,G,A,-0.0386195856748626,1.95600998859952e-12,2.3786137034204e-11
02,85543222,C,T,-0.0168653415054521,4.90963229129111e-30,2.8187882554862e-11
01,67487376,A,C,0.0181251152166864,3.6000903313923e-29,3.60876310682403e-11
04,73975016,C,CA,-0.0169099191732925,2.6574839351143e-21,3.80455800353875e-11
04,74375149,TAA,T,0.0583653357109972,1.16593569626338e-07,1.73104980649817e-08
10,26737137,A,AT,-0.017641710517876,1.48273357439884e-20,3.82569519127255e-11
21,39878982,G,C,0.0176928429060477,1.42441835295346e-20,4.24036309984044e-11
14,103859143,C,CT,-0.0156260841430857,3.71865655161616e-11,4.27779978864177e-11
14,103813887,A,G,-0.0120177498745601,5.64467733474312e-08,2.25454774635567e-08
22,24291927,G,C,-0.0163671803109607,1.63879716888536e-17,4.49171110306714e-11
22,24624609,A,G,-0.0136968453099455,8.13155711482837e-09,1.07019022280112e-07
03,27757018,G,T,0.0169352313770549,3.90236682079687e-23,4.98168731009617e-11
06,22343592,G,A,0.0329345585443396,7.7263629396405e-12,5.04717255367301e-11
06,22079485,A,G,-0.0159242730628097,4.49836283937434e-22,7.00869450580612e-10
22,18286672,T,C,0.0166607246657872,2.85424291705679e-14,5.05939111526434e-11
22,18132930,T,C,-0.015144799619542,2.28918938821545e-17,4.24046518271393e-10
05,57527886,A,T,0.017440403683544,3.13408666878689e-21,5.2362829440993e-11
19,11317744,C,T,0.0615233474494475,2.19100101785206e-11,5.39967851136973e-11
19,10936814,G,T,-0.03931615362099,2.79734941040669e-07,2.860232836072e-07
19,11095374,A,G,0.0370842469675331,1.92865194812179e-06,2.18009131181531e-06
21,47755511,C,CA,0.0166643294682094,2.08950328831329e-25,6.10905638943454e-11
01,110470764,G,A,0.0226506740162183,9.92469848813706e-12,6.16345035264981e-11
01,110872347,C,T,0.0112258198670272,6.94242803238458e-12,4.25967559203844e-06
11,65705432,T,C,-0.0164123362818474,2.22651331533742e-29,6.17573370064294e-11
07,73017657,C,T,-0.0205104549004771,8.59190431444386e-16,6.42177337600875e-11
01,158586966,A,T,0.01821588779274,3.83329227082726e-18,6.61996111387199e-11
19,13948397,T,G,0.0172221311328032,4.3303539218304e-18,6.98080783474296e-11
19,14143151,G,C,-0.0214825212477176,3.545554810868e-09,2.63870662051788e-08
11,118392566,G,A,0.0729584406532809,6.3816434070599e-11,7.91794656569414e-11
11,118747576,A,G,0.0150286431549778,3.97017181586449e-10,1.76607996680969e-07
11,118086388,T,C,-0.0138906442508819,7.81682823470085e-09,2.11303301551369e-08
18,43825539,TA,T,0.0164539614478658,7.82840993831742e-27,7.92168769444072e-11
12,101873240,A,C,0.0354674929592397,6.3515010250827e-12,8.06951023450392e-11
10,64907581,TGCTGTAGG,T,-0.0234746848310035,3.15502855310248e-36,4.56721784516384e-21
10,64423505,G,T,-0.0165400981238255,3.21610249840573e-14,8.96430192220109e-11
16,57058974,T,C,0.0166132389549636,4.15767108901396e-23,1.06800271798872e-10
11,100532629,C,G,0.0207776167640459,6.81315260904604e-15,1.24955880941752e-10
05,122093740,T,C,0.016192527572477,6.59784065067383e-24,1.59438218186338e-10
16,81600776,T,C,-0.0163687184940428,3.26330921463448e-15,1.60376351554804e-10
16,81867410,C,T,-0.0128037751355908,1.61269973873325e-08,7.88231950701002e-07
08,126482077,G,A,-0.0163424229779382,4.32951846221973e-18,1.62068490453329e-10
08,126338171,A,G,-0.0137314291058351,5.5081752112325e-12,1.21545481798817e-07
09,35686376,A,G,0.0172946730296538,1.00619303203841e-18,1.69513840098869e-10
05,118739748,T,G,-0.0190716062414462,5.98437197296925e-16,1.69951726633378e-10
19,47629264,C,T,0.0209900130374083,7.11844719018784e-07,1.91679290975399e-10
19,47294008,G,A,0.032365424146928,2.42399393926064e-06,5.84692258496683e-06
19,47756290,A,G,0.0123929089073224,2.62482047759279e-11,3.16459803044597e-10
03,58038605,C,T,-0.0166429248192955,4.54144116603178e-21,2.09756701275103e-10
03,48468798,A,C,-0.0385851373708328,5.45691669769562e-10,2.21703307951846e-10
03,48644202,C,T,0.0189566800242536,9.82040669085965e-10,1.04729475896962e-08
22,30453797,AT,A,0.0160504164092757,1.82800537871302e-25,2.25993278962696e-10
02,27809788,G,A,0.0369990183636101,5.63913788736532e-07,3.25881655608181e-12
02,27771474,C,CAA,0.0151407124711897,8.63426966883782e-10,5.15226826919149e-12
08,55451193,T,C,-0.0201306893111985,6.2835740953638e-15,2.47619717683097e-10
08,103882228,G,C,-0.0164985521725336,2.87123969188536e-20,2.5013674491942e-10
16,50164672,C,T,-0.0218791165018895,1.23016695978007e-13,2.62881322637062e-10
14,101187649,C,T,-0.0230926385015334,2.80926888121098e-13,2.80798925601502e-10
13,50764607,C,CTT,-0.0170613188331904,1.36532110188883e-19,2.85684412857183e-10
13,114920867,G,A,0.0199471055674578,4.52450780634649e-18,3.3243233803421e-10
13,114753747,C,T,0.0161348619203147,2.39680075021531e-12,9.67595486257948e-06
13,114508212,C,T,-0.0175536656592868,1.37203253472551e-08,2.49849612489437e-07
17,35840779,AAAG,A,0.0165673308874248,6.08858947735882e-20,3.38872023163913e-10
14,35871217,G,A,0.0152338548233456,1.78041766743011e-14,3.55476650089774e-10
14,35596604,CATT,C,0.0189579119238105,2.38166006065037e-10,1.15416932627566e-08
02,70367609,G,GGCTCACTGTAATCTCC,-0.0382106445042215,4.28391113040076e-11,3.58449399717255e-10
02,153286121,C,CT,-0.0225831546727534,2.36547188642038e-13,3.73805257641481e-10
08,30756870,C,T,0.076650270079228,2.28337995591466e-10,3.75615780483697e-10
05,179126090,T,C,0.0154079043986523,4.31630190800754e-17,4.05712717857657e-10
05,179353626,C,T,0.0131173366572321,2.5882443613228e-09,2.77248447698304e-07
16,28133152,C,A,-0.0164252022861324,2.25641560518557e-14,4.23783678665642e-10
16,28620517,G,C,0.0189946673651387,9.0237947917595e-08,1.72680727843686e-07
06,42509043,C,CA,0.0194712566435782,2.40771140376529e-12,4.35658242421493e-10
06,42284472,G,A,-0.012614855762541,2.19553578394232e-08,4.85041305572222e-06
06,42012684,G,A,0.0160316478736487,8.61657764575957e-07,5.25081083620916e-06
14,105646179,A,G,0.016056182676916,3.99344531285315e-16,4.64433211232847e-10
14,105246325,T,A,-0.0126795711416401,7.95482379287802e-08,4.69832234924251e-06
09,116106910,CT,C,-0.014873231971234,8.18763574574329e-20,4.85910316200505e-10
09,115797859,G,A,0.0415227436094938,2.40000850721484e-06,3.50380570646148e-07
16,89753067,GGGCCGTCCGCGTCTGCGCCTGCGCGCAAGAGA,G,-0.0324890897124533,1.47363829318522e-11,5.00322783189071e-10
04,80897999,G,C,0.0155728125920429,4.02234010754875e-25,5.16953903547063e-10
03,132291055,C,T,0.0278706180457564,1.30530835889652e-11,5.24558408441109e-10
02,232579379,G,A,-0.0187591911157374,8.24924417256874e-15,6.19958519094284e-10
16,53814363,G,T,0.015836597135003,3.76012211732954e-21,6.78684789722852e-10
01,10357806,G,C,-0.0733945465105079,2.39480485058361e-09,6.95962636272868e-10
01,10733081,T,C,0.0127748866590253,1.10191888137812e-11,4.32033550046601e-07
01,156110166,A,G,-0.0393827930020445,1.35375711490628e-10,7.73603604943571e-10
09,131465481,C,G,-0.0217569057472648,1.11040314213194e-12,8.08366299095231e-10
17,46208793,A,T,0.017814409669815,2.0885057085218e-15,8.0919583216539e-10
09,114653992,C,CA,0.0186175511475519,1.87197486442774e-15,8.45737741785216e-10
07,97933601,T,C,0.0180602517422878,1.51721985299783e-15,9.13196367769324e-10
07,99116896,A,AT,-0.0177524815298514,4.0345183712846e-18,9.49896319932839e-10
02,181971800,T,G,-0.0226376219932515,4.28501003606838e-25,4.82093314335797e-21
19,2127272,A,G,0.0181398447530736,9.39078112027418e-15,9.921944504578e-10
20,49205095,A,G,0.0153376452153585,3.85569971457955e-25,1.02547680587272e-09
17,74476759,G,T,0.0218171615600075,1.82633106583861e-12,1.03415682297487e-09
09,95326068,TTCC,T,0.015422087954,1.61167730127495e-22,1.19220908746163e-09
06,33283766,C,T,-0.0175095802235406,1.10799552384687e-26,1.92844994360119e-17
06,33195383,G,C,-0.0389839509044204,6.25800586693244e-11,1.46213549097967e-16
06,34189612,G,A,-0.0392620983032543,4.70813846180245e-08,1.14530897617867e-07
11,61571382,G,A,-0.0164741525971616,4.82995252860373e-17,1.24425768661629e-09
21,38796769,AT,A,-0.0241175129520619,7.08572731715779e-12,1.24723724513282e-09
17,41163974,G,A,0.0275397321434442,2.07282090871333e-06,2.35927518705562e-11
17,41172481,G,T,-0.0144574522688604,9.06980643628919e-10,4.08883999695723e-09
17,40584181,AT,A,0.0127841747528602,7.60151828397732e-10,1.55357494686785e-08
10,91005952,G,A,0.0165738659980276,1.66690079918151e-16,1.46279260432783e-09
01,225905333,A,G,-0.0243775540282182,1.60969679297295e-11,1.47297038055585e-09
01,117544331,A,C,-0.0284479609238552,6.35101175052432e-11,1.52368005315911e-09
10,115716636,G,A,0.0158156184968529,3.13915174059969e-18,1.78349671621397e-09
19,33894043,G,A,-0.015231490619949,3.14044459982483e-21,1.87972967687269e-09
07,6702311,G,T,-0.0157627863242474,1.16914405646193e-15,1.92275467903371e-09
07,6436871,CA,C,-0.0125421606639959,6.18243575785328e-10,3.06592393148276e-06
20,42663666,T,C,0.0163860723940328,1.94084982730144e-16,1.92588181017456e-09
20,43042364,C,T,-0.0377802430974877,8.08413279602968e-08,1.4004108770799e-07
14,55861890,G,A,0.0206747175587321,1.80388069143625e-12,1.92857704005395e-09
14,69870944,A,G,0.0303131239149995,1.58802494563636e-10,2.07516548741484e-09
12,110740470,T,G,0.0377402906178062,1.98065666998644e-12,2.0883231017455e-09
12,111144760,G,A,0.0208420846739687,3.22942419304597e-13,5.53839187997144e-08
10,76528643,T,C,0.0193090745528826,2.24736251641051e-13,2.1453927691858e-09
06,135696597,T,C,-0.018600479830447,4.70936226854964e-19,1.81062622423067e-15
06,135533284,T,G,-0.014469071157246,3.49775290089506e-15,5.27884384569473e-06
06,136010791,CT,C,-0.0317355441953409,9.9575235443348e-07,2.15901138848953e-09
03,152018102,G,A,-0.0500928576470018,8.85521055110329e-10,2.27437644298301e-09
12,12889302,AAC,A,0.0152059041481794,3.72642484779646e-21,2.43766949473407e-09
09,136886288,T,C,0.0156814466945045,2.9601028187634e-18,2.57181315948542e-09
02,202112471,T,G,-0.0153606103632615,1.86440742878967e-19,2.57652445810928e-09
12,3002039,A,AT,-0.0160687027299435,2.46812564800228e-15,2.61342966560286e-09
12,3338920,GCACAGCTGGGGCTGA,G,0.0145422969509669,1.46389756726014e-07,2.80792544192084e-06
07,134382330,G,C,-0.0155567750285084,9.78259180274477e-18,2.77345009418942e-09
01,79411968,C,A,0.0418398200965243,8.75081240597701e-10,2.78586355556814e-09
18,74072245,A,T,-0.029454627888186,1.0256315337974e-09,2.80223475979666e-09
18,74249473,A,G,0.0132116077314214,5.26443075129673e-11,6.39205943019646e-07
07,138735512,A,C,-0.0148641579442088,3.74837203618426e-24,2.81507218326464e-09
01,28228527,TA,T,-0.0144293071201656,2.36858562541738e-16,2.86307546067272e-09
01,28206250,T,C,0.0570157435226592,1.50999088336172e-06,2.04653746693708e-07
12,124395717,T,TCA,-0.0195491320159525,1.60077782785759e-11,2.91727078412832e-09
12,124857763,A,G,-0.0119255399797769,2.47997014288848e-10,5.85426642900436e-06
01,108737586,C,T,0.0149397410548857,6.5435702268612e-23,3.04600438884499e-09
07,50304461,T,C,-0.0158433801350465,2.86214177342016e-17,3.43084229017938e-09
18,20771130,G,A,0.0146449231974438,2.98851055488541e-16,8.37756068195156e-10
18,20464171,C,A,0.0159617349399761,1.00432481276197e-09,3.76063963731708e-09
16,30495657,C,T,-0.034136932500956,2.56959447116844e-110,8.93436600267185e-42
04,7019262,C,A,-0.0148396270738595,7.41560130170038e-15,3.61305809038772e-09
04,6893181,C,T,0.0153679368821235,2.74369899955088e-07,1.03526185508319e-06
03,49799046,CA,C,0.01550486553413,1.26046540332014e-23,3.61905387857165e-09
22,43553830,A,G,-0.0151168057325326,2.14664344473392e-19,3.64141014279555e-09
03,39307162,G,A,0.0194108526485608,2.29905614481568e-12,3.94056173145084e-09
01,9709072,G,A,-0.0140435865894112,7.18806965769598e-13,5.07601045537256e-09
01,10000476,A,T,-0.0597336394960533,4.26164864499473e-07,9.54309263666235e-09
17,36600870,G,T,0.0174959589219008,1.31732853964543e-13,5.40249360899319e-09
12,120109284,AGGCACCTCTTCACAGGAC,A,-0.0270173494325158,2.71889930737757e-10,6.00500305985721e-09
21,16395379,G,C,-0.0203774171282863,9.49815739720543e-11,6.03526959959253e-09
21,16582933,C,G,-0.0120727984574375,1.77683730997409e-10,9.40726548946373e-06
16,1357994,AAT,A,0.0151544300440437,4.26282750608848e-21,6.18450317359496e-09
13,49482606,T,C,-0.0194607102520185,4.7524608432957e-12,6.35793304948602e-09
20,1936292,C,T,-0.0158573486380586,1.37602251971579e-11,6.37513112190034e-09
20,1546742,A,T,0.0126977645376663,1.19592323936648e-11,3.88652510067226e-07
16,88840564,C,T,-0.0170075423815327,3.10154070472686e-11,6.53246540768756e-09
16,88535591,C,T,0.0147310122587791,9.66319067290388e-12,4.38118216119579e-08
07,56068714,T,G,0.0170153289093593,1.33158252127007e-13,6.68117924251983e-09
12,52305786,T,C,-0.0172805244203416,2.47615167406301e-13,6.72381704656114e-09
01,221052802,CT,C,0.0189331135421756,1.53648872715136e-12,6.97803583378372e-09
07,47444807,C,T,0.0176879173118459,1.08252691174837e-17,6.99837798673917e-09
07,47361059,C,T,-0.0157442782028055,9.39035031247531e-12,2.72277652280501e-06
09,130759402,CT,C,0.0184751861150356,1.06043644712022e-12,7.54985818176161e-09
12,64976049,A,C,-0.0149883280872487,1.52144108245026e-17,7.71164807438204e-09
01,161151844,G,A,-0.0157750749014794,1.27579379592414e-10,1.52749760459897e-09
01,160723448,T,G,-0.0126798806858479,2.44392962378566e-08,1.8851901461581e-07
02,31463044,T,A,-0.0157801154383773,2.55298096695909e-15,8.82000330932994e-09
06,41671677,A,G,0.0157399466491628,1.79006611933953e-16,9.05759605959896e-09
06,42001772,G,T,0.0215004424124063,3.34525978695416e-07,3.73385086837921e-06
02,43762195,A,G,-0.0160981003120746,2.45236934735376e-14,9.71111330770409e-09
16,30156398,G,A,0.0177939816313393,1.07669431511922e-27,7.77542746147562e-16
16,30442943,G,A,-0.0202073474652911,1.63336994026065e-12,1.8660736963762e-13
14,77966145,A,C,0.0186468520382766,5.77767046787025e-12,1.07193080131661e-08
01,56906274,A,G,-0.0237181446575405,7.06986097069148e-10,1.07432925202948e-08
01,56759268,T,C,0.0144493346959732,1.61464010570547e-09,1.2301269614678e-06
17,1373518,C,T,-0.0162348459047891,5.26456247138273e-14,1.08129678919901e-08
09,2600052,G,A,0.0200531045430351,4.69513195254157e-12,1.11160006092413e-08
09,2622146,ACGGCGGCGG,A,0.0151268279939594,7.25876144429158e-16,4.02927958755048e-07
07,23508740,AATTG,A,0.0163879518930538,1.13726287736905e-13,1.15548935896e-08
03,172125840,G,A,-0.0144159310312688,1.59886727168588e-21,1.17211723131548e-08
06,153043035,G,A,0.0183563287062523,5.78248604324907e-12,1.1951914116035e-08
13,74699305,C,T,0.0198200613167686,2.72109088826055e-11,1.23978776421813e-08
02,216252093,ACT,A,-0.0169892735635549,5.05924966885353e-13,1.26216770845863e-08
20,4157072,C,G,0.0147136924810673,7.82043758418621e-13,1.30407301161581e-08
20,3661840,C,G,-0.0119334678362923,2.16522491029183e-08,7.18008394108869e-06
06,137082948,A,G,0.0141233757899757,1.21795608529862e-15,1.30863990567831e-08
06,136648627,T,C,0.0227271294715353,3.11311226843823e-07,3.43700420317488e-07
19,11937882,C,CT,-0.0151694216328914,3.45186595847801e-17,1.3190912478088e-08
03,136586763,A,AT,-0.0152884960327873,9.66290799419625e-16,1.32845190419718e-08
02,46107820,A,G,-0.014532115508573,1.24902054750994e-18,1.35462011218932e-08
19,19756073,AGCC,A,0.0279109036172043,7.88478762538516e-10,1.39895640130177e-08
08,38990271,A,AT,0.0148475764597554,7.70377592500231e-18,1.49345422231765e-08
08,38666302,G,A,-0.0631441481482895,6.65459167658689e-07,5.23811568821693e-07
02,188323311,A,T,-0.0155642023635515,1.99392251045289e-14,1.62434700841052e-08
08,27219987,C,T,-0.0146757383311323,1.01386247950805e-16,1.63867613981493e-08
19,39929340,C,CT,0.0143906763630672,4.27902045020165e-20,1.83939684399611e-08
03,150979473,G,GTGTTTTGTTTTGTTT,-0.0167135043260273,3.50201071678347e-13,1.85150717376927e-08
12,66363070,G,T,-0.0144578492708843,1.63808324822918e-19,2.04097376892297e-08
02,211543055,T,C,-0.0144878438591789,3.58156300347122e-12,2.06452150650197e-08
02,211154011,A,G,-0.0189306508632344,1.19582751200886e-06,8.42995837667173e-07
04,105864529,ACT,A,0.0463407558197502,4.53449227098022e-11,2.17457180265742e-08
04,105969701,T,C,0.0163786149890883,7.29603060708701e-20,4.99024790182577e-08
01,26859695,T,C,0.0189142181073951,1.40192772167662e-14,2.19554150635382e-08
01,27323282,A,AGT,-0.0254155952168821,1.5545551340984e-09,4.80958907040766e-07
01,27262545,C,T,0.0398904070293857,7.1775929416116e-08,3.96739412181844e-06
X,12996475,A,G,0.0181348172954467,1.27116077497056e-09,2.23581878158666e-08
22,17617766,C,CA,-0.0152150393380307,6.41580400210949e-11,2.29072740309417e-08
22,17589209,C,T,0.0135906796422965,4.13624682717613e-07,2.74064852586649e-06
22,18115392,A,G,-0.0113691085402411,2.54150785424783e-08,8.50199229721085e-06
04,103736838,A,G,-0.052982942498232,1.29228185542637e-08,2.31789409563551e-08
02,101868731,A,T,-0.0257753935515086,1.6672472370239e-08,1.3072414262199e-08
02,102358992,C,CAG,-0.0139355651927593,3.67561842025136e-14,2.36367971124281e-08
13,52344004,G,A,-0.0184720905412622,2.71233913553327e-11,2.37651320950092e-08
10,89681458,A,G,-0.0358598097242359,6.29092445807988e-09,2.39582002800679e-08
03,71517750,A,C,-0.0173937565796459,8.86049387335538e-12,2.77672058872594e-08
09,4049942,G,A,0.0143342235082313,1.37589496044334e-14,3.01928265237397e-08
09,3941031,T,C,-0.0235479445041871,6.75115034217169e-07,7.24570571321148e-07
12,49065727,T,C,-0.0146358294791962,6.18659025670524e-12,3.02356533561486e-08
12,49489984,C,A,-0.0127147470434017,3.8897141417847e-09,1.75632210073194e-06
03,119789087,CA,C,-0.0144544175062842,1.92802920975691e-16,3.06570151378371e-08
01,183440531,A,G,-0.0338558736834172,6.78958369852445e-09,3.29552528521465e-08
19,14149862,C,T,-0.020792114357229,3.6733063785718e-10,2.58619682746109e-08
19,14499614,G,C,0.0531288057559703,4.09209848887929e-08,3.30378926154199e-08
01,205245233,G,A,-0.0258879092584905,1.62468114212007e-09,3.50739103325783e-08
01,205610159,TG,T,-0.0149256349726447,4.10626578488961e-14,8.01051257127055e-08
08,87201696,G,A,0.0178081055480126,2.95465135200006e-11,3.53439885247661e-08
02,27503262,C,T,0.0366450654978661,1.63979972012203e-07,9.53975709143091e-12
02,27393030,G,A,-0.0150703512430021,1.14391718068165e-09,5.48809998380292e-09
02,27332239,TA,T,0.0124967722489654,1.47271764612528e-10,5.12872508524951e-08
01,43423622,T,C,-0.014624692405362,1.91372507354001e-09,4.11699735096925e-08
01,43843241,GT,G,0.012440572562911,1.15657365978856e-11,1.65905160465315e-07
11,8823493,T,C,0.0156427046962617,7.72688533755573e-13,4.54720733321268e-08
01,93503438,A,G,0.0216989986805747,1.63308123866929e-10,4.56306710032799e-08
06,43804571,G,T,-0.014352188557271,3.42808192027519e-11,4.78016235411983e-08
06,43759189,G,A,-0.0207123747881681,3.50093117085501e-06,1.16213495298098e-06
01,166811970,G,A,-0.0173074916557198,2.58544568664318e-11,4.82874087213581e-08
01,180905694,C,T,-0.0147051667485479,3.56913292111359e-14,4.95315947944521e-08
05,60992992,A,AAAACAAAC,0.0165081354174537,5.84154466619604e-12,5.06563338189011e-08
09,126625509,T,C,0.0201382607391418,2.69073218004888e-09,5.15774559579797e-08
09,126976346,A,G,-0.0170053871155121,3.40100810385861e-10,6.46073682200204e-08
05,132123536,G,A,-0.012680827970681,4.13635711282019e-11,5.33839021045402e-08
05,132426851,GTT,G,-0.0206342006622921,1.6868287624572e-06,5.28167876039523e-08
01,22305946,C,T,0.0144477892202913,2.07580161383046e-17,5.32690823579881e-08
11,66840861,G,GCAAAAAAA,0.0188679815735011,1.04302029204875e-10,5.36611896520471e-08
02,68681120,G,A,-0.038377366903605,1.95128380470956e-08,5.4411907565417e-08
09,109482027,A,C,-0.0136174338297683,8.61497742405393e-21,5.47122069722933e-08
22,29628741,C,T,-0.0130383523027719,6.65816650125664e-10,5.55285070715852e-08
22,29319574,C,T,0.0553049769513277,2.54914924579672e-06,3.12311644582246e-07
22,30128443,T,C,-0.0116714614097626,2.90216084931236e-10,1.3990816290848e-06
19,4090422,G,T,0.0243625382724432,2.66108552188242e-09,5.58594361109184e-08
06,121793599,T,A,0.0171808669011529,3.14633735730442e-11,5.68093599835028e-08
14,35577597,C,CTTT,0.0302457074548563,2.44641325289221e-08,4.13040446855271e-06
13,73647030,T,G,0.0155378538778287,1.92647214796984e-12,6.22105829715038e-08
05,55066957,T,C,-0.024871153945857,3.72022171676838e-09,6.47837950271848e-08
13,50794756,TA,T,-0.0148795639098001,5.04275227608012e-14,1.46766355519177e-09
13,51291677,A,C,0.0205677169404116,2.97543726340817e-07,6.85251928530396e-08
02,145477217,G,C,-0.014511994100524,5.64697154355005e-14,7.22779879596361e-08
16,67734013,A,G,0.0199209667937459,9.63417698083021e-08,7.55890161830943e-08
16,67377216,C,T,-0.0466710497726993,1.79741345257252e-07,1.95901702129503e-07
16,67845106,C,CAAGCATCCT,-0.0294512598045496,1.79665414282732e-06,1.8587128080622e-06
19,49131764,A,AAG,-0.0153722251924581,2.72892256560422e-10,7.64578807598236e-08
19,48786770,G,T,-0.0161575870796266,3.7338759420988e-07,1.62106287090426e-06
10,93632851,GA,G,0.0149703245462992,1.76770391624889e-13,7.77016065728638e-08
17,58629823,T,C,-0.0223474931826287,1.29949159903184e-10,7.8000611241366e-08
17,58226089,G,A,-0.0259360408592095,5.09413712716137e-09,5.95488060343184e-07
10,69559409,A,G,-0.0213047824745837,1.58889510373355e-09,8.19115241348785e-08
17,7366619,T,C,0.0484688780691437,-99,1.59839144903475e-06
14,35816921,T,G,-0.0352127848682604,-99,3.74380159313096e-09
15,90967258,C,CT,0.0423414314174298,-99,3.44387806272811e-10
04,144946257,C,T,0.0847720797255523,-99,1.35342367523756e-10
02,182189550,G,C,0.0394231907417413,-99,1.35588942220961e-20
