chrom,pos,major,minor,beta,p_value,gwas_p_value
17,38166879,T,C,0.0878078753873652,0,4.53778585913897e-257
06,31242174,G,A,0.0794843188001661,0,2.01959848689254e-187
06,31234693,G,A,-0.0550712494715538,2.77384879600325e-102,1.36124321528025e-57
06,32593690,T,C,0.0581071399215354,0,1.91535737148485e-172
06,32107851,G,A,-0.0590591070783131,3.51201479575386e-92,3.62075358046888e-132
12,111884608,C,T,0.0616911646057489,0,2.19231670705229e-134
04,74959093,A,G,0.0569358154569313,5.9041431250441e-161,3.98670537339762e-113
04,74703999,C,T,0.0355668034324709,1.54427502523732e-63,8.67650660249809e-48
06,30873605,C,A,-0.0872009063400537,1.49452397229505e-184,2.95787967945844e-114
06,30766204,C,T,-0.0426383622603279,9.44477163018424e-48,5.83585893932657e-15
07,92408370,C,T,-0.0876484219610386,6.37899044888296e-102,7.0111397322763e-86
07,92236164,C,T,0.034807977796336,1.07557156969986e-40,4.09147926894609e-23
07,28724374,G,T,0.0525009442544836,1.53189384391232e-108,2.8282955843611e-80
07,28277107,G,C,-0.0363598465398698,2.58688840718102e-76,2.332202620031e-45
10,25202038,C,T,-0.0480674212083881,8.41511137257029e-166,2.33132928980305e-76
19,44153100,A,G,-0.0591101740458163,3.98241210118936e-90,3.18940033568543e-66
19,45742094,G,A,-0.0443702809436266,2.98953456711561e-91,4.03767321232326e-54
01,66073952,C,T,-0.033146518079636,7.46497515688212e-71,2.58088212931776e-53
01,66069781,A,G,0.0323632053611959,1.89168649619368e-25,1.57985800239102e-38
10,99094436,G,A,-0.0404104952847594,1.02535519090028e-101,6.38784312842632e-52
06,135419037,AC,A,-0.043917995821768,1.64806700169127e-84,1.67557944936459e-50
01,36943916,G,C,0.0346334652382483,3.22599272161325e-99,3.55270789006535e-48
01,36947936,C,T,0.0988761194657316,2.05430379506197e-15,1.08591599279552e-21
16,30485393,C,G,-0.0360240665783573,5.53489109584947e-131,3.24688936395788e-46
11,308314,T,C,0.037110841348917,8.55967753081006e-97,2.92519093962236e-45
08,130611749,CT,C,0.0388112973534417,1.08012040239646e-108,3.95906728305061e-44
08,130624816,C,T,-0.0586725609745677,4.25428811593899e-20,3.66832270495729e-17
02,113844174,CA,C,0.0344455133079042,6.75441844285006e-95,2.33803767392095e-41
01,236104981,T,A,0.0526403649318369,6.28292798673196e-50,3.29719266325815e-40
08,61650831,A,T,0.0441819971814072,3.69365566623688e-53,5.24793819792821e-40
08,61475573,TA,T,0.0183966441700281,2.22391337541039e-23,2.6060958029025e-09
19,16495774,C,A,0.0402736259257867,4.4531826820082e-59,3.20290329764988e-39
01,159175494,C,T,-0.14212654023973,4.9758997589265e-40,5.57922236474265e-39
05,131705458,G,C,-0.0326598429080613,3.52981287676662e-107,9.12250828225848e-39
17,38072727,T,C,-0.02881743791736,1.07304144944796e-74,3.86057896632784e-121
17,38059899,T,C,0.0674820021282916,2.52662162706287e-63,4.99562326703767e-61
17,38068373,G,A,0.0468972392821301,2.64876555205198e-73,4.72525717712799e-73
17,57830473,A,C,-0.032466624319753,1.0179481320105e-98,2.64448222733899e-38
13,28604007,T,C,0.164871823892739,3.3124469770086e-46,1.15931365501805e-37
13,28620036,T,C,-0.0266053311968715,1.09274472631925e-49,8.85776962043782e-16
02,182324186,C,CTT,-0.0293406531248197,6.47813176515752e-49,3.37449089546617e-37
02,181918326,ATC,A,-0.0222770284500242,1.93334035838126e-18,3.99404215293487e-19
02,182189550,G,C,0.0181468382589632,9.35055743947695e-18,1.35588942220961e-20
04,83547862,G,A,-0.0406667460544727,5.18138017612811e-52,2.84171083275388e-36
09,136138765,GCGCCCACCACTA,G,-0.0398435429461207,5.678886582867e-49,3.32291786582194e-34
01,114377568,G,A,-0.0485568385573766,5.12484798409642e-39,5.59714602833057e-32
14,25461989,T,C,0.0298815056091521,3.16526233956178e-70,2.35983124148312e-31
15,42248826,T,C,-0.039759254673229,2.94038823787875e-28,7.02137005087154e-30
15,42226255,T,C,0.0171312500633551,1.86289165867411e-16,4.89509215803161e-17
02,219020958,C,T,-0.142477692977243,1.8036906355674e-30,1.26197343337882e-29
05,173205282,G,A,0.0303124817609971,5.16327734394181e-34,2.72603322335763e-28
05,173075213,T,C,0.0173445713567411,2.60308194892359e-19,3.23462924703098e-13
11,47974373,C,A,-0.0291613676742653,3.73502910250164e-55,2.96182299163785e-28
07,45009341,G,A,-0.0374265095719082,1.87914175522018e-36,3.78922236367498e-27
03,196518623,G,A,-0.0266237549705936,3.55763317673822e-60,1.50687603448228e-25
09,21990457,T,C,-0.0278822875883519,1.36799320650414e-34,2.90016334262526e-25
09,22151139,G,A,-0.0290547191430577,3.36447550203166e-20,3.36775645303498e-19
08,142329460,C,A,-0.0232475553214314,2.25730496815994e-24,8.36827587022622e-25
08,142239318,A,C,-0.0195558375464778,4.83219014531972e-18,6.16581575552482e-20
09,113892634,G,C,0.0308093772857584,7.54766553173117e-38,1.32508051569386e-24
03,47087837,T,A,0.0261638630358981,3.05912950560361e-55,1.50647553480924e-24
03,128381270,G,A,-0.0270919809069579,3.92383063427045e-35,2.51233013116912e-24
03,128320345,G,T,0.0249855294813015,3.38572505170673e-11,2.25149308501512e-12
02,160676427,A,C,0.0340007247600515,1.60394004324201e-33,2.96777736164124e-24
17,2005255,CAGA,C,-0.0316120760093448,1.28270052767652e-35,3.58700563421639e-24
17,56356502,A,G,0.112753409182695,1.40874635147599e-24,5.37195906415488e-24
01,247601595,C,T,-0.0256830727118224,6.02190602371123e-36,2.75455078860692e-23
01,248039451,C,T,0.0226261999407477,4.953054169733e-25,1.17324621603196e-17
02,169709757,G,A,-0.024849811726729,4.20240763967299e-61,3.33270481233551e-23
12,9896953,G,A,0.0264132288454497,8.03832055624437e-45,4.25122720084668e-23
10,28781367,A,G,-0.0295562309454887,3.46863688633583e-36,5.0481722078133e-23
11,113987256,A,G,0.027035538774913,4.39009787950151e-41,5.543853563573e-23
11,113958142,GT,G,0.0221451206503658,2.25333984896698e-32,1.92607325131464e-15
03,42902022,T,C,-0.0253193628797429,1.30847328495434e-49,6.54668489882429e-23
04,72605517,A,G,-0.0271729647070611,1.33713225330613e-40,6.90588801718992e-23
19,10391611,G,T,0.0254786227026168,8.41471782770227e-24,1.07671428618507e-22
19,10666450,T,C,-0.0197424332512578,9.60040470057465e-14,1.24327808169256e-12
19,10531224,C,G,-0.0154516563991644,8.37798360574025e-18,2.53923521110283e-11
05,141510261,CA,C,-0.0253535881671483,1.2857243658228e-50,1.96372879611284e-22
16,84582965,C,T,0.0292648807121213,2.95989164520732e-34,2.68152041535178e-22
11,128310346,G,A,-0.0289195493709837,1.87036423100122e-29,3.39207116523551e-22
11,128119264,C,A,0.0199521288382506,4.61754338921764e-18,1.19039862233649e-12
06,32678347,G,A,0.0502067410582643,8.10017892052185e-127,8.20723741640051e-144
06,32666526,C,T,-0.0485850704332324,3.5885486064152e-48,9.47731615732283e-116
06,32740411,A,G,0.0285457666191504,5.13285110868655e-34,3.85699454475713e-68
10,65161903,G,A,-0.0242365910591954,1.19439095435046e-58,4.90472463675725e-22
02,27730940,C,T,0.0247105439171404,1.89453157630825e-48,5.44536363602815e-22
08,68842927,T,G,-0.0244617692362657,5.83557737145548e-49,8.25696537868338e-22
08,22966769,A,G,0.0311758548846106,1.16122263836467e-29,3.04847686965172e-21
06,35266231,C,G,-0.0307320825771572,1.35556678652894e-28,1.85172662348373e-20
01,208035434,T,A,-0.0269287969002254,2.11044233661138e-32,2.35211594305063e-20
03,12266804,A,G,-0.0237862658684082,1.18498934749332e-44,2.60473142701541e-20
06,7140831,G,A,0.0292263385204667,1.04086044271204e-29,3.10132141070304e-20
19,7827830,G,A,-0.0324736099831046,3.55321709391482e-27,3.62796274016573e-20
08,79014245,G,T,-0.0322316107651193,2.45511683791172e-26,6.84399618356435e-20
01,161542235,A,G,-0.0391239668173204,1.07778574435603e-24,7.07572725570847e-20
12,50691165,T,A,0.02375996612031,1.50325689807461e-40,7.46089129215004e-20
20,8609588,T,A,0.0228665888199115,2.83285277637808e-55,7.91906617308588e-20
17,72720728,T,C,-0.0284784491721265,4.26277034025132e-28,2.18959230743285e-19
01,224602173,C,CATTTTAATCAGAATA,0.0285706248925173,1.18751760743849e-28,2.55166204219918e-19
15,51101606,C,T,-0.0227886936935665,2.18169237125491e-46,2.93807043299418e-19
02,61633837,T,TA,-0.0226482466440003,1.25209619016787e-50,5.05785886698202e-19
12,88845035,G,A,0.0242490757236142,9.75847198532969e-34,7.58836288971035e-19
02,65642097,A,T,0.0226313108026293,7.1859856800999e-43,8.07607148992409e-19
06,16744687,C,T,-0.0288476717999635,1.0443520727309e-25,2.29866691725522e-18
19,1008358,G,A,-0.0236326646549608,9.58571440485513e-24,3.75869959876547e-18
19,1074000,T,A,-0.0184230334840749,9.50046235478164e-14,1.17162345856921e-11
09,139319847,A,G,0.0239316350560025,9.37845112453317e-32,3.89491794815047e-18
07,130742066,G,A,0.0246213581228702,2.67246083973875e-27,4.04924720553593e-18
07,130575884,A,G,-0.0299086762153987,1.02215774732003e-13,1.2259272830236e-12
05,1285974,C,A,0.0234483225139329,1.97694479290161e-34,5.10985413764527e-18
04,57769824,T,C,-0.0278211372553326,2.30332492314059e-25,5.83882285539558e-18
22,39557340,T,G,-0.0217173715037978,2.86036372339603e-45,6.68248036788807e-18
17,17707105,C,T,0.0218182303337641,1.26974226847976e-39,1.77841989802083e-17
04,55408875,A,T,0.0260864773428645,1.78373391842724e-22,2.05851836116602e-17
04,55521017,G,A,-0.0208824341265169,1.77244612272043e-33,3.68215735674142e-15
13,114192125,A,G,0.0218753124828181,6.94150114476823e-38,3.56011232787363e-17
02,143886819,G,A,-0.0317961355618242,1.35275737800691e-21,5.67245305443505e-17
10,44880260,T,C,-0.0227677904285346,6.89932311118012e-31,5.79858242980347e-17
20,39271006,G,A,-0.0190543457560737,1.70028237796229e-30,5.81618833250108e-17
20,39118662,C,T,0.0307728296117429,6.54732384838285e-13,5.69725617820232e-15
02,24610501,G,A,0.0236296645024541,8.92349274818104e-29,6.31663792291685e-17
05,71744080,AGGT,A,0.0320958132560628,8.63724729463547e-21,1.05985970228859e-16
19,51736383,G,C,-0.0220644941037338,1.03081235840925e-31,1.6331326178603e-16
07,36084529,T,C,0.0213131209424965,1.34006080468519e-34,1.7283139837781e-16
02,160866274,T,C,0.0504574337641589,7.33321785170008e-16,1.37915181950771e-18
02,161340963,G,A,-0.0178634358327531,2.17484132829097e-33,2.16513778586825e-16
04,3231148,G,C,-0.0212133416856956,5.29482285681072e-36,2.44589609508157e-16
02,12889030,A,AATT,0.0212523061247134,6.02604329476722e-35,3.28291424156317e-16
12,4333159,C,G,-0.025054995254301,5.57354299510285e-24,3.29466967213609e-16
14,93118229,C,T,-0.0260092209704641,2.52972179136224e-19,3.36398016739472e-16
14,93016815,A,G,0.0165701437220822,2.93647750083548e-15,4.23850475093637e-11
14,93516398,T,G,0.0244206758072363,2.1839935894598e-10,1.19825079796787e-09
15,101713668,G,A,0.0309036567774807,2.77097101049558e-20,3.98754406682185e-16
06,109602443,A,G,-0.0202214783978426,9.05860211837048e-42,6.33413563420536e-16
12,6499533,G,A,0.0298721455775513,2.59907303256328e-18,6.77217105874458e-16
12,6445982,C,A,0.0169253197636635,1.57198694123574e-25,5.3476351187403e-11
05,148200553,A,G,0.0203941449345632,4.63764274142849e-40,6.8198303659474e-16
11,122519979,C,A,0.0304340605515854,1.43310120105275e-19,1.33149540935545e-15
10,126324077,G,A,-0.0218054712663662,9.55452167275299e-28,1.54796702306633e-15
10,73508791,T,C,-0.0176202852152202,6.81334661394638e-24,1.55714356436937e-15
10,73520632,C,A,-0.0246062101783074,3.48084003504865e-09,1.54389191641082e-12
01,31231680,C,T,0.0256230725409838,1.74663128668824e-21,2.49467475043723e-15
17,16172980,AT,A,-0.0198196027627426,3.16094889727825e-40,3.51868984695154e-15
09,288414,C,G,0.0270131031275023,2.90477995484869e-20,3.93846834530455e-15
10,96108697,ATAACCC,A,-0.0226724159145505,2.93081169591697e-24,8.49344113273049e-15
08,129001189,G,A,0.0218723728919391,1.43610253941768e-24,1.06211351687953e-14
06,90981085,TAA,T,-0.0200685500850119,2.47457545926437e-33,1.24319937185848e-14
06,21382765,G,T,0.0198774475700571,1.93263037093277e-30,1.33420631847751e-14
04,701327,C,T,0.0210642929045479,1.22863126868993e-29,2.12284531176428e-14
02,101735833,CT,C,-0.0198597821978878,1.34088177930519e-29,2.28726517032251e-14
06,122808096,A,AACT,-0.0196680205594217,9.83761575321423e-41,2.47887202397305e-14
15,64672002,A,G,-0.0403873298051659,5.86357831135676e-16,2.5392654006584e-14
04,36312542,G,A,0.0473084075399684,2.22900583205803e-15,3.44324681328153e-14
02,237780727,C,T,-0.021716383568983,3.07690106786553e-23,3.5161157089999e-14
05,156442784,A,T,0.0250044860044899,2.29542789135341e-19,4.16037799132103e-14
21,40463283,G,A,-0.0217975363276872,5.91332236031876e-23,4.5469598568224e-14
X,153525595,G,GT,-0.0277357784039946,6.82545477642125e-16,4.72547873250984e-14
01,234923446,A,G,-0.0200674634261565,4.43513646824914e-35,7.29433395803464e-14
13,108960380,TGCTG,T,-0.0710053422296581,1.98901841884369e-14,7.58400796631408e-14
01,101284306,T,C,0.0188038197729019,1.49774149598607e-32,8.91822974427274e-14
