chrom,pos,major,minor,beta,p_value,gwas_p_value
18,57848651,A,G,0.042727170632846,7.08880766250779e-184,4.50131783132331e-115
20,34025756,A,G,0.0367631958668993,1.87765392814652e-264,3.16063843057029e-114
16,53806453,A,G,0.0314221553847551,2.04006342518665e-194,8.60546181506175e-84
03,141105570,A,G,0.028685982145269,2.35181206191622e-185,6.56132910461513e-72
13,51116901,G,T,-0.0326101740836965,1.28798786912866e-97,3.11539692654439e-69
13,50655989,G,T,0.0786187803964324,1.19330158397599e-41,1.83446155196144e-45
12,4384844,T,G,0.104214782947023,5.60449298175892e-69,1.66226886854953e-65
06,34620153,T,A,0.0364237459631214,1.53355267829069e-69,2.06651166438209e-59
12,66361453,A,G,-0.0258190062551288,4.34766576204523e-170,1.02186304575572e-58
06,126704795,C,T,0.0257801193593534,9.4982542258876e-146,4.54535048699632e-58
07,92250140,T,G,0.028359567416701,4.19765125537403e-97,1.5239558704351e-56
06,130374461,A,T,0.0280827720529348,5.24342227125512e-93,6.37669124458342e-55
08,57122215,T,C,-0.0349027787726032,7.40117829552385e-60,5.75135228660906e-53
08,57185471,C,A,0.0186604145997858,5.51826220858669e-33,1.05971089128858e-26
02,417167,T,C,-0.0557260852100718,4.43845440977185e-55,9.6577361948217e-49
02,632536,G,A,-0.02954047163577,2.58707957276618e-61,5.54132088504829e-42
17,29206421,G,T,-0.0281929301347965,2.88810877777398e-77,3.76414535553853e-47
13,51064533,CCT,C,-0.0278953839003727,2.50122270752633e-86,6.02564858000224e-58
13,50565104,ACT,A,0.0775658810724388,6.26081352164823e-42,3.39279065735708e-46
18,20737641,T,TTAA,-0.0273883043262327,7.47876337425995e-71,1.18503795769411e-45
04,17922866,A,G,-0.0253892926356252,7.76046717633262e-41,2.41097615786419e-45
04,17956213,T,TG,0.0180644266812199,9.55988634929822e-38,3.27426241270778e-38
06,31840021,A,T,0.0222033157577847,1.60773536041545e-55,9.1592237641253e-45
06,32187721,A,T,0.0129365490744658,3.2632110896744e-18,6.97816303822276e-20
X,78655777,G,C,-0.0190669177942078,7.45986242573484e-78,3.79527412919042e-44
02,27730940,C,T,-0.0227724645783543,5.51020807017703e-100,3.82365792408622e-44
01,78444764,C,CGGCCG,0.03396172087367,3.7392009751151e-57,8.24071774652738e-44
09,119124535,T,TAA,-0.0275128885829242,3.71828205633593e-65,1.15433886900151e-43
17,61996255,C,A,-0.0299946073439626,6.61555437325588e-147,6.39473442688059e-43
17,61996273,T,C,-0.0392411208475128,7.70785219650129e-62,3.67849629964387e-22
14,61072875,C,T,0.0218097295422598,6.00620231016057e-90,9.63008637637987e-41
01,154989823,T,TGGGGGCAGTAGAGGGGGCAGTAGA,0.0217982161910501,2.68241117256586e-46,2.11140095189068e-40
01,177889480,A,G,0.0258126528645831,1.64317149590958e-59,1.99008338289627e-39
12,93982332,G,A,0.026681928316164,4.60145664763131e-56,5.38896258627e-39
12,94136009,C,G,0.0162953445557964,2.72386450930821e-55,1.07359666488553e-18
04,145568352,C,T,-0.0216930492162274,1.6389207527644e-31,4.4499666339911e-38
04,145839264,G,A,0.0144453730732287,1.28050249466865e-45,1.14082877593769e-33
07,150668070,T,C,-0.0194953959882367,4.52675875522225e-57,2.13006581803231e-36
07,150554553,C,T,-0.0200547265638114,3.9879030989849e-12,3.92711395542754e-17
16,30042677,G,T,0.0203581633578526,1.07628490668639e-82,4.82386701957244e-36
07,2859847,G,A,-0.0209790736180673,1.52092165536666e-61,9.17420347599535e-34
05,122699198,C,CTA,-0.0188224117840704,2.45275425618042e-84,3.8517339267208e-32
06,19839415,C,T,0.0416580370228894,1.06498977594149e-32,7.07777898436448e-32
06,19724989,T,C,-0.00938647417392456,1.42114715708946e-18,1.29748185333514e-09
02,172416533,C,CTTT,-0.0215410869062504,9.91305478659579e-52,1.16063787636261e-31
06,26180634,G,C,-0.021234321501275,4.53452103094602e-52,2.55476480017918e-31
08,135578636,CAAAAAAAAAAAAA,C,0.0190357560182091,5.47170507001832e-71,1.25699890905107e-30
08,135649848,G,A,-0.01475775718084,2.29711762055837e-20,5.50183296010584e-25
08,135739377,A,G,0.0165626326848107,1.44531366675224e-15,7.05806094182483e-09
20,32274380,G,A,-0.0191631783140105,1.62208035509262e-34,1.44900726969167e-30
20,32595626,C,CAA,0.0126097973243338,3.89501030013439e-31,4.9650567748487e-19
01,41544279,T,G,0.0193529191768786,7.57492854255207e-60,2.11376335971028e-30
06,41909521,C,CCG,0.0366332721681329,3.31363148128243e-33,2.85215388521104e-30
06,41903798,C,A,-0.0684306762974087,5.08318328026687e-23,4.50211281099895e-24
02,218278503,C,CTGTT,-0.0188769457954348,4.84785274451342e-41,3.35874955595227e-30
02,218146818,T,G,-0.0157686438161627,1.0412097532134e-22,2.95386499800605e-19
02,218604987,C,T,0.0171987050223458,8.74065967043169e-09,1.29117400929482e-09
17,7571752,T,G,0.0836535425136063,5.27047161644497e-31,2.93195501826572e-29
17,7366619,T,C,0.0188685709370622,4.69744043727842e-20,2.22840785388605e-15
17,7570978,T,C,-0.0231932637644866,2.43891555020517e-09,5.93161231683371e-11
20,33430974,C,CA,0.0156297911014427,2.51205602028054e-51,1.89809874896071e-35
20,32505658,G,C,-0.0217031297553492,9.40320963964833e-19,3.64744725913469e-24
20,32678560,T,C,-0.0380236143886793,1.00567952639909e-10,1.53659152099509e-12
05,75003678,T,C,-0.0182126237920337,2.01728416672017e-64,5.09002328110382e-29
11,67024534,C,T,-0.0316683203125601,5.68670304038286e-33,3.73923956186866e-28
04,106215108,TC,T,-0.0179176746322354,6.83791215476709e-65,4.19261748756976e-28
06,7702659,G,C,0.0178186438147999,5.75770311311783e-60,4.8441950820374e-28
06,7231843,G,A,-0.0169952354373894,6.7825213545574e-12,1.1626774376743e-10
06,7800306,G,A,0.0116062752603925,1.74510997985685e-08,4.09006899195074e-08
06,108876002,A,G,-0.0167859949660613,7.62091007195661e-51,6.06390246349291e-28
06,109032609,C,G,0.0269652127205234,7.1617876329661e-09,2.8188475287556e-12
06,152168974,T,G,0.0175616957836858,5.22574619041707e-50,7.65728064859895e-28
06,151727545,C,T,0.00936999960258035,8.74968238977777e-11,2.22776742462088e-08
16,2160503,T,G,-0.0231294365144854,2.54703046587479e-33,1.7169733285407e-27
16,2266173,T,C,0.016670615923506,1.76617209019891e-32,2.42854997062957e-21
08,78105153,C,A,0.0184705656542999,1.51343181969414e-43,8.50786502237481e-27
08,77761919,C,T,-0.0243312342674699,2.49622859470021e-12,1.14179027693009e-12
03,185490184,A,G,0.0245887223690331,7.16938183785923e-25,2.1612994458488e-26
03,185828465,T,C,-0.011986488245439,7.60921275819462e-10,2.22914304274209e-12
03,185371172,A,G,-0.00905466253860108,1.61767913751969e-14,5.41186856826716e-13
06,142716286,G,T,-0.0192942309913556,4.40607920152859e-37,2.68350030967111e-26
06,143200936,C,T,-0.0098182143794604,2.26965870010179e-10,3.36048792370806e-09
06,142574653,C,T,-0.00944545003190175,2.22367756925728e-09,3.35109474988171e-06
15,99186488,G,C,-0.0265786245622412,6.43844286925696e-43,3.1891738985359e-26
15,99214192,TTGGAA,T,-0.0238401384781473,8.83255271773638e-19,8.71053815170653e-12
15,99395834,C,G,-0.0180985826775822,8.65839807681531e-22,4.46212625672017e-09
05,42687629,T,C,0.0188818905361448,3.13876675007828e-15,6.88980510705303e-26
05,42290110,TA,T,-0.0121709561807493,9.59500878756693e-17,2.60688120605369e-16
05,42641962,C,T,-0.0108199574655513,1.86956715886274e-19,2.5875663400694e-18
12,124820705,G,A,0.0223346633073652,3.04820986213625e-34,4.49040786299966e-25
09,98217348,A,G,0.0286155001869328,7.45698704183445e-34,7.7134991456421e-25
09,98316094,G,A,-0.0227447206893734,5.27164088314538e-17,1.33226616196852e-23
09,98192383,T,A,0.0127293888118699,3.20237818008341e-23,8.21922010355139e-10
10,102661251,T,G,-0.0167547624277989,1.579169462829e-52,3.54288263895871e-24
10,102317555,C,CA,-0.0138742094605059,5.42389279435846e-15,5.17236029599785e-11
12,46752872,C,CA,-0.0142097153940566,6.42939154627647e-39,3.78654586270406e-24
12,46764254,A,G,-0.0301907086241614,2.66038392864464e-07,8.04659563160543e-12
12,46791289,G,A,0.0161215995407598,9.67855787847434e-08,2.6793829995147e-10
02,56106928,C,T,-0.0164946253401135,5.79638960747057e-27,1.20072016397867e-23
02,56076480,C,G,0.0135591392094594,1.08148400957076e-12,4.28423042504578e-16
10,96038686,G,A,0.0146016639010209,1.29766603195489e-35,1.34905366620648e-23
10,96085377,T,A,0.0146962828366935,1.21351606381245e-10,4.71124857883914e-14
04,145868325,G,A,-0.0167926888348886,7.17481841585538e-43,9.61933108260176e-34
04,145605025,A,G,-0.0162173110878852,5.18295240064334e-11,1.02922585616148e-25
04,145999583,T,TA,-0.0216511552039104,8.53999697324437e-09,3.83108494795148e-06
01,176787749,C,CT,-0.0169190874396338,1.2349654731545e-52,3.31902471179258e-23
01,176566012,A,T,0.0199598015280237,3.35590759413477e-11,3.16348027879019e-07
01,176521655,G,A,-0.0246086521624102,2.42963906181548e-07,4.34305487032761e-11
16,4014282,G,C,-0.0164589748278946,1.00623134301036e-40,4.9695296879556e-23
16,3583173,C,T,0.0101147588181644,6.50814606982725e-09,8.67764386714455e-07
07,23513093,C,T,-0.0181958291244083,4.6988110490372e-37,5.96929552254826e-23
02,23896049,G,A,-0.0124756554864407,6.54296139805805e-19,9.41812081295631e-23
02,24142058,A,AAG,0.00987238995402484,4.01627566617147e-20,1.75800916312804e-20
05,127357526,C,T,0.0181055755440493,1.17843324822346e-36,1.35060407176975e-22
11,68388220,G,A,-0.0200838950502579,4.00371087492888e-23,1.3920862804635e-22
11,68077048,C,CT,-0.0090002159285924,2.11658975320693e-16,8.75924366085106e-10
06,109781301,T,TCA,-0.0158276612184205,7.70416549313594e-52,1.71581340668748e-22
06,50787576,CGAGGTGGGA,C,0.0242182332393275,1.21826317158394e-30,1.87323840725275e-22
12,111884608,C,T,-0.0153994008124136,2.47171775954516e-60,3.31921844442449e-22
12,50263148,G,A,0.01583529379233,9.13422373401121e-48,4.08434318047356e-22
22,42070374,A,C,-0.0259209243167889,3.95634092463007e-26,1.12956720833615e-21
06,29355148,A,C,-0.0123703962242346,6.15800860299877e-14,1.19867562522922e-21
06,28912076,C,T,-0.0127696567033873,1.58781104609479e-07,7.4049656199868e-19
19,47557098,G,C,-0.0160646867648695,1.07672410367182e-26,1.33027927580417e-21
19,47688034,G,T,-0.0321592092821156,1.22344217001393e-06,3.23812766056078e-11
02,211540507,C,A,0.0163003383346918,6.07039638345261e-40,1.39289421054409e-21
15,89397827,A,G,-0.0455026539951908,5.89890481960632e-23,1.74948070497406e-21
15,89386652,G,A,-0.0148547394480999,1.02079951460002e-14,4.73163119363285e-10
15,89367562,C,A,0.0119316752083736,6.73090879912199e-26,8.85423536895207e-13
05,170864021,G,T,-0.0189406350287196,6.86556056681503e-24,1.77115080384965e-21
05,168256240,G,A,-0.0171272234450094,3.87142490366028e-23,5.28758684352761e-21
05,168312829,T,A,0.00768786404390167,4.82604929739245e-13,1.73535284057092e-09
03,172175074,G,C,0.0160350663231596,1.31545180000647e-25,5.50996320235705e-21
03,171969077,G,C,-0.0143334464290616,1.9182144018469e-39,1.08229869788849e-20
19,2176403,G,A,0.0149432391883392,1.94005436254067e-32,9.2699895563875e-21
19,2039727,C,T,-0.0270995654295206,2.83627097756809e-07,5.67632278455292e-06
19,2353368,A,G,-0.00760870923454009,2.39444780638765e-09,1.88664040668171e-07
11,2165576,G,A,-0.0189811664718853,1.31348351708843e-26,1.36293903609966e-20
11,2665357,A,G,-0.0178884021973127,2.93017506163231e-12,3.87744321336119e-11
11,2053669,C,A,0.0272356304318921,1.47737289147976e-09,4.34745437008665e-10
17,79093822,A,G,-0.0157007227750585,2.01437138888305e-30,1.57299515980785e-20
17,79420617,G,GC,0.00976516548380604,9.51738005896146e-12,9.62400654736616e-09
20,50951298,A,G,-0.0174220519956935,4.09355039235084e-25,1.64261425603195e-20
20,50807839,G,C,0.0134391004606474,1.87349455922886e-07,1.65139242276874e-09
11,27728102,G,A,0.0149534736493159,3.19204828939676e-28,2.12029984882916e-20
11,27650524,G,A,-0.011821815627095,4.2888909787279e-15,3.11312991133017e-13
07,72973854,C,A,0.0140199090867246,1.67383102124193e-22,2.82791387790921e-20
07,73121347,G,A,-0.00889060840038386,3.35938337001463e-15,2.7794484202376e-13
17,59494574,T,C,0.0153925943928791,3.67218085684565e-28,4.69335172554448e-20
17,59608726,G,C,0.00771977147591803,4.20954629096795e-09,2.0601371020137e-06
08,126498265,C,A,-0.0172281766307335,9.71037870459189e-32,1.01962999259245e-19
05,36803614,T,TA,-0.0143985745907794,1.64082211774373e-34,1.22499458420004e-19
05,36646032,G,C,0.00942726475254192,1.49757488766342e-10,1.46350504535227e-08
14,25948867,T,C,-0.0155651087491667,9.43096709744358e-39,2.0892502051047e-19
01,11220180,A,G,0.0165917775654753,2.04903631398298e-23,2.29596525016134e-19
17,43223316,C,CAT,-0.0142989934194939,4.77109133935068e-29,3.08868227279846e-19
17,42836124,C,A,0.0125323405682479,1.23176905867823e-09,1.55330822186849e-10
06,34589632,C,T,0.0363997021195045,1.34254394422618e-69,2.23772917545272e-59
06,160769811,C,T,0.0141861243294445,1.40764883632126e-49,5.31037500850254e-19
01,214638396,C,G,-0.0147258584828969,3.39375804049126e-41,6.5568268835685e-19
01,214736227,A,G,-0.0190237747478015,1.7840011668137e-06,2.42546348648318e-06
12,116196316,CAA,C,-0.0171514818467902,7.80559573134361e-23,6.84638497201686e-19
12,116632928,C,T,-0.0110333636003605,1.36273857618677e-07,3.24086724992168e-08
03,50022069,G,A,0.0137979182416096,1.24181486653597e-37,8.82373833154597e-19
19,30286450,G,GA,0.0151805635979354,5.93062785730546e-30,1.13618386779646e-18
19,30709841,C,A,-0.0106645364975027,1.1652326423397e-09,8.6049668714097e-08
X,137050402,C,CT,-0.0144885483062746,4.14752980986627e-13,1.47226191540784e-18
X,137082312,C,A,-0.00676749948055257,9.20978144895127e-11,1.28245746726954e-12
05,176509193,T,C,-0.0161610819060089,6.17756406023301e-27,1.97577726083513e-18
05,176980904,G,A,0.00997737918873716,7.3563817650977e-11,1.62401494635147e-06
05,176337556,TCA,T,0.033526479299974,1.45956828413462e-06,3.32704330386693e-07
13,78474468,C,A,-0.016437202896643,1.26264618139563e-28,2.49221963965484e-18
19,10748073,G,C,0.0149180077002114,1.48405267614635e-25,2.90688796095445e-18
19,10301469,AATAAAATAAAAT,A,0.0162057442511349,3.34125316276681e-07,6.03410485472425e-08
19,10418784,G,A,-0.0082092699481982,1.48889588346746e-09,1.97221684516822e-06
09,99106848,TA,T,0.0172391568299855,1.39579774737541e-25,3.16662435710884e-18
09,98613633,G,A,-0.0206194533011855,3.68625007567916e-07,3.97831555262116e-07
X,78792528,G,A,-0.015016820864397,1.89739605689775e-43,3.0985489546415e-38
X,78911186,A,G,-0.0149519514299947,2.07465476443352e-07,1.00324753570749e-19
03,9975386,C,G,-0.0175875754266494,8.91005437642617e-27,9.98645755788991e-18
01,51037660,G,GT,0.0247094345994736,8.16510121311463e-21,1.22681814795617e-17
01,50572096,C,A,0.0104172815555463,8.45711082511258e-12,2.36745850820288e-07
01,33774752,C,A,-0.0141552592147138,2.07120874053985e-25,1.87716716799017e-17
01,33295956,AT,A,-0.00984588255958669,3.65532153118842e-07,2.14485298840581e-07
12,122820960,T,TAA,-0.0151859566725334,7.20541781910655e-18,2.37942423271957e-17
12,122583781,A,G,0.0109684415414417,1.68303308111225e-19,1.41511888259731e-16
12,122357049,AT,A,0.0141309589864803,2.16254534109319e-12,2.20290269792804e-13
07,46642308,T,C,0.0135506263454701,6.58450715753285e-33,2.76087360899068e-17
07,46557704,G,A,-0.0166228956243014,3.1920606006707e-15,5.33748782348389e-14
07,46734307,G,A,0.0119404274683832,2.46116701051608e-15,1.51613298055074e-08
06,140623538,C,T,-0.0156531195009475,2.45561462429349e-27,3.11736893202819e-17
05,67596088,G,A,-0.0118393866025654,6.42945836587158e-25,5.07267369117513e-17
05,68034736,G,A,0.0100724094050318,9.88350927416978e-08,5.77141145775847e-08
05,67628886,T,C,0.0084736327871317,3.79758657702064e-08,1.55098908222611e-09
03,183976103,C,T,-0.015131921315765,3.8269245689185e-17,5.30150402159571e-17
03,184010048,C,G,0.00974197086065008,3.19140137342102e-12,3.58603301969723e-12
01,218597297,C,G,0.0157023557794849,3.88662863698875e-29,6.32167319555003e-17
01,218986185,G,C,-0.0154828761541049,3.44046544855207e-10,2.45816414907455e-07
12,3338920,GCACAGCTGGGGCTGA,G,0.0148454315365014,8.75067220859064e-17,7.27266339551088e-17
12,3393100,C,T,0.0248448383062535,3.57079716841488e-14,9.07218212787821e-15
12,3295708,TTGTTTGTGTG,T,0.0112478857525902,4.63851939656343e-15,3.59667934519109e-10
05,130240285,C,CA,-0.0162891107342262,2.96560044307967e-25,8.23475616016596e-17
05,130479497,A,G,-0.0123081530773237,4.48565783989658e-07,5.46874230143966e-06
05,139051015,G,A,0.0137679836414161,7.5352654153969e-35,8.33099936281981e-17
03,128992047,A,G,-0.0140491666009393,7.48969893944871e-20,8.42399726449054e-17
03,128966302,C,T,0.0182062308790851,2.64027853982352e-11,1.88194084910202e-13
08,130721793,AATAG,A,-0.017064565027277,6.42125195525796e-21,9.59400243969987e-17
08,131033480,G,A,0.00846058093059632,5.79331434264975e-12,1.5852172822484e-06
01,172105257,T,C,0.0137922775623974,3.78119190006982e-27,1.08380806867677e-16
01,172186310,C,T,-0.0164484599063002,8.78608965843984e-10,1.09854509115209e-09
11,30443688,T,C,0.0143344029456991,6.85828413765562e-30,1.2212109101404e-16
02,223960207,C,T,-0.0147112415388709,2.33060095286843e-28,1.37808479976812e-16
15,67007813,A,G,0.0147549401129481,2.46546413588857e-23,1.4092137428788e-16
15,67457698,A,G,0.0211745495666966,1.37774757329613e-10,1.58861233572835e-09
15,66514155,C,T,-0.00873045127057765,7.27956141743821e-09,1.28845927219774e-07
16,783865,T,C,0.016252052627098,3.84238700059343e-21,1.50769426215592e-16
16,1113847,G,T,0.0101480316484174,1.53306161546294e-14,5.40178611228661e-10
16,359953,G,A,0.0102090881493573,1.96717018397196e-12,1.37372471080269e-08
02,71533300,C,T,0.0129418104818405,2.35103744284252e-24,1.9608765595139e-16
02,71889624,GTA,G,-0.0165719900914933,3.71487141842271e-08,1.16927565266209e-06
02,71958480,C,T,0.00829692368362243,1.06405341710214e-08,6.47303271581846e-07
20,34551507,A,G,0.0272439607250477,4.43551483661066e-46,1.39977261007897e-39
20,35529001,C,T,-0.0202363338360487,1.50994208838418e-22,1.84293098014631e-13
20,35002849,G,A,-0.0239906316743692,9.08564958316331e-19,1.14119707999437e-18
12,11880608,TAC,T,0.0136638844944698,1.29460503474821e-32,2.83956466221409e-16
05,95728898,C,G,0.0139777739491726,2.01009208402547e-18,3.05740325598665e-16
05,95865500,C,T,0.00908771687395643,5.58952643439729e-13,1.04017935017865e-09
19,8670147,C,T,-0.035313647198194,2.2254390427301e-16,3.09140654008177e-16
19,8513894,A,C,0.00785617191371561,2.02740490575658e-10,7.72366319577964e-07
15,62274940,G,C,-0.0130382663388853,1.06905618056546e-40,3.16678586467815e-16
01,205685352,T,C,0.013269084372423,2.54007902142208e-35,3.20521673573816e-16
11,43878459,G,A,0.0144340366147431,1.24228862641986e-28,3.29185774548516e-16
11,10126097,TG,T,-0.0113660649986108,6.05509898478051e-23,3.4745973000827e-16
11,10393468,G,A,0.0080419976744755,2.4979324556605e-12,9.61676463415413e-11
07,28174957,G,A,0.0143284802964435,6.33549973851959e-28,4.46329854262511e-16
12,123759417,GAA,G,0.0161643624533973,5.88542232816869e-18,4.4655163497881e-16
12,123329101,A,G,-0.0119505759877379,1.57438695217857e-09,6.03831234670241e-11
X,129251524,A,C,0.0108998217945905,5.72956085841026e-30,4.5366158541027e-16
05,77401087,AGTGGACTAACAAC,A,-0.0141217891025554,2.13571390435662e-20,5.88692811527327e-16
05,77631634,A,G,0.00968172043495986,1.07123568061984e-09,6.99967738899076e-09
06,80959985,TC,T,-0.0117655236687874,4.62933494629757e-25,6.73510592571301e-16
06,81447478,C,G,-0.0106945391203566,1.29981631085602e-15,1.98668488330589e-08
06,81050236,T,C,0.0149024660837623,1.53587843141233e-07,3.00537184501309e-12
05,87755411,A,G,-0.0145681870689496,1.49261393103637e-15,6.89610187822573e-16
05,88251136,G,A,-0.00745533959868483,8.81501051423214e-10,2.91227435047791e-07
11,2813322,C,T,-0.0481381950381596,3.05990369906012e-16,7.64487147453059e-16
11,2696744,A,G,-0.0135870124596787,1.69104687324489e-15,1.79690769506435e-11
11,3128823,G,A,0.0160541900899423,4.4079754495628e-09,2.11392808549126e-08
04,88557753,G,A,0.0128746128565929,3.54759554208921e-42,9.28850339139353e-16
16,88804924,T,TC,-0.0134288978521353,7.07635798950692e-21,1.08572429299113e-15
16,88321027,C,T,-0.0291436806836341,5.46928883460041e-13,2.64003871891062e-12
16,88554317,T,C,0.00814185956546092,9.59023467141775e-11,1.28616430956604e-07
X,45634577,C,A,-0.0113868187522182,3.2468646049237e-20,1.1185113742464e-15
X,45226975,T,C,-0.00738620609083297,1.54961472361638e-12,2.93132685427369e-08
05,172779211,T,C,0.0128569451812594,9.3421911433289e-17,1.1501201343642e-15
05,172753555,T,G,0.0167683828970049,6.21500937175982e-11,6.71195657934842e-13
05,173269929,GA,G,-0.00983589737168278,1.29379724848578e-09,1.21007384007607e-07
17,68153968,T,A,-0.0184333021784696,5.26836682656276e-15,1.18037909638529e-15
17,68203546,A,G,-0.00886656514409056,3.78140178319232e-13,3.50784960042259e-08
17,68090207,C,T,0.0083501165472338,7.05443047387919e-09,1.98686992660855e-07
07,127015083,G,A,0.0463835266274051,2.93246905717742e-16,1.22656517572956e-15
01,56602992,A,G,0.0150570039043195,1.16376515000349e-23,2.0189845351531e-15
04,1012300,T,C,-0.0272086207912838,2.7326093748841e-14,2.09857755360204e-15
04,840616,C,G,0.010281300173387,2.66546429995511e-12,2.11437020292364e-10
10,25178864,G,A,0.0156180038485427,1.3145274924437e-16,2.12636438735657e-15
10,24860913,G,A,-0.00822761057813668,7.65921621062581e-10,4.65890234831118e-09
16,4948936,T,C,0.0126608766321423,3.20958218638944e-19,2.33893556174439e-15
16,4631802,A,G,0.0195405038781228,6.82628321990771e-07,7.31324681355917e-10
14,23750078,G,A,0.0129364796763909,2.24656417049023e-12,2.413815273474e-15
14,23299135,T,G,0.00947961979083558,2.42285883348143e-14,3.43219381907147e-09
14,23755607,G,A,-0.00902144185143275,3.70009327150915e-09,9.19154692514356e-13
08,116631278,T,C,-0.0154537612212774,1.33594807748582e-22,2.91294940156087e-15
14,24835773,G,GA,0.0130877302682278,2.20263074086817e-23,3.25439109280318e-15
14,24669623,G,A,-0.0137972726294432,3.35674073402803e-07,7.17305811615192e-08
07,76568137,TAA,T,0.0154577177103733,6.41435843378294e-17,4.21218123334553e-15
07,77052364,C,T,0.0138532286346878,3.49458315271773e-07,9.64384640689139e-09
04,122713863,A,C,0.0127557546792717,6.18371501572494e-33,5.50136077857481e-15
10,104829102,G,A,0.0128865181100277,2.911655733959e-31,5.52794417796323e-15
06,32571508,A,G,0.0216943778203243,1.17156265329378e-53,8.81361992406665e-40
06,32626881,C,G,0.0104731280738302,1.85407838635306e-10,7.48774343264912e-16
06,33276770,A,T,0.0107550592859076,1.2267026492667e-08,1.78396562975841e-06
08,120456193,A,T,-0.0133596885691503,1.43678572814181e-17,6.88096757146777e-15
08,120596023,G,A,-0.0250940849393264,9.4745090278175e-14,2.32667764495081e-11
08,120656895,T,G,-0.0089457147998763,1.55575505463149e-07,7.26783282929268e-06
02,183247431,G,GA,0.0125785323577367,4.22213913941815e-35,6.93688424909537e-15
21,39673981,T,C,0.0126500607897861,4.52104680726645e-22,7.66718294327773e-15
21,39983448,C,T,-0.0321403972839986,6.25761598305743e-07,1.58834533432596e-06
21,39235370,G,A,0.00753108204630679,5.4442517842564e-10,1.93450166641222e-06
20,21123431,CAAATAAAT,C,0.0134094065432674,2.87064195177488e-27,8.84387508803578e-15
07,93269463,T,TC,0.012527184169621,3.55296691172684e-33,9.12419809559983e-15
13,30177474,TC,T,0.0139342494732807,1.62776522309312e-24,1.09952961505981e-14
12,56364321,A,G,-0.0129654167562256,4.01627090354066e-28,1.15309069322004e-14
07,139749346,G,A,0.0158450084856982,1.31450061987542e-20,1.17622160609108e-14
01,155306195,T,C,0.0295928627568845,8.21448054688517e-10,8.85889281883955e-12
01,155321214,C,T,0.0292880301651054,2.32938247769024e-08,2.37999398113258e-10
17,47027359,G,A,0.0162849437389601,1.435474063923e-19,1.42064631943366e-14
17,46725779,C,A,-0.0245749386919117,1.35919942134572e-09,4.50740007350774e-09
16,28632021,G,T,0.0124951504903677,2.35393336592147e-32,1.54519062209988e-14
10,81136129,A,C,0.0120439078915834,8.6733377887886e-32,1.58639885104987e-14
10,81228378,T,C,0.0117844710678031,1.5023428365024e-08,2.36970517570495e-08
05,137603293,G,A,0.0148791929637926,1.62100347346585e-21,1.77566614736689e-14
12,991306,G,A,0.0147442812648278,6.49390039811065e-17,2.23032147403275e-14
12,588372,C,CT,0.00977942569481059,1.80476157687093e-15,4.89782484593943e-09
10,120434096,T,G,0.0121729703678346,1.08516757852509e-36,2.25231484582671e-14
06,126097374,G,GC,-0.0117879032882142,2.75646624253932e-30,2.5635796310793e-14
06,126594267,G,A,0.0158944327849725,1.15049445609491e-11,2.30699544843641e-10
06,126518883,G,A,0.0293569558164539,1.35926007392926e-06,2.32715028385905e-06
10,79572587,T,C,-0.0374894699658494,6.87046991002473e-10,2.75859491917057e-14
10,79659934,G,A,-0.0105022165505983,6.54808217196877e-13,9.94940729303257e-13
04,123832776,G,A,0.0142408289296108,1.00554604724659e-16,2.78023557329463e-14
04,123760527,A,AAAC,0.0215334227142741,1.19358782724409e-07,2.09319272275823e-09
12,103064247,A,G,-0.0129759938757024,5.19372037692155e-39,3.03892186842108e-14
12,103175170,G,C,-0.0235856446844091,2.32718566402014e-11,3.75830543841937e-09
12,102826653,CATAA,C,-0.0267022997003454,1.19290898337564e-10,2.18440874685153e-09
12,97792368,TG,T,0.0125109632595047,2.1613001787089e-25,3.39757205961001e-14
12,97604246,C,G,0.0105372451968951,9.29821694829136e-11,4.91748821973087e-08
12,97764804,A,G,0.0109799297873796,1.23558771953296e-06,9.9848888795501e-07
05,131271022,G,T,-0.0140913715296193,1.51934959246128e-37,1.96329190654786e-15
05,131618197,TG,T,0.0244597920046909,8.41124986726292e-10,3.07859151592053e-07
14,65520246,T,C,-0.0121134611466626,4.20101459668502e-36,5.15547524626579e-14
01,26432121,T,C,0.0145483748083314,3.2626827969959e-13,6.04230767902055e-14
01,26802548,C,T,0.00804378779038756,3.63337694721767e-13,7.30497992418029e-09
17,36925750,A,G,-0.0121340792060456,9.51154749395499e-34,6.10997726719278e-14
04,82184234,A,G,0.0134475340309882,4.63543990480495e-27,6.37085799790244e-14
04,81743389,A,C,0.0317243455812758,4.25423702872698e-08,6.82198211321449e-07
01,201800511,T,G,0.0122998551199981,8.23344674374356e-17,7.14437972335987e-14
01,202004254,A,ATGGTCACATACCTAAGTATGTG,-0.00960764859471347,6.58002841376875e-14,7.21502300454644e-10
01,202163832,G,C,0.00821638678130244,1.27079841729202e-07,1.36304174987134e-06
15,86276000,C,T,0.0119140225467407,4.36706297832973e-35,7.78243379488147e-14
12,57146069,T,G,-0.0203454499399245,9.03053143743067e-16,8.76877680830032e-14
12,57540848,C,G,0.0107212432824306,1.08429706652509e-11,2.89529322927423e-08
12,56928558,T,A,0.00887700897825678,9.9819689604738e-11,1.40106069677719e-06
06,81829439,GTTGT,G,-0.0118430336124619,1.20901121567546e-23,8.80335804151622e-14
06,81570143,CT,C,0.0208834531697869,1.44078620446786e-06,2.8514026447116e-08
06,19078274,A,G,0.0148119720564497,8.68500238143442e-20,1.03933453352105e-13
10,124131176,A,G,-0.0119877117512447,4.89791433735078e-31,1.05292506905689e-13
X,53628625,AT,A,-0.0102581285246818,2.59593240668456e-30,1.09588294440483e-13
17,63561592,G,T,-0.0163831993176201,3.07376006254456e-18,1.14609959688562e-13
17,29210595,G,A,-0.0192301565127885,5.51475149385928e-35,1.53108444502966e-40
17,29707521,A,G,0.0106342952439003,2.33190171591184e-21,1.17895083395531e-13
17,29285075,C,T,-0.0304661355185651,2.54394834619892e-08,7.91667130872746e-14
06,26207175,C,A,-0.0188423806101084,4.95102629560359e-29,1.85613522546737e-29
06,26543649,CTT,C,-0.00825789033781406,3.06090303024841e-10,1.0977161982026e-11
08,129224182,G,A,0.01317804897217,9.24224201483772e-21,1.63194009847731e-13
08,129464193,C,T,0.0144838200576193,3.25894179410756e-06,4.20684929022624e-06
18,56876563,A,G,-0.0151312194010392,4.80301272547407e-16,1.63804326178385e-13
18,56943484,C,T,0.0181906784663513,2.81130218072148e-07,4.54298269719496e-09
18,56676022,T,G,0.0138440644092295,1.50106663552772e-06,3.80218469356636e-06
08,13372120,G,A,-0.0246755055705881,2.02562411760823e-14,1.64247440410983e-13
08,12951025,G,A,0.00755459874188965,1.86350537755316e-13,4.6396170213177e-06
12,102407746,T,C,-0.0310492289845512,1.76127375806228e-15,1.65330875814752e-13
12,102372809,T,C,-0.0109350515335486,6.50718131057597e-17,2.01268359609839e-10
12,102328806,C,A,-0.00932242518465111,2.91655433642365e-14,3.64333757153495e-09
03,85671119,C,T,0.0100826855013916,1.77278526141811e-15,1.77133927892654e-13
03,85171302,T,C,-0.00925244786137224,1.1240972866003e-13,1.98944358301063e-12
16,20002523,A,C,0.0129808836825513,6.75868308643084e-17,1.85117883227154e-13
16,20249395,GTACT,G,-0.015177093535323,6.96163260139632e-11,1.20847495727174e-07
16,19904344,A,T,-0.0117674127282875,5.57217585050549e-09,3.45632726255336e-10
05,134372685,T,C,-0.0133515160424238,4.80765547638697e-16,2.09575787581349e-13
05,134586980,G,A,-0.0105523132117398,1.5528722976348e-20,2.35127240207918e-11
12,120867798,A,G,-0.0300334059686507,2.34730447703345e-14,2.25469848353346e-13
07,50661670,CCTTT,C,0.0139761932759197,3.38488571247372e-14,2.63074444330993e-13
07,50924391,C,G,0.00832804286589166,7.62046072768196e-14,6.12815621445845e-07
07,50877893,C,A,-0.0147049183281256,2.01089126130425e-07,4.25324221962735e-09
10,27914001,A,G,0.0109732266978499,2.27459196920877e-18,2.94403216138356e-13
10,27567902,A,G,0.00846483592259761,1.3024560005634e-07,3.51954008323045e-08
11,69303727,T,G,0.0100976643054803,6.40784846114428e-18,2.9813278387492e-13
11,69798856,G,A,0.011569396504252,1.22399851043379e-08,3.9490026565785e-08
11,69509343,G,A,-0.00928504218966982,3.8338806743563e-11,1.01822370607549e-10
01,21584941,C,T,-0.0118214728683925,1.03336835737035e-28,3.17221549485091e-13
15,41970964,C,CA,0.0169583364428312,6.26342851546204e-14,3.23422196678578e-13
15,41560127,TA,T,-0.0105149095744839,1.17174515650977e-09,2.37422594925185e-08
15,42084329,G,A,-0.0290707367190445,1.43942842847535e-06,7.69405621029278e-08
02,69378070,G,C,0.0166747523169,2.4373577712887e-17,3.80209435522112e-13
06,45090977,C,T,0.0118843391424927,2.34104228667523e-27,3.91689392350211e-13
10,5042294,T,C,-0.0171164452833479,2.65128966744135e-14,4.08534719856185e-13
10,5257647,G,A,0.0116951018180436,8.12640151642238e-10,4.80498122320303e-09
15,38502321,G,GCA,-0.0118612309456135,2.99797756216638e-30,4.08535570911786e-13
10,70240379,G,C,0.0117200708140359,1.46607868427078e-30,5.01089091278026e-13
12,28657057,C,CA,-0.0126011753437147,7.38963925109373e-23,5.32603707444594e-13
20,20069826,G,T,-0.0130545214014531,8.11794007809345e-20,5.33153554076055e-13
20,20348253,C,T,-0.0131800403516645,1.37128132621408e-12,6.39876105478864e-10
06,36210480,T,TC,0.0303075408619801,9.31593761256821e-14,5.33866922324395e-13
06,35933327,C,T,-0.0121711469027764,8.08273992643916e-13,7.5585448487201e-13
06,36311463,T,C,0.00978922171530367,3.3858890765737e-17,1.74043936715474e-08
01,184007119,C,T,0.0123815282895091,9.13513802693235e-24,5.795952616065e-13
10,77210191,T,C,0.011523808386352,1.38089996589994e-32,6.15552745993786e-13
X,99882543,C,G,0.0098398500223286,6.33152060026019e-22,6.51370907296341e-13
02,233153745,A,G,-0.0191562331417205,1.24067193406225e-15,7.27011667537188e-13
02,232790053,T,C,-0.00863868892280035,1.64011772303344e-10,3.83814924703834e-06
02,9770589,G,GCGGGGC,0.0137557111886328,1.05267829319424e-21,8.61510296147658e-13
09,97617103,C,G,0.0136361988840715,1.27024808546875e-26,8.7322098093564e-13
09,97886456,G,A,0.0229466197891922,6.07809761865951e-11,7.1600722044201e-06
09,97409311,A,C,0.00867577133121028,3.61987584150927e-12,4.53937363671837e-07
09,103061366,A,G,0.0121992095780851,3.04674273325161e-23,8.77061275660949e-13
19,7193392,G,A,-0.010535846783491,2.57126365312478e-18,9.46006401977535e-13
19,7112645,C,A,-0.0142403585234672,2.48234543946686e-10,1.13061838561301e-11
07,121955981,G,T,0.0116554379491293,1.91154906557441e-26,1.03929940248482e-12
02,227263582,C,T,0.0114733571988805,1.80957161191569e-18,1.21434129384081e-12
02,227368066,C,T,-0.0340163957211881,5.26333286952663e-08,1.30449311360527e-09
02,227645464,T,TACAA,-0.0167212528987734,5.39650147218909e-08,7.549013492076e-08
16,15147788,A,C,-0.0122175292054144,1.60319516122011e-22,1.33479846382709e-12
03,52835514,G,A,0.0166137794025579,6.11671561286114e-14,1.33634899235131e-12
03,53164526,G,C,-0.0187180636531941,7.97476393263976e-08,1.91408945927158e-08
03,85539217,CATTAT,C,0.00975334625944825,9.07908343189198e-15,5.77599690766018e-13
03,85087904,G,T,-0.0090072571476777,8.31197728353052e-13,6.05537536613138e-12
08,57170647,A,G,-0.0284853361756683,9.71264465198497e-35,1.33268315283018e-41
08,57187356,C,T,0.0210626837539702,2.67644874459092e-25,5.12732351175552e-30
08,57665019,T,G,-0.0108168974481361,3.35405240893826e-14,1.44264237007354e-12
07,148649180,T,C,0.00955359861290018,5.99403470511954e-10,1.4584179730362e-12
07,148648835,T,C,-0.0115190989047301,6.52920474412779e-10,4.90813005960351e-12
07,148591148,G,GC,-0.00796200973766211,3.26389245900574e-09,2.19795651858323e-06
02,25458100,C,A,-0.0130435682810712,2.73382502789096e-22,1.72421194555658e-12
02,25428302,T,C,-0.0210637019669961,9.53175583664536e-09,1.29830469111237e-06
02,25041620,T,C,-0.00993546497773812,8.96649506446584e-10,7.23434345475527e-09
13,54107352,G,A,0.0168594301419912,8.75283760828262e-16,1.91518987807684e-12
05,32831670,C,T,0.00954224474092325,1.41370791456156e-14,1.91735446567767e-12
05,32717228,C,T,-0.00801230862094045,1.11502801309505e-08,5.93237275336573e-10
05,33325863,C,T,-0.00851986066923075,1.1921324918079e-06,1.45177324775821e-07
06,30276382,G,GTTTTT,0.0114934587748248,1.33922818997179e-20,4.05600552062846e-14
06,30373456,T,C,-0.015107268275913,3.41519787037609e-15,2.09299165200813e-11
06,29843163,C,T,-0.00783759702748585,3.22134738914871e-09,2.85170150524108e-06
09,109565934,T,C,0.0124596269059182,1.21156657769903e-21,2.14325624282106e-12
04,45182527,A,G,0.0113102236161333,2.64478888683296e-29,2.24573877308858e-12
16,86417679,CAA,C,-0.0115193996736829,5.99811482509799e-19,2.72399536717864e-12
16,86088594,T,C,-0.00778627712499578,5.44395579644309e-10,1.20448012583039e-06
06,76164589,C,A,0.0183950618165126,9.80135605861322e-15,2.93958892902486e-12
18,46516424,C,G,0.0119696207083199,1.62531010483108e-17,3.1125401057479e-12
18,46602964,T,C,0.0113738228997167,1.69945537193891e-21,1.72393568541074e-11
18,46277324,C,T,-0.0155126461325294,6.32297309586559e-08,1.99042418072304e-08
08,49407362,C,T,0.0149457527062204,1.84685847677473e-16,3.21302245642217e-12
09,90873653,A,G,0.0106266496135167,1.56419455892479e-19,3.2728242430337e-12
09,90600849,C,T,-0.00825074306109619,1.86198704503084e-08,1.11846355404642e-07
02,198950240,G,A,0.0110801807839399,1.1691179773139e-31,3.53763408605081e-12
19,4910021,A,C,0.00992162009921779,1.02055269828144e-14,3.66547285684921e-12
19,4475606,C,T,0.00872911562408496,1.64332441434505e-10,1.11259507684876e-07
19,4950048,AT,A,-0.00865262520197379,7.81714244193716e-08,6.07433952140709e-09
02,169721381,A,G,-0.011808576963747,3.14299478981232e-22,3.80628624213655e-12
22,40611012,G,A,-0.0118491484694267,2.07573356002897e-22,4.4106907837984e-12
04,1341553,A,G,-0.0274868910220404,1.80296562341343e-14,1.40202723280215e-14
04,1750487,T,C,0.0110811090927196,2.79378060598629e-21,4.75917945348453e-12
08,145001031,T,C,-0.0106847980899431,6.53244078200908e-17,4.78558855591055e-12
08,144848756,A,G,-0.00896964715670787,1.34937368023742e-11,5.34483104469281e-09
01,118855812,A,T,-0.0119059888971369,1.070447434144e-21,4.82417407242987e-12
01,22473791,T,C,0.00918813007044926,4.30938857544118e-18,4.9631650009238e-12
01,22492613,A,G,-0.0123974979014146,2.06986228141623e-09,2.83409618113761e-11
17,39261560,A,T,0.0119129090276319,1.9832030820551e-21,5.47721873237792e-12
20,6709838,A,G,-0.011879192665024,7.11934660961472e-17,5.50994958973039e-12
20,6542634,C,T,-0.00994735961058123,2.44354814708635e-15,1.34682461400375e-09
03,13805578,G,A,0.0106787623389346,4.10542295583096e-25,6.20141847099469e-12
03,14043412,C,A,-0.0314896440169084,4.53851697719338e-07,7.9952502510716e-08
03,62711674,G,C,0.0117741597731449,1.64255090827857e-21,6.88935231693476e-12
17,29098253,T,TA,-0.0248233014809898,6.4631170045737e-41,6.13285866963589e-26
17,29037339,G,A,-0.0374729978538083,3.96539272338743e-19,3.25348059982786e-14
11,14413213,G,A,0.0239111680531708,3.24349454133183e-13,8.91474471754563e-12
20,47843620,T,C,0.012830560713799,2.74069211675577e-18,9.14200556126908e-12
14,103859143,C,CT,0.0121098513986026,2.79860851811273e-21,1.01749841013779e-11
14,103361937,T,C,0.00989196162650691,3.99589552185988e-09,1.67713185961738e-06
14,21538067,A,C,-0.0109623318777886,1.93032057386622e-20,1.05772700135352e-11
14,21921225,C,T,0.0104392625385062,8.17615385045883e-08,2.73433703801266e-09
14,21962908,CAAAAAAA,C,-0.0102701515172931,5.28150518458446e-07,1.2411239705365e-08
12,110044918,G,T,0.0135131013689082,8.0527999658285e-17,1.15547596616187e-11
02,233166601,C,T,-0.0174627362791426,5.41668319674482e-13,1.27609812513192e-12
02,233450824,G,T,0.00864894810929627,2.21067188221719e-09,3.03623904335645e-07
09,94186973,C,A,-0.0121017509797658,2.03961084147862e-19,1.174468789826e-11
05,41927601,A,C,0.0226419558404558,5.95056944068302e-20,1.75294123682357e-21
05,42039972,T,C,-0.00927087948519009,2.73660855334502e-13,8.61923258150884e-13
17,71124903,G,A,-0.0110421516070634,5.43225716399888e-24,1.3177051836079e-11
02,33489022,AAAG,A,-0.0227197001691854,4.88496629913899e-12,1.65608902602716e-11
02,33348679,A,G,-0.0200466446334195,5.83732718213103e-12,3.75623628317346e-11
03,56599469,C,CT,-0.0108840509221458,5.50368372628769e-27,1.77236167637638e-11
19,3417166,A,T,0.00928077439253529,4.50454995753916e-14,1.98566725155439e-11
19,3376042,C,T,0.0095920184272093,1.51839302775111e-06,3.88190495007663e-09
05,179727399,G,C,-0.0108832451638089,4.4900519968633e-24,2.31432445405839e-11
02,44956340,G,A,0.014261324625599,1.61826910075582e-14,2.34454988135292e-11
02,44462133,A,T,0.0102274445450749,4.08796585165696e-09,7.21315427263698e-07
17,76746325,A,G,0.0106756543340875,3.49096068264308e-29,2.36978177391803e-11
01,8015560,A,G,-0.0112561999427756,8.72080081142696e-22,2.39857909967366e-11
22,30365780,A,G,0.0107722693351014,3.20364626626405e-26,2.47974210365375e-11
05,112162298,A,AC,0.0116067810053344,1.7395064261661e-25,2.51191705305962e-11
12,115106688,C,A,0.0122134055997945,4.65908554992396e-18,2.6128142054657e-11
01,150555028,T,C,0.0186823784820449,8.82607323590091e-12,2.71613141873984e-11
01,150290804,T,TA,-0.0120084457963288,9.19941788737597e-08,1.65123250588546e-07
12,77457439,A,G,-0.0122164628192112,2.04096460518608e-18,2.78686291322537e-11
12,77439823,G,C,0.0301761819001369,1.1853387843105e-07,2.65275741578823e-06
12,77429768,TA,T,-0.0104841817807941,1.76151998006693e-08,5.84679057944879e-09
14,93112924,G,A,0.0137062164199327,8.00042682048114e-14,3.13158055280626e-11
14,93406702,G,A,0.0102626718311281,1.04634429669575e-17,9.87291310281555e-10
07,6399723,GATTATTATT,G,0.0159692305170517,4.38246365778746e-14,3.1641986363213e-11
09,95453880,T,C,-0.0152733809870847,1.58125811407923e-14,3.2557960227883e-11
02,112249583,G,A,0.0129009553072949,5.95720794630901e-13,3.56644306656891e-11
02,111874551,G,A,0.009226317594774,5.00520542356981e-18,1.11691707502198e-08
03,11630252,G,T,0.0139127575335778,2.10238921641577e-15,3.62798321084273e-11
17,17397131,C,G,-0.0122770163877295,6.20944903880804e-18,3.76702718786817e-11
07,71585126,C,G,-0.0112110000241693,1.5836619022464e-21,3.82804354398797e-11
06,40369081,C,T,0.0112070677680123,3.32355209867686e-21,3.93076462622501e-11
12,12871099,T,G,-0.0119184323752239,1.96590376586966e-14,3.93095598138109e-11
12,12876111,C,G,-0.0156041526105196,8.06320636841184e-11,1.94452046180877e-10
06,105358192,G,A,0.0109840302501302,1.03311550612294e-22,4.02272962371877e-11
03,38496193,C,G,-0.0105954399168819,3.00182177269064e-28,4.27896700313979e-11
18,74970687,A,ATGG,-0.0284054552306603,5.86747875611551e-12,4.39774408049267e-11
04,12842023,G,A,-0.0119966032918742,5.40753772319141e-15,4.44293368052179e-11
04,13182756,A,G,0.00816968821986543,7.87299874974619e-09,3.71107220389149e-06
12,69828534,C,T,0.0107352869418321,1.11353892881246e-16,4.47772943011596e-11
12,70215960,C,T,-0.00825033396260232,1.76389000420503e-07,2.48510422352732e-06
X,85577163,C,G,-0.00880645825407781,1.29713276625623e-20,4.97218946554908e-11
X,139248591,G,A,0.00874418607326092,6.75059156852201e-22,5.24422278770823e-11
06,2101285,A,AT,0.0124303945799726,6.78663402898163e-17,5.8383553827612e-11
01,32393821,TATA,T,0.0152830827094231,1.2384563744724e-11,6.16846234382878e-11
01,32128283,C,G,-0.00893693451341308,4.40189843028767e-17,2.24588185440394e-08
14,91517973,A,AG,-0.0114631965730454,1.00872847077871e-18,6.34875209556743e-11
12,9064133,C,CT,0.0107417555566974,1.07062225241838e-26,6.48783222970171e-11
01,2172919,T,C,0.0103703933978373,3.45593634793649e-14,7.49742105132698e-11
01,1673558,CA,C,0.0103194779200107,8.54858650608419e-16,9.37710457652626e-09
01,2253864,G,T,0.0387339865885131,8.48451651216318e-07,4.16618845047111e-08
02,85818273,G,A,0.0112600420226948,2.59141285617519e-19,8.01347190164573e-11
12,20588382,T,C,-0.0125595480298546,1.12658823570468e-13,8.16362483984569e-11
12,20726031,T,C,0.0104937645536803,7.25178557695756e-07,1.11162476883433e-06
14,68662643,A,C,-0.0148745041144839,3.69078965893109e-14,8.71011943654688e-11
19,46182304,T,A,-0.0130640318318535,2.68566105145158e-15,9.26287338135667e-11
03,41308348,T,C,0.0103805524030064,1.3358688942074e-27,9.33235612215439e-11
01,212215819,A,G,-0.0101809786974979,3.59851173935836e-20,9.77151389705656e-11
01,212639727,G,C,0.0128443914128868,5.21789486280718e-08,1.10143896597449e-07
01,2038662,A,G,0.0105933754915523,1.0650988322883e-14,9.7643383728937e-11
01,1665702,T,C,0.0109158582577797,7.97870437465863e-17,9.87824249904538e-11
15,89928189,T,G,0.00998122633375951,2.32838861723856e-17,1.01521332301733e-10
15,89433954,C,T,-0.0435141328766716,5.77481769735174e-10,4.42637117808626e-09
15,89437181,GT,G,-0.00954637443243785,1.63764299271577e-10,4.44016746525382e-07
11,9399731,G,A,0.0104898398916789,2.42027658046911e-23,1.05736237609e-10
05,39519303,C,T,0.0176627854952223,5.01695478935794e-11,1.06762769604614e-10
05,39403818,A,ATT,-0.00908259692867571,1.56698404896379e-09,2.35189968627163e-07
05,80830788,A,G,-0.0119199116488382,1.18443789837519e-16,1.10697375233038e-10
10,18549889,C,T,0.0146950756780754,5.50166060218245e-10,1.15606553625783e-10
10,18714742,T,A,0.0105425283654648,3.40539285541841e-07,9.50153484910892e-08
03,49930101,T,TA,-0.0134563289149544,1.95074381188941e-44,1.34671068236909e-17
05,87795525,G,A,-0.0149844402393087,4.35654716402572e-18,2.47306357173004e-15
05,88430633,C,T,0.0100314407543223,2.48014789950634e-20,2.2658505684984e-10
09,139377498,C,G,-0.00998077071167183,2.2094572226627e-16,1.32798433186686e-10
09,139082491,TG,T,-0.00829645434335811,6.57155733989335e-09,2.39581306308391e-07
11,18632236,A,C,0.0137299366583512,1.88442199257131e-14,1.3350650773002e-10
10,126290498,G,A,-0.0100775527051203,4.95785282292958e-19,1.41067193806903e-10
10,126675759,A,AAGAT,0.0130925815253496,7.91670363916058e-10,2.12045254676723e-09
16,24714679,T,C,-0.0108426348348012,1.99461636386341e-17,1.47132421266801e-10
16,24550930,G,A,0.0113481482326385,1.11476098597847e-11,4.91792562186875e-09
05,54873285,T,C,0.0110337194709261,1.19757649424816e-18,1.52558626539026e-10
07,56187347,C,T,-0.0136994352378151,3.60559751360662e-14,1.56680239219452e-10
17,38592990,A,G,-0.0102641184263045,5.84394274320807e-24,1.5876063352184e-10
17,46288649,A,T,0.0148044928777879,9.57119193112563e-13,1.67404935177292e-10
17,46175361,C,T,-0.0227092400494221,1.75821017763333e-08,1.05064185073671e-09
17,46689559,T,G,0.0172575202660715,4.40780793120517e-07,3.01860895915087e-06
16,81663793,G,A,0.0114196027328887,1.48149410805898e-18,1.69228718471836e-10
16,81565749,A,G,-0.0123914435029955,1.97357196889507e-12,2.79012121834826e-09
16,82156398,A,C,0.00935345347542352,7.33633374520544e-08,1.05319960629779e-06
X,109832336,A,ACG,0.00898618235893445,5.21269600410912e-18,1.77571926699417e-10
02,25482970,A,G,-0.0112626336047924,1.01674072275172e-17,1.18211663067726e-11
02,25975840,A,AT,0.0118603486066457,5.24878885144364e-13,2.02409924988531e-10
01,23425139,G,A,-0.0107832371265414,5.1490189063587e-19,2.09303818505065e-10
12,53831064,C,T,-0.0156566903834493,1.39467090978206e-11,2.12475996153987e-10
12,53502221,C,CT,0.0119583678671865,7.61390899697313e-07,1.3452759729243e-06
01,11205058,T,C,0.0162707474328031,2.95094631256108e-22,3.57993810846467e-19
01,10300779,T,A,-0.00971949499978868,7.76688727310681e-09,1.81611893782111e-07
06,83330333,T,TG,0.010291292677293,1.35777206769172e-28,2.22215743264482e-10
08,65002075,C,G,0.00948223505720432,8.82512910946425e-14,2.28151698664908e-10
08,65311200,A,G,0.00854308459953397,7.75508368743944e-11,1.26079379984564e-08
09,111707928,G,T,0.0211093871205918,4.02362136924884e-13,2.33768475269741e-10
09,111790859,C,T,0.0156022166761242,1.37837644565945e-07,9.7496367182364e-06
12,131610065,A,G,-0.0109957953102398,3.83106214476582e-18,2.36021263794595e-10
02,242495392,T,C,0.00883401905827168,4.8128463285623e-15,2.36427234916698e-10
02,242308625,GTTTT,G,0.0156000310280388,1.09789141023274e-07,3.93639855069875e-10
03,88196211,C,A,-0.0111934531886916,1.66318677719415e-17,2.4077712092964e-10
01,86823503,A,G,0.0149640854938444,6.08457967257205e-12,2.56944646818296e-10
01,86339511,T,TAAAA,0.00808408894056477,1.06748004447298e-12,1.50330086866109e-06
02,70315987,C,T,-0.0351385208266919,9.86772800566251e-11,2.6187811171837e-10
20,61564901,T,G,-0.014569538623847,2.240889024854e-13,2.68244812293195e-10
X,82016216,CTGCCTCGACAGGCCCCGGTG,C,-0.0107557314176392,7.58131932379095e-19,2.98242606517966e-10
X,81522583,G,T,-0.0194269394575887,6.83399186109312e-13,2.54304170385807e-09
11,29214768,G,C,0.0156376793383878,8.50301054556706e-13,3.1653917491898e-10
02,46654831,A,AT,-0.0102660799047405,1.44361583486342e-27,3.16596987572815e-10
X,118640330,AT,A,-0.00924702811544747,1.53722697010429e-16,3.25303273295494e-10
14,36220876,A,G,0.00793645158567004,1.09887214728582e-07,3.64397796025488e-10
14,35786223,A,AAAG,-0.0149858533362028,3.41038317931515e-11,4.06604321291691e-08
14,35866615,T,C,-0.00904842190275531,8.82814480410405e-14,9.08300943046618e-08
07,28829253,G,C,-0.0102004274481436,4.3133813418132e-22,3.71319511357638e-10
12,117408148,C,T,-0.014094189690059,3.93454085420954e-13,3.92172483933437e-10
17,65892064,A,T,0.0118131263744562,2.60288133444729e-15,4.16336077269557e-10
01,65298971,C,T,0.0483089238371418,2.28510884124922e-10,4.61663220244593e-10
07,1270738,C,T,-0.0178088513698761,2.67671237344656e-10,4.72951668980477e-10
07,1381277,A,G,-0.00970634941733084,2.76844719573452e-15,2.86225800292165e-09
17,69307999,C,T,-0.0104216607076038,2.2272175215404e-19,5.10685880751379e-10
17,60720058,T,G,0.0100991250157213,1.96003048088325e-15,5.54852627899773e-10
17,60911376,ATTAT,A,-0.00906901844913592,2.75019776758768e-08,5.21543925394515e-07
03,152414536,T,C,0.014114369168008,7.45020472552272e-13,5.70427511271148e-10
03,25110415,A,T,-0.0100215608622999,7.2735972441791e-22,5.87054576648227e-10
11,118680072,C,G,0.0100058393791086,5.79863123972402e-22,5.87312262290394e-10
19,41902522,C,CTTTT,0.0107156176980069,2.17782345491775e-19,5.88511505794741e-10
14,35864990,T,C,0.0127691492242328,1.36803435756494e-17,4.14244760766157e-10
14,35427725,G,GT,0.0101579228940042,7.35437382029073e-18,3.93587460551342e-07
09,129464856,A,G,0.0094044354379375,1.39709926385039e-15,6.02104070140497e-10
09,129270262,A,G,-0.0084905885039226,6.50960018430482e-09,1.90463777874156e-07
02,241728843,C,T,0.0105128737206111,4.52372997015226e-15,6.22926994625547e-10
02,242189231,T,C,0.0145198410128824,5.46905247604232e-09,1.12356088172042e-08
13,42737268,T,G,-0.0102172503564597,4.65570792467e-20,6.70267357678272e-10
01,79476511,T,C,0.011094544524586,9.47270883586718e-14,6.77763865675287e-10
01,79053326,G,A,0.0363987302804999,2.01711276271836e-08,3.88208005913915e-09
01,183104340,A,AT,0.00995806396394816,2.97777896273242e-22,7.26984766119329e-10
08,23383204,G,A,0.0113855625184575,2.29573556176277e-10,7.31071542252047e-10
08,23414369,A,G,0.00773681094019132,9.88886715325543e-08,1.42923143903645e-07
08,23650576,GTA,G,0.00729468782675827,1.24229680141985e-08,3.21470960098228e-07
17,21283507,G,T,-0.0108209816912348,3.23688971781503e-17,7.34373448922643e-10
09,28410683,T,C,0.0105597939150252,1.36081627159853e-18,7.53062804682227e-10
10,53290991,T,C,0.0133682789800849,2.64961575255726e-13,7.93558380588888e-10
17,43216281,C,T,-0.0110852867614972,6.57289258169872e-17,2.94973408070602e-18
17,42774033,G,GA,0.00912681976694781,6.03440110993561e-09,2.4880978121799e-09
17,43188891,C,G,0.0110704293978537,2.84413999146657e-09,1.01274721608014e-15
04,3469976,A,C,-0.011224378368389,6.7124629330551e-16,8.43694295110728e-10
16,67991972,C,T,0.0194757825302755,5.85016500176532e-11,9.07553412364497e-10
14,70348141,C,CATAT,-0.010092950144036,3.32548483103841e-15,1.01734137381943e-09
14,70439185,C,A,0.00888734132166997,2.66599643797416e-12,4.99455668961413e-09
14,70633411,C,T,-0.0273307030886421,2.42168621472327e-07,3.01611186237973e-07
19,55879672,C,T,-0.0341609834534895,1.92768599446621e-10,1.03083910264123e-09
19,55993436,G,T,-0.0276444553702702,4.74905874385354e-08,1.73762205774044e-07
03,14960170,C,T,0.0152779262497622,7.80421839386237e-12,1.057500265721e-09
22,39831278,G,A,-0.0112849086486851,1.35051457461279e-15,1.05899063138101e-09
16,89573230,A,G,-0.0100676335544887,1.38008683083543e-23,1.09314513905003e-09
10,22699511,AG,A,0.0171964859242433,2.38771255456583e-11,1.14629931238335e-09
09,35753898,G,A,0.0112872796881944,5.93385226765924e-15,1.15451588104484e-09
01,38455891,C,G,0.0097359950345306,8.80917240524549e-23,1.21344015299557e-09
14,79937216,T,A,0.0117483238813907,1.62077526201682e-14,1.21791740943137e-09
07,18676842,G,T,-0.0160920559859892,1.01183657815738e-10,1.25371907559169e-09
07,19016871,C,T,0.0109136996062121,1.45156657281175e-08,4.72094328029947e-07
13,59175727,A,C,-0.00977353042328737,1.68263388234366e-25,1.31214725558126e-09
02,172307385,C,G,-0.0162556433841791,2.06290168876525e-17,2.61087603405968e-14
02,171923670,GT,G,-0.0096106887680331,1.20180937211945e-15,4.11094619720222e-10
02,172101805,A,C,-0.0183941362974186,1.27647098152499e-08,5.59675085845292e-09
12,66212017,C,T,-0.0152410836676813,6.93282616768707e-21,2.76301370758393e-13
12,65964357,A,T,-0.0111839065653129,1.52058764239184e-11,1.58328990827423e-12
12,65724221,C,T,-0.00837790354834494,5.79402374259244e-08,1.92615349020454e-08
14,101239264,A,T,-0.0218169398403658,5.94974650143191e-16,1.4459617046896e-09
14,101155536,T,C,0.0124994019069123,1.66793766967691e-16,2.24515782488042e-06
14,100863902,G,A,-0.0299611696892477,2.75404825366137e-06,1.4088747205814e-06
X,31854782,G,C,0.00844759577742881,1.52402836155543e-15,1.48764124871469e-09
03,55548726,A,C,0.0111988422226528,6.36993900715452e-15,1.49184531908695e-09
04,184244060,ATC,A,-0.0197261007189421,1.01341825805457e-10,1.5039874112394e-09
11,65733465,G,A,-0.0221767188983982,1.92521516762991e-10,8.44147630650178e-11
11,65216220,G,GAGATATATGCTCCCATC,0.0126078114423945,2.78915187646677e-09,3.3078603621544e-06
11,65608274,C,CA,-0.0080414380317347,6.64668412646734e-14,1.02472828956469e-10
15,81059775,A,G,0.00978817170987467,4.87264521709643e-25,1.58112484971239e-09
02,225605531,A,G,0.0447691701072913,8.4025382218897e-09,1.62143485478032e-09
02,225278693,CAACA,C,0.0096287370600176,9.01194305988799e-14,1.69923698341604e-08
02,225164512,G,A,-0.00913887832826876,2.59974467581013e-08,2.48785250877044e-06
04,87631532,A,G,0.0258343323207077,4.06907461327784e-10,1.68368035706329e-09
09,23356935,A,G,-0.00970683391666419,1.12283150358731e-21,1.75918119699042e-09
16,71934230,C,CTTTTTTTTTTTT,-0.0164819210592089,1.81075973213543e-11,1.82566848560363e-09
13,27049616,G,A,0.00999962192256969,1.5613190376199e-21,1.8340019469093e-09
01,72812324,A,G,-0.00856964268477672,1.08006252437593e-13,1.87014795618956e-09
01,73070185,CTGTT,C,0.00912971894302397,9.04471351801172e-09,1.42828483532838e-08
13,96983940,C,T,0.00969829737834924,1.54530999727018e-20,1.92674144962519e-09
01,36698861,C,T,-0.00974718108259337,9.39085582272955e-16,1.97990669777882e-09
01,36579215,A,G,-0.00944103431037285,1.30612904983764e-06,2.76663223039506e-06
05,6754402,C,T,0.0101343001205656,3.2333313261541e-17,1.98228252999426e-09
18,35147621,G,C,-0.0111093063473119,1.08285949699492e-14,2.00156356172778e-09
05,82810884,T,C,0.0240098675773007,4.12768203493498e-10,2.02060804318342e-09
03,53675022,T,TGAA,0.0118116357454617,1.3802755341332e-13,2.06326185487699e-09
20,43520287,TCA,T,0.0108518694065486,3.52158886391212e-15,2.10801518134431e-09
02,145336371,G,A,-0.00972341822773383,3.86907442226553e-14,2.12721528712699e-09
02,145611943,T,C,0.0117611453489437,1.53391290350553e-06,6.37824874082603e-06
02,145243904,G,A,0.0112343328820443,1.77236880573858e-06,1.79121978245293e-06
14,84252205,A,G,0.0102032062987883,5.14197396147698e-17,2.14095154162519e-09
X,117865540,CA,C,0.00996826021216244,7.52053822224223e-13,2.21900202309099e-09
01,208032376,G,A,-0.00946737557566886,4.89727978874528e-25,2.5847341560048e-09
02,20143831,A,T,-0.0288007502842131,6.97201977548255e-10,2.66505525317502e-09
03,33601927,G,T,0.0433836531092851,1.80216549763188e-09,3.00328303925725e-09
17,78292945,G,A,0.00978586845473425,1.74416724224035e-07,2.62348667975401e-07
21,46466927,T,C,-0.00951502947210249,1.46679559946776e-23,3.14173998097099e-09
01,10724236,G,A,-0.020783553949664,-99,1.08466765328861e-10
06,34163292,G,A,0.117545847014731,-99,8.88997825281707e-14
06,34205465,GGAGCCC,G,0.0686461868335833,-99,1.37822347086047e-41
03,49568181,G,A,0.0448957307892872,-99,1.06936681632026e-10
17,78757626,A,G,-0.021734654306001,-99,1.57969949198697e-10
05,87999371,C,T,0.0399046168440026,-99,2.08481994320308e-08
01,155155608,A,G,-0.0239991215805865,-99,6.62485200999425e-21
05,171218388,T,C,-0.0188720919631839,-99,7.31057514490411e-09
05,171336723,G,A,0.0240693869868366,-99,1.18772135562249e-13
02,233585299,G,T,-0.023452851289506,-99,3.46666923386012e-12
