chrom,pos,major,minor,beta,p_value,gwas_p_value
16,53806453,A,G,0.0537644724564304,6.48724751286872e-249,5.22318741105147e-107
18,57829135,T,C,0.0456297701156738,2.68924643214085e-92,4.62063410421941e-64
02,417167,T,C,-0.086237374819297,9.82441916884941e-58,3.10092152145435e-51
02,632789,CTTG,C,-0.043130160886585,4.03177508813252e-57,4.59874693735758e-39
01,177889480,A,G,0.041844671832349,2.80880093398977e-68,2.15442941746196e-45
06,34735883,T,C,0.032318977242184,2.18245879168884e-32,9.14947253167933e-33
06,34421820,T,TCTAA,0.0182649789980347,1.89792551055593e-12,4.92735373618366e-16
11,27701365,G,A,0.0253238439051861,7.04678120015707e-33,3.2192205547408e-31
11,27694241,G,C,-0.0257459639022947,3.06195859719315e-23,1.17234926384418e-27
16,28839930,G,T,0.0279623182928441,1.31641650718195e-68,2.89145899250091e-30
12,50263148,G,A,0.0276859285133962,2.06815268637239e-63,6.24947810257237e-29
05,75003678,T,C,-0.0273931006566153,6.73884028333547e-64,8.59405180828468e-29
03,141105570,A,G,0.0283867127480908,3.35036867330642e-78,3.04518620253248e-27
03,141298124,G,T,0.0365281785006661,7.82669612524776e-13,1.36910254927975e-07
06,50787576,CGAGGTGGGA,C,0.0397118985819856,8.14028028925845e-36,3.90292746456733e-26
01,149995265,G,A,0.0262134560120578,4.65765392962989e-58,4.89925331678816e-25
06,26168903,A,G,-0.0258774653774623,5.70769780335218e-21,1.17570373708708e-24
04,45182527,A,G,0.0245374512130171,1.25792429501795e-58,4.32390423306161e-24
01,78450517,C,A,0.0368130452426997,7.33388861507316e-30,1.78514112759795e-23
16,4015729,T,C,-0.0241982367272631,3.8634933160374e-35,2.5360153815129e-23
16,3624964,AAAT,A,0.0151904401850518,3.32955791901075e-09,3.15431646206506e-08
16,4298901,C,T,0.0150403522090374,1.10480793072532e-08,1.19223163942753e-07
12,123024476,G,T,-0.0379208754275196,2.5860816655666e-20,1.03400153577732e-22
12,123492112,C,T,0.0124575940035441,8.21465275673311e-13,4.46054751445544e-07
19,46182304,T,A,-0.0271768408985098,1.67569386359714e-27,2.41025642643598e-20
19,46318312,C,T,0.0403230087678088,5.98085131614294e-06,5.21874355428836e-07
02,25158008,T,C,0.0243136925859263,3.29703830482978e-41,3.20688720284778e-20
02,25458100,C,A,-0.0170293997121929,2.45602188112249e-13,1.57548236432818e-07
15,84591575,G,A,-0.0201970263032211,7.78166083014915e-31,7.56249330307213e-20
15,84240242,C,T,-0.0158588558416117,7.78096248861158e-10,6.42966685017815e-12
12,4384844,T,G,0.0829943191139939,2.11805146606777e-20,1.85369001649591e-19
11,47529947,C,A,0.0218395433349726,1.74662927215861e-43,3.36623162222589e-19
17,65854602,C,T,0.0281280790554009,1.33114265643242e-24,3.6452000661906e-19
17,65394209,CAA,C,-0.0150190367960451,7.43707135907466e-10,4.55100478039578e-07
X,31854782,G,C,0.0185808175109015,3.50834738541988e-31,1.11578748897909e-18
14,79890677,C,T,0.0256154306346999,8.78663093093349e-23,1.19031625580664e-18
14,79522736,AT,A,-0.0122685641239356,5.644211295251e-11,3.76271781583624e-07
08,116671848,G,A,-0.0230713481337741,5.28177371698426e-24,1.84270780670272e-18
08,116637685,C,T,0.0130891892390756,1.88839155439788e-12,4.04118207724927e-08
12,120907309,T,A,-0.053647783087019,6.73741860223653e-20,1.84811382575843e-18
02,165508389,C,T,0.0210145910967526,4.94988638772523e-25,2.04216012505694e-18
02,165413448,A,AT,0.0119350656362929,1.25029442443818e-10,1.5006890748525e-07
22,38572526,C,G,0.0211688162297331,9.91187163004764e-45,2.16747090207485e-18
16,29972465,C,CA,0.0222484838684109,1.85502491384249e-44,3.93357106850165e-18
06,108927842,G,A,-0.0211835163908775,1.77799299562405e-36,1.68283477474249e-17
11,43692383,T,C,0.0221199769826163,1.23359827590967e-22,1.77887829092528e-17
11,43551096,T,C,-0.0122987887594427,7.95020306277132e-13,5.03276257950958e-07
07,2912928,T,C,-0.022196249332494,1.4960230658106e-27,1.9038214144919e-17
07,3125220,C,T,0.0182487424580319,1.57260613226321e-08,9.64460029150228e-08
01,219762581,C,A,0.0224218648206815,6.39058190285671e-30,3.32271148931938e-17
01,72812324,A,G,-0.020578417797404,8.06347157212584e-38,5.05824092792609e-17
19,18207397,A,C,0.0213901350809752,1.0051601204303e-26,5.60544725069257e-17
19,18460956,G,A,-0.0131229854948897,3.10339282334216e-08,1.66253217322899e-06
08,73449940,A,G,0.022185545392066,1.90593837021985e-29,1.00937223706591e-16
13,54107352,G,A,0.0313399341358013,3.15353299557925e-22,1.82648320018574e-16
13,54505922,A,G,0.0171533234682432,3.11363400399556e-10,3.41393085765451e-06
12,124580119,C,T,-0.0185563547726639,8.87911190533802e-22,2.07576090844835e-16
12,124203832,A,G,-0.0265590154582444,7.21491575603603e-09,1.28556505625437e-12
18,57988669,G,A,0.0299110206056806,2.75469105699084e-49,8.04185758306717e-33
18,58111330,G,A,0.0401305319886492,1.15223567149735e-06,6.00454157168488e-06
04,100239319,C,T,-0.0669137704116661,4.10802377803574e-17,2.33367485372421e-16
19,47556375,TG,T,-0.023075073305735,7.70803601604038e-27,2.38461750699954e-16
09,28414625,C,T,0.0206758711673824,1.00822290245968e-29,6.82554125899551e-16
01,110147321,C,T,0.064467489310014,3.79646077426158e-18,7.68545829202925e-16
01,110104189,A,C,0.016063607274517,1.41196412898597e-10,3.80415286249783e-06
09,15880555,A,G,-0.0195927962527092,7.12942645082981e-39,7.81546560877564e-16
05,87682877,C,G,-0.0215201340251166,1.15561049506953e-18,9.52178089088146e-16
05,87969937,T,C,0.0245436625613905,6.82017591105943e-15,1.7026865660366e-14
12,991306,G,A,0.0235069823232776,3.51835740494289e-23,1.20111911030904e-15
06,40363828,T,TAAG,0.0192252494006333,3.91522131185096e-38,1.8028225953027e-15
19,8670147,C,T,-0.0526833623464892,2.06729472253604e-16,2.66451593014945e-15
11,66951966,G,C,-0.0405894922157551,3.87301506814959e-17,3.28584245364559e-15
15,68089618,T,C,-0.0232685980817141,4.17424896803242e-22,4.12279575823413e-15
03,49907111,A,C,-0.0187890910094556,1.66526401180448e-40,4.90055060166644e-15
06,34650934,CGT,C,0.0379909196214958,1.78113422843711e-34,2.98972991420363e-32
06,34183057,A,G,0.0353255538071526,6.98040537994169e-11,5.15943600827239e-15
01,201806106,T,C,0.019743185511397,8.61733709868584e-29,7.42787409306835e-15
19,45392254,C,T,-0.0229326478855621,1.64247273234885e-17,7.50069442256177e-15
19,45425178,G,A,0.0316085620542159,1.74047915000765e-09,1.24214933752908e-10
06,26211146,G,T,-0.0245209143122854,8.36800667644924e-23,8.73460946398046e-24
16,4940994,G,A,0.0186896567052427,5.16098777135109e-35,1.36781340076851e-14
19,30286037,G,GCCTGTAATC,0.0197845493310037,1.21284545261719e-27,1.55362723166994e-14
14,25931404,G,GTC,-0.0189663584165586,1.27684117225895e-20,3.01830351996376e-14
14,25919203,T,C,-0.0147544209332618,5.48170275293452e-07,6.95743635084445e-07
02,58935282,G,T,0.0180754227705068,4.33885742022488e-22,3.13643702012962e-14
02,59297346,G,A,0.0178737140794762,1.16496838267951e-18,1.28979854371511e-13
17,1837168,T,TA,-0.0253851528659744,5.5522518246287e-19,3.22453742910784e-14
X,109888230,G,GCCT,0.0156091116679684,1.85504997398973e-25,3.31169077153271e-14
08,126506694,G,A,0.0187942545310166,1.06803675265298e-30,5.12856165544777e-14
02,227105921,T,C,0.0188434660270772,1.37602161777904e-27,6.82795244759108e-14
03,12391813,G,A,0.0242688372046984,1.08903655694769e-13,6.90734057726883e-14
03,12441088,T,TA,-0.0205435744288166,2.4383205933197e-11,9.85818530341128e-12
06,160766681,TA,T,0.0180732767749564,3.63525234723527e-37,8.43681509190081e-14
17,42285460,ATTTTTTTTTT,A,0.0199103974509128,1.72032508578271e-23,1.85593209563091e-13
13,79590413,T,C,-0.0180858406530042,5.3966041270361e-33,2.25596060113026e-13
20,50951298,A,G,-0.0224860380861936,5.08088933394047e-19,2.28482212823185e-13
17,78757626,A,G,-0.0197516198189346,9.06230106312545e-17,2.28636335917162e-13
17,79092463,C,T,-0.0125596358888841,3.65915058147858e-10,3.83915262221691e-09
17,79095629,A,C,0.0118849010411088,1.18428674973216e-10,7.76207902430831e-09
17,46270606,T,C,0.0349805451213339,5.62549670507139e-15,3.45167585128527e-13
12,89776845,C,CT,0.0158227859823241,1.03298785866887e-21,4.74832553874568e-13
16,2200622,AGTCTGGGGAGCTGTTCTCTACCCC,A,-0.0193883715590945,6.88696257838956e-13,5.36043662299987e-13
16,2073120,C,T,-0.0118624642597553,5.13169612849382e-08,2.31534431620377e-08
11,130796248,G,A,-0.017376719936864,3.68839418044999e-35,6.17887540086112e-13
20,34025756,A,G,0.015106448926495,1.39895123844954e-18,1.00358929746791e-12
20,33772728,G,A,0.027247349316301,9.75494950190043e-07,6.67790236670243e-10
18,21109466,G,T,-0.0147962834579793,4.76887286794729e-17,1.01241773778951e-12
18,20708321,A,G,-0.0157301188169347,4.2598093047879e-08,9.58224976795097e-11
06,31606756,A,T,-0.0225581287058072,1.2800676838392e-12,1.33526284355176e-12
06,31597700,C,T,0.0156564748907471,1.972887827257e-10,6.42003745580856e-10
10,99772885,G,A,-0.0171495078663855,3.47336332610463e-30,1.40422697684204e-12
07,76626619,G,T,0.0221706716076079,1.76814838027434e-13,1.50285453591725e-12
01,62570321,G,A,-0.017155526186224,3.52245973039906e-29,1.78408114363421e-12
12,66343400,C,G,0.0170341432595387,8.77338536594307e-34,1.80568061546483e-12
10,22123768,T,A,0.0187938526999183,1.80417622708493e-21,1.83250914894072e-12
06,105402083,A,C,0.0264309745888711,2.47165366593664e-15,2.00495612059868e-12
03,41308348,T,C,0.0169134008136514,7.47853850145863e-32,2.79082533450295e-12
16,69551467,T,A,0.0171475617860171,8.7450572426345e-29,4.03387453181011e-12
12,123070616,T,G,-0.0191519053638185,1.42866099421164e-14,9.58604951394892e-19
12,123189794,T,C,-0.0158307066612447,3.2374618287627e-12,6.66714820249787e-17
04,145718861,GGTTA,G,0.0170733179688061,5.64527392518016e-27,4.59325825692116e-12
19,34019403,GAC,G,-0.0174714329570958,3.98162988689796e-25,7.01003290014416e-12
03,85880768,A,G,-0.0171511392322368,4.57842086751684e-23,8.75353568545461e-12
06,152170247,G,A,0.016461052558342,6.07346947141815e-29,1.08993494420091e-11
05,139070398,G,C,0.0231040784471796,3.0535130055306e-15,1.1920223669663e-11
18,40788387,G,A,-0.0171375800305306,2.41866916878892e-22,1.28698008997847e-11
13,28011963,A,G,-0.0171132900773022,7.9185826318223e-22,1.52248037359144e-11
07,92253972,G,A,0.0171773861993015,7.40307844523471e-21,2.37962327634367e-11
07,70045443,G,C,0.0162431373519186,1.81789096371009e-25,2.49912164381936e-11
06,142734204,T,C,-0.0175687197349942,1.84692466173137e-13,2.52858870392037e-11
06,143187255,CA,C,-0.0131581276567675,4.74017234017214e-15,2.03410296035955e-08
07,6387863,A,AG,0.0238637832161883,2.03690782732879e-14,2.63626537667955e-11
03,94037499,C,T,0.0160436489476711,4.81332675075159e-27,2.96199065824266e-11
03,61253045,G,A,-0.0225586363921512,1.05213394372393e-14,3.08972136234874e-11
05,95728898,C,G,0.0164337313125513,2.7452445605871e-13,3.77564501027921e-11
05,95918919,C,CT,-0.0168112232221598,2.58062326993238e-07,3.60869207864808e-08
05,96131733,A,G,-0.0137233752346307,2.39020888013561e-07,4.10710169256263e-07
06,41909521,C,CCG,0.0320510064726403,3.55971448770207e-12,4.14407306133459e-11
06,41903798,C,A,-0.0583190067984018,2.49015156526915e-08,1.15935105122516e-08
01,96940119,G,A,-0.0161636634256414,6.16565946545393e-24,4.18466393450781e-11
01,66505549,A,AGTT,-0.0159052382061812,1.2535384728387e-23,4.50061095904921e-11
01,66194463,C,G,0.0160632947644667,9.96282115100234e-07,3.49891466330208e-06
16,89535888,C,T,-0.0236183702695842,4.49180447580233e-14,5.16038998658605e-11
11,134568740,A,T,-0.0183912469556646,5.35626046735417e-11,6.07148421642938e-11
11,134611807,C,T,0.0136647127690171,9.26718396193059e-09,1.09746132376787e-08
07,77422583,A,G,0.016483236213279,1.4692551007543e-16,6.18872677099725e-11
07,77827064,G,GA,-0.0151118009858343,7.67852500145504e-12,5.25176580617297e-10
08,23392733,C,T,-0.0230147536604116,6.04274536114279e-14,6.40434458059468e-11
16,20052123,G,A,0.0200594399729967,2.64945272095397e-14,6.51562966428428e-11
16,20380004,G,C,-0.0141515661224363,3.74698728368835e-17,1.68879683914522e-08
16,20249395,GTACT,G,-0.0215894136519879,1.25556874220414e-09,1.46794297294947e-07
04,18351898,C,T,0.0157967083184836,5.87185229886975e-26,6.90406542171524e-11
10,102626510,G,T,0.0153860149786587,5.2960898439089e-16,8.13665998641453e-11
10,102447647,C,A,-0.0231762484363365,3.71161036300419e-10,9.04287151560015e-11
07,75081418,C,T,-0.0159842181571444,1.01331730836743e-24,8.46032270241742e-11
03,138122122,C,T,-0.0213793012397936,2.99948877373938e-14,8.71132276232242e-11
21,46494995,C,T,0.0140476967501044,4.35697113484351e-16,9.93148023635748e-11
21,46488959,G,A,-0.0257072439241804,4.1974014852722e-07,7.08945471529847e-09
05,153518766,A,G,0.016871266513076,9.99611936775736e-24,1.00441280403221e-10
05,153089361,A,T,-0.0177585008555668,2.57607120294293e-08,3.63491755488966e-06
05,80889270,C,G,-0.0162840462383758,1.64436047712547e-20,1.15458974980538e-10
04,137083193,C,A,0.0156311706878288,4.00340119807448e-25,1.2483498788603e-10
11,30408954,G,A,0.0158273289271361,1.75983461329406e-22,1.30377708450515e-10
05,122657199,G,A,-0.0155842715785725,3.44188815500753e-27,1.30782576717346e-10
04,103188709,C,T,0.0246932358025944,9.5594195393752e-08,1.31628180632655e-10
04,102708997,C,A,0.0129550398012117,9.46189943688367e-15,2.20813855668236e-10
06,51480853,C,T,-0.0164545196467076,7.10644297003403e-16,1.32769239562524e-10
06,51799902,T,G,0.0142147948519011,3.22243330057984e-10,2.89642734754463e-10
06,51003250,G,A,0.0244560588220391,3.01380063378178e-06,6.22053627061328e-07
22,42070374,A,C,-0.026143770501499,1.65120570215839e-12,1.42980475077707e-10
04,89726823,A,AT,-0.0153819722342497,6.00145873321513e-15,1.49550969154488e-10
04,89228383,C,T,-0.0113454086460334,5.51132870463918e-10,1.21270321426809e-06
01,42422900,G,GC,0.0155712877886958,3.04364144990866e-26,1.56693022600361e-10
06,130341235,T,C,-0.0170715066671393,2.19902626158526e-14,1.61498934826015e-10
06,130140675,C,A,-0.0145419048520049,5.93364137086715e-07,2.49917343045236e-06
02,181517642,C,T,-0.0159241808705941,3.67091224421718e-23,1.62267924408751e-10
12,91243910,G,A,-0.0144294567417048,3.71083562871186e-16,1.76956923200005e-10
12,91496137,T,C,0.0172071815823848,5.35190498192532e-08,1.51683058176618e-08
07,130465054,T,G,-0.0155787708282147,2.7950227238636e-23,1.88153535450713e-10
03,25077932,G,A,-0.0221816062428292,1.7563173314857e-13,2.04081259107558e-10
06,100602753,G,A,0.0178692147466648,4.06341767027628e-16,2.09181698220906e-10
08,76676187,C,T,-0.013707413508845,8.90234021128671e-13,2.29978766514665e-10
08,77165846,G,T,0.0126440115940939,2.08319620392668e-13,2.0557060160032e-09
X,117960969,T,A,0.0155885185082468,1.83370643647089e-13,2.55003259465574e-10
02,36777825,G,A,0.0158431041717373,6.64098125187008e-13,2.60961737577149e-10
02,37022422,G,A,-0.0119113592091754,5.2302897406674e-10,3.72745891509082e-07
11,8694830,G,A,-0.0171071442020624,5.19332918394379e-17,2.73609278692158e-10
10,126474200,T,C,-0.015553735304643,2.27464478436375e-17,3.12306893071156e-10
10,126707126,A,C,0.0135156206060682,4.39252992093018e-08,4.97412384044997e-06
06,29355148,A,C,-0.016704598028302,6.49343684070044e-18,3.13144929011096e-10
03,85044736,A,G,-0.0178576561687636,1.54461851834453e-15,3.52254761440443e-10
19,18334805,C,T,0.0186878483061341,3.0762897612648e-16,2.07009570022652e-13
19,18834514,C,T,-0.0141152488161291,5.30536386336199e-17,3.55959690247264e-10
14,23754580,G,A,-0.0159091947373633,8.67843781834369e-20,3.74848028493659e-10
18,39696251,A,G,0.0258187424439967,5.39642976374587e-12,3.92172617046537e-10
03,131717795,A,T,0.0186517052560071,1.37505336538241e-14,4.00134679877778e-10
07,50661735,G,T,0.0161083316424217,7.37635492949219e-19,4.06026284492526e-10
01,1551428,C,T,-0.0155154734266625,1.77559044146624e-20,4.83357969903523e-10
08,77220405,T,C,0.0148828258760264,1.64951656868041e-23,5.17129840914176e-10
08,76808121,G,T,0.0176993210249239,3.10672282856857e-06,6.43507617724596e-06
03,153657951,C,G,-0.0147983740220045,1.65105187580197e-14,5.21425230182798e-10
03,153210071,A,C,0.011542955494619,2.67657134568792e-09,7.47528321377641e-07
20,25027526,A,G,-0.012771352073406,3.07108415458885e-12,5.35163832482797e-10
X,66222744,CAA,C,-0.0171155492794288,2.09674656857579e-12,5.39155475083371e-10
02,56106928,C,T,-0.0178401311691192,6.24211285371329e-15,5.6437198364991e-10
15,84663514,AT,A,0.022625681423684,1.16356543514215e-41,2.47439177903016e-19
15,80991447,T,C,-0.0162597932743472,3.64723735681864e-17,5.79562446478519e-10
07,150668514,C,T,-0.0155952969511827,1.41551028468359e-19,6.04348673483199e-10
17,28855373,CT,C,-0.0155882933071468,4.26680678244154e-27,6.2328897006221e-10
20,33821577,G,A,0.0140227959971039,3.60112464481488e-13,1.22159795441008e-10
20,33132917,C,T,-0.0168332876302879,6.87603137356859e-09,1.46654134734284e-09
15,99232767,AT,A,-0.0164600998802265,9.93033434204648e-13,6.59820486136528e-10
15,99519259,G,C,-0.0130463760692372,3.42675731859824e-11,1.46770714018186e-07
01,49879122,G,A,0.0160057965646228,1.46963598704575e-17,6.67782177561541e-10
03,196934710,G,C,0.0209867394319068,7.08385812019257e-13,6.8418436294273e-10
16,73085286,A,G,0.0143334093988439,1.30403463064092e-08,7.06799905793752e-10
16,72996162,G,A,-0.0130536641740721,5.50835526375344e-14,3.73582024937344e-09
16,73249677,A,C,-0.0337511305239923,3.4770847786905e-06,8.21689491628985e-06
03,49642946,A,AAT,0.0162569562514698,3.10046277038574e-21,4.39400177198492e-14
03,49333171,C,A,0.0167060938029929,2.61545983250658e-06,7.12823046551296e-10
12,108164385,G,A,0.0153413546203646,4.96657941471625e-17,7.15332932984961e-10
12,108558344,A,G,-0.0253765782739466,1.7271814757215e-06,1.38698644145504e-06
19,1850165,T,C,-0.0147708184704511,1.41467980390875e-15,7.18899063220216e-10
19,2186757,C,T,-0.0110977003669097,1.46602475999121e-08,4.75780096848123e-06
14,33298731,CA,C,0.0149048248432282,1.1631051530313e-17,7.21924332708731e-10
14,33686813,T,C,-0.0166096302660353,1.93725698089792e-06,5.95837543799176e-06
14,33408139,C,T,0.0142771484368977,2.1181949751579e-06,3.70395038960301e-06
02,69696001,A,G,-0.0148515653315142,5.16715521498652e-24,7.75499843054262e-10
03,194863860,T,C,-0.0171622453322897,1.23876944488613e-15,8.11315666858777e-10
01,150346106,A,G,-0.0307913129990146,1.27720251561814e-10,1.62554618154633e-10
01,150539706,C,G,0.0245116092323006,1.49197331295715e-09,2.75734255084937e-09
03,84321469,A,G,-0.0311474591941135,7.2646465477989e-11,9.27074054907312e-10
09,120902240,A,T,-0.0188776146208321,8.99713224752715e-11,1.02401939956807e-09
09,120687045,T,C,-0.0118304732127997,3.65936511686316e-13,5.99554977196958e-07
05,43190861,TA,T,-0.015409682934689,2.9401968059194e-22,1.11679735272173e-09
20,15809756,G,GA,0.0223316736132122,3.14045389564194e-12,1.18790666539133e-09
17,44566824,TTTTG,T,0.0169690765758677,4.12758624159807e-18,1.36079041932382e-09
01,16706255,GT,G,-0.0154720287049642,2.72332045157417e-22,1.44829039148275e-09
10,16774121,CAGG,C,-0.0160785858299519,1.63658144871173e-17,1.50168890526023e-09
03,170743141,A,ATAT,0.0180523514957376,8.3124525626074e-15,1.51439653751076e-09
11,13349477,C,T,-0.0151675849748103,9.54481420459769e-15,1.51939888200636e-09
11,12888236,T,C,0.0128927866806314,9.33667849500617e-09,8.59123694179523e-07
20,39179822,G,C,-0.0427668979289062,3.91100036247951e-10,1.52719563674816e-09
20,39598672,G,A,-0.024671252710929,1.52727679971246e-06,6.04600429811546e-06
06,32652281,T,C,0.0195494331974472,1.08014658346262e-13,1.53241941656941e-09
08,135637337,C,G,-0.0147945239337688,6.05823290201225e-20,1.60443355047286e-09
07,121952981,T,C,0.0179270324447513,5.80352430207201e-14,1.62364025138981e-09
15,73083121,G,A,-0.0171460271763456,1.31291224970864e-14,1.66256813289617e-09
12,118405172,C,G,-0.0160128833176153,3.831148120971e-16,1.66618907592814e-09
01,54728864,C,G,-0.0151329219844598,9.87292278567528e-16,1.80060152081062e-09
01,54941934,T,C,-0.0127776626694064,1.09798570964344e-08,2.52518572660667e-06
14,94077077,A,C,-0.0157551026822472,2.10640799868787e-16,1.81624442508452e-09
01,156049877,C,T,0.0219498748591053,2.74566932674192e-11,1.83680822978199e-09
01,156496844,T,C,0.0125280871071278,2.79693814964359e-11,2.8921391087781e-06
02,205363596,G,A,0.0222990702864596,1.21458222192984e-11,1.9099340377646e-09
11,113234679,C,T,0.0147672853204367,2.16041870629446e-19,2.00581763538148e-09
03,185826740,G,T,-0.0175205198463843,2.23124782841715e-11,2.09144636517604e-09
03,185490184,A,G,0.0191891589029285,4.71794012443478e-08,9.07148695605964e-08
05,158030813,G,A,-0.0174802307623033,5.7498380780049e-14,2.57540785729007e-09
02,67838685,C,G,-0.0146692672520956,2.44773444790189e-19,2.66373390629546e-09
20,25401417,CA,C,0.0194502796226865,7.22548100963465e-09,7.86731539588945e-08
13,112239671,G,A,0.0136635276528296,1.96309765686417e-12,3.18375976273345e-09
13,111981707,G,C,0.0121586542968816,1.8985671854071e-08,2.14291671859733e-07
10,114754784,T,C,-0.0156496797235467,1.35463387675296e-15,3.31911121127352e-09
01,74977277,A,G,0.0145262369868976,6.4949508501445e-20,3.50766599457211e-09
15,41970964,C,CA,0.0223516298073587,1.10505542841782e-11,3.53313156704674e-09
10,72428283,C,T,0.0161202582349466,7.12958334431071e-15,3.5684323765881e-09
05,51090842,C,A,-0.0335804379105289,3.85574359177109e-09,3.66640737768236e-09
05,50936424,G,A,0.0199223682316934,1.25121048220347e-06,1.63632447887377e-06
16,71899586,G,A,-0.017048602679053,1.22402333840266e-13,4.05287851697466e-09
14,29683173,A,AAAGG,-0.0171118577281014,2.91744604637505e-11,4.24961763384659e-09
14,30137407,C,T,0.0122399281911327,1.39299122740749e-11,1.11390719075526e-06
18,13182325,A,T,0.0183433608965683,1.35405409615055e-12,4.30180347053665e-09
05,77379810,T,A,-0.0163499092621195,4.66865476609055e-14,4.3368160143671e-09
06,29910478,C,G,0.0145645192119845,4.03678026319052e-22,4.46294253790571e-09
07,71586049,T,C,-0.0149770714736357,4.83033435548743e-17,4.56490474346985e-09
04,840553,CTTT,C,-0.0146279211937303,4.33921649200903e-19,4.56642264282729e-09
05,284768,A,AC,0.0259428110812121,6.91830137194607e-11,4.59308442775217e-09
04,82285904,T,C,0.0151150331335001,4.00873294693903e-16,4.90447343402401e-09
14,77547212,C,T,0.0154790400477766,2.20428551615568e-15,5.46116220728769e-09
18,52509833,C,T,0.0166960604894211,7.47844086118238e-14,5.62743463742364e-09
06,12131542,G,A,-0.0146369511609966,7.32238990671421e-17,6.46213775487479e-09
X,137166980,G,C,-0.0176265894549944,2.16726943483924e-10,6.69837011195013e-09
11,122750082,TG,T,0.0155799928017829,3.09250821027176e-10,6.70808259379117e-09
11,122534504,T,C,0.0115345542313808,2.95703289682183e-09,1.05146089487561e-06
01,84680175,ATT,A,-0.0162662559358198,6.1261367601178e-14,6.72603450063439e-09
07,113028634,T,A,-0.0141394640141494,9.44303871580264e-20,7.38720281868254e-09
08,10665444,A,C,0.0141272923498591,3.09976690479085e-19,7.5645201347261e-09
10,88127995,G,C,0.0138972679195282,6.74442750409141e-24,7.69295616981614e-09
03,183406520,G,A,-0.0156351531881223,2.28833220217748e-14,8.30515543181667e-09
12,116196322,A,G,-0.014781311099307,2.96157280323217e-07,8.66690239840822e-09
12,116450006,C,T,0.0125046772143778,4.48544706541262e-09,1.20055962409431e-07
12,116120567,C,CT,-0.0112414217699682,5.41099492062466e-08,8.92015206631287e-07
09,16737384,C,G,0.0144743285477342,9.13500287741492e-17,8.84133345049215e-09
01,195029618,C,CT,-0.0156459190847036,5.09668935691606e-16,9.05273426087802e-09
09,94187634,G,C,-0.0145965021925834,3.2120904662598e-16,9.50754087398346e-09
15,47758091,ATAATAT,A,-0.0154886181322992,1.88776499596607e-14,1.03652481617289e-08
02,236819547,ATGG,A,0.016760748046529,1.1088473591668e-15,1.04833569364847e-08
09,103024920,T,TAAA,0.0159094390644706,8.71025495371498e-15,1.05579735553853e-08
03,62471282,T,C,-0.0145732479547974,8.36009039433369e-13,1.06225900095253e-08
03,62687746,T,A,0.0136605837646197,6.61503361079096e-11,8.50482097967351e-08
04,56276334,T,C,0.0138808685842026,2.02883906657941e-21,1.06788827326627e-08
03,44041777,G,A,0.0150139176168478,8.74917454562401e-15,1.09920737855481e-08
12,103680717,C,CA,-0.016504917296871,3.89270952816391e-14,1.10152112267907e-08
01,8457648,GA,G,-0.0136434303153924,4.01807768387294e-12,1.10344357753296e-08
01,8013157,A,G,-0.0127007707325889,5.02741402102904e-10,1.80304409788215e-07
19,19793545,T,C,-0.0248907267667237,4.30292214091173e-10,1.13512214918501e-08
20,45550489,T,G,-0.0140149637248859,1.01338151901286e-19,1.13550468268334e-08
16,24798079,G,A,-0.0157102647600873,1.28493887314114e-13,1.15130464698385e-08
05,170354039,G,T,-0.0154003876902281,5.0369096173682e-14,1.17419517059129e-08
17,7096707,TC,T,0.0139834298561813,8.55088314938064e-16,1.17724251801592e-08
17,7559037,C,T,-0.0155411966117957,2.56861086283673e-08,3.16068733235837e-07
01,113196896,G,A,-0.0197209520399143,2.15079020034206e-10,1.2211499145559e-08
01,113483900,C,CT,0.0124873163864003,8.46851635757174e-15,6.3113260249438e-06
15,62112657,C,T,-0.0499113894905291,6.40016589058341e-09,1.26193966589798e-08
17,39261560,A,T,0.0148475647552988,4.32132476895835e-15,1.2847657937159e-08
02,161114552,G,A,-0.0150718461425912,1.88998484510938e-14,1.38117792767504e-08
01,98315893,A,G,0.0164307661625424,7.0241005045167e-13,1.45787230119793e-08
15,73687743,A,C,-0.0303222180512444,8.9671673220542e-12,1.5104762002764e-08
15,73353166,A,AT,-0.0162937258543106,1.89558967095032e-11,4.65824072357182e-06
06,66919338,C,A,0.0173954442623417,7.9298149529852e-12,1.55718584950582e-08
20,43514203,C,T,0.0152959641957556,1.08781704795724e-13,1.62291025798576e-08
02,230627955,C,T,0.0146419989995947,4.16565436810062e-15,1.65504136871295e-08
01,23422623,G,GA,0.0192116559258162,1.83217466212201e-12,1.72607573141527e-08
06,20725240,T,C,-0.0167357323944537,2.6787309080056e-10,1.76377266903778e-08
06,20458179,C,T,-0.0372233461748424,2.31473475676502e-06,5.45168982213972e-07
17,47063204,A,C,0.0247177838165428,2.09233634840978e-10,1.80283166086534e-08
17,46766398,G,T,0.0432065401908024,4.84584620160682e-08,2.61012065247428e-07
02,100838157,C,T,-0.0137818917231942,5.85100330453058e-18,1.80959988460283e-08
06,25833333,G,GT,-0.016810426828004,5.28251088083265e-15,7.39867177047252e-12
06,25365840,A,T,-0.0164655927374309,9.90300577805087e-08,1.92635846917534e-08
X,53652838,G,A,0.0115289315971281,3.72157710102478e-18,1.96151639395458e-08
07,103427228,T,G,0.0136582541001965,7.96096504905674e-19,1.96588234031774e-08
06,164105984,T,C,0.0149046961645813,7.0880487125641e-15,2.00751706201007e-08
06,164373647,C,T,0.0445133601512283,2.14013700921968e-06,5.67528140177251e-06
07,105091519,G,A,-0.0160841783246147,2.71252187856177e-13,2.07654642847042e-08
09,83324554,G,GC,0.0167614008593277,6.23708753752682e-12,2.13599458790169e-08
18,56883319,T,G,-0.0174316733997758,1.83543388863431e-09,2.22732410314674e-08
18,56458986,C,G,0.0119144404994605,4.81792562560037e-12,6.68788415073768e-07
13,33377830,T,C,-0.0134622429145067,1.40565184223865e-19,2.37840652589145e-08
02,175238924,T,C,-0.0172529860438144,1.53296997591097e-11,2.39665050733339e-08
01,203519648,A,G,-0.0123578991269108,1.02451887199588e-14,2.57771878119348e-08
01,203491150,G,A,0.0146859040879115,5.22813786288794e-07,3.25962038283095e-07
01,208706936,G,A,-0.014785201952426,5.43545708943967e-14,2.83974801753531e-08
01,47690438,G,T,0.0135347984760519,4.21018314490464e-18,2.88052661737692e-08
15,53153950,A,G,0.0151714443235043,3.21644195095706e-13,2.99243904967967e-08
17,71133896,T,TGAG,0.0133296285364099,9.71279700582667e-21,2.99663915805652e-08
09,87172665,A,AT,0.0281232437566202,3.20290402588675e-09,3.00395534568067e-08
06,119524516,C,G,-0.0134817749991158,1.11748847596168e-19,3.01828119089374e-08
18,60737480,A,G,0.0122365196207556,7.5210575526163e-11,3.06089090893619e-08
18,60845884,T,C,0.0124059390684414,7.22698981342637e-09,3.3598397962521e-08
02,213414265,A,G,-0.0150911925499335,1.91251047502675e-13,3.16885448160807e-08
03,88237473,C,CAT,-0.0196476523954898,1.60159736837439e-09,3.29219925163749e-08
03,88155120,T,C,0.0595764648336151,7.43771890919372e-07,3.18273545178462e-07
15,100692953,G,A,-0.0232388853670537,4.72993161102305e-10,3.35979970248571e-08
15,100509976,C,A,0.0135411167143541,3.06359407712964e-14,5.74161076202413e-07
15,100764127,G,A,-0.0118602654211516,5.47412274869766e-07,9.40377674011825e-06
06,34013546,C,T,0.0552572986012034,5.14427208506041e-09,1.14788924015225e-08
06,33516762,GGTA,G,0.0161378377312072,3.4816641988309e-13,3.38366178744354e-08
11,14399564,T,TTG,-0.0140530352305613,1.87660418834796e-15,3.41857894914553e-08
14,42939471,T,A,0.0134699968345508,2.47817758027281e-18,3.5142229965423e-08
03,42325865,G,A,-0.0212613608068162,3.87773991225419e-09,3.54763637464193e-08
03,42439589,A,G,-0.013025859161906,7.17004716379857e-12,4.96036378939925e-07
07,65521968,A,G,0.0148134687874792,1.53660975743227e-13,3.58391178617239e-08
16,31015998,TA,T,-0.0141539192660511,4.12132575129425e-19,3.8217726348199e-08
05,6754402,C,T,0.0140249035168059,1.05915961025704e-14,3.8594276277146e-08
07,32399469,C,T,0.0144327240868597,4.45373905203044e-14,4.42526017414839e-08
08,57112046,G,A,-0.0200597588184244,5.0428096996396e-10,4.50647753345777e-08
11,118954265,G,A,0.013408004305935,2.75839431539699e-17,4.78441490308462e-08
20,32542814,A,G,0.0134653258444931,3.11833891400771e-12,2.46320302151587e-09
20,32287917,C,T,-0.0129068089908606,7.28943606416602e-09,4.8689284163359e-08
08,67205241,A,C,-0.0150041664872303,1.08101604743312e-12,4.87473050173291e-08
17,7435823,G,A,0.0267814001406021,3.39848039106668e-08,4.94275528347732e-08
17,7544045,GCGTGCTGGC,G,-0.0221461144239342,1.65662445342848e-06,1.42816134095922e-06
09,92189513,C,A,-0.0132187660700831,2.25643378530658e-19,5.12992903163871e-08
01,103380892,C,CTTTG,0.0134514903628593,2.18475076265576e-16,5.15942015029556e-08
13,96982541,T,G,0.0133043125526635,3.23289195826899e-17,5.1714602938669e-08
10,32176589,GT,G,-0.0140091675591721,3.02809565339773e-14,5.25624432568102e-08
02,24956027,A,C,0.029232855398563,4.80452061171309e-13,1.58940230560393e-10
02,24468191,A,T,-0.0319480640255646,1.40328152692664e-09,5.59826794222231e-08
03,128966302,C,T,0.0243761407681823,2.64969580588449e-09,5.74089337163951e-08
11,46172038,T,G,0.051178225394563,9.60589714107308e-08,5.89588179912915e-08
11,45992133,AT,A,-0.0183837544241899,1.32207742858689e-07,1.67261462078839e-06
05,63940500,C,CA,-0.0132437634516608,3.59979008989327e-20,5.99684921624756e-08
08,9206069,G,A,-0.013377991576138,1.54827620875122e-16,6.05649825944949e-08
02,205375909,A,C,0.0252654596469365,1.76566146304569e-08,2.23015506586311e-09
02,206081747,C,CA,0.0110666385627117,3.73225002619164e-13,3.87434607608981e-07
15,67938334,G,C,-0.0206613438374002,1.24024975096186e-17,1.09296613090844e-12
15,67457698,A,G,0.0288513547814256,9.23825207420299e-09,6.27041250546479e-08
15,67035754,CT,C,-0.0127569679396836,1.29606576233876e-10,8.78257808366233e-07
06,2065303,G,C,0.0160172045426869,1.51135437253879e-11,6.39278328583925e-08
11,13331808,A,G,-0.0144899917873371,1.74360399005294e-13,3.91898209956325e-09
11,12835835,C,T,0.0132600300971811,4.44523215401212e-12,6.74503304796317e-08
13,50655989,G,T,0.0502690751090586,9.98532837926583e-09,6.86889264172538e-08
13,50969923,C,T,0.0209473587350873,2.88165531633008e-09,3.33041175100081e-07
17,76766437,G,GA,0.0130702468462361,1.49057447806125e-19,6.88030363144957e-08
10,125220036,G,A,0.0148716503535512,2.14133751651022e-12,6.97069607721301e-08
X,22340960,T,C,0.0114798808772243,3.58412604354886e-12,7.07467114481722e-08
05,130833946,T,C,-0.0132015899806702,4.05117126088653e-17,7.13866918792807e-08
09,27777012,T,C,0.0129728015894246,1.40266347249251e-20,7.2595863476981e-08
06,131429452,C,T,-0.0137691645768936,3.7007135655647e-12,7.32555469497239e-08
06,131897278,C,T,0.0155406813077032,1.03286479028121e-07,9.29431362483396e-07
16,64716851,T,C,0.0132481149081199,1.98698534415438e-21,7.41246922096877e-08
X,8913992,T,C,-0.0120917266769272,4.30280439671885e-11,7.53544786928752e-08
01,57850045,G,A,0.015811130818951,2.56731669613963e-11,7.57809702325102e-08
14,103246470,G,A,0.0136562473052026,3.57596796099793e-14,8.18388395009606e-08
14,99700080,C,T,-0.0130200201183151,2.48785749090425e-17,8.72981861070187e-08
17,52925502,T,C,0.017286266683633,1.8307611838298e-10,8.77672411122875e-08
X,24256135,T,C,-0.0111309894423568,1.24814183898582e-12,8.951771181569e-08
17,45269868,A,G,-0.0125059537313346,1.86098930720108e-10,9.14819940291476e-08
17,44819595,T,G,0.0132452848394095,6.72978332822024e-08,3.83735685156018e-07
14,47303114,G,T,0.0119478849544173,4.5936570547169e-17,9.35987530035967e-08
14,47771519,G,A,-0.0316283914320903,1.15591748874303e-06,2.54856337732406e-07
03,108119528,C,T,-0.0129176757099333,2.62008621696801e-20,9.36165419239992e-08
05,55796639,C,T,0.0147059105857994,4.84183840956252e-12,9.79882725797e-08
20,25195509,G,A,-0.0706114751268377,-99,2.08762570038948e-09
06,26543649,CTT,C,-0.0294857342638217,-99,2.34263139692232e-14
18,58024670,C,G,-0.213603202900575,-99,5.09121310319749e-41
07,77045957,G,A,0.0273184779857039,-99,1.02421631130111e-07
12,90136912,G,A,-0.0351228667754115,-99,2.17647411300068e-11
12,123160886,A,G,0.0427029313867529,-99,7.85414050605146e-14
