chrom,pos,major,minor,beta,p_value,gwas_p_value
14,94844947,C,T,0.272145737287138,2.26522211564622e-188,2.12217544548287e-174
14,94847262,T,A,0.0995158270012552,4.02685559046317e-64,1.08804159584494e-51
19,50042867,T,TG,-0.0777818051881374,2.41755516656361e-229,1.79041796360078e-116
19,50026735,G,A,-0.251381096652095,3.40382972092787e-86,3.32211001729218e-70
19,50035161,C,T,-0.179111643538599,2.4640462897939e-40,1.00179951289841e-29
19,35550878,C,T,0.0896650925118872,1.42875577237861e-181,2.15011800061758e-115
19,35541248,G,T,-0.0858084269289658,1.23918207680248e-88,4.40973756290807e-54
17,67081278,A,G,-0.195447846073551,4.55199641363085e-112,4.25939832465563e-107
02,27730940,C,T,0.0580887205009913,1.86583766565373e-228,1.04682198042964e-100
17,1618363,T,C,0.0631613943955646,2.44066255186344e-110,2.70356766302649e-76
15,44027885,T,C,0.147597338449531,2.18565149848619e-70,5.87439084304152e-67
04,3443931,G,A,0.0435895371454397,1.05090951905735e-123,7.20650109475238e-56
05,72296606,T,TA,0.0409437384601788,5.26176720989132e-142,6.02077608857336e-53
03,12393125,C,G,-0.0535534089637354,1.44662627299895e-49,3.68483443409398e-39
01,155033308,G,A,0.0467315836892915,1.54653727944571e-43,8.68481106985089e-39
04,74256021,G,C,-0.121312874584336,8.22638178712507e-39,2.5351969155669e-37
08,9181395,G,A,-0.0562896237248023,1.13164351648934e-44,9.79827816428962e-37
07,150498245,T,C,0.0492689658406712,1.44787848812468e-32,1.34710930313587e-34
07,150476673,G,C,0.0168024217828449,2.03797025166074e-17,1.24617176298013e-13
14,106172880,A,G,0.0259577665615057,2.94353327065355e-34,6.39445565692521e-28
14,105968911,G,A,-0.0255526574458266,2.68385990471018e-23,5.80611293066335e-26
02,165528876,C,T,-0.029487273898465,2.06195138809459e-60,3.55809529521814e-27
04,26152727,A,G,0.123616524820354,3.46998895797415e-31,1.81732869616079e-26
04,26165165,T,G,0.0327153290253144,9.29208807973109e-26,9.31262591550975e-17
04,25972573,C,T,-0.0361677300179313,2.63942446697602e-12,2.04990483934852e-09
17,40298326,G,A,-0.0336193683051538,2.86117492690567e-41,2.59037250232277e-26
18,60203855,C,A,0.0303897902320111,1.01527512422905e-41,2.64092470839373e-24
15,78337939,A,G,-0.0312199317868337,1.22933544298408e-31,4.49938225684905e-24
15,78321401,ATT,A,0.0662544968066227,1.07381496620407e-14,8.10333040868495e-17
12,56863564,AAC,A,0.0331988883758284,1.25909292724934e-33,4.82788953183655e-23
04,103188709,C,T,-0.0493532117255849,8.79063447942404e-26,2.1009094597381e-22
07,17920253,G,C,0.0258545440409879,3.00811850957758e-47,2.51311386334798e-21
01,16505320,G,A,-0.0255318581415672,1.90895165646108e-49,3.27300817579414e-21
14,93118229,C,T,0.0319282126786756,6.20753659980526e-30,1.03163799204438e-20
11,47380340,T,G,-0.0254428663837996,1.40953874732248e-36,1.52887098823672e-20
11,46924665,G,C,0.0167211302746244,4.21343094142984e-12,1.91965331013751e-08
10,17891705,G,A,-0.0254463154384409,1.23513168088488e-43,1.54582479422125e-20
19,18557035,A,AGCAGGCCACTAG,-0.0236894606009564,1.23691218934977e-24,1.91144218407663e-20
19,18290415,C,T,0.0202917282562242,5.94508613936058e-16,9.35959969719629e-12
19,18895865,C,T,0.0280343748444243,1.19056013439881e-08,1.03579458687012e-10
01,196642969,C,CTT,0.0291725778867379,2.00586319148053e-30,8.89974374576634e-20
X,109823282,C,G,-0.0204615266363779,2.62690182607931e-35,1.14091275119126e-19
14,50923249,C,T,-0.0432865401836112,4.24581459537914e-19,2.78935301993932e-19
14,51079426,G,A,0.02222762170312,2.52832404205487e-11,1.95603134465879e-11
03,156798775,T,C,0.0242743145221658,6.03410837784862e-42,4.97737597031152e-19
19,33896432,C,A,0.0246613004810529,1.55781268401648e-26,7.08841659285768e-19
19,33760845,T,C,0.0132665746824717,3.89691309978032e-08,1.1595208667778e-06
17,47831849,C,G,-0.0246373701856921,1.4082243159247e-36,1.56181091972343e-18
06,31315120,A,G,-0.0224871116657444,7.67377695011248e-29,3.07206042891598e-18
06,30821012,G,GA,-0.0184491836137103,2.92234621252737e-12,3.63131049312168e-10
06,31428500,G,A,0.0225364905581864,1.42249605306752e-09,8.4679302018359e-13
02,242370751,G,T,-0.0242157220650798,4.40022969159849e-36,4.42926131711584e-18
16,79576621,G,T,-0.0418237656399104,2.85071456334715e-20,1.21140503186834e-17
16,79544999,T,TG,-0.0213835774489923,1.27150115133654e-09,1.36839524858872e-07
06,127440047,T,C,0.0524550731910783,2.97728606440825e-19,1.65825338464772e-17
16,72078989,TG,T,0.0294450936437237,1.99596154185681e-24,2.90539060098843e-17
15,60902397,TCACACA,T,-0.0228876790495324,1.71261206296744e-46,3.68032110865047e-17
01,178515312,A,G,-0.0222897656454764,4.82699854425624e-30,3.76904897214913e-17
01,178721452,A,AT,0.0132346845116096,3.2589314193541e-08,1.76118819080702e-06
05,76019044,C,T,-0.0558818572964524,1.82355351428433e-19,3.98185344782634e-17
05,75722853,CA,C,0.0184593272361234,6.23882644305967e-30,1.47190741635644e-10
05,75964507,C,T,-0.0637676975715826,1.14404596772163e-10,9.05435188489691e-10
05,122824678,A,G,-0.0224342473177379,9.02597334885128e-43,5.66229172318203e-17
17,7460957,G,T,0.0277273473571288,2.8414755249662e-18,8.166570048521e-17
17,7484812,G,A,-0.0399056806602158,8.98954895910013e-12,3.13402438390157e-13
17,7080316,C,T,-0.0218047314581763,1.89534093420058e-13,4.52174395983831e-10
11,118925341,G,A,-0.020903415022581,1.93874776845381e-21,9.31324833149599e-17
11,119032689,A,C,0.0294389656885715,3.18923890172288e-09,6.35828166186933e-09
11,118563286,G,A,-0.012439279587141,4.12393568132573e-08,1.29589494426499e-07
12,57792580,C,T,-0.0257315217401679,2.59785491868947e-26,1.41836730732085e-16
07,2362984,A,C,-0.0261346742774594,4.38052425082478e-31,1.47697575599035e-16
07,2454757,T,G,-0.0684134356177017,5.39085926268621e-10,3.57491843733732e-08
06,161073048,CA,C,0.0163459106682936,1.05866806270311e-15,1.56726997488311e-16
06,160900281,C,CA,-0.0206533742651716,4.50586565274677e-17,6.10714299378298e-11
06,161010118,A,G,-0.0321049500282717,2.62746557352023e-12,5.80091172694451e-12
03,48601774,A,G,0.0895349825160008,6.39494921170983e-17,2.03116919629019e-16
19,19460541,G,C,0.0428608028756202,1.13448996299601e-18,2.12971607974518e-16
01,39936799,CTG,C,-0.0268969656218761,3.63499811537705e-24,3.26918824413154e-16
17,43959596,CT,C,-0.0252098970995468,1.56108475109451e-24,1.16050684362949e-15
01,219747226,TG,T,-0.0232831802863206,1.06768047818919e-27,1.18214947533102e-15
01,221030589,T,C,0.0244652527004375,2.86341716377488e-25,1.28813438389275e-15
17,16842991,G,A,-0.0358508996341725,1.07498133126532e-18,1.45202857026189e-15
12,111907431,AC,A,-0.0227385042519795,1.2239768982021e-48,2.54255889194765e-15
12,111644921,C,T,-0.0842542206251517,2.38286429178882e-10,6.31477151861647e-08
01,154426970,A,C,0.0175554424995104,4.52705845133696e-13,3.95638213111804e-15
01,154803854,G,T,0.0354068994515041,2.04469379371984e-07,1.78983852154832e-08
10,21830104,A,G,-0.0221428647375861,3.6141915003539e-28,7.37508668457693e-15
03,132217703,G,A,0.049173942058057,3.03523901659957e-18,9.57123959465918e-15
03,132186187,G,A,0.0217158748409396,4.12946039842437e-10,2.43182456098431e-06
03,33457493,C,A,0.0320812589738959,3.48767837713898e-18,1.09905666415992e-14
01,161497377,C,T,0.0216716593277587,2.6851739020486e-34,1.69558507924985e-14
06,32378647,TAA,T,0.0269838711373118,3.65711513541441e-33,2.52595240104383e-14
06,31893944,G,A,0.017227951026604,6.34558399756385e-18,3.40904341435101e-10
06,32043157,T,C,-0.0365325778849669,6.30262696691171e-08,4.32510666179806e-06
11,72877964,A,G,-0.0207512700410921,1.04166625208166e-30,2.77777390507797e-14
10,65293924,T,G,-0.0202383336635701,2.74613780912891e-37,4.46424233237066e-14
01,150614966,G,A,0.0254097568670994,1.24486385619558e-20,6.58521469815941e-14
11,35163462,A,G,0.0203467869853775,4.1870451391079e-29,6.87990542948627e-14
11,35459960,T,A,-0.0636179032032618,2.36024522693454e-06,1.67861113137804e-06
06,34676237,T,C,-0.0239925972832273,8.45711876510085e-21,7.73818645981394e-14
17,66901215,T,G,0.0231727999442154,1.10069468958292e-18,3.5042083923037e-15
17,66453572,GGCCCGGGAA,G,0.0206063828947902,2.66203803168303e-23,8.61267430992916e-14
17,66933003,C,T,0.0177975015715647,1.614135111506e-12,1.08938517007257e-11
05,127357526,C,T,-0.0227511801707738,2.86166429849509e-21,2.18415228093703e-13
22,38029723,A,G,0.0234275915353413,3.94823939396412e-16,2.4638989991302e-13
22,38243990,G,A,-0.0339715212015731,2.44136534653399e-10,2.85111671102564e-11
01,66092017,T,A,0.019720656514239,1.63380651494248e-17,2.9376382909198e-13
01,66031063,A,G,-0.0119283621892899,3.49158092988423e-10,2.47446915659212e-06
02,227094758,G,A,-0.020329054178137,5.49863648860445e-26,3.37273374174177e-13
02,102085783,T,TA,0.0196422367171805,1.89383913137615e-22,3.42817516899414e-13
02,101602749,T,C,-0.0192835119283901,3.81131727754599e-08,5.02712184412566e-08
X,49539683,T,C,0.0462440031174599,6.22266759787875e-14,3.99352806056104e-13
09,112204027,CT,C,-0.0172886379192033,2.74582583047895e-13,5.71998512656998e-13
09,112096423,C,CT,-0.015414237324496,2.91585546091847e-07,6.39168932882218e-10
15,40327793,C,CCTG,0.0211845765488154,5.7607749896148e-22,7.02992837333809e-13
06,30455920,A,G,-0.0236649797038152,1.51738850725799e-15,1.71081960294333e-12
06,30954491,C,T,0.0254883218278525,4.07790884163282e-07,1.97126564925117e-07
08,145028587,T,C,0.0192382467574926,2.01805100684172e-27,1.93573276284523e-12
20,43514203,C,T,-0.0210498177191155,5.9787161291262e-15,2.0357963398855e-12
20,43041131,G,A,-0.0151117929475192,7.03919380209744e-12,4.64788867267281e-07
20,43949437,A,T,-0.0154555455004967,1.79303455128631e-06,1.21321520840905e-06
04,177424579,C,T,0.0221547287590339,1.94182879066343e-18,2.49595915760661e-12
04,177692133,TACACAC,T,-0.0251887988669139,4.53437890046103e-14,1.2989836245731e-09
04,177805447,G,A,-0.0370837443276614,9.10550307918398e-09,1.10215577431726e-06
12,13146967,A,C,-0.0167487913950885,1.22571999453216e-13,3.57720269619777e-12
12,12668962,G,A,0.0146145182074649,5.50089337904591e-10,2.05756044105551e-07
12,13355200,T,C,-0.0144249116030652,1.9106535541976e-07,4.38426507407003e-09
11,122607364,A,G,0.0317984726756777,1.41759686998336e-10,3.93849151531839e-12
11,122509237,A,G,0.0150505336071946,2.46595691080064e-14,6.82752239918042e-10
12,123814466,C,T,0.0318700476663104,2.50273543097237e-14,4.2528729726112e-12
07,73016400,A,G,-0.0229968602302865,1.75101669706765e-17,4.43055376606315e-12
17,36073320,C,A,0.0274096269213921,4.36444154945675e-15,6.51898920690416e-12
22,18444675,T,C,0.0213034933017952,3.85317110909688e-18,1.01928078171812e-11
16,83980529,C,G,-0.0183284423249368,8.94094664766796e-29,1.0644416602571e-11
16,15127535,C,A,0.0178222217815565,1.6642600848871e-13,1.49363553808599e-11
16,15380591,A,AT,-0.0140427483142476,1.20991859668431e-11,9.12261964717508e-09
03,107346973,G,A,0.0198310400086739,1.84002786378964e-19,1.82624996037413e-11
01,200271082,G,GGGC,0.0216368643064576,1.4791339439598e-17,1.87497951220964e-11
11,47243665,G,C,-0.0217740891925383,8.05147719452295e-26,3.57845068451147e-14
11,61509589,C,G,-0.017152290973571,1.38495560493807e-15,2.53390543314835e-11
11,61597212,C,T,0.0206603388950264,1.89761186500795e-08,1.1959798125335e-09
11,61207310,G,T,-0.0179305923535021,1.451001098629e-07,8.11115147066364e-07
18,9712723,G,GTGCGTGCACTTAAAAAC,-0.0309987995590838,2.31847366159891e-13,2.66478990526224e-11
04,77416627,G,A,-0.0185291314401683,6.69639676978881e-22,3.05838143366891e-11
06,106356046,C,T,0.0265711854472056,3.85354687599049e-14,3.63022382913664e-11
18,57183948,A,T,0.0234450584649146,2.46895696275451e-12,4.18498885557333e-11
18,57097014,T,C,-0.0136120988985362,1.59339421737085e-11,2.59061637740568e-07
06,135422296,A,T,0.0197211759326654,2.91123555292492e-18,4.53549620226799e-11
02,27354419,C,T,-0.0326541453102433,1.07363882092373e-24,8.70992998512164e-14
02,27424636,A,G,-0.0270550578541438,3.14726213925184e-31,1.05156742525875e-11
02,27161476,G,C,0.0207517761481189,8.76091561931631e-09,1.10282516805894e-09
05,55806751,G,A,-0.0237026670704768,2.40255380287619e-17,4.89774400824116e-11
05,55440730,G,A,0.0197819736394333,8.12383100362777e-13,1.69472606011513e-09
05,55860866,G,T,0.0199676844512583,1.59191357616637e-10,9.88020230921659e-07
05,175838749,T,A,0.0334705474220632,1.40957695714121e-12,6.12936146625007e-11
01,25713234,T,A,-0.0182744634294391,1.35801282375669e-29,6.65921084275341e-11
01,25291697,C,T,0.0673941189557767,2.52414243313031e-09,2.62313037502339e-08
04,124758773,C,T,0.0263849111680102,9.3558687809047e-12,7.07587025150877e-11
04,124625265,A,C,-0.0204777109255908,9.86818133788368e-08,1.57595598733679e-07
01,151802639,C,T,0.0257169136914872,9.17549150475577e-14,8.64737775081765e-11
04,157723707,TAC,T,-0.0192523700148551,1.18798619835908e-13,8.84929443156833e-11
04,157398377,G,T,-0.012515001049169,2.61650690481471e-08,4.29710255023138e-06
12,25412038,C,T,-0.0336317622916834,3.34965768850036e-12,9.19380550581087e-11
08,18261493,A,G,-0.0191574765126631,2.8312810747088e-18,1.04258404954826e-10
11,65354150,G,A,0.017277605591237,1.69649877358179e-28,1.07240685875427e-10
01,1489928,T,C,0.0192669880944458,1.75130625971188e-17,1.2190256603654e-10
19,35483414,A,G,0.0731882718386343,9.69926521937461e-27,4.46737663450413e-27
19,35490085,AGAATG,A,-0.104107740435445,1.97859697202957e-19,3.81542267691838e-19
19,35511423,C,T,-0.036371097501286,2.19259203178081e-11,4.49722944112022e-11
07,130585623,T,G,-0.0173614136663128,1.75328537919001e-12,1.58824339851776e-10
07,130442603,CT,C,0.0130407405147177,6.56501226125382e-12,8.37914322234208e-08
01,109814880,C,T,-0.02195376233079,9.94300992312338e-15,1.62910844897405e-10
01,214150821,G,C,0.0463007410448829,3.77526444279866e-11,1.72065866658771e-10
08,21767809,C,A,-0.042698418766071,1.73316510922056e-11,1.9400849084835e-10
08,21928332,T,C,-0.0178549279517244,6.10759754013156e-10,5.1626689459658e-07
08,142248454,A,G,0.0172000294505026,2.20226836708688e-24,1.9432761034442e-10
12,105626185,A,G,-0.0170612200468494,7.76308280470176e-24,2.48496600548861e-10
06,109110274,T,C,-0.0217561865117992,3.29881961978239e-14,2.93518002199212e-10
02,162964301,G,A,0.0350054395580133,2.12290011396824e-11,3.01231599168097e-10
14,103234663,T,C,0.0157964772468646,2.7413232312952e-12,3.24911552835664e-10
14,103281340,G,A,-0.0174391068141352,4.403701868328e-08,4.96045212134651e-09
08,30279470,C,CAAAAAAG,-0.0190687057302871,3.97499661787837e-16,4.20005618944035e-10
06,107435870,TCCGGCCGCC,T,0.0173119210299576,2.26157503080105e-21,4.33245120947441e-10
11,67809268,C,T,0.035575035118589,3.90228380241425e-11,4.54785931976894e-10
06,32497824,A,C,0.0200504279307909,7.84295117996795e-24,4.13705280910104e-14
06,32913246,C,T,-0.0206090562687962,2.46583673048887e-07,5.35263064396549e-10
01,9452392,G,T,0.0169238353539391,6.08012599842458e-22,5.54178705193221e-10
13,30154895,TGAACAGTGTTAA,T,-0.0239467091144493,7.87410786040734e-13,5.9468424181506e-10
03,71774791,A,G,0.0189179936781042,5.23427642624014e-16,6.0661032586012e-10
04,129092027,CT,C,0.0172504403789108,4.44504104838835e-21,6.4240029281179e-10
12,4384844,T,G,-0.0629535521103416,2.30251343759674e-10,6.47215208341028e-10
08,126500031,C,G,-0.0169382220258814,1.62702945048976e-22,6.68820483060029e-10
06,44104306,G,A,-0.0204807792613516,3.48291352510167e-14,7.2215939617056e-10
02,112228828,T,C,-0.0201987699853507,2.27960546096959e-15,7.64806482543513e-10
02,112013625,G,A,-0.0217429302426961,6.10405380704366e-07,1.331724749218e-06
20,19907294,A,C,0.0158762975669173,7.03813685109846e-21,7.99521076470248e-10
20,19984025,T,C,0.020278344102085,7.38628952698707e-08,7.20227084713201e-08
X,20109072,G,A,-0.017442692028673,1.96769402234027e-12,8.240249012157e-10
01,154626477,A,G,0.0359987676989146,-99,6.01311833465512e-14
