chrom,pos,major,minor,beta,p_value,gwas_p_value
14,94844947,C,T,0.272145737287,2.26522211663189e-188,2.12217544548287e-174
14,94847262,T,A,0.0995158270012617,4.0268555903876e-64,1.08804159584494e-51
19,50042867,T,TG,-0.0777818051881287,2.41755516684312e-229,1.79041796360078e-116
19,50026735,G,A,-0.251381096652091,3.40382972094776e-86,3.32211001729218e-70
19,50035161,C,T,-0.179111643538586,2.46404628982792e-40,1.00179951289841e-29
19,35550878,C,T,0.0896650925118939,1.42875577229112e-181,2.15011800061758e-115
19,35541248,G,T,-0.0858084269289582,1.23918207684555e-88,4.40973756290807e-54
17,67081278,A,G,-0.195447846073541,4.55199641374843e-112,4.25939832465563e-107
02,27730940,C,T,0.0580887205010378,1.86583766410079e-228,1.04682198042964e-100
17,1618363,T,C,0.0631613943955498,2.44066255214973e-110,2.70356766302649e-76
15,44027885,T,C,0.14759733844958,2.18565149825575e-70,5.87439084304152e-67
04,3443931,G,A,0.0435895371454376,1.05090951908625e-123,7.20650109475238e-56
05,72296606,T,TA,0.0409437384601743,5.26176721026757e-142,6.02077608857336e-53
03,12393125,C,G,-0.0535534089637062,1.44662627317244e-49,3.68483443409398e-39
01,155033308,G,A,0.0467315836892762,1.54653727954351e-43,8.68481106985089e-39
04,74256021,G,C,-0.121312874584328,8.22638178722878e-39,2.5351969155669e-37
08,9181395,G,A,-0.0562896237247827,1.13164351656707e-44,9.79827816428962e-37
07,150498245,T,C,0.0492689658406876,1.44787848805579e-32,1.34710930313587e-34
07,150476673,G,C,0.0168024217828509,2.03797025160739e-17,1.24617176298013e-13
14,106172880,A,G,0.0259577665615066,2.94353327063768e-34,6.39445565692521e-28
14,105968911,G,A,-0.0255526574458267,2.68385990470883e-23,5.80611293066335e-26
02,165528876,C,T,-0.0294872738984673,2.06195138805112e-60,3.55809529521814e-27
04,26152727,A,G,0.12361652482035,3.46998895799139e-31,1.81732869616079e-26
04,26165165,T,G,0.0327153290253193,9.29208807957654e-26,9.31262591550975e-17
04,25972573,C,T,-0.036167730017933,2.63942446696975e-12,2.04990483934852e-09
17,40298326,G,A,-0.0336193683051539,2.86117492690371e-41,2.59037250232277e-26
18,60203855,C,A,0.0303897902320032,1.01527512427798e-41,2.64092470839373e-24
15,78337939,A,G,-0.0312199317868178,1.22933544307032e-31,4.49938225684905e-24
15,78321401,ATT,A,0.0662544968066414,1.07381496618576e-14,8.10333040868495e-17
12,56863564,AAC,A,0.0331988883758364,1.25909292720432e-33,4.82788953183655e-23
04,103188709,C,T,-0.0493532117256096,8.79063447893521e-26,2.1009094597381e-22
07,17920253,G,C,0.0258545440409959,3.00811850938116e-47,2.51311386334798e-21
01,16505320,G,A,-0.0255318581415769,1.90895165630283e-49,3.27300817579414e-21
14,93118229,C,T,0.0319282126786772,6.20753659976544e-30,1.03163799204438e-20
11,47380340,T,G,-0.0234859302990685,8.25080680212561e-31,1.52887098823672e-20
11,46893108,C,T,0.015893461714978,4.97967126823732e-15,1.77214024036726e-11
10,17891705,G,A,-0.0254463154384246,1.23513168103778e-43,1.54582479422125e-20
19,18557035,A,AGCAGGCCACTAG,-0.0263621216733978,3.1332238110015e-30,1.91144218407663e-20
19,18290415,C,T,0.0194383051662802,3.86612781686329e-15,9.35959969719629e-12
01,196642969,C,CTT,0.0291725778867338,2.0058631915176e-30,8.89974374576634e-20
X,109823282,C,G,-0.0204615266363767,2.62690182610178e-35,1.14091275119126e-19
14,50923249,C,T,-0.0465674327039359,4.90293669555163e-22,2.78935301993932e-19
03,156798775,T,C,0.0242743145221633,6.03410837795862e-42,4.97737597031152e-19
19,33896432,C,A,0.0251093074325108,2.17846893111359e-36,7.08841659285768e-19
17,47831849,C,G,-0.0246373701856902,1.40822431594188e-36,1.56181091972343e-18
06,31315120,A,G,-0.0243045593856734,5.13756317677965e-35,3.07206042891598e-18
06,30821012,G,GA,-0.0201662952029387,1.43280834983192e-14,3.63131049312168e-10
02,242370751,G,T,-0.0242157220650849,4.40022969145075e-36,4.42926131711584e-18
16,79576621,G,T,-0.0415528542539631,1.09668686201116e-20,1.21140503186834e-17
06,127440047,T,C,0.0524550731910599,2.97728606449313e-19,1.65825338464772e-17
16,72078989,TG,T,0.0294450936437169,1.99596154190435e-24,2.90539060098843e-17
15,60902397,TCACACA,T,-0.0228876790495407,1.71261206283956e-46,3.68032110865047e-17
01,178515312,A,G,-0.0224800086749535,2.827356603314e-44,3.76904897214913e-17
05,76019044,C,T,-0.055881857296461,1.82355351426133e-19,3.98185344782634e-17
05,75722853,CA,C,0.01845932723612,6.23882644320502e-30,1.47190741635644e-10
05,75964507,C,T,-0.0637676975715879,1.14404596771762e-10,9.05435188489691e-10
05,122824678,A,G,-0.0224342473177378,9.02597334885966e-43,5.66229172318203e-17
17,7460957,G,T,0.0277273473571285,2.84147552496781e-18,8.166570048521e-17
17,7484812,G,A,-0.0399056806602229,8.98954895902385e-12,3.13402438390157e-13
17,7080316,C,T,-0.0218047314581768,1.89534093419811e-13,4.52174395983831e-10
11,118925341,G,A,-0.0223950130033089,1.56480038796865e-41,9.31324833149599e-17
12,57792580,C,T,-0.0257315217401652,2.59785491871999e-26,1.41836730732085e-16
07,2362984,A,C,-0.0248348823923513,2.45605479901415e-28,1.47697575599035e-16
06,161073048,CA,C,0.0226088434954221,1.76496204469542e-36,1.56726997488311e-16
03,48601774,A,G,0.0895349825160642,6.39494921138922e-17,2.03116919629019e-16
19,19460541,G,C,0.0428608028756281,1.13448996297926e-18,2.12971607974518e-16
01,39936799,CTG,C,-0.026896965621871,3.63499811544865e-24,3.26918824413154e-16
17,43959596,CT,C,-0.0252098970995443,1.56108475111071e-24,1.16050684362949e-15
01,219747226,TG,T,-0.0232831802863217,1.06768047818323e-27,1.18214947533102e-15
01,221030589,T,C,0.0244652527004366,2.86341716378584e-25,1.28813438389275e-15
17,16842991,G,A,-0.0358508996341562,1.07498133130399e-18,1.45202857026189e-15
12,111907431,AC,A,-0.0211104166003237,2.20754768822211e-42,2.54255889194765e-15
01,154426970,A,C,0.0180403968812193,7.83147236629255e-14,3.95638213111804e-15
10,21830104,A,G,-0.0221428647375951,3.61419150017464e-28,7.37508668457693e-15
03,132217703,G,A,0.0460915456094358,2.63650792525315e-16,9.57123959465918e-15
01,154626477,A,G,0.0363665869604039,-99,6.01311833465512e-14
