chrom,pos,major,minor,beta,p_value,gwas_p_value
09,136042530,G,A,-0.0451544045957948,3.35491426102007e-84,0
09,136128546,G,A,0.227626245161665,0,0
09,136128259,G,A,0.219469304160071,0,2.23727769349885e-261
19,49171306,C,T,-0.0966509499588885,0,0
06,24436002,G,A,0.101952303333071,0,0
01,21759128,A,G,0.114039589643622,0,0
10,65149089,A,G,0.0905110763412809,0,8.20547676211892e-282
17,7080316,C,T,0.106927302886161,0,1.35009027904077e-247
08,9183102,AAGAAGAAAGGG,A,0.129385599995139,1.53570637935204e-234,4.73686445420436e-195
08,126500031,C,G,-0.0702182028008975,0,1.92241632326686e-164
11,126285301,G,A,0.0627646833228567,2.75136388129768e-294,3.92824192727365e-149
11,126250774,T,C,-0.0543726574062117,3.61899258407706e-57,8.33842751709432e-64
12,121423956,T,C,0.0588439369800292,1.49441206183254e-249,5.62561881075056e-114
12,570840,A,G,-0.0574769036852305,2.07871471353996e-272,9.02041964592376e-113
13,42959133,A,T,0.0551737764415427,4.00340301015647e-243,2.76039777087508e-108
13,43106514,T,C,0.0353120269562888,1.1660429183325e-31,6.17416485724769e-29
19,45430280,G,C,0.0586710577340075,0,2.79438437012459e-105
20,25362262,CT,C,-0.0520851676191565,9.76519577638824e-241,2.21309472127732e-93
02,27730940,C,T,0.0497768431937437,6.36136113043954e-190,6.98616343750063e-84
09,104220374,C,CACGA,0.0545123358429994,2.62961783149446e-175,3.24362222842963e-83
09,104249507,T,A,0.121480988250787,1.28031334716681e-45,1.80362126203304e-38
19,19393890,A,AG,-0.0941065993927738,4.77532242683645e-98,1.18526904392539e-81
19,19458388,A,G,-0.123653924506122,3.27908489378085e-25,1.01436606661727e-21
19,54676433,C,T,0.0483899973567113,1.92898652741623e-202,1.08003355847088e-80
08,119947651,A,G,-0.0470322238549498,4.83691537261947e-206,1.77947370943756e-77
11,307696,C,T,-0.0452997496588182,3.69401565136825e-134,9.82513025039663e-75
11,356080,T,C,-0.0342729321797993,1.0586431950622e-60,3.96469214244103e-35
11,296255,G,A,0.0654080957380413,1.29782425268875e-29,3.84505838637945e-39
11,61588305,A,G,0.0466017933706026,1.54305808066355e-143,7.19540544528426e-70
19,41353107,C,T,0.0381350677512752,1.00862153024585e-110,3.6732574602102e-67
19,41357457,G,T,0.086557286761254,7.56263188000068e-27,3.65191743770678e-45
16,79755446,G,A,0.0471826818291879,4.9961067576836e-125,7.05382211403938e-67
16,72144174,T,C,0.0617422165905421,6.15393601951494e-113,4.17375024439358e-57
01,21794612,T,G,0.113858521466905,0,0
11,5701074,C,A,0.082589820567201,1.77168906146481e-72,1.95714442438422e-55
11,5701281,G,A,0.0419761590489647,7.36700698424091e-37,6.52750171763486e-21
02,169931266,TGAACCTTAGAGACTGAAGAA,T,0.0335762980623223,1.21845091493121e-66,1.80368310425571e-54
02,169889108,C,T,-0.0845799289164982,1.67972415916337e-37,2.37948838087542e-51
02,169806298,T,C,-0.023343768124926,7.25235127845184e-31,4.70543866005845e-23
04,100055800,T,C,0.0403427096892891,4.95019456538042e-90,3.46443365467229e-53
04,100239319,C,T,-0.0917798194877474,4.66763476226873e-28,1.18583304973081e-30
08,10647823,G,A,0.0388537759334993,1.17807003144425e-127,7.49810832972624e-53
10,104004653,T,G,-0.076084604886938,2.94202325879834e-60,8.54875817686089e-53
13,95248566,C,T,0.0401939198227532,8.45216653587969e-91,3.94315409325564e-49
18,60054857,C,A,0.041878826683334,2.03711264861231e-78,4.28651488363097e-47
14,94844947,C,T,0.127568582952075,3.43839711386316e-48,2.37132888881497e-46
15,58679807,CAGA,C,-0.0348931453149575,1.93361053335732e-66,1.22864259636077e-45
15,58723939,G,A,-0.0325695793969779,1.20393332503181e-32,8.81974095367539e-26
15,58586129,C,T,0.0244865815465343,4.05520955181972e-15,3.41937187866919e-21
08,145639726,C,T,0.0344746549211615,9.24775030367861e-101,6.10619192840211e-42
01,21665405,C,T,-0.0767217932547499,3.1141744659338e-85,1.20397141243814e-85
01,21668730,G,A,-0.0539516278172244,2.52767500008378e-35,1.50254778766284e-30
01,21669102,C,CACAT,0.0309864412684421,1.13361102441549e-58,2.54932707215422e-69
09,5630344,C,T,0.0375947976802336,1.49224146352755e-72,4.09923743293842e-41
01,154419892,G,A,-0.0334845640508609,2.7639406749625e-91,3.19265509952979e-39
14,24872209,C,T,-0.031544570410186,5.60557958567489e-100,6.95623410420233e-36
06,24462672,C,T,0.0987791938463785,0,0
06,24461096,T,C,0.143743745326479,1.55957750127312e-95,5.27502748904645e-64
07,127015083,G,A,-0.111357153146687,2.0577142208191e-35,6.12029533448003e-34
12,112010205,C,CA,-0.0384644592080068,2.04635171838917e-50,1.0469721038349e-33
17,1618363,T,C,-0.0381573221782831,3.10659183348791e-38,2.45669787136655e-32
17,1995254,A,G,0.0156390155233758,1.02748291152105e-17,1.18409260482078e-09
11,118496119,G,A,-0.0343609066225131,6.79976814280325e-47,3.08497712420586e-30
17,37833035,G,A,0.0302673145452026,4.65044290041965e-54,5.25805611628787e-29
04,148979174,T,G,-0.0362051086263576,3.9633646788195e-41,8.95680040189017e-29
10,113949664,C,T,0.0311679133235739,2.41531936184031e-39,1.99703303651124e-27
10,114012302,T,C,-0.0207354320742774,3.15407777252168e-17,4.49398022728215e-12
10,114128630,G,A,-0.0438599791413396,4.93601011784193e-11,6.80715426309139e-09
04,69491284,A,T,-0.0249923742038245,8.52970337636319e-21,3.17515876518321e-27
04,69532128,G,A,-0.0204766598321304,4.71559639309928e-22,7.67302499359478e-15
04,69357050,C,A,0.0182693449191872,2.75221841304625e-15,1.27423861439522e-21
12,53727511,GCTTCCCTCTCTGAACCCCACGTT,G,-0.0292597932322662,3.37485309747453e-50,3.4575433553911e-27
17,7173279,G,C,0.0783691039031925,2.11069303003449e-214,1.62790107948424e-147
17,7220697,G,T,0.0468834805521413,2.34952103505184e-111,3.16922379763725e-58
17,7206689,G,A,0.108085896064616,2.0948180095291e-41,1.66626038887522e-17
09,139347526,AAAAAAAAAAG,A,0.030176629576108,2.80967646601142e-46,6.2275040849013e-27
06,24312690,T,TA,-0.0493573507441233,9.88279652477151e-112,1.74364100025598e-102
06,24139140,T,C,-0.193342690946529,6.53701245044576e-59,3.91293935427771e-80
06,24304425,A,G,0.113293651871864,7.01554981592977e-63,4.24351496000961e-77
07,73026378,C,T,-0.0356572767306291,5.29508852017873e-35,1.0625072881867e-25
03,135926622,T,G,-0.0310044200805527,7.48498943329856e-39,5.3078289076472e-25
01,214321081,A,G,0.034827738136712,9.12545007801545e-34,1.16253692479131e-24
01,220970028,G,A,-0.0280361243058391,6.01312226769669e-44,1.65487670566964e-24
10,104107191,C,T,-0.0694782089607806,3.03015097416939e-44,1.21529093000215e-52
10,104290839,C,CAA,-0.0218008231137641,2.43624485835672e-20,3.52976161209424e-23
05,36646553,A,T,0.0300323338149816,2.7782695536271e-38,2.78515680158909e-24
02,135014126,C,T,0.0332728901564506,1.03435283465349e-36,1.48126191650385e-23
02,134877407,C,T,-0.0270101360730598,6.69362208826777e-20,4.40128684887994e-12
06,26098474,T,C,0.046579019752408,5.74592040113727e-27,5.46983288079436e-23
14,73011885,A,G,-0.0261402446348856,4.13252337575105e-46,5.52061843971858e-23
06,32559673,T,G,0.0274182045874247,9.74547894893613e-43,6.3351155715156e-23
16,83980529,C,G,-0.0242905590106405,1.9838460968784e-55,9.7262539856986e-22
02,199253215,G,C,-0.0252812121733037,6.8083575576505e-45,2.9219163950451e-21
01,44283052,CCTT,C,-0.024109880049791,1.96496595601838e-50,4.79757126806793e-21
20,39142516,G,A,0.0566373651474039,1.12603998028044e-16,8.68565814851264e-21
20,39091892,G,A,-0.0245842749820891,8.59632124194635e-27,5.72981320020858e-19
20,39311563,G,C,-0.028255009028356,1.08821404401492e-19,8.9423267585292e-16
01,184672098,G,A,-0.0849317573814252,2.31427377169846e-21,1.4550336751912e-20
01,66166933,T,TA,-0.0241984190945201,7.79478173681081e-40,4.59182705644931e-20
10,102075479,G,A,-0.0312693581759411,2.84604660345243e-25,1.06428951477218e-19
10,102353341,T,C,0.0211807537918717,2.65102715621721e-16,2.54006771341474e-11
16,2210452,A,G,-0.0453356001745645,1.20742644964027e-22,1.1592519002952e-19
18,56084054,C,T,0.0282928203307167,1.85857355345341e-28,1.98396987794996e-19
02,113857919,G,A,0.0229586194655197,1.03304823628875e-51,2.43792244574678e-19
13,111108874,A,C,0.0229015539035601,1.13103761953346e-42,4.15115505471278e-19
02,54659707,G,C,0.0229857649763147,6.08648951348398e-42,4.76380032191457e-19
02,88428571,C,T,-0.0228048637435911,3.39761112302765e-47,5.10713725289949e-19
12,4606168,T,A,-0.0363302081590593,1.13931049368854e-22,1.0769303341226e-18
02,204115901,G,A,-0.0222445688743966,4.08435443629217e-46,1.25847393059174e-18
07,100453208,T,C,0.0281196617986301,2.72411918273786e-26,1.85911114187509e-18
11,8894838,T,G,0.0303648147466773,1.89756591735174e-24,2.36072977170535e-18
22,36545137,T,A,-0.026984402698583,1.4989680717494e-21,2.65411409867177e-18
22,36559299,A,G,0.0319217530834611,3.77866041082908e-10,9.1886989716225e-12
19,33517152,G,A,0.0520228799475456,7.32311266263616e-18,1.00949023871813e-17
19,33837930,A,AAT,-0.020205112274497,6.46906750669638e-40,3.99387216106806e-16
01,247601886,G,A,-0.022100508494576,3.4844603632119e-36,1.91504718465911e-17
05,88364958,C,T,0.0212120746636714,7.61069425153047e-45,3.21562622290407e-17
11,134265121,C,T,0.0295085572485736,6.24079860705754e-23,3.3209491878586e-17
04,77197521,G,T,0.0218484874785203,7.88609038476611e-44,6.82112145513835e-17
20,39832628,T,C,-0.0262463725982401,1.38764936849438e-24,8.13923342795537e-17
10,5245196,G,A,0.028810098994264,1.78032104493589e-22,8.57734979500436e-17
11,16611475,T,C,-0.0249142694933905,8.54344386504385e-29,8.93114084774745e-17
11,16281491,ATATG,A,-0.0241570354100253,2.9936625550671e-23,8.4631425605428e-14
X,73641569,T,C,-0.0174658334950078,3.0833445274056e-31,1.07823520501208e-16
16,72132129,C,T,0.0593162464934302,1.29263631241487e-89,1.24039629038126e-48
03,132301749,A,C,0.0189209835427858,1.64858207586479e-28,1.61315694744364e-16
03,132217703,G,A,-0.0328232720784845,8.88719505500842e-10,3.30082399121594e-12
16,68051472,TACAC,T,0.0326792137849884,1.42620154743038e-20,1.67250696460718e-16
17,9590409,T,C,-0.0241151172735272,1.31430706704332e-25,2.57950812984523e-16
03,98715823,G,A,-0.0204940564649059,4.40112649119374e-43,3.23144006992752e-16
01,39996716,T,C,0.020546480192775,3.59468978074277e-40,4.06591626559135e-16
20,30042683,C,T,-0.033159309094048,2.38669700658861e-34,5.67800854009408e-16
20,29544188,G,C,-0.0286059295065085,2.69949627878746e-30,7.40163509176479e-11
10,26229819,A,G,-0.0395596527936344,5.6306064966055e-18,9.50154715550851e-16
17,47947919,C,T,0.0553256380922469,9.2002002386018e-17,9.89825970060087e-16
22,39874314,C,A,-0.0208076240809728,1.49265646623897e-33,1.1406975300884e-15
19,48369565,CT,C,0.026118994282438,1.42845410725588e-26,1.23250504221908e-15
17,66453305,G,C,0.0222054441655457,3.06828510777394e-17,1.42122432299712e-15
17,66485436,GTA,G,-0.017164250128325,2.86708852920679e-18,7.97528392104953e-13
10,79680514,A,C,-0.0203966276661873,1.70992561366333e-34,1.45739971733038e-15
17,43932798,G,T,-0.0270462577325389,3.96830528669083e-22,1.53617115678548e-15
20,44547970,T,C,-0.0233203200192638,3.13228226177086e-24,1.84787908876134e-15
10,46100101,T,C,-0.021799879934083,1.59781535196561e-27,2.30806146327788e-15
02,21299867,A,T,-0.0251777492304705,4.52196400452727e-22,2.45965363418981e-15
04,151199080,G,A,-0.0218745833649766,1.5311723272994e-26,2.54667977410888e-15
05,81760340,C,CA,-0.0214587948287955,3.09552317578257e-28,2.65350095697144e-15
16,11792700,A,C,0.0197297990027534,5.25725263082027e-40,4.59005502590971e-15
13,41646085,CAG,C,-0.0375291113691373,2.7405797537097e-17,4.6452267328889e-15
10,116626967,C,CA,0.021467594615691,1.55678876833352e-31,5.0995552957055e-15
19,10332988,T,C,0.0202973187130484,2.90587587224665e-33,5.60277449249575e-15
01,93255073,G,A,-0.0201255786301351,1.44290843091733e-32,5.68348232855602e-15
15,89464652,C,G,-0.021666629469295,1.24976422770887e-25,5.7953675445694e-15
12,107337624,T,G,-0.0202631606727006,2.87736109527566e-37,6.20794150845757e-15
16,30655699,T,TTG,-0.0326848930380501,5.95369630344926e-18,8.01117097401254e-15
10,65056813,C,A,0.0865556852693832,0,9.63507724679944e-282
10,65030359,T,A,-0.0353478801255416,4.70060770842865e-11,1.11014985284978e-44
19,18285944,G,A,-0.0216012716523921,6.10000342758748e-24,2.06624231528383e-14
10,96660672,C,G,0.0200117861108479,7.68000117366097e-28,2.95435373128071e-14
01,22343298,C,T,0.0519908261211146,1.53746172615236e-32,8.75209873749882e-33
01,22362769,C,T,-0.0711715059253054,6.41823822973817e-29,1.81201936381321e-28
01,22432154,G,C,-0.0965102382747449,2.51803759858946e-25,4.86642223606763e-25
15,43726625,A,C,-0.0617605658935642,5.88328155738771e-15,3.3137138519421e-14
03,12264122,CA,C,-0.0195106100439696,1.39523335216081e-30,3.62679545348811e-14
04,106034411,TAAAA,T,-0.020518141558786,3.98752218716221e-26,3.86539563038845e-14
10,65261176,CT,C,0.086544092828242,0,2.30421159433532e-281
10,65275214,T,C,-0.0357579000233325,2.40405606674968e-11,4.79066684971872e-45
03,119818585,G,C,0.0201024232816632,7.96058178116062e-27,4.7040290722982e-14
02,219138170,G,T,0.0196307126846845,5.90085220988399e-37,6.55467332638445e-14
07,107056294,TAC,T,-0.0226830653764595,2.70741955868556e-21,6.70618864896963e-14
22,24295103,G,A,0.0197240671467607,6.69947142790227e-37,6.74867790575541e-14
14,75429593,A,G,-0.0175854102938295,2.21332992455409e-24,7.63297413007854e-14
14,75787011,A,G,0.0180657560519404,1.1588435806812e-13,5.31352901995503e-12
02,121310269,C,A,-0.0191068603482384,1.37450726342695e-31,8.84042318368413e-14
01,2332391,C,T,0.0186332478477337,1.90669820772947e-34,1.31764245434631e-13
02,3640142,T,C,0.024438196233611,5.0656427783637e-19,1.48947082872684e-13
13,74748606,A,G,-0.0187600466498036,1.09091217133424e-36,1.52961302371458e-13
01,114303808,C,A,-0.0304390600556062,3.20315225186037e-16,1.71074571956949e-13
02,192126727,A,G,0.0197391333158404,4.87200613552404e-25,2.31549882137673e-13
19,57063916,T,G,0.0212506409616755,2.84477870060154e-21,2.36999448107106e-13
04,111112068,A,G,-0.0194043237405271,1.91850777438722e-25,2.69718527172551e-13
07,150919382,T,TA,-0.0296204002099482,1.97388688146137e-16,2.97107647766907e-13
07,150502468,AT,A,-0.0275178264503451,4.38055711681071e-14,1.88817425548016e-11
02,165539661,T,C,0.0186684021760319,4.78219777765078e-29,3.15120229992923e-13
22,29130300,C,T,-0.0197554942135387,6.40065788788764e-23,5.40889153997213e-13
11,62200269,A,T,-0.0236508097472448,5.71867879709588e-18,6.24075529758676e-13
06,15650637,G,A,-0.025642158218191,6.16023517757175e-17,6.28401265346031e-13
01,234769499,A,C,-0.0175876549197547,4.49557771499259e-13,6.70975967257873e-13
01,234852760,T,C,-0.0158572112658292,3.27536516469841e-17,2.45468975620058e-12
07,96230686,G,A,0.0181873071921302,2.79413097292832e-24,6.83505476490569e-13
07,96639505,C,CCTCT,-0.019472919519706,1.0182270973842e-12,1.15383977955667e-10
22,38595615,T,C,0.0183707549770021,5.37646319684617e-28,7.20885063173944e-13
07,134876804,C,G,-0.0205235745883502,7.63211932279094e-21,8.55457518906369e-13
09,133469990,A,T,0.0186750241470904,1.80673904042141e-25,9.77404866531236e-13
02,68962137,G,A,0.0206524880353577,1.6655555651866e-20,1.33097547481738e-12
05,55860907,GC,G,-0.0228913904882275,9.5375350195936e-18,1.41983007168404e-12
20,17844518,A,AGGCATGCTGCCAAGAAT,0.0187831414815429,3.96954126972207e-24,1.57626408300198e-12
06,53902843,A,G,0.0192995808517874,1.272013417798e-22,1.69303744124639e-12
14,93108464,T,C,-0.0192916538872442,1.90632496271032e-21,2.43333193389361e-12
01,205714616,CA,C,0.0194778895118419,2.71475366186886e-21,3.16080413993357e-12
04,146775300,G,A,0.0238550318453079,2.20427686682302e-16,3.21781148019766e-12
03,101242751,A,G,-0.0184880073935507,3.58860746809212e-23,3.26310843990341e-12
05,132444128,G,A,-0.030113157653486,2.42605129005218e-14,3.66873607016842e-12
06,35285543,C,G,0.0219218249113604,9.7474160247503e-15,3.73941801587286e-12
06,35259397,C,T,-0.0523415393749963,3.59667435120429e-10,4.91260854021062e-11
08,71359660,G,A,-0.0223417358219432,3.24845101906498e-17,3.83178431935465e-12
06,116363149,A,G,0.0177598422731523,2.82153047016003e-26,4.03864164293568e-12
02,27598097,C,T,0.0491101741272561,7.05128210529e-184,1.05400903419005e-80
16,80731932,G,GA,0.0177151203948295,5.53402711977296e-27,4.44449351537227e-12
01,27304568,G,A,-0.0208826669583501,2.52670220978495e-18,4.51179689177038e-12
14,103575070,A,G,0.0176641778514579,5.69971305946312e-30,4.62369416903951e-12
06,151896235,A,G,0.0177170404338055,5.22828626368534e-26,5.67345460086941e-12
05,52106278,T,G,-0.0433900773914862,7.58478703566772e-13,6.28344517858801e-12
01,177937755,A,G,0.0192807991321633,7.96054776809771e-20,7.17665205268055e-12
02,109078286,C,T,-0.0218976324577191,9.2354258063509e-17,7.18064238870398e-12
X,20252492,C,T,-0.0197827704998812,2.33834712764703e-14,8.98829953678429e-12
16,55850062,A,C,-0.0221230552408256,2.10121781456181e-16,1.05675676129927e-11
04,129097426,G,A,0.0176049149604158,7.55013216155185e-24,1.1970281929109e-11
06,160521885,C,T,0.0325131562655462,2.84614079636663e-13,1.28725961405841e-11
04,1010077,T,C,0.0176682000240014,1.46298219792886e-23,1.50846075954642e-11
18,77218855,G,A,-0.0182053991417426,1.03317492924952e-20,1.67395330035999e-11
11,75452486,A,ACTC,-0.0232119743187513,2.63064748682504e-15,1.75167257843238e-11
01,161671306,G,T,0.0275268623588868,7.37271718881715e-14,1.92674275894528e-11
20,60727525,A,G,-0.0242086378654066,1.39408160111422e-14,2.53426203655851e-11
20,33734012,A,G,-0.0167519460028936,4.42448937936183e-29,2.59783968429631e-11
05,158513546,T,C,0.0169040304176864,6.86538100831605e-26,2.64003515927067e-11
16,89734349,T,C,0.0169024330300433,4.37458881537434e-25,3.21411811908855e-11
01,21868723,G,GC,-0.693339343633722,-99,0
01,21889760,G,A,-1.47684668633601,-99,0
06,24487377,CAT,C,-0.207053157649942,-99,7.18741973557648e-266
16,72114002,C,T,0.0824516954495754,-99,2.93656223097373e-19
