chrom,pos,major,minor,beta,p_value,gwas_p_value
10,102075479,G,A,0.0778719161943773,3.49117288314255e-71,1.09270901142066e-50
7,27564305,T,C,0.0542088548188127,4.61816724304515e-62,2.82170478528459e-40
7,27232126,G,C,-0.0468923175225646,5.3629870634494e-25,2.0446829009186e-22
3,64944311,T,C,0.0781457077010425,3.97812749382477e-50,5.41299447469883e-39
5,134364518,C,G,-0.0545754933044759,1.45820688195956e-55,5.61442454501273e-34
7,92264410,T,C,0.049693654281788,7.72495716529532e-63,6.91592897420713e-33
12,66377279,T,A,-0.0564140734389485,7.20538315893635e-48,8.18489001848105e-32
12,65970723,G,GTTCC,-0.138715957356407,4.24064855705594e-21,3.0045307114781e-20
13,51106788,G,A,-0.0488713070411436,4.50963862989224e-41,9.14159770189426e-31
13,50609356,T,TA,0.0279715941494697,1.28926069007931e-17,1.17107425926913e-12
6,55604708,T,C,-0.0855335268627844,4.18161992233175e-32,2.1449361712285e-27
6,55267630,CT,C,-0.0381123624409297,6.58631465795209e-27,6.63693696081529e-15
6,55472628,T,G,-0.0739274952120083,5.56356563663592e-12,2.45937003041231e-09
3,141105570,A,G,0.0404694314504588,1.79191939446307e-63,3.06461165564996e-25
7,127015083,G,A,0.147072471311122,3.75994656191142e-26,4.94872238942175e-25
6,130345791,A,G,0.0432009725369944,1.43702302941829e-44,1.90835152060973e-24
2,18714968,C,G,0.0366164912080354,6.99803626352629e-48,1.67331456575121e-20
18,46497009,AGGGCT,A,0.038436172517879,3.43345374803286e-38,7.73806786391972e-20
18,57852587,T,C,0.0414736489715726,2.52044730621646e-31,7.76088002439379e-20
12,4384844,T,G,0.133993901400927,1.49306035469337e-20,1.85142136933216e-19
5,173388948,C,CA,-0.0377855883980842,6.19733753069312e-34,8.80195320823976e-19
17,79420617,G,GC,0.0353820217213353,3.81338426699168e-38,5.48387201174239e-18
2,42237283,T,TG,-0.0422434804299583,2.98245596033236e-25,1.56176222734381e-17
8,96666692,C,T,-0.0388977498193318,7.63618322377663e-26,7.93162063874637e-17
22,40547564,GAAAA,G,0.032665415738607,1.86855049915049e-40,5.49420527897819e-16
13,51065836,T,G,-0.0477467020682558,2.56814478506893e-35,2.22060765165674e-29
13,50729244,T,C,0.0300705852760733,1.04595757232471e-16,2.32932047939856e-16
6,85311892,G,A,-0.0313403266469993,1.11504558265136e-38,1.00883493754982e-15
6,31348040,T,C,0.0364012235073765,4.73502551984324e-16,1.57582775640438e-15
6,31606756,A,T,-0.0392054323442099,1.47949579553506e-14,3.22045227044271e-15
7,25867098,G,C,0.0357855145859311,2.11609882126279e-24,2.28443165373854e-15
6,32681161,G,T,-0.030615083606134,1.32497855794125e-39,3.87718584809809e-15
2,466003,G,A,-0.0715166332302423,8.81670828042464e-17,9.55411429720821e-15
2,630864,T,TTTAA,-0.0332730891490805,5.29619804004358e-15,4.11435672301392e-10
11,27702383,G,T,-0.0369774304966674,8.2948768038004e-21,2.66066498716096e-14
6,41909521,C,CCG,0.0593464542665792,1.59356116874996e-15,4.84129096578152e-14
6,41903798,C,A,-0.0989881446995021,5.41267932949979e-09,2.08457335237529e-09
2,145924502,G,T,-0.0699753747688833,3.41017096612106e-15,5.83691744507065e-14
3,185526108,CA,C,-0.0274139178059253,1.73973345768738e-13,1.07748310759565e-13
3,185310407,CT,C,-0.0261574946527851,3.78784117287048e-15,2.53456279291366e-13
19,4962848,C,T,-0.0310026877283712,1.20206002315411e-25,1.20768380747763e-13
16,53798622,G,T,0.0291455612048017,1.33676716786364e-27,1.26772802486333e-13
16,54248648,A,C,0.0324886652377814,4.34740812613742e-11,1.26691462521729e-09
14,54434959,T,TAAC,-0.0309634331604249,8.53113668695391e-22,1.67166431810264e-13
14,54103013,G,T,-0.0254729334853471,1.89357018636019e-13,1.11131013872093e-09
1,119540008,A,AG,0.030603900692915,2.31069165016807e-25,1.86566652788766e-13
1,215578058,A,AATAT,0.0322583431877651,9.89479928292688e-21,6.44864728594425e-13
14,98405049,A,G,-0.0282978478734442,3.48336766416444e-30,7.68440358730157e-13
8,135577008,T,G,-0.0283116416231799,2.08517003109401e-29,1.0174718662413e-12
5,50253663,A,AT,0.0286839463703231,1.23251120383561e-29,1.0365769873871e-12
4,124262116,G,A,-0.0711835585956741,1.50559376908315e-13,1.23624780250774e-12
1,11276710,T,TA,0.0308068126924551,1.42292616661867e-23,1.57032142202778e-12
15,67024951,C,T,0.0303596313427024,5.6199971768982e-21,2.00875652199152e-12
22,42339525,G,A,-0.0484064217172883,1.51522460743147e-14,2.43669675702436e-12
20,34688491,T,C,0.0321494091694953,2.2249732100759e-19,2.54525574748477e-12
22,30599570,A,G,0.0300449056940799,9.72453229060062e-22,2.64977969863657e-12
6,133547899,G,T,-0.0274964600361204,9.12283221083951e-30,2.67371010999128e-12
17,61998879,G,A,-0.0288825877565745,3.99716846334264e-23,3.72844081849394e-12
1,176521655,G,A,-0.0883101724919299,9.32452508175213e-15,4.41869694450631e-12
1,176772360,G,T,-0.0297381005795971,5.20986016424297e-19,1.48269061072907e-09
5,139080745,A,G,0.0374029890469526,1.55004859135201e-15,7.46014685431902e-12
1,75226252,G,A,-0.0279811757103676,2.01388040109495e-22,9.63597647579202e-12
1,41745770,T,C,0.03209446394572,2.7917654434788e-17,1.49276161617738e-11
8,23418444,A,C,-0.0262120395768715,5.18182473610681e-31,1.79261332449381e-11
