chrom,pos,major,minor,beta,p_value,gwas_p_value
10,102075479,G,A,0.0808238673007867,2.67501827840754e-74,9.17402130704076e-53
07,27564305,T,C,0.057151856212082,8.80662347225014e-67,3.18401762239237e-43
07,27232126,G,C,-0.0472254621232566,1.27172435581444e-24,2.81697305846621e-22
07,92264410,T,C,0.0511804494564092,1.37720625665809e-64,9.65288587014227e-34
03,64944311,T,C,0.0735543255640033,2.90305537467407e-43,1.05488331564947e-33
05,134364518,C,G,-0.0540823908734656,5.83780734002854e-53,2.02810907484743e-32
12,66319996,A,C,-0.038834870091504,2.83410546840606e-13,4.37720027013577e-30
12,66358347,C,T,-0.0279838947017329,1.20463786856367e-17,7.22543872782355e-27
13,51106788,G,A,-0.0549746655294777,7.27071144268476e-50,1.54661734977709e-29
13,50609356,T,TA,0.0250377155063877,1.91930953965728e-13,1.81546609681792e-12
06,55604267,C,T,-0.0904620873755725,2.83066893490007e-31,1.09069820360558e-28
06,55267630,CT,C,-0.0378723721075255,3.78878026492695e-25,4.1047054519838e-14
06,130345791,A,G,0.0463783174742801,1.41501121915769e-49,4.09626352132825e-27
03,141105570,A,G,0.0398050583047139,1.32726272516775e-59,1.02130350081708e-23
07,127015083,G,A,0.142418996502917,6.21569911924587e-24,6.58672977346887e-23
18,46474192,C,T,0.0418085800549953,6.42381517378592e-43,2.0402000318142e-22
17,79419159,TGGGAGGGTCGCAGCACCCCCACCCCC,T,0.0289985910405582,2.72191596223382e-16,3.62740833216428e-20
17,79397611,T,G,0.0282862990913144,1.86847774214065e-08,4.26545727864331e-17
05,173388948,C,CA,-0.0384919709119501,3.9378376447818e-34,7.0976598860653e-19
02,18714968,C,G,0.0352278996231678,3.54563809708772e-43,1.50149743782525e-18
12,4384844,T,G,0.128510611686798,1.83678689807239e-18,1.58581600996937e-17
06,31606756,A,T,-0.0436734256215553,2.31908446288508e-17,1.86547642418595e-17
06,31704294,G,T,0.0386566249066158,3.46929290787131e-14,5.20581625390546e-15
18,57852587,T,C,0.0390685692643368,3.65884467452764e-27,2.80725748145416e-17
06,85369497,T,C,-0.0334322071040221,6.0051399956877e-40,5.2146692672752e-17
14,54421052,G,T,0.0328593955986548,2.94123479675987e-29,5.37449431843998e-17
07,25867098,G,C,0.0382111176651037,8.2502411740948e-27,7.8688505355787e-17
08,96700543,A,G,-0.0384373439444081,1.1816748439346e-18,3.0596821529555e-16
08,96455111,GAA,G,-0.0199616209794075,2.07111026340141e-13,3.05780760634339e-07
02,42247361,G,A,-0.0384768782585728,7.01599202208021e-24,7.10617156453056e-16
03,185526108,CA,C,-0.0245572750787967,9.04136340890668e-11,8.85036971989984e-16
03,185302885,G,A,-0.027311014797639,2.02486466410063e-13,1.37777284360692e-14
03,185548663,G,A,0.0303776259370533,3.86407311111358e-08,9.73797159993947e-11
06,32681161,G,T,-0.0255172261664176,2.55997697473862e-25,1.00090877615467e-14
06,32187637,G,T,0.0265895957577022,7.8184513935036e-08,7.15388848623882e-11
13,51065836,T,G,-0.0556091857342681,9.65804450481554e-39,4.26299802612529e-27
13,50639586,G,GTA,0.025545975570099,2.25268209125397e-20,5.36720554641758e-12
13,101190329,C,A,0.0303191028999607,1.05067510963905e-38,1.50766115237519e-14
19,4965064,G,A,-0.0323945975702651,1.58246108409298e-27,1.62896286969582e-14
17,62001801,CA,C,-0.0322458710258693,5.78719322816142e-28,2.34699745954167e-14
06,133562456,C,G,-0.0341762179163252,2.33239336492422e-22,6.24085044002781e-14
22,45727565,T,G,0.0335493363701545,4.83076762218636e-22,1.12854765802737e-13
01,75193268,AT,A,-0.0314483644890751,1.58287298231513e-24,1.41305398997731e-13
22,40547564,GAAAA,G,0.030149137769705,9.85258441360991e-34,1.80617228966519e-13
02,417167,T,C,-0.0692830850239403,7.33966356515994e-15,2.63283449010301e-13
02,630864,T,TTTAA,-0.0330090169324507,2.25907408917979e-14,6.80492029714041e-10
02,145924502,G,T,-0.069149315156063,1.80446569897296e-14,2.63855410675338e-13
06,31325886,C,G,0.0263112700998331,2.0378446358977e-12,2.12095166884888e-14
06,31350303,T,G,0.0245582390007195,6.07071557075955e-09,7.24663077305056e-13
01,41745770,T,C,0.0349208551933018,1.37734512231452e-19,5.21779294747687e-13
22,30597810,A,G,0.0310217160352097,1.9588712036105e-22,1.08771044097492e-12
20,32274380,G,A,-0.0320623839955756,9.05770260622238e-21,1.38791800441327e-12
03,9975386,C,G,-0.0361256799046762,8.55608152979623e-19,1.42289908916536e-12
01,119540008,A,AG,0.0298666453131455,1.52238641824575e-23,1.50684739615758e-12
11,27702383,G,T,-0.0349045135219809,3.34086473542234e-18,1.60020643560368e-12
08,135578636,CAAAAAAAAAAAAA,C,0.0253113170280658,9.83377439175803e-23,2.3333919342787e-12
08,135649848,G,A,-0.0239156559471924,1.19617297462091e-09,1.15713598168702e-09
08,57112046,G,A,-0.038460734188827,5.73741571558958e-12,2.43456120855161e-12
08,57489474,A,G,-0.0241119033412935,5.63892185940633e-15,6.62668190907748e-07
08,57123523,T,C,0.0294035338877113,6.45548673535347e-11,8.15367926544199e-12
22,42339525,G,A,-0.0489693595857303,2.00021959343332e-14,2.84119512516188e-12
08,145062057,T,TA,-0.0325472840936922,2.22232226754762e-21,4.64810393966057e-12
04,123798270,T,C,-0.0648617604396087,8.92761959816407e-11,5.69053398300251e-12
04,123831443,C,CA,0.0300301480486889,2.77012418303388e-14,9.73916936892411e-12
05,42039972,T,C,-0.0290804058771607,1.26170254536651e-20,1.39789805565535e-11
17,54254064,C,T,-0.0618747824534033,5.0797263759799e-12,1.71342756613819e-11
17,53918637,G,A,0.0405486968712664,2.60612648919225e-07,4.09509656801229e-07
06,41909521,C,CCG,0.0535874027201722,1.45604845090095e-12,1.72215206667332e-11
06,41903798,C,A,-0.107393134172001,4.61227067874501e-10,2.06758346616076e-10
04,175178914,T,C,-0.0333568491622211,3.41166968356459e-13,1.82333753073685e-11
04,175055506,T,G,0.0198599513989684,1.17894431721945e-09,6.16498268248639e-07
01,176794066,A,G,-0.0243108101228282,5.19913277257547e-22,2.34781812063933e-11
01,176521655,G,A,-0.064440017123994,6.02360647593535e-08,1.46272040406294e-09
05,50253663,A,AT,0.0272673688441161,3.54308744742205e-26,2.64835472573676e-11
15,67024951,C,T,0.0292104837629693,5.58259042916092e-19,2.69483001679699e-11
16,53829963,T,TTC,0.0269661317027249,6.04496684376931e-21,3.58291864381581e-11
16,54250739,TGGA,T,0.0333753480113083,2.46739344997224e-11,5.133940360338e-10
06,164134479,A,AC,0.0346128552861809,3.21520623614067e-16,4.25008104628843e-11
01,103353900,T,A,0.0267197136956529,1.87908801915701e-23,4.52173411960295e-11
X,78657806,G,A,-0.0223984247848163,1.57972868535858e-18,4.60578755975538e-11
X,78231140,C,A,0.0603291796512524,6.73111408018084e-08,9.38478768289638e-08
01,215333982,T,C,0.0276291207733813,4.18487711952163e-20,5.46860268020969e-11
06,29908935,TCC,T,-0.0352145217472101,1.22688202634682e-15,5.75623985145091e-11
02,226988137,G,A,0.030404585568102,7.38720136796986e-19,6.53650810237074e-11
12,26440698,A,G,-0.0298780501733591,9.58632288032014e-17,9.96612054460596e-11
20,34688491,T,C,0.0264082505972034,5.51700344637826e-13,1.46267184742906e-10
20,34216058,T,C,-0.0333979999187287,3.12362745640148e-07,2.34962366027925e-08
12,77619241,C,T,0.0256670502784515,2.23408343491135e-22,1.86871566464019e-10
05,51249698,T,A,-0.0289565602991189,3.01485457679981e-16,2.54375839264844e-10
05,51030359,G,A,0.0578999338984033,1.28461837869847e-07,2.728734046812e-07
12,66163835,C,T,0.0263176000347093,1.83127308158186e-25,1.87137668166308e-09
12,65692081,G,A,0.0567848936156014,1.27553425263977e-10,2.83342079936197e-10
10,101624070,T,G,0.0677565888058305,1.90585000784646e-11,3.20800170853052e-10
10,101804804,A,C,0.0544537747778109,8.76165539011422e-07,6.56903000372795e-06
09,123706382,C,T,-0.0259364866825512,6.24813237595894e-20,3.6781824531221e-10
05,139080745,A,G,0.0347292295490012,3.08139579946836e-13,3.81044259292327e-10
19,18575193,A,G,0.0475413515841859,1.74447951659186e-11,4.31529375664553e-10
X,109710796,A,G,0.0210417031715894,1.32576455933336e-17,4.64707494132457e-10
13,91963568,C,A,0.0241620379418946,3.2818556863825e-22,6.78648772610318e-10
13,92112592,C,T,0.0529125301422156,5.53119588512907e-07,4.77097556500783e-07
06,29836741,G,A,-0.0234943136715059,4.36755079880903e-16,1.0521382753464e-10
06,29278604,G,A,-0.0298292605605717,2.49785842150223e-08,1.58556523036465e-09
06,34383659,T,C,0.0842065194709734,3.17764741744043e-09,8.20866969754607e-10
06,34265327,GT,G,0.026351012145218,2.50610052191715e-09,2.00043486458218e-07
05,158253443,G,T,-0.0283025425028483,3.37034370146745e-15,8.46460983003819e-10
17,67930596,TA,T,-0.0255235069549763,1.60761946658651e-18,1.05863061941548e-09
17,69305867,G,A,-0.0316684387913185,2.96926391834605e-10,1.15945403653273e-09
17,69121783,A,G,0.0215565208544009,3.1775331612358e-15,9.88856340550916e-09
07,74844193,C,A,0.0261880950334291,2.709164178323e-09,1.24221941842866e-09
07,75162044,C,CT,0.0230618230846828,1.4437739727609e-07,2.57008262252824e-08
04,17874089,C,T,-0.0330026548713973,1.12408666612943e-12,1.39337150350576e-09
06,126704795,C,T,0.024189516015466,2.15570732283551e-22,1.45828485883161e-09
07,130118002,G,A,0.0256223579949409,1.48384928654387e-17,1.46407383849078e-09
01,51060560,T,TTA,-0.0286763271408407,1.52519402937737e-15,1.48048511871311e-09
01,11276710,T,TA,0.0267794357792116,1.07459543504517e-17,1.52966778587649e-09
07,2772431,A,C,-0.0259290810762609,8.62629161528401e-17,1.62305863911503e-09
19,13950321,T,C,0.0261398238569936,9.78057957841216e-17,1.72520810628901e-09
15,99194896,C,G,-0.0358589309956019,4.41416938979497e-10,1.79438177528249e-09
15,99289607,G,C,0.0201875901616484,4.46153429780915e-11,4.55133248296348e-07
17,29300573,C,T,-0.0674146733302142,1.04384864732315e-10,2.11074274179379e-09
17,28822666,T,C,-0.0441826940936981,9.02605683370873e-09,3.10413680122699e-07
09,118490568,C,T,-0.0429483818902021,9.91157225924736e-11,2.69050342078101e-09
11,65670320,A,G,0.0235935748188856,2.25068886398298e-22,2.8102493781435e-09
08,23418444,A,C,-0.0234664732881839,1.8337431412567e-24,3.11423005341487e-09
02,66397685,TG,T,0.0308530479576982,2.06540776623333e-09,3.15752254852071e-09
02,66244156,T,G,-0.0221253889200296,9.44143633445295e-13,6.85141628340501e-09
14,98405049,A,G,-0.0237420965848535,3.99738846582855e-21,3.18143613445148e-09
18,20730712,G,A,-0.0268158432666073,1.36895450481071e-14,3.73256804185944e-09
20,45553296,G,A,0.0250077958004205,3.52113411558816e-17,3.99672993300421e-09
02,33428653,C,A,0.023338386683472,3.79389056887014e-22,4.21926547928801e-09
04,26206514,A,C,-0.0480755150680736,2.92051772716209e-10,4.29756045616551e-09
02,223959901,G,A,-0.0259347385792631,3.25360527553832e-15,4.5754661893691e-09
16,50956797,GTAGTTGCT,G,0.0271573881649732,7.22082175945212e-14,5.106669298483e-09
17,14413917,C,T,0.0235343751631189,2.45251850777113e-22,5.5559773730298e-09
05,42521327,A,C,-0.0242863602806083,8.05558876303895e-15,1.29200300202715e-10
05,42842229,C,T,-0.0186252601809563,1.0868667505582e-08,4.34776305589629e-07
04,106216800,T,TA,-0.0238320720187942,1.14607082110698e-18,6.44303217763982e-09
09,119103247,A,G,-0.0293230737000198,1.98269403844077e-11,6.96804342114628e-09
09,119225730,T,C,-0.0483617168763155,4.72994179882028e-07,2.6558181054027e-07
09,119347782,G,T,0.028981990987448,3.58031414365469e-07,2.96252967155803e-06
17,21284673,T,A,-0.0234642497266157,2.4557713334085e-21,6.98876749895122e-09
02,60012946,GA,G,0.0234812642905448,1.04330740690162e-17,7.44882773400772e-09
20,47824904,A,T,0.0276892092020374,4.80227928040562e-13,7.59008093652763e-09
17,76808726,C,T,0.0227985900173832,2.52489431723089e-22,8.22964684273864e-09
08,74602493,A,G,0.0283650239611327,1.07190132681913e-12,8.44984804565646e-09
06,43756863,C,A,0.0257257195984649,4.89761136548437e-14,1.02697556593149e-08
12,12872484,C,CA,-0.0252837141028624,8.13332735297e-15,1.05695808695848e-08
08,72077955,A,G,-0.0323459885073559,3.87347678384713e-09,1.16846868396413e-08
08,72460614,G,A,-0.034109393463998,1.9844596842387e-06,8.13863894814179e-07
07,15956470,C,T,-0.0237818431394963,6.34195994195735e-16,1.60215907573826e-08
06,19973680,C,T,-0.0236383202993668,8.09099226639457e-10,1.72689793269185e-08
06,19706271,C,G,-0.0223507507332201,8.17598905465692e-07,4.75245757980337e-07
04,145718861,GGTTA,G,0.023059041177062,1.35293898248319e-18,1.76189765370726e-08
16,28579915,GT,G,0.0224746749764143,3.74727496892239e-21,1.80628468730942e-08
02,40626646,G,C,-0.0234133101613025,1.39742938949306e-16,1.95977119416155e-08
09,125996479,CA,C,0.0415529513702006,2.59851098587002e-09,2.00534361610004e-08
09,125550272,C,T,-0.090635589184351,3.77674467337659e-07,1.43423893691754e-07
09,126408423,C,T,0.0475478124971307,8.61805092151869e-07,1.87139125029608e-06
X,80038809,C,G,-0.0348025064502836,2.92361920480344e-09,2.18344671339253e-08
X,77923564,C,T,0.0608668759927432,5.32946803204704e-08,2.23683185321895e-08
X,78144913,G,A,-0.0289181048591158,5.31089918869097e-08,9.98124926226446e-08
20,7593266,G,C,0.0240146930400964,1.90364649482738e-14,2.2882781738648e-08
07,26679254,C,A,-0.0246563082059409,7.38890358432578e-10,2.2994587007642e-08
07,26485860,C,T,0.0186894376487065,1.10043610089508e-10,1.27810445951253e-06
02,218280418,G,T,-0.024714367494279,1.04214490913764e-12,2.52941678761256e-08
02,218392555,C,T,-0.032617825398511,6.15139400449737e-08,4.02286299422271e-07
14,91474053,GT,G,-0.0221563928376287,9.24958474055422e-21,2.62940970582546e-08
11,1882079,TATGGGTGGATGAGTGG,T,0.0231914143882539,7.0821053381532e-15,2.68038312658027e-08
11,2098180,AC,A,-0.0252830848099165,1.03249045960626e-07,2.10528926252518e-06
17,19310216,CT,C,-0.0241946654630451,4.30483089184144e-16,2.72526621489314e-08
09,98255103,A,AG,0.0226187440598162,1.95865726741405e-14,2.72976939666886e-08
09,98326225,T,C,0.0341358419817463,1.20728000659185e-07,3.45053968619605e-06
09,98272006,C,T,-0.0561080817106826,2.62245450527427e-06,6.28634479631966e-08
01,201883160,G,A,0.0229806147220046,9.86396775822839e-16,2.83276558463794e-08
03,11511975,A,G,0.0226886466618821,9.85225878525846e-17,2.98490315041956e-08
15,51545401,C,T,-0.0535403720977657,1.01645697416568e-08,4.21634728142477e-08
06,1388229,G,C,0.024232963359883,3.63041488606669e-10,4.40734322990147e-08
06,1777764,T,C,0.0200406713842683,6.99587778817353e-09,2.46824040720558e-06
01,72768632,G,C,-0.0267165522013106,8.92566673106892e-14,4.51296307240918e-08
06,108876002,A,G,-0.0223974795100551,5.61243988568548e-16,4.58132244443355e-08
10,64358685,C,T,-0.0291520798380178,9.25288597697715e-11,4.62825618776085e-08
07,150647969,C,T,-0.0244089710933797,3.89423873274182e-13,4.81348518777329e-08
17,7622445,C,CTT,-0.0302909489659554,1.42477756865459e-09,4.96691110213046e-08
17,8023165,C,T,-0.0221139890959409,6.94795522690756e-10,7.42539088239678e-07
17,7602021,C,T,-0.0635392371226228,7.01724030888348e-07,5.4743667749455e-07
02,85736825,T,C,-0.0869384963252063,3.06874887477796e-08,5.1070745173508e-08
01,219857931,G,A,0.023901931017517,2.13588102879832e-13,5.33917639289514e-08
08,99477429,G,C,-0.0344800210619165,1.36000643374791e-09,5.49326537916861e-08
06,152101006,C,G,-0.0217493498599465,3.13098433005785e-18,5.70130954434287e-08
05,172328680,C,T,-0.0237446372202297,7.30137438863727e-14,5.85447882905186e-08
03,88138640,TA,T,-0.0295826370421024,2.01307292460054e-11,5.8998026746516e-08
01,155670305,TG,T,-0.0237308933977365,3.07076036228225e-13,6.31112641188875e-08
09,125603376,G,GA,0.0311747253045463,5.66342966587975e-10,4.27421494306013e-08
09,125281999,C,T,-0.0924693934066237,1.02642350031964e-07,6.43539490387242e-08
16,86435916,GTTC,G,-0.0220153480722883,4.99777846403741e-13,7.04362203288954e-08
16,86547000,C,CT,-0.0207093877012097,2.47763968368996e-08,3.19426252422026e-06
05,74952861,A,C,-0.0227332189743867,3.12784338455002e-14,7.18639192112491e-08
06,139816544,A,ATTTTT,-0.0212864013153091,5.78895980534393e-21,7.31897644915884e-08
11,121801129,T,C,-0.0217130177092757,4.28817653765605e-16,7.62297264629401e-08
09,96961247,T,A,-0.0229204264008909,5.05330124551012e-14,8.24266994420223e-08
03,52209464,C,T,-0.0733381041931229,3.63669824880475e-08,9.32977616992525e-08
01,221475703,A,G,0.0213217584564318,2.06620032318491e-17,9.3573680695552e-08
05,127408683,T,C,0.023997856540676,2.22253333641342e-12,1.10678582302641e-07
14,23759156,G,A,-0.0229462013971943,1.35055732561274e-13,1.1215440927398e-07
15,89391617,A,G,-0.0623469527209909,5.09126778058334e-08,1.2037839218731e-07
10,130717374,A,G,-0.0305934625064929,1.2293064616666e-09,1.25397105398004e-07
09,139620333,C,T,-0.0316167574223167,1.80490815441156e-09,1.25763949222239e-07
13,115098167,T,A,0.0285597943377502,2.40023339189288e-10,1.28492905598002e-07
16,29912802,G,GGGT,-0.0209956598538527,2.05203979913035e-17,1.39435481100607e-07
01,175974794,G,A,-0.0653316145498507,6.60184910351783e-08,1.47275440907826e-07
10,27933956,TTTG,T,0.021678853682498,1.50200296130604e-17,1.50617866594248e-07
01,177904428,T,C,0.0218343190832403,5.93912889939308e-14,1.58661506089107e-07
17,28569083,A,AT,-0.0420607422682079,3.43843570548118e-08,1.69572258049861e-07
17,29003644,AAAACT,A,-0.0491716039471656,2.56049463638552e-06,4.44108543495941e-06
06,55607900,T,A,-0.0885293172218099,3.86968533666435e-33,2.4841676183568e-28
06,55770446,ACCACATATG,A,-0.0391816582085749,8.96201250378056e-11,1.56344868640872e-07
13,78474468,C,A,-0.0244456238086369,3.57075524365372e-11,1.79088110641008e-07
08,116577719,T,TTTTTTG,0.0209746701992546,6.62279367506036e-17,1.80922157909507e-07
06,26218919,AG,A,-0.0241640444537725,3.3256813253473e-13,1.82465249644198e-07
02,239950153,T,C,-0.0260387832307955,7.97384552504413e-11,1.92355716885365e-07
X,68057932,G,A,0.0175168581941359,4.39420733377545e-13,2.01998202823328e-07
11,69177966,A,ATATGT,0.0211954541196614,1.42127359827583e-15,2.06022839706763e-07
14,94838142,G,T,0.0710942493680413,1.16397564290857e-07,2.1803701774012e-07
06,7692576,C,G,0.0209130490938801,9.15335377920277e-20,2.228592816325e-07
06,81590856,T,A,-0.020728753072164,4.23789730174087e-16,2.30311062843391e-07
05,55859146,T,C,-0.0313767060391371,3.83075928433392e-09,2.3590541748778e-07
05,55994713,C,T,0.0662461070194071,1.2920376680428e-06,2.54969880752186e-06
X,99974728,T,C,0.0171960898535634,1.03838741512227e-11,2.37789788239123e-07
X,99800339,T,A,0.0163269596774395,1.72752037901951e-08,2.36425189119674e-06
05,51614691,A,AT,0.0254677996470544,2.64842927298353e-25,3.43655697021122e-10
11,68111209,G,A,-0.0222320153507134,7.32283427527193e-13,2.72052437287419e-07
11,10300335,T,TA,0.0207753987513414,2.91456759502516e-17,2.84729408325172e-07
11,45992133,AT,A,-0.0336685745036082,3.84252339994356e-09,2.88210627344435e-07
04,129223362,G,T,-0.0257113937206962,3.58185362453054e-10,2.97764179885459e-07
09,78510823,C,A,-0.0311243066322497,4.09677039622108e-08,3.05036626804161e-07
09,78783544,C,A,0.020708632919124,6.92974670885989e-11,1.00697649885525e-06
18,42709898,T,C,-0.0228338264434111,1.54963890981278e-11,3.18511287041448e-07
09,112007637,T,C,0.0527146534510101,1.1058238386981e-07,3.20195184733751e-07
20,13535165,GA,G,-0.0221213567225228,2.17328553287836e-12,3.40482408985187e-07
17,46099259,A,ATTTTTTTTTTT,-0.0212639255360363,1.73467793346786e-13,3.51906166062413e-07
06,85684742,G,GTTTTTTTTTTTTTTTT,-0.0240622316553629,7.52545843440296e-15,2.73909623773139e-10
06,86211984,G,A,0.0186980930966104,1.22843869176939e-08,4.46115221439465e-07
10,29223932,C,T,-0.0203152559242984,2.48097973585066e-13,3.54842425221919e-07
10,28863915,TG,T,-0.0201299526614799,3.12116113918772e-07,5.09381230273148e-06
17,79420617,G,GC,0.03436567166835,1.43208976637834e-23,5.1301322382024e-20
17,79919427,TG,T,-0.0203603756659014,5.1645795960481e-10,4.37228964760413e-07
17,79430201,T,C,0.0843331994588014,7.58615258980469e-07,7.47864532506208e-11
18,77246406,T,G,0.0203152688904876,8.58762501754504e-17,3.7293988800057e-07
13,30976240,G,T,0.0457236130536737,8.4820974695351e-08,3.76135835001483e-07
14,59733743,G,C,0.025771083511549,7.58286536578721e-10,3.86879546507017e-07
05,131561372,C,A,0.0201830224897613,4.69304907738824e-17,4.07860178565702e-07
14,53688645,A,ATT,0.0213046468264952,2.5420569116789e-08,4.29091007147388e-07
13,50961957,A,T,-0.0864413461677272,-99,8.16915346284505e-07
14,54103013,G,T,-0.0497906455345791,-99,9.98789352070129e-10
06,55785242,A,G,0.140080425960038,-99,3.70733798669114e-13
12,65970723,G,GTTCC,-0.277645959359789,-99,1.48105684436828e-19
