chrom,pos,major,minor,beta,p_value,gwas_p_value
10,102075479,G,A,0.0823145529490795,3.77982925120719e-142,5.38208373772096e-101
07,27560733,C,T,0.0539125439443262,1.16226371334056e-117,2.41180792332311e-70
07,27241878,A,ACT,-0.0494779757932245,2.80480315213966e-26,5.74831708615177e-27
12,66374247,G,A,0.0483793267857915,2.42906187283522e-118,1.81866995137913e-63
03,141094209,G,A,0.0463418893376927,1.14204890362606e-146,3.10834023140202e-57
12,4384844,T,G,0.176636363709245,1.59647595464107e-59,1.13237564512724e-56
13,51099616,C,T,-0.0534104545535855,3.29728775826479e-81,1.17685787042839e-55
03,64944311,T,C,0.067592333903214,7.26873564787901e-68,8.77691961394728e-53
05,134374108,G,C,-0.0506444154425899,8.20068716560601e-86,4.78806531034727e-52
06,130341235,T,C,-0.0415789746139237,1.08305585650984e-47,9.09423945608664e-38
06,130385104,G,T,0.0267001950769792,2.7347097228638e-36,1.08147465403265e-20
18,46516424,C,G,0.0390896726379123,1.18233176785644e-74,1.18100631410669e-37
06,55604708,T,C,-0.0706621033531616,4.43594925480406e-40,6.29981361616972e-37
06,55785026,T,C,0.0778517610292624,4.33918456308157e-25,1.92069244191901e-24
18,57850927,GTCT,G,0.0400501860446642,1.87084164389157e-50,1.29110848990506e-34
18,58024670,C,G,-0.0801144393579484,3.88999078085346e-15,2.00332432746456e-17
07,92260161,G,A,0.0385799839360933,2.11860483660391e-54,3.94308653932482e-32
07,127015083,G,A,0.114989521590292,2.65235098896458e-29,3.9725833654123e-28
02,42236655,AAGAC,A,-0.0412894284531216,3.31773705814156e-39,1.00971352807003e-27
22,45728163,CCTT,C,0.0356131780661236,5.08949101098828e-45,2.68977706990142e-27
03,185273510,G,A,-0.0275974312229895,7.8442057284974e-29,2.70559110449122e-27
03,185490184,A,G,0.0290428635652038,5.23190407961938e-12,2.77066735876072e-17
03,185531661,C,T,-0.0363659289859547,2.86182246584309e-09,5.74956613244257e-15
01,75186509,G,C,-0.0316535774012154,5.20877182893156e-55,3.54779599963628e-26
08,57122215,T,C,-0.0425152466022332,4.02771556202054e-28,4.08233777826203e-26
08,57195002,C,T,0.0198375229560501,1.40027578839887e-11,8.17521035623194e-09
08,57020061,G,A,0.0470235259334491,1.36273451336144e-07,1.37344770769246e-07
14,98391624,A,G,-0.0303889698649793,5.10454228653975e-66,8.81494828642889e-26
13,51065836,T,G,-0.0474137547872022,1.13027962119034e-50,4.98572092346978e-53
13,50666133,C,G,-0.0239654672143378,2.33223248050897e-18,4.13493545772559e-25
06,31272261,T,C,0.0287642974667547,5.35152005516956e-35,1.47969788834023e-25
06,31592715,C,T,-0.0290436590060557,4.40831103642699e-13,7.00739313382094e-17
19,4968620,T,C,-0.0331699389416778,2.09226598627068e-42,9.03201587488394e-25
05,42433819,T,G,-0.0298514956961815,1.96489534568974e-61,9.50275770630138e-25
05,122753580,A,C,-0.029874260507367,7.87155280391937e-61,1.17680221474566e-24
05,50237548,G,A,-0.0305063807003707,1.95157939824754e-70,1.72594463143305e-23
01,176787749,C,CT,-0.0310188990161286,2.41559324767268e-36,1.89022312139051e-23
01,176521655,G,A,-0.0803808232216256,4.02772213053206e-20,3.58121836281639e-18
01,176521349,T,G,0.0271488305913069,1.07193082542982e-24,2.88369130228198e-07
06,41909521,C,CCG,0.0576080473537007,1.80488627585451e-25,4.39463677051997e-23
06,41903798,C,A,-0.0879998235962956,2.81194009253867e-12,4.66229434496939e-13
14,54422767,G,T,0.0286411375731586,1.12052832519218e-43,5.84244716701016e-23
17,79412885,T,A,0.0337159786138197,1.2928195774839e-35,9.5987833684754e-23
17,79342071,C,T,-0.0262803277339583,4.38714104072827e-21,2.79732301442104e-12
17,79046374,C,G,-0.0192618950482418,1.29824989922327e-13,2.54325487912003e-10
16,53803574,T,A,0.0287533409641015,3.15911228008756e-47,2.40810971080109e-22
06,85364776,G,A,-0.0204432747491608,6.73984332377463e-11,2.63224505365106e-22
06,85088846,A,T,-0.0216767650778327,4.43353293054671e-23,1.82359936938588e-09
06,85506222,G,T,-0.0189803457146178,3.55336908513387e-09,1.48427844052672e-19
12,26471364,C,T,-0.0336463728975662,1.26251496444707e-33,5.05545132552036e-22
06,133547899,G,T,-0.0253733020511286,1.97429314299362e-25,6.27990733886837e-22
06,133816623,T,TACTCATTTATTTATA,-0.0171210655628521,1.77100558163176e-12,6.36943560887308e-13
02,18707873,A,G,0.0292137582780117,1.0982073832691e-34,1.61353275059554e-21
02,19169425,G,GT,-0.0164615282345305,6.06060406818792e-11,2.01866743832975e-06
02,60008847,A,AT,-0.029716731396778,8.21772629272326e-51,1.82303403373103e-21
07,25886125,G,A,0.0317214380883627,2.27994542875543e-34,2.20959488802641e-21
08,135637692,G,T,-0.021524222396047,1.28846861178108e-15,5.72745540303236e-21
08,135821663,C,A,-0.0240501149526214,9.16900065224194e-19,9.95968273521079e-13
08,135649848,G,A,-0.0224574306467911,1.01697581575068e-11,1.49463240053206e-17
01,103385373,A,G,0.0275637442403589,6.92560120955832e-45,1.27347805374106e-20
08,96673521,T,G,-0.0318347093235462,1.17198815701891e-22,1.80868062324778e-20
08,96521988,C,T,0.0171961862171731,3.50512444648786e-13,1.82867054733563e-09
08,97158933,G,C,0.0146216493066265,4.54125884392018e-10,1.52983767603922e-06
04,17956213,T,TG,0.0254112071661796,3.8360759498785e-23,1.95954765925682e-20
04,17883603,G,GA,-0.0310868435625209,7.24239831697559e-18,1.06363411119816e-19
04,123828042,G,T,0.0279271479590668,2.93420118450586e-21,3.6287810252191e-20
04,123792432,G,A,-0.0596352259813474,3.40832720151003e-17,5.24920305606148e-20
04,123766809,C,T,0.0362158299207227,9.13116156594065e-07,4.81051113426671e-09
02,145641757,A,G,-0.064902377308848,1.42564487974686e-22,4.99945130658923e-20
02,145830053,C,A,-0.0251844390547525,1.19569434174784e-23,4.15049126191419e-13
02,145564064,GGTGTGT,G,0.0168220301835422,4.64300724637509e-14,4.9740334076643e-15
18,20712819,C,CG,-0.0325770633287429,5.13572340482337e-30,9.60205757712137e-20
03,9975386,C,G,-0.0337223558300776,8.95716321477331e-30,1.02181381211645e-19
20,32287917,C,T,-0.0297835492256837,7.68993393244011e-34,1.07440019974857e-19
06,108926496,G,A,-0.027037723644653,6.9832535369371e-41,1.32447019758305e-19
09,118485479,T,C,-0.0475297362211117,1.67807463363374e-22,2.62435595836064e-19
09,119214872,G,C,-0.0622169079289073,1.49346087891305e-18,3.98994904382121e-19
09,119115449,A,C,-0.019743744153696,1.73014765115687e-10,2.63180618813261e-09
09,119471881,C,T,0.0190323347389842,1.1619030720981e-08,7.02456983091242e-09
01,41491570,CA,C,0.0270639840360551,6.51557517918983e-37,1.66249409058761e-18
06,34165308,G,A,0.0784740507203988,2.25059760100446e-19,2.02494127750313e-18
06,33718839,G,A,0.0273679328725417,5.87529984184372e-10,2.44818097781396e-08
01,51468754,G,A,-0.0283103419447356,8.57903582787465e-31,2.6276463564933e-18
X,78658340,T,A,-0.0163869365039278,4.15903845618147e-16,2.85980300263217e-18
16,29954955,G,A,-0.0253193046357231,4.46557573318993e-45,3.02962396917419e-18
09,80638165,T,C,-0.027961166039298,8.36886097219219e-31,4.5215196407251e-18
06,29036913,T,TA,-0.0317616446204435,4.90061835532689e-24,5.01482624286723e-18
06,28578286,A,G,0.0159031916624619,1.2191761086727e-07,7.13902337425672e-07
11,121800971,G,A,-0.025014391826041,7.8600997386607e-27,6.07035366145818e-18
11,121988864,C,CT,0.0134644527449522,1.00922790861926e-08,1.40461311970331e-06
08,74502909,T,C,0.0293697123952308,4.78509141361101e-27,9.12789456983072e-18
08,74206582,G,A,0.0199095660429094,3.40376275099239e-09,1.42500017400433e-09
08,74276843,T,C,0.0196882745682925,1.25783668491061e-07,9.21668682778892e-06
08,145030112,CT,C,-0.0256285971121975,1.40588435866988e-42,9.87706020440245e-18
01,177889480,A,G,0.0303775816175221,5.1249153835784e-26,1.32283155116429e-17
02,218279938,G,T,-0.028905884575621,2.54776164916654e-27,1.82822652465695e-17
02,218117956,G,C,-0.0205982489555278,2.12071024219071e-12,7.96887845700377e-12
02,218378561,C,T,-0.0246228724925548,8.88590907023132e-10,7.98196423041216e-07
06,19790487,G,A,-0.0338143393309289,1.20009093664651e-14,8.3831146402789e-17
06,19973680,C,T,-0.0202136710080371,1.20077878374006e-13,1.07961505117154e-12
13,101202787,C,G,0.024007419170341,3.23344641851282e-45,1.00796461079528e-16
01,215331257,G,A,0.0204581721992608,1.51545361381776e-12,1.00819843144095e-16
01,215169140,A,C,0.0178854616031451,5.30024563154441e-09,2.29877307792253e-14
17,29206421,G,T,-0.0294699275100523,1.01229268994577e-26,1.01712884002288e-16
10,29223932,C,T,-0.0248811483519611,5.09033042771156e-33,1.17888442915604e-16
10,28908889,TAA,T,-0.0180139621984514,4.5471399953694e-10,1.85546211712487e-08
10,29313715,A,T,-0.0284870492929615,3.73183013983223e-07,4.27727118870671e-06
07,150668514,C,T,-0.0248550850137324,3.39440640352616e-33,2.07705971243134e-16
01,11323901,G,C,0.0259580895302105,1.36725695598367e-29,2.32488553943214e-16
04,175185233,C,T,-0.0307183163614385,8.26881571402633e-23,2.74964448368435e-16
05,131722951,C,T,-0.0240159157505944,7.696792121239e-36,4.87844543903323e-16
06,126704795,C,T,0.0236414361470982,1.61578344114963e-38,6.4539343823392e-16
X,109780682,A,T,0.0200496744157784,4.42274551862966e-30,6.67573894345317e-16
01,119528329,C,A,0.0252890405544216,1.19913256581608e-28,6.7825602187009e-16
05,158184710,C,G,0.014334648546463,1.42365763143049e-11,9.08591785004964e-16
05,158378367,G,A,-0.0334503499623198,1.19213657934023e-11,8.37338523792256e-09
05,158253443,G,T,-0.0220847820324472,4.72931393143066e-16,2.10168665759565e-13
06,26283866,C,CAT,0.0223190557623809,8.12219513427356e-28,1.13519076378567e-15
06,25890834,C,T,-0.0136518523918722,3.88898550522224e-08,5.28354787704395e-07
05,139042547,A,G,0.0239907070851059,2.64102974893764e-32,1.53881658120275e-15
16,50956797,GTAGTTGCT,G,0.0264788601813964,7.43749920021508e-24,5.23836173333852e-15
08,72447418,T,G,-0.0354151394069183,8.92750554807038e-15,7.41052356013449e-15
08,71969430,G,A,-0.0150456525076228,1.04150030943888e-13,1.39313527665457e-09
17,1982790,C,T,-0.0207824290726539,4.67794194468953e-23,9.913458373621e-15
17,2280795,C,A,-0.0180559956345244,1.81170271228628e-07,6.62284503625065e-09
15,91429042,A,G,-0.0223221156516114,2.82700819754405e-38,1.2246327415643e-14
12,121756084,G,A,-0.10271617617605,6.36571735726998e-15,1.42962513094485e-14
06,43757896,C,A,-0.0222196196471267,8.60453261922311e-39,1.48581965629687e-14
07,33734104,A,G,0.0249536394301655,9.26345222080442e-16,1.86445371976054e-14
07,33948171,G,T,-0.015647957052166,5.57676935796502e-14,1.0837348161358e-09
06,33641956,C,T,-0.0204766725791641,1.58117124258267e-17,2.79831444444504e-14
06,34141290,C,T,0.0650561523359717,4.90000706120008e-11,6.68424172846294e-11
06,33612445,T,G,0.0302741209194698,6.18312526421717e-09,2.86016016109057e-11
14,94838142,G,T,0.0760842987623236,1.75749719065942e-14,2.83814929498572e-14
02,420443,G,A,-0.0615473269558302,1.14874199826244e-14,3.80799446694966e-14
02,620297,G,A,-0.0303835802251117,4.53513020953137e-17,1.51002975608513e-13
20,34025756,A,G,0.0222320468617476,5.17391935210397e-31,4.5965933281588e-14
05,51215757,C,T,-0.0283440986582854,2.6967258482517e-21,5.66479852393212e-14
05,50893583,G,A,-0.0618984234515426,4.71288790951634e-07,5.47855111695988e-06
04,100239319,C,T,-0.073269331302442,2.5012043944044e-14,8.9980259800644e-14
17,69127773,G,A,0.0218674760267814,2.24089566211861e-31,1.08306543275669e-13
02,226903750,G,A,0.0256581712885863,7.9719803300728e-21,1.14392424298303e-13
15,75863915,A,G,0.0282064971073849,1.48182335927136e-12,1.66021066096628e-13
15,75590136,C,T,-0.0165634052320211,2.95120314602979e-10,3.73549833809128e-10
11,17489560,CTGG,C,-0.0215299435114857,5.22817019321725e-37,1.66102400682142e-13
16,80934495,C,A,0.0294607364939844,1.775927289209e-17,2.7134275855266e-13
20,45523639,A,C,0.0217698249494084,1.57765490703212e-18,4.11868958047022e-13
20,45804755,T,G,0.0150543295061398,1.14286942169881e-12,4.08012716312422e-07
01,2954378,T,C,0.03041960844407,1.67325778943878e-17,4.4263398118116e-13
07,2902890,G,C,-0.0229137193147932,4.29635868267635e-23,4.63379989710987e-13
22,30319030,A,AT,-0.0225427474289447,3.5992688744709e-26,4.6340575780371e-13
04,145718861,GGTTA,G,0.0213558986845244,4.05476433760408e-29,5.10663262113487e-13
02,40666926,C,G,0.0195434051439618,8.36215031464431e-18,5.19265104796152e-13
02,40626646,G,C,-0.0185570743882706,8.15825007800466e-15,8.06305901120737e-12
01,214629462,C,CTT,-0.0212514290116354,5.65536241345073e-28,5.49062045369379e-13
01,155670305,TG,T,-0.0231311130181585,5.09625718027372e-22,6.04352815253624e-13
14,91547136,C,G,-0.0224258289259608,1.97605246033809e-23,7.78318008501471e-13
08,116629732,T,C,0.0209405924397247,6.77575721688292e-31,8.06383208457583e-13
06,55879089,G,C,0.0766647373988922,4.91372301786061e-21,1.63830912852511e-19
06,56386855,T,C,-0.070300405784833,1.45898202619811e-12,1.03402885764979e-12
06,55912161,G,A,0.0484460476912181,5.72961922163982e-09,6.74743301848326e-08
17,67953507,A,G,-0.0209908734071885,2.4659295605599e-26,1.0619188460776e-12
17,68131526,C,T,-0.0275331871471722,3.18069468087448e-10,2.36185621900388e-09
11,65664006,A,G,0.0206105393141627,4.21677491820179e-19,1.23596202461578e-12
11,65216220,G,GAGATATATGCTCCCATC,0.0209683649624162,4.12124781331788e-08,1.70317333816118e-08
11,10369014,G,A,-0.0199743134481179,4.17554959008532e-18,1.40124476800692e-12
11,10667415,G,A,-0.0143997607733366,3.6711120539951e-08,3.01742840155337e-07
17,61996273,T,C,-0.0433126515055508,1.1887278357685e-22,1.62433028733177e-12
17,61996255,C,A,-0.0222942527167698,2.90428462595059e-21,7.32505230449782e-07
17,62479273,A,C,0.0143409445858377,1.74857880401945e-07,4.74508200545581e-07
11,27667202,G,T,0.0201845362873553,7.28859425258988e-17,1.72642770783468e-12
11,27646246,C,T,-0.0151485681753896,1.98179083611061e-08,7.46615168591706e-08
14,70348141,C,CATAT,-0.0213082280514175,1.37753987722816e-30,1.84076070125014e-12
18,60820716,A,G,0.0220844804495464,2.37645949688378e-15,2.20709093694195e-12
18,60905921,G,A,-0.015439900333327,7.18711091555991e-11,4.51478001983734e-08
X,45634577,C,A,-0.0181289991585581,5.81792046712368e-20,2.30764990733974e-12
19,13200721,G,A,0.0544244252990872,5.61292205202873e-13,5.05038970060879e-12
19,13267739,T,C,0.0140036811833895,2.46097892985126e-16,4.07868284251405e-06
12,12878679,AT,A,-0.0215345556675651,4.90948858169918e-17,5.51195646162459e-12
12,12626050,T,G,0.0146882557071832,1.28061757749126e-09,5.7212745951303e-07
17,7521764,T,TTTTTTG,0.0191605460132174,2.51208569205295e-12,6.02593045485336e-12
17,8019125,C,T,-0.0161396119274976,3.55651700561171e-08,1.50833106897238e-06
07,15908072,TG,T,-0.0216055845833276,1.40511299729688e-20,6.25376815676934e-12
07,15723388,A,C,-0.01601411669336,1.42279347798624e-08,6.6785091465923e-06
05,173269929,GA,G,-0.0231924771009479,4.26796606636826e-17,7.06729570551973e-12
05,172785895,T,G,0.0225661426883263,1.9469024004158e-08,1.84665884851678e-07
07,28665230,A,G,0.0265484369028112,1.38704829047991e-14,9.20559426496388e-12
07,28173522,T,C,0.0191606106190603,7.28971371152397e-12,6.42918843485246e-09
07,28734081,G,A,-0.0149502739121598,2.93362881663656e-10,2.99321198094928e-06
17,58030551,CT,C,0.0208804236239181,3.6838939940312e-31,1.20734247438404e-11
12,20583021,C,T,0.0198606665534376,1.75944379573924e-19,1.31859657789913e-11
12,20571953,C,A,-0.0558944449862489,4.01877772647827e-06,4.68120051296013e-07
05,127350549,C,T,0.0226499661622091,2.48314943901532e-18,1.32000440138324e-11
11,2013586,A,AG,-0.0209584849881553,2.11744261365043e-15,1.57203259742147e-11
11,2159354,C,A,0.0142635458431583,6.02250771591158e-11,1.0384170812823e-06
06,164107529,A,G,0.0287777816107992,1.57136002893843e-14,1.61886285610096e-11
14,59777688,CA,C,-0.0198887725015224,8.19690927563984e-25,1.65792094586752e-11
02,72331116,A,C,-0.0196215480943874,8.81961480079068e-20,1.65833847659438e-11
17,36925750,A,G,-0.0196520622310057,2.73880740554937e-27,1.71365308068188e-11
01,78444764,C,CGGCCG,0.0296614092455019,1.49646863360517e-14,1.76396550148134e-11
14,23779877,C,A,0.0262565337924265,2.19375261891104e-15,1.76917619762168e-11
05,67596088,G,A,-0.0179065643231905,8.93866650199748e-23,1.7836427239808e-11
05,67691859,C,T,-0.0388590710945762,4.64525066076544e-06,8.93856689958018e-08
01,221484722,AT,A,0.0199766006621257,1.47838539220208e-25,1.94447654753735e-11
05,130284843,C,G,-0.0229488382446713,8.34170029031419e-17,3.49136618604016e-11
06,7706004,G,A,0.0184282901663344,5.82031984271718e-20,3.62249730671054e-11
06,7920361,A,G,-0.0169955835060403,4.06319226799145e-10,1.45911960862461e-08
09,98217581,T,C,0.0209577170539086,1.41524391098554e-16,3.96630217731702e-11
09,98383307,G,A,0.0231963874048174,1.71521744477515e-09,3.03865226704501e-07
09,98446073,CA,C,-0.0145869535914144,2.96324978489105e-09,4.03572371323225e-06
02,100338466,C,G,-0.0191542411192947,1.24775006978514e-27,4.18016101263997e-11
02,200781113,C,CT,-0.0194115141080993,2.86332380566528e-24,4.37983864315922e-11
04,106043727,TA,T,-0.0262145924796813,3.28325092746482e-14,4.49503210961916e-11
04,106534157,C,A,0.0173419002839904,3.33437544306637e-08,2.96156629481736e-06
08,128387852,T,C,-0.0196245518085038,2.49045143120703e-17,4.59003163947473e-11
08,128601038,G,A,-0.0144229775200953,8.89500939315727e-11,1.56977926129282e-06
11,9383791,C,G,0.019259904113065,1.43105764490907e-25,4.83877481733842e-11
08,143957979,C,A,-0.0193088584484091,6.69133986014406e-28,5.07294035620287e-11
06,30802465,T,C,0.0259546375342624,1.25379040278898e-13,9.26779960955543e-12
06,30319374,A,G,-0.0283955576926926,7.61031361239224e-12,5.38284432856235e-11
03,171969077,G,C,-0.0184358068080695,1.74650622247434e-20,5.38697528850532e-11
03,172170418,A,G,0.0163980758167782,3.5161215843912e-09,8.32676081859884e-08
07,46628578,T,C,0.0183522955276948,1.2082078294615e-23,5.389439275316e-11
07,46253277,C,T,-0.0284880633549129,7.30833441422676e-07,2.48099566464337e-07
06,143206826,G,A,-0.0209277572678384,5.08639290741283e-19,5.67231946781407e-11
01,212246168,C,T,0.0188647686657782,2.54998788967504e-29,5.87632544624056e-11
19,10750783,T,C,0.0213186510964191,4.45456310811925e-19,6.94307754313241e-11
09,110994023,C,A,-0.0197986769278386,1.4014849812536e-25,6.96673602900849e-11
09,111175475,T,G,-0.0184565208341382,1.91007934345162e-09,8.76241790080351e-07
18,42698818,G,A,-0.0213171002214694,1.55895253600926e-16,7.34742366529165e-11
18,43129939,ATTTT,A,0.0223304946044507,5.98535820637262e-08,6.21391421670175e-07
09,96977298,A,T,-0.02038374686255,1.37211834201169e-19,7.82881134086598e-11
07,77559792,TC,T,0.021236235222113,1.9289435198613e-17,8.99911144861222e-11
19,33876955,T,C,-0.0185652859108176,3.74549208304259e-25,1.03455331021132e-10
19,34298127,G,A,0.0250224081678561,3.04080363815954e-08,8.86266565752993e-08
02,112464137,C,T,-0.0188615411478545,1.40937687719046e-23,1.14538470964751e-10
04,15120587,G,A,0.0196869888315281,3.04616715896227e-20,1.30046354882351e-10
17,80521092,G,A,0.0204096275927139,3.33703433581907e-18,1.3034388904502e-10
05,75003678,T,C,-0.0188265679121369,3.81794092061371e-22,1.71790136400953e-10
17,65955284,A,G,0.023198767022521,7.1169530734602e-15,2.04337849208408e-10
14,21542766,A,G,-0.0244974994709928,5.46946451009734e-13,2.17176768880333e-10
14,21962908,CAAAAAAA,C,-0.0218672545091281,3.46074574053956e-10,4.77104242064473e-08
12,124820705,G,A,0.0249486434060277,4.93372796168874e-14,2.31495409228527e-10
22,40566829,A,G,0.0188497409894947,6.32550832387557e-24,2.54389680275459e-10
09,123652551,C,CTTTTT,-0.0192884028965226,6.43699098080486e-20,2.60833572171008e-10
16,28649787,G,A,0.0185379067762875,1.49627883669949e-22,2.67937414626002e-10
15,67022312,C,G,0.0206581473227609,1.46967262553895e-15,3.09616255765546e-10
15,67412038,C,G,0.0173780520843513,4.58686816149607e-11,1.25819045991149e-07
11,68057763,A,G,-0.0199233485566326,1.64701377748145e-17,3.21672146649258e-10
03,52827313,A,ATT,-0.0162692562303051,2.11371737887697e-11,3.25592325917417e-10
03,53103262,G,A,0.0134870435049081,3.94748811827009e-11,8.76189517446797e-09
10,98635142,A,T,0.0274000984729589,8.23750560970876e-13,3.30666225053536e-10
19,11274679,G,A,0.0156364777939972,4.52794097166074e-12,3.41708156948236e-10
19,10785932,G,GTTTTTT,0.0167504849635197,4.06887719905408e-09,3.72929246214307e-10
13,100296149,T,G,-0.0219862407029142,3.11304389649827e-13,3.43060969649524e-10
13,100737889,G,GT,0.0171146621572814,3.28758032055671e-14,4.93763862560545e-09
13,100384454,G,T,0.0183209687127923,4.80310471482413e-09,6.00214259439324e-06
02,85742297,A,G,0.0184733666007245,6.18803422067729e-22,3.73963749760241e-10
13,111026734,G,A,0.0184920370092958,1.87989391438946e-14,3.93303451938972e-10
13,110957872,T,G,-0.0145795843403935,4.58789781746774e-08,1.46272021832909e-06
09,97672169,G,C,-0.0199724518920016,1.19304583792625e-17,4.29692158946017e-10
06,131441816,T,C,-0.018965769690516,9.09999778141247e-19,4.80902039769584e-10
10,102174717,G,C,0.042145554369151,5.98184896092977e-13,3.7768546007435e-12
10,102674068,T,TG,-0.0176639432801355,2.45583891466006e-21,5.18754185787759e-10
10,102333433,A,C,0.0456519908606885,1.36428967421598e-07,1.10384298295559e-06
12,77563464,C,G,-0.0183847677800872,1.7168631127678e-21,6.03829333812426e-10
12,77904714,A,T,-0.0173750242745517,1.64926055262094e-09,2.8139671008145e-07
08,72404705,T,TA,-0.0394268547941172,7.2836788995739e-14,7.72255877700451e-15
08,71925660,A,G,-0.0150964714849484,3.60792911491844e-14,6.31783618144178e-10
11,539648,G,A,-0.021332894779268,7.15389241098715e-15,6.36399230864446e-10
17,18084089,CA,C,0.0207256176877975,2.75990829731533e-16,7.16154808366234e-10
22,42070374,A,C,-0.0252768699511477,2.54803048563669e-07,8.380411101338e-10
09,90823606,A,T,0.0217612702485169,7.07718223142602e-16,8.60901732500739e-10
09,91073568,A,G,0.0521583537419119,1.27340191027721e-10,1.67514141846463e-09
09,95538573,C,T,-0.0254698506877444,1.64781138252334e-12,9.05141229584066e-10
16,2175373,T,C,-0.0229735079092525,1.86220268559389e-13,9.7777741514957e-10
09,99108678,C,A,0.0224749799651893,9.70599106040967e-14,9.96176217418169e-10
12,41948196,G,A,0.0177801148190737,1.33031219513987e-24,1.06507981865522e-09
16,51527320,T,A,-0.0181501696039006,1.12004715057928e-19,1.13351463891583e-09
16,4014282,G,C,-0.0181078376663019,5.14111788333859e-20,1.17814887981823e-09
01,32347703,G,C,0.0285916717116218,1.38491896343192e-11,1.1981442948891e-09
02,197361132,GTA,G,0.0218444350520258,5.38068610477039e-14,1.2862735330223e-09
16,81534790,C,T,0.0188986650848609,1.34103497925895e-13,1.33540241852552e-09
16,81819820,G,A,-0.0162276846212188,5.3064452191389e-09,4.87790508756217e-07
10,36455640,T,C,0.0248771435061901,2.10590673113178e-12,1.36678707634769e-09
06,29176781,G,GTA,-0.0253276828019264,1.52879857274507e-12,6.05242837980677e-15
06,29488249,G,A,-0.0152432038268003,8.962919027569e-14,9.58006317444021e-11
10,72440653,C,T,-0.0204939137607057,9.71999216238928e-15,1.48514255884587e-09
15,74467856,A,G,-0.0186133460589891,2.07774188128337e-17,1.53209532305025e-09
17,46152558,T,TA,0.0275465508899134,4.88318958277044e-09,1.64403145398231e-09
17,46621695,G,GA,-0.016383250126676,7.42446592369093e-11,6.91130055735129e-09
15,99411599,TG,T,0.0192819959816786,1.40785133936407e-12,1.72788330943974e-09
15,99226148,G,C,-0.0167177165657553,1.71852565240923e-11,4.02350516338156e-08
15,68269444,T,C,-0.0425832748216562,3.0402531846303e-10,1.75413422435007e-09
06,25946625,AG,A,0.0167001850954405,1.50716970911964e-14,5.57592137154623e-10
06,25494956,G,C,-0.017696336807217,1.02228211834287e-10,1.834905526954e-09
12,116262610,C,CAAAAAAAA,0.0176401592245012,1.27632284153157e-22,1.97167842820954e-09
03,11628474,ACT,A,0.0229223806684127,2.06030760816101e-11,2.05773873779406e-09
03,11580348,CAAAAA,C,0.0153012345896129,9.01851850072707e-08,8.9867355468952e-06
16,53810546,C,A,0.0275018649925225,3.39693010154595e-42,1.95857636789904e-20
01,113117213,A,G,-0.0213720411887268,1.49498594600222e-13,2.14935947403407e-09
08,23659920,G,A,-0.0309973269765555,8.17236857858882e-10,2.30236168923888e-09
08,23384148,A,G,0.0167809912957803,3.54548876445541e-09,3.98959694389974e-08
08,23407315,A,G,-0.0181097524064888,4.79694470856481e-08,1.18638156791176e-08
03,128966302,C,T,0.03213609243022,6.57918309300208e-11,2.61406813236337e-09
12,65995727,A,G,-0.0338741802032189,1.64152901133311e-25,2.43015610293881e-08
17,54254064,C,T,-0.0412579354110431,3.69878963455527e-10,2.6982549109668e-09
04,1341553,A,G,-0.0393465478226212,1.2516645966882e-09,2.94104057272144e-09
04,1796180,A,G,-0.0180943977282219,3.63786864776465e-10,2.35862365717092e-07
12,102376639,A,AG,-0.0190661952965238,2.226427523391e-24,3.06025339765442e-09
12,102333283,G,A,0.026656187700507,4.59269382312938e-10,5.99269741631147e-08
09,35752274,GT,G,0.0199273094414723,3.53344384528465e-14,3.36350875665821e-09
04,146860186,G,A,0.0434370103136157,4.57119791514215e-10,3.44630393686227e-09
17,7527946,A,C,0.0299474294400451,1.70452992977683e-12,5.79453322788876e-11
17,8024218,A,T,-0.0164422080458379,1.31398231334338e-15,3.51388643019121e-09
12,90390780,T,C,-0.0172933162370386,2.88634932811666e-20,3.5207865925695e-09
09,137115785,A,C,0.0254240608866499,1.2696350519808e-11,3.6214197196831e-09
12,56364321,A,G,-0.0179828315536823,3.85160608998515e-17,3.75279333759053e-09
15,94156167,G,A,0.0275027525357257,7.42504070656349e-11,4.56273384308314e-09
04,86718306,T,A,0.019559676125288,1.23292650776525e-14,4.64008286473038e-09
03,14043412,C,A,-0.0669059350074425,2.24597975941501e-09,4.79084263955968e-09
03,32937596,T,C,-0.0169668457195538,3.82684854869466e-21,4.94401252884188e-09
22,42184143,C,T,-0.0256499321788862,2.97467218754625e-07,8.48007018035099e-10
16,1129010,C,A,-0.0383816339895824,8.37164200210557e-10,5.08479938308689e-09
16,783864,C,A,0.0202246978176833,2.55536226551492e-11,6.37531205973974e-09
16,979960,C,G,0.0179155902290728,1.52861292289862e-13,1.15891739584984e-08
09,103100173,ATC,A,0.018171209405001,7.29936164890529e-16,6.08291400555857e-09
01,201808049,CT,C,0.0152243110748719,8.80464998496221e-13,7.10549895333911e-09
01,201888547,G,A,-0.0173918538678079,1.69271995125162e-07,5.25578051170217e-08
02,66408649,C,T,0.0249479167012476,9.83935588406021e-11,7.502077639684e-09
02,66082520,G,T,-0.0229814562662588,7.92049401389627e-07,3.4100372706305e-06
06,85523084,GT,G,0.0256585189992093,1.31695021503609e-24,1.39700932872663e-19
06,85587844,AT,A,0.0197959582556057,2.17563063634839e-12,6.2603736441813e-12
12,21457434,T,G,0.0319893945346845,9.4615753039289e-09,7.77534778119508e-09
12,21497892,C,T,-0.0229069691066845,2.33606479005703e-07,4.0045357962213e-07
05,178577570,C,T,-0.0203326853557769,6.53687563633696e-13,8.40162505690588e-09
05,178747387,C,T,-0.0259036934137125,1.04173636158169e-07,2.18525284631607e-06
02,230714651,C,CA,-0.0169891343269439,1.87053608272473e-23,8.84578905715008e-09
17,29181220,A,AT,-0.0254308645644103,8.60642147394329e-25,5.76109684826365e-15
06,54071413,T,C,0.0163826337885108,5.27162114436301e-15,1.05344388386704e-08
06,54428046,G,A,-0.0645612291239178,1.33893126770938e-06,2.99952747688884e-07
05,97771967,A,AT,0.0178138753077947,5.13789706469313e-17,1.14303866624992e-08
05,97440401,T,C,0.0176042077365231,7.78730353981831e-13,4.16017538306987e-08
05,134335383,T,G,-0.0413665447236254,3.49932551856354e-60,8.27320284035095e-28
05,134338687,G,C,0.0645707883897351,1.1944011211104e-17,3.79002052980805e-06
05,133848519,C,T,0.0240957018787991,4.01556751334424e-06,1.15371479447621e-08
06,55340016,A,G,-0.0606932325786568,6.56281409950302e-28,1.02132432486451e-16
06,54625392,C,CT,-0.0132044990644232,3.6453767882538e-09,7.13828066059981e-06
09,112551867,A,G,0.0197761650958532,5.34128892088677e-13,1.24640668286617e-08
18,45928049,A,C,-0.0338238275213591,6.52503031918122e-08,1.28594353936641e-08
18,45753742,T,C,-0.0171498085133874,1.30459870980178e-09,4.40528747122087e-08
18,46337813,T,C,0.0287328881851941,5.40702379523917e-07,6.3537144145983e-07
03,169357958,C,A,-0.0173492140738464,4.77864862048235e-14,1.32152874455358e-08
03,168858525,A,AACT,0.0172004870047503,8.6387197295216e-07,5.93089565679287e-06
05,172179584,G,A,0.0197870027095977,8.9901911731223e-13,1.34340809888987e-08
06,152170247,G,A,0.0162825883972266,3.30356393552047e-19,1.41518712786289e-08
06,152426433,G,T,0.0356901666251343,3.06682625898738e-06,3.00076947282754e-06
16,88321027,C,T,-0.0422323503750844,3.3363893617593e-09,1.41721721915368e-08
05,43383398,C,T,0.0206108351925653,2.77794623266965e-12,1.49291184579833e-08
13,30976240,G,T,0.0335046086496009,1.29163279841178e-07,1.49737830891744e-08
13,30990048,C,T,-0.0136858369805046,1.28469633580553e-11,2.23823512438758e-07
02,176898555,TATTTC,T,0.0405406600115651,3.50124715858437e-09,1.58487653542654e-08
17,73839366,C,T,0.0188136537657955,1.4080527281024e-13,1.62828107451817e-08
09,13571028,G,C,0.0175605292711522,4.25739078016705e-13,1.6992870682263e-08
09,13437920,T,G,-0.0188243382257075,3.40462487124089e-07,1.97080293190989e-06
06,1388229,G,C,0.0184340269287286,7.84450273851947e-11,1.82490268735282e-08
06,1846114,C,T,0.0132711405601976,8.5756086548522e-09,9.79384074522074e-06
05,52761567,AT,A,-0.0176104200656221,9.32261193121438e-16,1.83854687573331e-08
17,43209168,G,C,0.021816811343264,2.52150365407646e-11,1.90954216453697e-08
02,71786153,C,T,-0.0184040874651579,7.22312631958243e-12,1.92751027227439e-08
01,170065096,G,C,0.0164063426359423,2.752198402761e-14,1.93314273198002e-08
01,170563083,A,C,-0.014398406325228,3.30618281787368e-09,1.6700510166945e-06
10,95340811,T,G,0.0224438080353873,3.53838514911785e-11,1.98076819059872e-08
08,123982099,A,G,-0.0166477530342912,2.15567829246399e-17,2.16376622789737e-08
01,155413304,A,C,-0.0247963923828334,1.43970663632712e-19,8.93666901341243e-13
01,154984363,G,A,0.0206016744362035,2.76123230048013e-13,2.26455157047106e-08
20,7551554,G,A,0.0172946766722288,3.03714714465111e-15,2.32146004405614e-08
14,53685357,C,A,0.0187625228234165,7.63899357294543e-11,2.36430707653621e-08
01,210086616,T,A,-0.0177363495713546,4.69346995563247e-14,2.38212494507503e-08
01,44227621,C,CAAAAAAAAAA,0.0169843299526503,7.56448581802642e-18,2.41722025471678e-08
07,135245068,T,C,0.0198074673466914,6.03920527061335e-12,2.4429414955012e-08
18,13084980,A,G,-0.02719785340162,7.49438681910946e-10,2.48057442918604e-08
13,22977789,C,T,0.0179651341459893,7.66422121860858e-14,2.49897811811642e-08
06,109713398,C,CAG,-0.0164615254514596,6.36299680347475e-18,2.58309513744733e-08
17,79488775,C,T,0.0226938472338223,1.05008951295419e-20,2.71962462347864e-15
17,80467357,T,C,0.0189610655318535,7.07840264539238e-10,2.79878460719068e-09
17,79978594,C,T,-0.0166900453537065,7.51229406065776e-10,2.82035293147062e-08
01,31448202,TG,T,-0.0165984250861938,6.47475210043819e-18,2.82477347102229e-08
10,79572587,T,C,-0.0594610982810518,1.53289807530822e-08,2.83871038857249e-08
05,14648224,T,C,-0.0240273959265384,1.4660127103109e-10,2.84735571615802e-08
09,126448659,A,G,0.0324567100535294,4.83669052913286e-09,2.93849670651902e-08
09,126900375,T,C,-0.0507750738511924,1.84073097846883e-06,1.74926157590079e-06
11,102002913,C,T,-0.0171263431689038,8.38841749522362e-15,3.11362512559157e-08
04,106215108,TC,T,-0.0176899439047614,2.53807116336551e-18,1.411860668333e-10
04,106593850,A,G,0.0201563919106113,5.84161142040348e-08,3.20573239908124e-08
08,78225651,G,GAC,0.0267200056350289,4.37697024611056e-10,3.22800272629002e-08
08,99827147,C,T,-0.0296866508633955,2.29020122457688e-09,3.43269199510243e-08
08,108974518,T,C,0.0165920526796392,2.42590392178181e-16,3.44351465697341e-08
03,12490986,G,A,0.024477175105902,9.77088935385891e-09,3.52247253238082e-08
07,130449194,CAT,C,0.0181152937414528,3.6833622406803e-12,3.54264555019527e-08
07,130410107,GAGAA,G,0.0153872746850491,4.92786796012285e-10,6.07322397836535e-07
07,148650375,G,A,-0.0204949609472086,2.67292676825799e-11,3.91991430480811e-08
02,33414257,T,TATTG,-0.0164499832061664,1.80967622136939e-19,4.04629296802676e-08
01,149995265,G,A,0.0151234858531278,4.43665456951673e-14,4.11113828826699e-08
01,150292561,C,T,0.0524538329263672,5.33709345720867e-06,2.502045191849e-07
14,95539737,A,G,-0.0164126416697771,1.3399068879435e-13,4.1512887598565e-08
02,69374450,C,T,0.0160940063772322,4.37555376064855e-20,4.23364798943414e-08
05,51304719,T,C,-0.0216118018750064,5.26647517273035e-14,1.63346529759767e-10
05,51978913,TTC,T,0.0163771360049005,3.18851170721677e-09,1.33139414999217e-06
10,124232915,C,A,-0.0255712531889809,8.96984219544228e-10,4.25747465244372e-08
12,52549476,C,CTG,-0.0197186493647412,2.05275370427686e-12,4.27210550569452e-08
02,111771421,ACAAATATTCTC,A,-0.0173166176855196,1.83469407362082e-14,4.3413286438672e-08
06,15025298,T,C,0.0163532696892598,6.78684440719786e-18,4.43019129473149e-08
19,7963949,A,G,-0.0178256489746533,7.89776303668403e-13,4.64016240931381e-08
19,8429323,G,A,0.0507254807856443,7.4393826465295e-07,9.1046250742587e-07
06,139838419,A,C,0.0158933019576229,1.85350794613918e-20,4.73112092350359e-08
03,71619812,T,C,-0.0163686796264441,1.09684707479142e-15,4.98898926073932e-08
14,103863476,G,A,-0.019075588615812,1.21604213803446e-11,5.51660210177117e-08
06,36648275,C,CAG,0.016298671169894,9.95124957682735e-17,5.84988698979374e-08
09,139275294,G,C,0.0157214216315927,1.80164561097548e-18,5.94813283397706e-08
02,5876569,A,T,0.0184343838762419,3.64990242723305e-12,6.13934027524819e-08
15,41514134,C,T,-0.0267233436142585,1.61608419599946e-09,6.20469796684826e-08
09,100788191,A,C,-0.0189116425528577,1.16041965267882e-11,6.21747646312684e-08
06,39563863,C,T,-0.0226898181711204,5.03520356275212e-10,6.24313822904656e-08
06,160390061,T,TG,0.0239293388485431,7.05796680703153e-10,6.25067282237274e-08
11,128365193,T,G,0.0182355643170691,3.21118331769817e-12,6.36791503802751e-08
08,87766440,CT,C,-0.0177432179864972,9.02228993202485e-13,6.47603857175823e-08
08,9181764,A,C,0.0181239021676433,2.87265786744386e-12,6.52074887313388e-08
06,83433135,G,GC,0.0157450980926293,7.97296524498073e-20,6.80679411963555e-08
04,87659122,C,T,-0.0605773178218225,9.76335006712502e-08,7.29282404428787e-08
04,87666916,G,A,0.0279623454008368,9.83839138510931e-07,1.80056823262796e-06
01,240582178,A,G,0.0183490596458858,5.42735508400272e-12,7.37135771684618e-08
04,56498249,T,C,-0.0156846671492204,2.78449826378908e-19,7.41872424410882e-08
08,49588463,G,A,0.016334942263143,8.32508547641661e-11,7.74007548547538e-08
08,49119948,G,A,0.0358387738050492,8.6370760095568e-07,2.02557394438627e-07
17,7571752,T,G,0.158303628488414,-99,1.18715415711215e-10
03,12088459,A,AAAGT,-0.0545666228396388,-99,1.03440000885008e-07
22,42490881,T,TA,-0.0352114875179298,-99,1.79268613261809e-09
13,50655989,G,T,0.165447125396145,-99,2.03489719276471e-18
14,54058910,C,T,0.0559015926480129,-99,2.06590293729596e-17
14,54121009,G,A,-0.0765206425898658,-99,5.22801406104534e-15
16,54302352,C,T,0.0711328994444749,-99,1.22360687238177e-09
06,55268779,T,C,-0.0759768130492725,-99,9.90417529777228e-27
12,65905126,C,T,0.0771921620017156,-99,2.85283996049647e-24
12,65987726,T,A,-0.31558785674082,-99,3.61160585088742e-36
02,71962496,C,A,0.0845671866597925,-99,1.16969952161526e-07
08,72077955,A,G,-0.047467078115139,-99,3.48390970703343e-11
X,78911186,A,G,-0.0732644132194505,-99,2.24369567589911e-17
14,95212108,G,A,-0.0307461995694867,-99,3.85901161093902e-06
