chrom,pos,major,minor,beta,p_value,gwas_p_value
19,11186412,C,T,-0.216645515086476,0,0
19,11192226,T,C,0.244367229152019,0,2.13090687706787e-29
19,11231203,G,A,-0.336511878881411,6.74237645247945e-189,1.44100842777453e-160
19,45134682,A,C,-0.398566682536026,0,0
19,45156201,T,TA,-0.379811743346673,0,0
01,55505647,G,T,-0.435693352141398,0,0
01,55521109,A,G,-0.0502319271211097,7.17160014687839e-157,1.48951031059388e-80
01,109817590,G,T,-0.192273263073749,0,0
02,21216815,C,A,0.0550772235690798,2.18929780442872e-197,0
02,21288226,A,G,-0.151882097614861,0,0
02,21233972,T,C,-0.232317244814258,1.49432177925105e-295,4.7931143396497e-262
08,126500031,C,G,-0.0940343207784642,0,7.76545182249667e-279
11,116648917,C,G,0.110973702745439,9.59811809300796e-245,4.30025735256622e-188
05,74656539,T,C,0.0687806477896687,0,1.25172832279754e-151
06,160985526,G,A,0.128642613767187,2.45114782587288e-185,4.52728471977983e-142
06,161013013,T,C,0.192244531888438,1.14939747007146e-76,1.25559871561142e-64
06,160560880,CATG,C,0.0529555559131471,1.85300790709281e-81,2.68632939186649e-43
19,19379549,C,T,-0.121554200452949,5.11039319012756e-159,7.13039978933455e-137
02,27730940,C,T,0.0627254850202939,7.56175091938341e-286,9.55544744077089e-126
02,44069772,G,A,-0.10386118849028,4.10631231680182e-98,7.55737970370203e-116
02,44074431,T,C,0.0521264285167143,7.13688636843091e-154,1.72594452039717e-108
16,56993886,A,G,-0.0573676733272086,3.70699634197372e-189,4.17753301599893e-97
11,61588305,A,G,-0.0529182930047092,1.27575398924989e-175,1.35466104707151e-85
16,72101525,C,G,0.0409466201564629,2.66972466727386e-48,1.0214139201866e-79
16,72144174,T,C,-0.0439460065443244,1.69850207311314e-54,1.3113912088308e-35
20,39179822,G,C,0.124217839905933,7.30732980609446e-62,1.33516587868557e-73
20,39672618,T,A,0.035235575629824,2.34748600389893e-76,1.40955285803648e-47
20,39144286,T,A,-0.0255095161436536,7.22045996643613e-28,4.01943925044935e-31
09,136138765,GCGCCCACCACTA,G,0.0581373250504326,6.29715404737812e-97,3.34900021307032e-67
01,62906034,TTA,T,-0.0458769198666938,1.12835777665523e-135,8.75649070755162e-65
17,67081278,A,G,0.138443631947512,2.99370657430325e-61,8.55060903704401e-64
17,67082962,C,G,-0.0400686856321808,4.54833316125416e-38,8.07231896336021e-34
05,156390297,C,T,-0.0439540482106977,7.4839295087737e-129,5.57606941469285e-61
X,109933937,G,C,-0.0357894593174906,2.65105880977251e-114,5.88712334708058e-61
01,234850422,C,A,-0.0422150354928016,3.35613265999674e-169,3.38137240887292e-60
19,49206462,T,C,-0.0422122155807254,1.08510618565056e-172,2.70437649854272e-59
08,19824667,C,T,-0.0446714165103851,3.92966652943605e-97,3.90669713405119e-58
08,19813529,A,G,0.0808688110293688,1.18151357689016e-17,3.47484312406745e-20
19,45880690,C,T,-0.280432037869989,5.22948604400602e-160,7.8307220760739e-147
19,45813629,T,C,-0.0893197177660198,3.52054541962417e-55,1.35446706140411e-40
19,45820144,C,T,-0.109034971059451,1.49260214399749e-38,3.28302327552437e-30
11,126225876,C,G,0.0754570810031362,8.12215251217487e-60,4.98860039860212e-52
17,45664861,G,A,0.0387329044752335,6.82020044985183e-145,1.2745197250915e-50
19,10915324,A,T,-0.0809148452390163,1.81408220885055e-193,2.32548869822769e-123
19,10865095,A,AT,-0.170060389756595,1.29807027261088e-82,7.72675638031574e-74
19,11097709,C,T,-0.158445724782682,1.83023825219394e-38,1.31373146518705e-29
20,44551855,T,C,0.0474220669427225,2.62149925840674e-72,7.41731150813215e-49
20,39755154,G,A,0.0371423202486364,4.25297597972084e-82,1.51405798834125e-48
20,39267671,G,A,0.0962740886982703,1.41718040178609e-19,6.87523159825023e-17
20,39257872,G,A,0.0219366996557923,1.74457110928161e-22,4.29392509116591e-14
20,17844492,T,G,0.0390758626898689,1.37215926279543e-93,6.30876911636847e-47
01,27021913,G,C,0.11903298065468,2.93017706099016e-46,3.59427847787739e-44
07,21604916,C,G,0.0367780184223457,5.61302991069646e-45,4.00282426054553e-43
07,21499857,G,A,-0.0254561850836823,1.38172992180454e-33,1.40177994701514e-31
06,32535637,G,A,0.0505686984402012,2.02454510365142e-52,1.27308310814671e-40
17,7080316,C,T,-0.0432238856982226,1.78271853665023e-57,1.10565838009638e-38
17,7217099,T,G,-0.0459776932104127,6.73914634361907e-12,5.38504120667958e-10
13,32976656,GC,G,-0.0384109559815099,2.18909599712362e-122,9.92267723517054e-38
13,32990780,A,C,-0.0296600414034104,1.88318686544033e-22,1.53188229603348e-08
06,26072992,C,T,-0.0667455615095946,1.14739217384215e-49,2.39376325827388e-37
06,26104632,G,T,-0.0288586721140191,1.14421452296825e-20,2.16338673249568e-10
07,44581986,T,C,0.0436600893970066,1.59188260591578e-47,3.27112990657614e-37
07,44599206,G,A,0.0163070968169315,1.75028451574753e-20,4.86544492955988e-08
08,59392324,A,G,0.0313759945821021,6.26370440453124e-59,7.41308657090736e-35
08,59256985,A,T,-0.0357625985461157,2.49985792175109e-10,3.79084419409192e-14
04,3452345,G,A,0.033868272460966,1.43312756736609e-67,2.95578781017507e-34
06,160543148,C,T,0.101304173612381,6.94245256895957e-86,8.54991034062277e-57
06,160575985,C,T,-0.0471703910011455,6.993740941498e-127,2.13069182072387e-47
06,160941641,G,A,0.13763228642926,1.73909257277973e-48,6.60021882621133e-53
10,94839642,G,A,-0.0313549603908974,2.90961996249265e-86,6.41005391047362e-34
01,25828322,CCT,C,-0.0312223299210562,6.55385476786803e-83,2.83812994664057e-33
12,121416650,A,C,0.03351959619693,3.05025920676461e-62,2.92136377279509e-33
15,58678512,C,T,0.0323391587983681,2.98573488843145e-46,7.92414488594398e-30
15,58731153,C,G,0.0334865903976459,4.97564744569012e-35,3.28377800963902e-26
11,5701074,C,A,0.056720204637328,1.79055438328486e-33,4.37032004542584e-29
11,5686266,G,A,0.0335749325691709,2.50580152801026e-12,8.30410380571257e-10
11,5688683,C,T,-0.0320716481861471,8.36309984524505e-10,2.73997026698526e-12
06,16126934,G,A,-0.0313059993037174,2.43867103961616e-52,7.90510027749324e-29
17,64210580,A,C,0.0815574033472738,1.07673513216265e-28,4.42949236000394e-27
02,121306440,G,A,-0.0280942624529873,5.5891663757835e-62,7.43845719586092e-27
08,9173209,G,A,0.0235495158590307,1.9592968556845e-50,1.34880678834401e-26
08,9184691,C,T,-0.0280138933662084,9.42327537332717e-13,1.43612152847533e-18
08,116658583,G,T,-0.0298003391726723,6.13649540870181e-34,9.09245855293248e-26
08,116641960,T,G,0.0141117154470343,1.33849434462319e-12,2.80208015342325e-08
02,203556224,T,TA,-0.0249001089986787,7.98022361445316e-36,4.97726945950195e-25
02,203829606,GTATA,G,-0.0134504894823901,3.84150553909243e-12,8.28703133079328e-08
05,52095024,C,T,-0.0669351507334885,4.79995221489696e-27,5.12326911786028e-25
13,114551993,T,C,0.028235045756231,3.13183396355579e-47,9.61267270503111e-25
14,70874146,C,CA,-0.0271181914704638,7.03168793359343e-69,1.29253167055204e-24
06,31106459,C,A,0.0472710774535266,1.26963509775625e-23,6.72836845383516e-24
06,31104922,TAAAA,T,0.0316347526021925,2.37685675800786e-09,1.92498545580293e-09
06,31569901,C,T,0.0153394800554305,1.06537490376453e-12,1.78157464092452e-14
16,72078989,TG,T,0.0514480855290581,4.28254581567609e-74,1.30666772655862e-78
16,72062702,C,T,-0.0972091621958004,1.93130595497277e-23,1.59228744175562e-23
14,24871926,C,T,0.0255635559939719,2.41911604361836e-58,7.55512096994741e-23
01,230305312,A,G,0.0258654044690685,6.41210609069693e-49,1.31142095498519e-22
02,21239884,A,T,0.0777640123499458,0,0
02,21288321,G,A,-0.147325899216667,0,0
02,21295065,C,T,-0.0835286370488896,4.95873153081974e-121,1.69333049912672e-34
02,62988169,G,T,-0.0270613042150122,1.81960024522185e-41,1.90221441250284e-22
07,73020301,C,T,0.0561420092404624,2.00952758536413e-20,1.90984899448156e-22
07,73010442,C,T,-0.0270532256679813,1.18592327103328e-24,1.1511390712316e-20
02,118681153,C,G,-0.0415479749781799,2.63465021347807e-22,1.52287253063417e-21
02,118860561,G,A,0.0375752513399127,6.30481787570258e-16,2.23100521682193e-16
05,122858196,CA,C,-0.0247434343795687,3.41763088794405e-57,2.34961549144825e-21
08,18272881,A,G,0.0291294707247276,5.54402611485407e-32,5.26716742508726e-21
12,57645789,T,A,-0.0301734676000984,5.2413324983262e-31,6.65152366420286e-21
08,145030900,TC,T,0.0252056940590235,8.63694857668781e-43,8.6621802590101e-21
16,72256903,T,C,0.043839889715349,1.20091883103742e-39,4.86747529535472e-37
16,72252600,C,T,-0.0877699382561539,1.10808010398132e-23,1.4280848250747e-20
16,72252752,A,G,0.0226297458947819,3.46067410509326e-25,5.59175986894824e-09
05,55857548,A,AT,0.0312658579036476,9.30015700281478e-27,4.16934666492858e-20
05,56268205,G,A,0.0148142510824524,1.09929572551864e-12,1.06584508912874e-06
19,58662235,C,T,-0.0343157423490621,3.9440118904493e-25,7.75330615417959e-20
19,59048754,C,T,0.0205968257135695,2.90822922750649e-12,1.34697309573606e-08
06,42921306,CT,C,0.0230156739055916,1.85307803378005e-49,9.69149101834095e-19
04,69491456,T,C,0.0312613779156975,2.6145420429826e-29,1.05322427930999e-18
04,69925361,A,ACTGGGAGCAAC,0.0197379254636181,2.30628763556255e-22,1.34853398623535e-08
04,69532128,G,A,0.0129844221220646,7.1751506019529e-10,4.72792286671249e-06
02,27928797,T,C,0.0529058903925328,2.13872670541666e-90,1.22159958293832e-42
02,27960776,C,T,0.0482777411883056,1.92225945142142e-44,5.5036374337175e-19
02,28120268,A,G,0.0635016401385081,3.42754023399034e-12,6.07376617052001e-07
07,130437124,A,G,-0.0225142660900908,2.17971470888934e-51,2.12234954335768e-18
02,169828968,T,TAA,0.0231525054151324,6.46318084106922e-41,2.42815648627958e-18
04,87976359,A,T,0.0230387418107207,7.9147291109868e-41,2.51700323203621e-18
03,32541328,TC,T,-0.0395942211199416,1.59513064489593e-21,2.7529263746029e-18
02,165508389,C,T,-0.0228427463057912,2.8682782011119e-41,3.0133620341378e-18
03,122285218,CT,C,0.0242965402295771,3.20205410027619e-33,3.8394923054806e-18
03,12239931,G,T,-0.017900071992388,1.33721993490386e-11,4.25869433175645e-18
07,25991826,T,C,0.0357304056080348,3.85223189557097e-32,5.26010501038857e-18
07,26022414,C,A,0.0227059642475372,4.36676435821475e-18,9.36772749826294e-07
08,55422440,C,T,0.0272918302842937,1.27789181315618e-26,5.72742538233145e-18
06,43757082,T,A,0.0222781956881914,7.01368845778737e-51,5.94760167636106e-18
12,124440110,C,A,-0.0252855720497943,1.77808803440332e-29,6.73110088876342e-18
12,124851129,G,T,0.0157020511776693,4.48249927663644e-12,8.41771416436194e-10
12,124559539,C,G,-0.0187375528822152,4.12025935658712e-10,7.49731551470007e-06
06,32341843,CTTGT,C,0.0373452382076474,4.59233160925946e-30,2.17835328443642e-30
06,31523676,TC,T,0.0220624787215473,8.07578253692222e-15,1.57439243222122e-18
06,31978501,C,T,0.0429366526583928,4.84717249259343e-08,5.60768000474327e-07
17,46521144,G,A,-0.0184285003235652,9.2024350549795e-11,4.3084983740812e-17
17,46959525,A,G,-0.0145157594981697,1.76413320310997e-13,4.42261277088138e-08
17,46682630,A,G,-0.0146395270131931,4.26031401812372e-09,2.94532639011938e-14
06,29944458,C,T,-0.0193658403111694,3.48929202784041e-29,4.7800863148454e-17
06,30335350,T,C,-0.019815114683348,5.0477599777032e-08,4.13163679972606e-11
17,26694861,G,A,0.0196720176155518,2.29131052202897e-35,1.44379748393691e-16
17,27065211,T,C,-0.0226967428730567,1.24660032075108e-07,2.1249663707653e-09
11,18657216,CAAAAA,C,-0.0237283710226263,8.91980737071599e-29,1.51811622588238e-16
02,203527979,C,T,-0.0221471236038923,1.44747364377146e-43,2.55378537685024e-24
20,5580789,C,T,0.0622912825834855,1.19538479592164e-15,2.27788196433935e-16
20,5785893,C,T,0.0166268166652888,5.2979218967076e-11,1.53212581980623e-07
20,5530491,T,C,-0.0170455654910809,7.64038320572755e-10,1.90615614070809e-09
03,132217703,G,A,-0.0513211955320855,4.3258429903743e-21,2.51243822449434e-16
03,132197995,T,G,-0.0292692158555917,1.94055028001683e-18,7.33015617007659e-12
06,127456122,A,G,0.0155209648881996,3.98862827874388e-16,4.25063240855121e-16
06,127439897,G,C,0.0267224748791142,4.21619626330793e-07,1.34024959717927e-12
06,127083941,C,T,-0.0147585329085675,3.53974663514514e-08,5.25686068722381e-08
12,125312425,G,C,0.0301560812446612,2.1852253849592e-18,4.63587755292694e-16
12,124856660,A,T,0.0163665353962668,2.9485011382343e-18,6.72378904226655e-10
21,40628725,G,T,-0.0169272986055966,4.23200024754166e-17,5.13695361489614e-16
21,40788127,G,A,-0.0172833187520423,8.56801511016977e-07,9.58119228441791e-13
05,74816944,C,G,0.0576669817886334,6.99986484453852e-140,1.22658426773505e-127
05,74733593,TA,T,0.0217523279601312,3.78080450723657e-09,2.96392132435609e-42
05,75599176,G,C,0.0254820090843071,4.5916837988583e-08,5.35993373943007e-09
03,142648844,G,T,-0.0228711385314201,2.89972343676804e-28,6.4610703976389e-16
X,2868554,A,G,0.0178732246281104,3.24921033089622e-35,6.48553322300552e-16
03,58398215,C,T,-0.0375848354884966,3.20510312522927e-18,1.12739673778927e-15
16,83983775,T,C,-0.0207448876294358,1.56633701532726e-40,1.48056489817569e-15
06,34622561,AG,A,-0.0285654698853338,8.37411448652775e-15,3.80470838250848e-15
06,34997606,A,T,0.0129415212024534,3.16112234580558e-11,3.24226524089764e-09
14,74250126,T,C,-0.0228919076928786,6.3038275348619e-26,4.48621325213143e-15
17,29618023,GAAAT,G,-0.022316431356886,3.82918998178132e-26,5.12696012220117e-15
06,161108144,C,A,0.0678956826227519,5.18188634046481e-41,3.18917612616949e-107
06,161111700,C,T,0.191139889235564,1.96744684948082e-74,5.71915727035892e-62
06,161089307,C,T,0.0453245728289625,6.05480171778577e-33,2.07418726857628e-93
12,4384844,T,G,-0.0749661512008154,4.79329129171181e-15,2.29481223213158e-14
11,116701535,C,T,0.042267035825205,4.04488297651177e-64,2.79739892388334e-53
11,116714293,A,G,0.152286102491213,1.03157251805451e-29,1.13263368325238e-24
11,116778293,C,T,0.0610340410876079,9.72794945926358e-14,3.21847064068637e-29
08,21927460,G,C,-0.0251856690927269,7.13532982434393e-20,3.40720593347801e-14
06,139843583,C,T,0.0194913910282734,3.07645996020386e-37,3.86088256224051e-14
20,34116282,T,C,-0.0273714266737888,1.37166220595134e-18,3.97758490376944e-14
16,11706100,G,A,0.0373850417722109,3.46516735935848e-16,4.04308960349315e-14
06,116321429,G,A,-0.0197227870221667,1.42289308868834e-32,4.0514628654316e-14
19,50016759,C,T,-0.0242844613283179,1.96202770205234e-14,6.08884251537998e-14
19,50016748,C,T,0.0244014314816169,2.23798026584029e-08,6.43767679908475e-09
19,49975060,A,G,0.0507882160668845,8.08043322720958e-07,5.38265399103692e-07
01,220970593,G,T,-0.01952471777515,1.23429957469671e-17,8.52741803345776e-14
01,221113623,G,T,-0.014874670514972,7.99203881697348e-08,8.33414734093403e-08
10,71094504,T,C,-0.0307554330273324,7.61561952414866e-17,8.73983637976306e-14
02,234605835,C,T,0.0207055663119697,2.59147803712344e-24,1.64693835019837e-13
10,124686656,C,T,-0.0158992758727259,4.25172713230269e-21,2.10786875662674e-13
10,124712961,A,G,0.0209155590603753,7.60212570046049e-08,1.10631395223151e-10
08,29024943,G,A,-0.0710735396841651,2.24531619966626e-13,2.23466722447229e-13
08,28833576,G,T,0.0302211961204235,1.06782747359845e-06,1.0385645967657e-06
19,20439917,CCCA,C,-0.0629963325331692,1.69542724895328e-14,3.00706043424606e-13
19,20033052,C,A,-0.0340041151238336,4.6629634446773e-07,3.19604225021103e-06
11,103870761,AT,A,-0.0239978617293032,7.78720435429572e-19,3.19234464049373e-13
06,100620931,C,T,-0.0216985652316337,7.32739819015714e-16,4.00923195710169e-13
02,27598097,C,T,0.0772062032189851,0,8.03720001552271e-117
02,27612938,G,C,0.025610848225525,6.97756635362904e-44,1.48382047483933e-20
16,71437689,T,C,-0.0236486405324959,4.86883379468025e-17,2.51469442479265e-14
16,70729954,C,T,0.0360878391162209,5.90962965677266e-12,4.15888358406481e-10
16,70876611,C,T,0.0399819962652065,8.79319510738359e-10,1.0062325023211e-09
12,53780724,G,T,0.0260548469392092,2.17998500904935e-15,4.51881782841333e-13
12,53493729,G,GC,-0.021580581125109,1.86275703240701e-06,5.28307164235903e-06
12,53281648,T,A,-0.0118736243821386,3.51448857636415e-09,2.86911473175735e-06
12,72179446,C,T,0.0662652788963852,1.74097976347929e-13,5.1368195973508e-13
04,100239319,C,T,-0.0609259190469049,9.61962915142516e-13,7.66974586831863e-13
04,100293200,C,T,0.0255513324048044,2.18806551953397e-10,1.90435887617552e-09
06,126707845,CT,C,-0.0184583593513863,1.12825491986332e-31,9.83011340858761e-13
20,43042364,C,T,-0.0525303925502433,1.76315498817981e-13,9.97275519472314e-13
14,94768196,T,C,0.0448319083065831,8.38072774027711e-14,1.08211116142354e-12
15,63793873,T,C,0.0192049928174202,3.12070579718667e-24,1.21221019780982e-12
03,136581611,G,A,-0.0223639449548221,1.58397927718225e-18,1.37446450566661e-12
09,15305378,C,G,-0.02371938954608,2.01134501784049e-17,1.44218022292893e-12
01,109826760,T,TTCCTAACC,-0.128236787540594,0,1.96153139908252e-267
01,109831245,C,T,-0.182983627554927,1.11530484333415e-55,4.54793391421508e-42
01,109844680,AGTGT,A,-0.138459024866321,1.4387291308394e-45,4.13560270214691e-33
11,66251451,C,CT,-0.0214711811275158,5.26510391477253e-19,3.82563415425237e-12
05,131616374,A,G,-0.0264071794179454,1.76508145767962e-15,4.13554460921914e-12
07,97948257,CA,C,-0.0238529746076653,1.80737643361325e-17,4.40235032314408e-12
15,57512284,A,T,0.0377300975378705,1.83464996505497e-13,4.40545176576107e-12
17,46757575,G,T,-0.0221783809701628,9.56391123705085e-19,5.78271078185701e-16
17,47207248,C,T,0.0149206391759391,8.86902115183693e-12,2.35425363954078e-09
17,47287067,A,G,-0.0134083101310425,4.57605228619318e-09,2.69855339312554e-09
10,102075479,G,A,0.0238574181260468,1.87351519888395e-16,5.88757365874159e-12
17,65108987,T,C,0.0177469088106,9.61227050591546e-30,6.77416309742171e-12
12,9268585,T,C,0.0184571738586024,1.92262307855175e-23,7.48695504991789e-12
01,109760555,T,C,-0.150585772182412,8.95893192004953e-227,8.06773188629377e-154
01,109703023,C,A,-0.0640426909006554,1.75482623420288e-75,1.02076252838563e-59
01,109775357,C,G,-0.0338823181493173,6.81629120154501e-49,8.8055205841214e-19
19,44446097,C,G,-0.150954534722757,9.87224615948107e-70,3.13270268382255e-63
19,44480979,G,A,-0.122753779767419,4.66533775852185e-40,1.21094068588254e-35
19,44502774,C,CT,-0.109033579730906,2.03250973848526e-18,6.30236600937844e-16
02,44933681,C,T,-0.084200435956999,5.56324688119509e-12,9.54729783650798e-12
19,41352257,GT,G,-0.03160548897013,1.62775976267736e-13,1.39765546230165e-11
07,75769990,T,C,0.0225056565371139,5.64599101937728e-16,1.64941818448969e-11
17,27645258,G,A,-0.0249268273758699,7.84299082004291e-15,2.05582530600034e-11
16,69669655,G,C,0.0349445426995281,3.00082177046834e-12,2.20343789818135e-11
16,69355960,T,C,0.0217560238883412,5.22721573964283e-08,5.02001888053627e-07
10,97962687,C,T,-0.0180900129450107,8.29316448495269e-22,2.3089896512513e-11
07,100216773,C,T,-0.0176584895504239,7.00788362781376e-12,2.32941969451106e-11
07,100280896,C,A,0.0210366582740532,8.22448119460038e-08,6.89623141749859e-10
07,100663740,G,A,-0.0145303424663984,3.66928199911292e-07,1.38208687209215e-06
06,39230571,A,C,0.0187887724973411,1.29304891642717e-19,2.82478874941483e-11
02,20852025,A,C,0.0677569633342923,2.75416441611336e-18,2.82056406011989e-18
02,20804308,A,G,-0.0608471395682539,5.00479066032038e-18,1.57495649675925e-17
02,20371167,C,T,-0.0181316323448898,6.2600484162768e-30,3.24245034158893e-11
17,73778609,C,G,-0.0187981717683185,2.57959540531879e-19,3.34792837515054e-11
X,20318672,T,G,-0.0190980805379756,3.45375057000278e-14,3.46586788637815e-11
12,50650057,C,T,-0.0178640897254966,8.13093604133975e-22,3.55619101023521e-11
09,2640759,A,G,-0.0341386219270919,1.40832491850063e-12,3.74865614293924e-11
07,87096623,C,T,-0.0221240133054854,2.07125778912366e-15,3.77251491491e-11
01,16512586,G,C,-0.0176117611227987,8.35149911735993e-23,3.80718970041085e-11
01,182125704,T,TTGGAGGGCAGACTAGCCCAGGCCC,0.0181023421128212,1.59310941744042e-20,4.18251822054529e-11
20,62909520,G,A,0.0220635389331533,4.17899347216888e-13,8.31566210863639e-11
12,623129,A,G,0.0188727831654025,6.5162321028503e-16,1.70772757038107e-10
12,847599,T,C,-0.0207921046921743,9.11930933792038e-07,6.22679491521686e-06
09,139381128,G,A,-0.0191012240593939,1.4551258029189e-13,1.83820158402281e-10
09,139099073,G,A,0.0129889030648573,5.69947603659605e-12,3.07234139176464e-06
02,242370751,G,T,-0.0171618040889117,2.87207452397712e-20,1.9801002912996e-10
06,135418916,A,G,-0.0186760506865879,7.65017857558912e-17,2.04039631010253e-10
01,150958836,A,G,-0.0221535225266975,8.07940126084301e-14,2.33787940528654e-10
07,1032637,G,A,-0.0200819570616356,4.66497944306089e-15,2.42132886958046e-10
12,133140329,C,G,0.0218463911393292,1.2736451348339e-14,2.69020322160843e-10
05,72013573,T,G,-0.0197827733261592,8.03437518365282e-15,3.54389457278505e-10
06,30021284,C,CA,-0.0199950900356005,6.50191921595373e-25,1.72590853506111e-14
06,30900427,G,T,-0.013398980383121,6.24972760005982e-11,8.41923008847e-07
06,30963476,G,C,0.0404302028962143,5.4875249542829e-07,6.50979626360822e-10
09,78729176,T,A,0.0151792235147768,3.08996703581437e-17,4.81920640631744e-10
09,78748973,C,T,-0.0313387766198029,2.41723506969965e-08,4.57991128574304e-09
17,65892343,G,T,0.0219709077928732,3.54714257403993e-11,4.91667514491122e-10
17,65396360,G,A,-0.0129488934318907,3.75755837297179e-10,7.656120713956e-07
17,66385201,C,G,-0.0133060462725227,1.60737479573055e-07,4.34626320537981e-06
12,112059557,C,T,-0.0162061792028461,1.70330944124922e-23,5.08771864500684e-10
09,78212428,G,A,-0.0149091238378832,2.19582058381116e-11,5.1536734159838e-10
09,78709777,C,T,0.0172255062880526,7.03154274734075e-08,8.1049857595525e-07
09,78068052,C,A,0.0161315793886004,6.3870150213615e-08,8.61946340488855e-09
22,41314012,C,T,0.016068548523045,1.91852036148945e-25,5.4405046501189e-10
03,119697032,T,A,0.0166398079364822,3.28242600157748e-20,5.61809188145499e-10
X,99890204,C,T,0.0177056210005772,2.90552663734502e-12,5.98803923044131e-10
06,106378009,G,T,-0.015997322962041,5.7357809513896e-24,6.23838731394425e-10
16,81533789,A,C,0.0173883396450006,4.1190559220962e-17,6.64845285093952e-10
09,19357230,C,G,0.0246759532570982,3.7831258794475e-10,6.66243181266774e-10
09,19218633,G,C,-0.0154530702441641,3.18540019472237e-10,2.4100829051859e-08
02,30588810,C,A,-0.019864534668944,3.59133642147271e-14,7.79475928679696e-10
15,64448460,A,T,0.0232867463200026,2.04064036640784e-12,7.90396945657796e-10
07,99626035,G,A,0.016759228827142,3.82849522009817e-18,8.00235910431147e-10
02,109129854,AT,A,0.0207920657136725,9.25957689654809e-14,8.17095678355239e-10
02,24428859,T,C,0.0170097170479587,1.1861739678508e-17,8.44515982924017e-10
22,19962963,T,G,-0.0175721448812029,3.71502694236042e-16,8.90462515917784e-10
08,74908641,T,C,-0.0168809533065106,1.20122892753787e-17,8.96583922643142e-10
17,1622850,G,C,0.0180231309419227,1.32343139889334e-17,9.17997311646164e-10
01,183085264,CAA,C,-0.0160808346987946,5.73315666558386e-25,9.24520688033565e-10
01,107607037,G,T,0.0167035680253914,1.19370892407085e-18,1.05410274788161e-09
19,57083144,A,AT,0.0174457273702794,2.46339464167739e-20,1.12234735815672e-09
04,7223319,G,T,-0.0160451695203436,1.9849102528505e-19,1.47235496925793e-09
19,47295358,C,T,-0.0444379254882175,4.68340429712052e-10,1.5832779678521e-09
19,47121334,T,C,-0.0253631142267787,3.91356629029808e-10,2.32332424686822e-08
19,46892111,T,C,0.014196072465396,3.09627888889948e-09,2.62694890012156e-06
06,20404420,C,T,-0.0206392872110185,7.11127206679793e-13,1.67654557993196e-09
10,115788111,T,C,-0.0230053850477666,7.29886404926304e-12,1.81862763296074e-09
22,50840573,G,A,0.0161531293025342,4.62359452941366e-18,2.12607108554671e-09
02,64902387,T,A,-0.0175935057413933,4.11101849519383e-15,2.12630572284052e-09
06,52434202,A,G,-0.0188156913031847,6.66110827151412e-09,2.14048732116108e-09
06,52452233,G,C,0.0130803575838785,5.75240515204832e-08,4.13533347120738e-07
06,52613497,G,A,-0.0120541322294402,8.22185473482106e-10,2.82592022093824e-06
04,74177397,T,G,0.0548949602039906,9.82763907001137e-10,2.33074177672908e-09
02,227099180,T,C,-0.0160376433908084,5.73533532421833e-18,2.5378408266421e-09
02,136783169,A,G,0.0203104444885599,2.68122293054656e-13,2.61275984341418e-09
02,158466546,C,T,0.0322070252339881,3.02323992176233e-09,2.95147730874241e-09
02,158481992,A,G,-0.0243462897173765,7.96479281772481e-08,5.36849533594023e-08
04,26108197,G,C,0.016543451735802,4.93258947085433e-16,3.159708984937e-09
03,98494318,C,CA,0.0160464666708536,5.0282779587617e-23,3.2563983414498e-09
19,11258593,AAAAAAAAAAAAAAG,A,-0.0692972639279057,2.50549400606471e-201,3.45057334251506e-204
19,11257169,C,T,-0.075205532061017,2.16857424794556e-124,1.10134915031624e-183
19,11264753,G,GA,-0.124521288248523,3.77743276935436e-29,3.94336862689297e-13
17,28848185,C,CTT,-0.0240698203111044,7.1504770304411e-12,5.64577749232463e-09
17,29090427,G,C,-0.0547121932335629,2.1201725563489e-06,7.5733959371491e-06
16,79504057,G,A,0.0177390227076648,5.04081064824043e-14,6.3190584209197e-09
01,92971702,A,T,-0.0155934314096647,1.43252635815913e-17,6.34501708947631e-09
02,43987888,CTT,C,-0.0476004816130582,3.94050669638629e-23,4.79854826842628e-19
02,43938274,C,T,-0.0592749019672034,1.21403397734367e-09,3.57065335330463e-08
02,43513799,G,C,-0.0762245897709843,6.36863578943276e-09,4.09883760934348e-08
03,147033897,C,G,0.0173761982735285,8.69536012358686e-14,6.73383871336327e-09
09,16884586,A,T,0.0155920168195307,6.20753862411058e-18,7.04215167236572e-09
X,153672331,G,A,-0.0194492906424116,3.50299331199612e-10,7.1945615931785e-09
05,141911459,AC,A,0.0234497603442257,8.03305269016962e-11,7.34238630170258e-09
08,101388553,T,C,0.0211268424186369,1.47835417674756e-11,7.38009249242081e-09
12,109167509,A,ATGTG,0.0161615857086281,2.31060407707296e-15,8.04528636601972e-09
16,69356694,C,T,0.0226781907695828,9.73559350772793e-11,1.22220531223998e-09
02,178174521,CTT,C,0.0166467697939127,5.95002315488862e-19,8.82399977302514e-09
09,131466489,G,T,-0.0209528699905083,2.89446175225034e-11,9.39263034047762e-09
06,53509452,A,G,0.0157307013099527,4.33628325306598e-16,1.04964303124501e-08
20,25591431,C,CA,0.0147950210850689,3.87474180730894e-20,1.14350346248786e-08
03,12271381,C,T,-0.0172998180420875,5.19665733992582e-11,5.59716000733941e-18
04,155476627,G,A,0.0663248033311331,7.04966349766402e-09,1.21564419421258e-08
06,139317827,G,GC,0.0188398659418284,8.29765452921575e-10,1.28090163718828e-08
06,139816544,A,ATTTTT,-0.0116123566039347,3.99192668924088e-12,6.27585743556772e-06
10,52373245,G,A,0.0486350473210472,6.28438519039589e-09,1.38100533981127e-08
01,61720648,C,T,-0.0280823625758534,5.74816938987028e-09,1.44365878095091e-08
01,61918725,T,C,0.0223888211055909,1.31498536714225e-07,3.41311629751354e-07
11,64018104,A,AC,0.0326173661577077,6.44689808736757e-08,1.53603171879756e-08
11,63599440,T,C,0.0126925967513225,9.53041683187681e-12,3.95016548872347e-07
06,37027872,G,A,0.0146229041633809,1.27935664352918e-21,1.55548722021689e-08
12,47184042,C,T,0.0209462885486924,6.83213975537249e-11,1.61019934485908e-08
19,2787329,G,A,0.0160027459626725,3.22178699594767e-14,1.64459249121145e-08
19,2390246,T,G,-0.0388035283457731,4.58551870288241e-06,6.16465306103154e-06
12,51779544,AG,A,-0.0155594925538165,2.54512439849111e-17,1.68297657420988e-08
12,51280416,G,C,-0.0133963378645663,1.53933747880507e-08,1.57579587424131e-06
06,130311920,CA,C,0.0142307608576961,8.11345230284912e-15,1.71645339766544e-08
06,130265266,G,T,-0.0237640331889394,1.29269411938637e-06,5.43404155865047e-07
08,11661502,T,A,0.0696544635838692,6.11916428803337e-08,1.83552202225952e-08
08,11745291,T,C,-0.0143374067323346,3.52025308998238e-09,7.93768349866689e-07
06,160400147,A,G,0.0365955441596144,1.28350269401245e-57,7.00043878896904e-31
06,160424890,G,A,0.100285712637943,9.77441082534637e-24,2.27891018687846e-20
06,160444011,A,G,-0.028453463587231,3.21471539293728e-16,4.12258049049133e-13
20,62368804,C,T,0.0172975627436378,2.26350139695487e-10,2.94256981048356e-08
08,6564527,C,T,-0.0155878826717865,3.20674513500546e-15,2.0736628028744e-08
17,40522713,T,C,0.0258075519885545,8.17889625509146e-10,2.21577892995433e-08
01,26987646,A,G,0.115166423644146,2.20350591855117e-42,4.94554125933425e-41
01,26184076,G,A,-0.0211302799758936,1.00361149680632e-13,3.83285185684361e-10
21,33157698,CCAT,C,0.027015118661067,1.3725627544201e-09,2.48317362595713e-08
07,106791143,T,TAAAAAAAAA,-0.0214725508094087,1.19533185689763e-10,2.61356134816295e-08
17,17621007,C,T,-0.0158877729517586,1.16500121413557e-09,2.76634641042395e-08
03,170756985,T,G,0.026800013555902,1.45013709474252e-09,2.78991758918355e-08
09,114774157,C,G,0.0228174330169257,5.30506111263257e-10,2.87753636953105e-08
01,8335588,TC,T,-0.0253246958134806,9.39406829018457e-10,2.94872598796526e-08
04,106031540,T,C,0.0158873647956031,5.47638976573305e-14,3.29090743984302e-08
09,107664301,C,T,-0.0163193165624974,7.30768167458313e-13,3.29867223783536e-08
02,88541064,C,T,-0.0202415447542048,9.50933974721492e-11,3.37033638911476e-08
15,49609562,T,C,-0.0156709034532626,8.56773770068788e-14,4.39602992896047e-08
20,47705763,GTT,G,0.0152452069970262,5.13291921835296e-14,4.5891661186064e-08
01,45175344,GA,G,0.0178153888888153,3.46770471294155e-13,4.78481440069131e-08
10,118369203,C,T,-0.0146538628698529,3.00862168873238e-15,5.2538354394701e-08
01,219673705,G,A,-0.0141063262022704,2.30219479020772e-13,5.44745375647809e-08
01,220115051,T,C,0.0288857203789651,1.91643983276834e-06,1.39421540459105e-06
17,17634550,C,T,-0.0158857738258022,1.34015335229503e-09,3.09402208876799e-08
15,62407863,G,A,-0.0141972131187335,2.20398040721475e-16,6.57588153393313e-08
20,52532696,AT,A,-0.0144589843977017,5.91337300527914e-13,6.93357195392918e-08
20,52731402,A,T,-0.0141934530901451,3.10969713705797e-08,8.49523278534358e-07
17,66879927,C,T,0.0316315388575679,1.08753923701832e-09,1.52693208114877e-09
17,65994400,G,C,0.0182256949246569,6.84617696883066e-11,4.36477593276017e-09
17,66422955,C,T,-0.0149487181708535,7.82587629710165e-09,7.73384341333439e-08
02,37073027,A,AAC,-0.0244001284452267,2.63610119794982e-09,7.25601091624676e-08
03,69859692,C,T,0.0139951934752324,1.56821559190788e-17,7.34102125380677e-08
01,155087083,C,T,0.0192034966786325,3.11777003506492e-10,7.57257885111921e-08
10,104486974,C,T,0.0139349284468854,2.5569347907527e-18,7.88666391589145e-08
17,80529972,G,A,0.0146947996811531,4.18160035817709e-12,7.9532127159243e-08
17,80190014,C,A,-0.0152433359842609,2.64624549376278e-10,1.58592890998139e-07
11,47259668,C,T,-0.0149912856714797,2.31001817018909e-13,8.53917337820375e-08
01,174348150,G,C,0.0170240139226801,1.10963272642707e-11,9.08601882697319e-08
19,12075265,TG,T,-0.0651083427856644,4.58475026212551e-09,1.41282807596312e-08
19,12407988,C,T,-0.0414704756886759,2.11648926252885e-08,1.00488454242885e-07
05,42687629,T,C,-0.0224057868348032,2.84544121125855e-09,1.07865883182367e-07
14,64236436,T,TA,0.0201044347114972,6.93365878806375e-10,1.10531200050365e-07
16,400475,C,T,-0.0170307690642072,2.83734361136665e-09,1.23983632698877e-07
16,696111,G,C,0.0159167262021524,1.15849249061507e-07,1.72538633996963e-06
03,123174168,T,TA,0.014306560339178,3.28045336579743e-15,1.28858393386727e-07
04,57954955,A,G,0.014649673508801,2.32909311500714e-13,1.29490644281646e-07
07,41746922,C,G,0.0159084716694823,8.54903984320318e-12,1.49028758883964e-07
19,15798015,A,T,-0.0195768770537948,1.48263152071141e-20,1.49925475672196e-07
19,15979354,G,GAGAA,0.0193954345978592,1.08178371045571e-11,9.74638401022824e-06
21,16586682,T,A,-0.0502263127274654,9.42532652610914e-08,1.61102244421864e-07
02,113867288,T,C,-0.0136066389797911,5.09111215039872e-17,1.64209638354737e-07
14,104337754,TA,T,-0.0143452409396848,4.43176530571389e-18,1.64338038982849e-07
08,72399623,C,T,0.0257873338563565,1.77909276394223e-08,1.70271892112629e-07
02,65639543,C,A,-0.0137261909039893,1.33206949683995e-16,1.73456773142276e-07
03,12471070,A,G,0.033539407369708,-99,1.6803499866006e-14
03,12515602,T,C,-0.0320498109805418,-99,2.70872160494881e-14
17,18115708,ACT,A,0.0336125605169096,-99,4.93791189191922e-08
19,45196964,G,A,-0.860089467258337,-99,0
19,45241248,C,CA,-1.00244234061176,-99,0
20,62711459,C,T,-0.0347964411126917,-99,8.6801135479058e-11
16,69537460,C,T,-0.0617896455974949,-99,2.08754271651323e-07
16,72079657,C,T,-0.0906283461448111,-99,1.9404952344108e-52
06,101017321,G,A,0.0337275552457735,-99,5.98752566609818e-11
02,203412513,A,C,0.0548161993441016,-99,2.82906549465283e-20
