chrom,pos,major,minor,beta,p_value,gwas_p_value
16,53806453,A,G,0.0569964833772318,1.13840002265768e-275,2.0249891080916e-118
18,57849429,C,T,0.0497578940689609,3.41775119765163e-108,2.5175012256015e-74
02,417167,T,C,-0.0939523490480589,2.81019856728761e-67,9.65974560375672e-60
01,177889480,A,G,0.045123372597744,4.75222161404062e-78,8.20008137931575e-52
11,27701365,G,A,0.0264429148780994,3.16619039909501e-35,6.22035763006905e-34
11,27694241,G,C,-0.0279112801915513,1.10162483624203e-26,2.71288499818951e-31
12,50256063,C,T,0.0284446241124228,1.98468839562767e-62,3.16864785874243e-29
05,75003678,T,C,-0.0275062759920011,1.47462248196076e-63,1.21221095940894e-28
06,34708609,CTTT,C,0.0291747151110952,5.4633411068272e-29,4.07416415697022e-28
16,28837515,T,C,0.0270452421087919,4.33684898991965e-64,4.14314536299827e-28
02,25158008,T,C,0.0238808627854234,1.80688605697621e-35,4.25781800011053e-27
02,25385485,T,C,0.0135584284514515,4.87930511751539e-10,1.2365178870687e-12
06,50787576,CGAGGTGGGA,C,0.0397198941430342,2.30788125732136e-35,7.97594969012175e-26
04,45182527,A,G,0.0245863308425103,4.55691059085235e-58,7.17900467440044e-24
16,4015729,T,C,-0.02472068314627,1.68629599684675e-40,1.00789571270156e-23
16,3626458,C,T,0.0162724843027866,1.04101965220829e-10,3.89173902562613e-09
01,78450517,C,A,0.0370659945542879,7.43738788649503e-30,1.80232600947133e-23
16,29972465,C,CA,0.0242160617373068,1.20740787919168e-51,5.48644104177777e-21
12,122963550,C,T,-0.034889703383094,2.18960835223655e-18,2.37773329710208e-20
12,123160886,A,G,0.0223103405206054,4.56474970878056e-11,1.24839429018236e-11
12,123425575,C,T,0.0117899291274112,1.66308098120356e-11,1.91836990022031e-06
19,46182304,T,A,-0.0277237256930072,2.71411109351814e-28,1.13483124317865e-19
03,141207575,G,A,0.0218841194758363,9.95109269131446e-46,3.52147314990693e-19
08,116659731,C,T,-0.0266607508479883,5.3712265984508e-28,7.33776744991292e-19
19,47556375,TG,T,-0.0250544891283651,6.1304723230029e-31,9.28479578329658e-19
01,110154688,T,C,0.0670293151298178,2.81099920094093e-19,2.75205761537424e-18
13,54107352,G,A,0.0301435908464701,5.01150241599656e-19,4.89088664745597e-18
13,54453811,T,C,0.0146248902061452,1.33838819274523e-08,3.88599625606635e-08
11,47529947,C,A,0.0212171541170694,1.35702510622446e-40,5.46519067382753e-18
09,28414625,C,T,0.0221575683548677,1.92957348150928e-33,7.82328460785989e-18
14,79890677,C,T,0.025368856726736,1.02161686909491e-26,1.05071041611326e-17
01,201806106,T,C,0.0217030359178828,5.48156149780895e-34,2.01207382086776e-17
11,43669653,C,CA,0.0219399309859953,9.29306268513529e-22,4.8631722386779e-17
11,43551416,C,T,-0.0111124435667192,9.04258092458284e-11,4.47171595551082e-06
12,991306,G,A,0.0247095540680398,4.08050098932582e-25,6.86692686034736e-17
X,31854782,G,C,0.0176774311707862,5.12608526163523e-28,7.56863874124704e-17
12,4384844,T,G,0.0770931493954053,1.37384421827398e-17,8.72756486339232e-17
14,25931404,G,GTC,-0.021400723108415,1.18407524495662e-30,1.6508505156597e-16
15,68072458,T,C,-0.0235929185669087,1.28270899216317e-24,3.55290449683783e-16
03,49907111,A,C,-0.0196589370276458,1.36625455743537e-43,4.11523504543374e-16
04,100239319,C,T,-0.0660862390781159,1.58714630718851e-16,7.16804009741115e-16
18,57920877,G,A,0.0327388510094697,7.8261501099153e-45,1.98733707407254e-35
18,58133070,C,A,-0.0331341215207165,1.00211343744067e-08,6.82486966691701e-09
16,69551467,T,A,0.0195539754302905,2.13153039453484e-35,9.90051229059513e-16
16,69202908,A,G,-0.0335146981591361,6.89247049193502e-07,2.77431167505858e-07
01,72812324,A,G,-0.0198721187757496,6.30202321308401e-35,1.03214923211739e-15
06,26168903,A,G,-0.0201582669416124,3.66918460825158e-13,1.19133423719359e-15
06,26543649,CTT,C,-0.0119496823119435,1.81275198301269e-09,3.80441224692215e-10
06,40363828,T,TAAG,0.0194167371633734,2.39177186723835e-38,1.48089139680517e-15
05,87682877,C,G,-0.0214974519241627,2.15648566820678e-18,1.49578821023703e-15
05,87969937,T,C,0.0248217813166935,5.26008074823052e-15,1.3977241000009e-14
08,73443198,T,G,0.021354362112984,4.97232652475138e-27,2.04834268324755e-15
01,149995265,G,A,0.0186662788368656,1.39515877807813e-27,2.49821500496692e-15
01,150055211,AC,A,0.0345320531624199,2.26999917978504e-06,1.44269876865137e-08
09,15647348,G,T,-0.0191788558049756,1.14109027426639e-36,4.12216923279116e-15
12,120907309,T,A,-0.0483459861263146,3.00472543635822e-16,4.39989227172291e-15
07,76631727,A,G,0.0244812605699553,4.06859267085693e-16,5.70849115179324e-15
17,1837168,T,TA,-0.0262607649625517,5.99590302295172e-20,6.35316501255493e-15
02,58935282,G,T,0.018688593694641,3.36562712866866e-23,6.8053162732987e-15
02,59297346,G,A,0.0175545956243451,7.92469600139931e-18,4.19251230699535e-13
08,126482077,G,A,-0.0187378306490983,1.73412195399053e-40,1.03085851628284e-14
17,65854602,C,T,0.0245677277523868,6.57717355247781e-19,1.04179371420726e-14
17,65394209,CAA,C,-0.0154261070565306,3.38900098995881e-10,2.36638438294492e-07
06,108876002,A,G,-0.0192881881302785,4.71494083880386e-30,1.31668047057164e-14
19,30286037,G,GCCTGTAATC,0.0196567746795251,1.39541937969553e-18,2.24250091809409e-14
19,30609964,G,A,0.0120989218821537,5.36198409678951e-12,5.22249207212084e-07
11,130817579,T,A,0.0183449055581404,9.54825091914085e-39,4.37114050998205e-14
13,79590413,T,C,-0.0187104675066452,9.85946383948448e-35,4.93785369429289e-14
X,109888230,G,GCCT,0.0155800006898219,4.75116358126882e-25,5.4215244489748e-14
02,165508389,C,T,0.018063625865159,1.12613720650333e-18,6.48923595440774e-14
02,165413448,A,AT,0.0125581044231824,1.79395600632845e-11,5.68547117397238e-08
19,45392254,C,T,-0.0218269048789005,9.13832358273828e-16,7.38258623191784e-14
19,45412079,C,T,0.0235786420899347,1.10809293759358e-08,7.16522078992288e-10
22,38575498,CT,C,0.0181807914175129,5.12607726005641e-33,8.62709139111384e-14
19,18207397,A,C,0.0195956923208044,2.06573565775166e-19,1.08045342201378e-13
03,94034688,G,GAAA,0.0180837222643679,1.50712931891898e-32,1.10064423265512e-13
12,89776845,C,CT,0.0165097982325694,3.40842707272074e-23,1.26197784480723e-13
20,50951298,A,G,-0.0229049919962553,1.96199866951855e-19,1.32277867860498e-13
17,78757626,A,G,-0.0179728598804324,2.47845925082731e-15,2.56930633264077e-13
17,79072594,C,A,0.0151588280553873,4.29873026739645e-14,2.73477304258611e-10
17,78448640,C,G,0.0120297189048455,1.9058631309797e-07,2.11679886720919e-08
16,4940994,G,A,0.0177489966151603,2.49872130121133e-31,3.47797244697781e-13
05,139070398,G,C,0.0249466336085153,2.7057401308543e-17,3.56272550431309e-13
03,185828465,T,C,-0.0205771459323758,1.86916372381775e-12,8.03178446023649e-13
03,185347459,A,G,-0.0120147007332577,5.92574410299927e-09,4.71617334663377e-08
11,13349781,G,A,-0.0181076760098024,4.69771105591982e-26,8.152576477738e-13
19,1850165,T,C,-0.0172757444070152,1.79233158812056e-20,8.43262600247528e-13
19,2186757,C,T,-0.0111949161749004,1.37817264151206e-08,4.60157246301896e-06
12,124508758,T,A,0.0157416050707484,1.91466848197838e-13,8.68840139671646e-13
12,124820705,G,A,0.0204315227215669,1.54372385019664e-11,4.49053676913732e-08
12,124419062,A,C,0.0146124377417575,2.93581220675326e-10,2.50538886283261e-10
07,75081418,C,T,-0.0176881096470862,1.6263486779349e-29,9.24852308775552e-13
08,10665444,A,C,0.0176179114626599,1.20167121111154e-28,9.68417789434416e-13
17,46270606,T,C,0.0350611355019753,8.09822473644963e-15,1.52555778044293e-12
17,46764369,C,T,0.0405166857905527,1.30214454935957e-06,7.972770381378e-06
01,96940119,G,A,-0.0174338930815731,3.16413499039285e-27,1.58604564642965e-12
05,80889270,C,G,-0.018013044098448,2.02468754844268e-24,1.74476964319461e-12
06,34603350,G,A,0.0331483212561024,4.50210111969286e-26,5.46930732032972e-28
03,85880768,A,G,-0.0172126533364323,2.60122187277046e-16,2.36883630860361e-12
03,85384671,G,A,-0.0120909474258943,2.41298622405455e-09,3.17895792859384e-07
06,160766681,TA,T,0.0169772843210059,1.43446286942284e-32,3.50280890885065e-12
05,122699198,C,CTA,-0.0168676060696985,1.9258845122833e-30,3.56459389623819e-12
06,26239404,A,G,-0.0162999046424052,5.44322263747987e-11,1.02795843694247e-12
06,26739193,T,C,-0.0186648775547765,8.50321155187528e-10,3.72251437547115e-12
07,2912928,T,C,-0.0182795232562082,5.83623629821884e-19,3.7364665434493e-12
07,3125220,C,T,0.0192612765332343,3.10445301346171e-09,2.6343011537309e-08
04,102708997,C,A,0.0144252654899422,1.07377188046426e-17,5.829147177521e-12
04,103188709,C,T,0.0242882956618939,1.87648450529867e-07,1.47483494536582e-10
01,62570321,G,A,-0.0168522340051732,7.44944626816099e-28,6.04946498865292e-12
16,19975418,C,T,-0.019922492963001,1.06235163132732e-09,7.5368983285674e-12
16,20379933,G,GTGC,0.0148554977921078,2.50793397294404e-14,1.14890482589983e-09
16,20050466,C,G,0.0166589536253905,3.58780008282488e-11,1.11564939184903e-11
01,74977277,A,G,0.0169780652321839,2.8753866074851e-26,7.63318372505433e-12
01,219762581,C,A,0.0182853272410685,3.47545639188029e-20,8.11662598893081e-12
07,150668514,C,T,-0.0173490020962696,1.53683368667143e-23,8.6207224472822e-12
03,61251635,G,A,-0.0230765472668819,2.78070414504956e-15,1.18011035771733e-11
06,31606756,A,T,-0.0227438916524475,1.42424827898597e-12,1.40129914976326e-11
06,31597700,C,T,0.0150141610587969,1.58474745932506e-09,1.62463808390118e-10
06,31430951,C,T,-0.0251757509956396,1.32008998792501e-06,2.33127530551326e-06
11,30408061,T,A,0.0168194772621008,3.27691218711079e-24,1.42702461527538e-11
17,42285460,ATTTTTTTTTT,A,0.0183694409685543,5.61124157032077e-20,1.6658796104187e-11
04,18351898,C,T,0.0164028191614558,1.70139601721656e-27,1.73699941732485e-11
10,99772404,A,G,-0.0163422270075673,4.66662856750777e-27,2.09113522986077e-11
05,153518766,A,G,0.017514217719878,4.08196046422887e-25,2.22499640578186e-11
05,153089361,A,T,-0.0176344684049992,3.98936192118226e-08,5.44546688483017e-06
06,51796751,G,A,0.015816726572584,9.81917718594995e-15,2.45736943479823e-11
06,51480853,C,T,-0.0152205010389599,6.46940362309852e-14,8.97413310998709e-11
03,41308348,T,C,0.0162677841310545,3.31067688214383e-29,2.47594787783798e-11
20,33844938,A,C,0.0172634327302903,1.09342060949219e-20,3.13982699130946e-11
03,170734443,T,TA,0.0181849166111278,9.31858349053396e-19,3.32246946683173e-11
08,77220405,T,C,0.0160353562502856,2.21223608434081e-30,3.6888160597497e-11
12,66343400,C,G,0.0160915997252328,6.16957807092323e-30,3.84530420239622e-11
01,156049877,C,T,0.0237121318763638,2.88557930885135e-14,3.91074762009324e-11
X,137166980,G,C,-0.0202184541221325,4.74943974334792e-13,3.96428729343873e-11
05,95728898,C,G,0.0165610907564394,2.62034502688331e-13,4.28526145081881e-11
05,96131733,A,G,-0.0133453762909003,6.06881381050039e-07,9.70747398597852e-07
05,95918919,C,CT,-0.0161071137637604,9.48836709650986e-07,1.36496798383245e-07
03,84113491,A,G,-0.034057104061673,3.12236362833549e-12,4.94122319291419e-11
13,28011963,A,G,-0.0137683944832762,3.05091755394697e-13,5.27011551514756e-11
13,28050650,T,G,0.0137695004239642,5.60291649609997e-09,1.07954407252253e-09
10,102447647,C,A,-0.0238524441195676,1.51330836411351e-10,5.87354905345769e-11
10,102626510,G,T,0.0140204046974051,2.22114505883375e-13,2.90400556508779e-09
18,21109466,G,T,-0.015869324669046,2.12038846899203e-27,6.78623941355274e-11
03,85044736,A,G,-0.0186879950408523,1.15945244789771e-16,7.01525864723885e-11
20,39179822,G,C,-0.0460376972416117,1.98109270446824e-11,8.35863384891606e-11
02,227105921,T,C,0.0164440500861727,4.00726192372895e-21,8.95638399705618e-11
04,137083193,C,A,0.0158344775536685,2.0909600922593e-25,9.68445335434187e-11
18,40744790,C,A,-0.0161731915914565,8.64689821600643e-22,1.06017086798053e-10
12,123189794,T,C,-0.0186821978867224,2.39355902203261e-16,1.14674766882222e-16
12,123070616,T,G,-0.019466555106962,5.0001397231918e-15,1.26919645756672e-16
06,32652281,T,C,0.0209294156288991,2.76321141165558e-15,1.33138087913265e-10
04,145718861,GGTTA,G,0.0159612194409542,1.79282413595917e-23,1.37203268324131e-10
07,77827064,G,GA,-0.0154802518541704,5.73619285650194e-13,1.4527006403587e-10
07,78141093,TA,T,0.0137881571134095,3.60598507654218e-08,6.90619633060613e-07
18,56883319,T,G,-0.0201118311891202,5.60563503284098e-12,1.55369344354263e-10
18,56458986,C,G,0.0121912432114783,2.17579042832816e-12,4.45548195599137e-07
17,7095507,C,T,0.0156835919039242,1.68076950658461e-19,1.55837713916022e-10
17,7559037,C,T,-0.0167904595394391,2.23084215979218e-09,3.51535077810812e-08
02,181517642,C,T,-0.0160389857263399,3.52229690243899e-23,1.62847036245177e-10
02,27730940,C,T,-0.0157115438891178,5.97927613311604e-22,2.09698935385156e-10
01,150539706,C,G,0.0268685227972373,4.68019924600652e-11,2.39717184521585e-10
01,150346106,A,G,-0.0231590540223967,1.55814958700475e-06,1.07556651338387e-06
19,18834514,C,T,-0.0142716429234825,1.95246331894904e-13,2.39777323774553e-10
19,18334805,C,T,0.0163173787952947,1.81640521066236e-11,2.79360939609314e-10
16,72996162,G,A,-0.0167831648473644,1.25874408751587e-24,2.43840690773666e-10
16,73249677,A,C,-0.0387066171754148,1.19915461756684e-07,2.51953760850855e-06
06,41734037,GGAAA,G,0.0153948287067756,1.85190954268752e-16,2.62051967459672e-10
06,41903798,C,A,-0.05960348163452,1.6098193386018e-08,1.6314180667842e-09
03,49796509,T,TA,0.0167137619699299,4.7325148004541e-26,3.71434743756766e-13
03,49333171,C,A,0.0207634626961877,1.14185378520354e-09,2.70049211073741e-10
15,84663514,AT,A,0.0151161602597547,9.849229139468e-15,2.77867750386549e-10
15,84242585,T,C,-0.0115077245006037,1.69254345317829e-08,7.06197196086622e-07
01,49996959,A,G,0.0164479873272857,1.27674870578729e-18,3.02291085268644e-10
X,117960969,T,A,0.015593599717378,2.60212154436094e-13,3.27479562040342e-10
14,33298731,CA,C,0.0153986598745506,5.67482906736986e-25,3.42787323323674e-10
18,39696251,A,G,0.0260367151023709,5.03733286574117e-12,3.67250102564673e-10
07,71586211,A,T,-0.016109146490186,4.10286293441176e-19,3.90142662651574e-10
14,77547212,C,T,0.0167090063189281,1.87869612929036e-17,4.0266927626777e-10
21,46494995,C,T,0.0135989390401011,5.5139768214602e-15,4.04177300778194e-10
21,46488959,G,A,-0.0259162409127421,4.06122906349671e-07,8.77174252312047e-09
07,70045443,G,C,0.0153034725627391,1.69918843177249e-22,4.32288394227773e-10
07,6387863,A,AG,0.0222338596042502,4.61824054609552e-12,4.77350152927216e-10
07,6646145,G,C,-0.0175377463502296,4.89525609266326e-07,3.03587670390837e-06
08,77165846,G,T,0.0162570836778886,2.75137929441846e-18,1.06654592154668e-10
08,76564503,TTAC,T,0.0132164737531595,3.32214497901276e-12,2.83212252344616e-07
05,170495158,C,G,-0.0168740176496873,2.37811845576111e-16,5.32941699193433e-10
16,31015998,TA,T,-0.0160497004273408,8.23500958509516e-24,5.90479432563346e-10
15,80991447,T,C,-0.0163131391328971,4.71379598680673e-17,6.45002909920531e-10
15,41970964,C,CA,0.0235155138153872,1.27593303401124e-12,6.71355798639764e-10
09,120874945,A,C,-0.0203864838070558,2.99444676416534e-12,6.73693681751986e-10
09,120722080,G,A,-0.0146311408048195,1.23349972987771e-18,7.81940330989992e-09
06,152168974,T,G,0.0150331367631427,3.67004528190085e-24,7.11096910797933e-10
01,66522148,ATATC,A,-0.0150978749291863,1.16187623594265e-24,7.1580812935224e-10
14,94028197,T,C,-0.0155916290029861,4.960986531027e-19,8.11904970811008e-10
10,125220036,G,A,0.0170504793298617,1.2598172671607e-15,8.28623916714675e-10
03,12395645,G,A,0.0199372071540452,1.18801898651462e-09,8.45954700178443e-10
03,12441088,T,TA,-0.0175466470363571,1.48498317383592e-08,9.15220291683034e-09
16,2200622,AGTCTGGGGAGCTGTTCTCTACCCC,A,-0.0183768743500297,1.73258743114136e-15,8.49542936979495e-10
08,23392733,C,T,-0.0217351600097176,1.8979625060617e-12,8.92459682173428e-10
09,37111936,A,G,0.0135438425307133,9.00027402332051e-16,9.13239217328785e-10
09,36992121,A,AC,-0.0118446361637892,5.68622607907976e-08,1.97940260068313e-07
07,50578023,T,G,0.0148820853065816,7.0462339503749e-26,9.20187558407128e-10
11,8694073,G,C,-0.0156350002086066,1.33065865055486e-18,9.26800468246576e-10
17,28855373,CT,C,-0.015489815247086,1.94225048708122e-26,9.60526304493521e-10
07,113028634,T,A,-0.015053734388817,6.82055374133946e-22,9.77946139514829e-10
10,22123768,T,A,0.0164230591403359,1.47503486596893e-16,1.05949584856942e-09
11,134611807,C,T,0.0152417577538682,2.20174334307514e-10,1.08776069675457e-09
11,134477893,G,A,-0.0157649875236726,5.54805723819217e-09,2.55799474314807e-09
13,96982541,T,G,0.0149877439630448,3.7402942976999e-21,1.1153543071639e-09
12,103634961,TA,T,-0.016157171560627,7.43793591114718e-18,1.1366995949946e-09
17,47112109,C,A,-0.0154723751304581,3.69229179930743e-19,1.14244407889937e-09
17,39261560,A,T,0.0159660036168728,5.40029116342906e-17,1.2446316027524e-09
08,64720735,T,C,-0.0149316407474874,3.35000099794782e-24,1.50840033300231e-09
02,205375909,A,C,0.0275842974895617,6.69847151480608e-11,1.52778585729173e-09
01,190278319,T,TA,0.014775504739413,3.49411075021718e-22,1.63906021866883e-09
15,47796875,A,G,-0.0161165420112913,5.05675178562819e-16,1.66636446099551e-09
01,54728864,C,G,-0.0149915891404144,6.62578403127495e-20,1.75344008086559e-09
22,42070374,A,C,-0.0246293160833269,3.93912576364956e-11,1.97778352525055e-09
20,45519805,T,C,-0.0146651972678745,7.88417823341805e-22,1.97948570099585e-09
02,213414265,A,G,-0.0164663635896453,1.58256983748892e-15,2.03585584527959e-09
03,196934710,G,C,0.0205725576396346,2.80355729054701e-12,2.11180130269259e-09
08,67205241,A,C,-0.0165804858438519,5.56932065477445e-15,2.13278704607747e-09
X,53652838,G,A,0.0123812715107639,1.93633025500936e-20,2.2475859504495e-09
18,13182325,A,T,0.0187940450127698,5.4860402613128e-13,2.29984988794962e-09
03,25077932,G,A,-0.0209672872723181,4.66112093039783e-12,2.38389062718227e-09
01,42414686,G,A,0.0146399462807322,4.48866261335346e-23,2.40238760647476e-09
06,130345835,G,A,-0.016459725014736,3.32004617062153e-15,2.66843324986508e-09
02,230847856,C,A,-0.0145578287604221,7.02180735873284e-21,2.73655256279766e-09
06,100602753,G,A,0.0159962918691563,7.96602319014645e-12,2.95123658698854e-09
06,100878858,A,G,-0.0139351150254611,6.52712256145034e-08,6.51520477622831e-07
20,25195509,G,A,-0.0380303235981636,8.90733731614576e-09,2.95721697924164e-09
20,25401417,CA,C,0.0183260967071847,6.19016993670502e-08,4.38940933524568e-07
07,103427228,T,G,0.0145574010834454,6.63911234517026e-21,3.01143932456382e-09
01,203491150,G,A,0.0192855249405489,1.77088885114461e-12,3.19192397307509e-09
07,92253972,G,A,0.0153699823922954,8.45170988956618e-17,3.31545144151118e-09
03,131750352,C,T,0.01533693344071,1.90241440124481e-16,3.3954642895263e-09
09,103061366,A,G,0.0155119541543728,1.00957268111639e-16,3.48968638873235e-09
19,34019403,GAC,G,-0.0149961817777754,6.73442939030824e-18,3.89652268150284e-09
19,34367579,T,C,0.0258101830293574,5.2041012414616e-06,7.28154662909866e-06
01,96304750,A,AT,0.0142474680906763,2.08364990566573e-16,4.02317578944228e-09
01,95837584,A,G,-0.0211909514470342,2.40120027055065e-06,2.13937859788004e-06
01,50263773,T,C,0.0162376354878673,1.60467917588917e-16,4.82862140424842e-10
01,50890047,GC,G,0.0216232191872362,2.63275765185962e-08,1.60277225543401e-07
20,33807106,A,AT,0.0179980992741385,1.17327055399476e-20,3.25924470703888e-11
03,62687746,T,A,0.0150470311077412,9.18270352525467e-13,4.50032962925753e-09
03,62471282,T,C,-0.0145372158878755,1.35856669553427e-12,1.451180649556e-08
17,71132066,TAA,T,0.0142347065972498,4.91452074745701e-23,4.50206866460544e-09
03,194870655,T,C,-0.0147901352731821,1.64029297887605e-18,4.62498324172519e-09
11,113232676,T,TA,-0.0148134148199166,2.6478598832928e-21,4.81125665692033e-09
15,99227787,G,A,-0.0167694250080301,5.25240512361363e-11,5.77390176085214e-09
15,99517619,A,T,-0.0140937817069906,3.01784319753898e-12,6.02982548524294e-08
10,126474200,T,C,-0.0144983258446522,4.19228738550464e-15,6.0218627747112e-09
10,126707126,A,C,0.0136246180745186,4.26399240313947e-08,4.60378503012211e-06
14,42939471,T,A,0.0142634775602768,4.17669431739243e-20,6.11143524960384e-09
20,34756744,T,G,0.0167156094604418,1.49715935919759e-13,6.21082897614631e-09
12,91237920,T,A,-0.0146125931079554,1.11552689594537e-17,6.3686424713673e-09
09,94187634,G,C,-0.0148629610551065,1.49750364603226e-16,6.48562655347173e-09
01,1564194,C,T,-0.0147349759493554,2.55422594654744e-18,6.57610775387022e-09
16,89535888,C,T,-0.0210826107638677,2.23259291082605e-11,6.61314008753613e-09
01,195029618,C,CT,-0.0158819393418578,2.96583240459966e-16,6.69413383665294e-09
05,43190861,TA,T,-0.0147428989106343,2.98978935611766e-20,7.19250390702462e-09
09,92189513,C,A,-0.0141249607905661,1.2890885310492e-21,7.4186553172629e-09
05,63940500,C,CA,-0.0142085284323514,1.10318483364231e-22,7.46813359394344e-09
09,129460914,G,A,0.0139950449310489,6.43370791500855e-15,7.73730403449962e-09
09,129702842,C,G,-0.0112562815757613,8.84535656511582e-08,4.8269975500641e-06
09,16715657,T,C,0.0146238586197193,4.21509870711179e-17,7.89540834556787e-09
17,44262496,T,C,-0.0150816188579095,2.46535452711846e-16,7.90773745508956e-09
02,67838685,C,G,-0.0143446525304537,2.50832552158778e-18,8.08875454630893e-09
10,16774121,CAGG,C,-0.0154467407117406,4.42522054929149e-16,8.54616894236785e-09
12,118404498,CCT,C,-0.015091334859094,6.57278055027274e-16,8.81033027863159e-09
03,153737599,A,AAT,0.0140514477326995,2.12624644929337e-23,9.2023207735087e-09
06,105402083,A,C,0.0217390340442912,1.01543123874977e-10,9.41282732292622e-09
09,83324554,G,GC,0.0172458637742149,2.15208102006545e-12,1.04819245410638e-08
12,56364321,A,G,-0.0147179950438319,2.25471724796994e-16,1.07402136910397e-08
13,59288619,G,A,-0.0181134927175778,5.35410967711999e-12,1.09723715556771e-08
11,64049021,C,T,-0.0188345873791967,1.16346466196288e-11,1.11753118438278e-08
01,108001307,A,G,-0.0159862918735231,1.01544684577444e-13,1.20868616282336e-08
01,107885018,C,G,0.0150531040711313,1.75391015915577e-08,4.21272358518816e-06
11,69506234,CAA,C,-0.0144674411090776,4.31580090620164e-19,1.25497089539111e-08
01,208706936,G,A,-0.0152574932812841,1.27648067866726e-14,1.27776434905278e-08
06,29910478,C,G,0.0142030804972366,7.61681982735259e-21,1.33720323633496e-08
14,29702590,T,G,-0.0142415595346884,1.23225151222565e-11,1.4633497559898e-08
14,30137407,C,T,0.0112155271912651,3.8800489349912e-09,3.03524983125204e-06
06,154304628,G,C,-0.0149413762551108,8.56439533654305e-15,1.46416040945578e-08
02,161105876,A,G,-0.0147260088762397,2.39806862541158e-15,1.49402888084054e-08
14,23754580,G,A,-0.0144891646864249,1.8061360574128e-16,1.53574616247979e-08
15,73083121,G,A,-0.0162064659409035,4.73879232601314e-13,1.64927692928799e-08
16,71899586,G,A,-0.0165327405594128,9.3291979776951e-13,1.65986485985516e-08
12,122485389,C,G,-0.0413376167542523,2.54953741066631e-15,1.98479393560628e-13
12,122586113,A,T,-0.0268334529383428,5.34839376135725e-08,3.1457518814547e-06
12,121714935,C,T,0.0137166017422433,7.81316708211158e-10,2.68920676521611e-07
05,102167151,A,T,0.0142958136835656,9.36676390379362e-17,1.71964498625719e-08
02,36777825,G,A,0.014974858639554,1.84571089421526e-14,1.71999251702122e-08
02,100765728,C,CA,0.0198585961988127,4.14253406596978e-11,1.77265185343697e-08
11,65639374,T,C,0.0141312203652072,2.35420698953463e-16,1.84766183717851e-08
02,69704941,A,G,0.0175235290776041,1.2798350824064e-11,1.93287206981033e-08
06,119524516,C,G,-0.0137478078630022,3.83054464752037e-20,1.96634075502825e-08
06,29355148,A,C,-0.0149998945722794,1.46023386970812e-14,2.00449414217251e-08
07,121952981,T,C,0.016788193710842,2.80752899771139e-12,2.00581785152536e-08
20,15809756,G,GA,0.0207086723355857,1.36468875248917e-10,2.09789192402176e-08
10,2669310,C,T,0.013580133331917,1.63151492541457e-21,2.16395968643029e-08
12,99539421,C,T,0.0142604327927087,3.72836804529602e-16,2.18404430643252e-08
03,10496318,G,T,0.0288336319058018,3.16788686216764e-08,2.2018455245593e-08
03,10036668,CTAT,C,-0.0126605230715369,5.60367222903737e-12,2.54979676958032e-07
03,82703900,G,A,-0.0166971831170966,5.80696128928154e-12,2.30493725773343e-08
X,66222744,CAA,C,-0.0155032517506143,2.55040704772811e-10,2.32755935222194e-08
05,107478679,T,TATAATA,-0.0163831203271899,4.42329367706622e-13,2.42783013008581e-08
03,138122122,C,T,-0.0184834295524064,6.84182211717624e-11,2.54222203688176e-08
15,53101700,A,G,0.0154076566423349,2.4627857817948e-12,2.66143169625699e-08
15,53525202,G,A,-0.0227707654963777,3.49963759793586e-06,6.12375898448069e-06
20,54377866,A,C,-0.0165091862953683,5.25946879443476e-12,2.71978284081023e-08
18,52525247,T,G,0.0166270981909671,5.35708129843032e-12,2.86960635666074e-08
03,128966302,C,T,0.025041150817817,1.26229617242488e-09,2.92086639405508e-08
01,47690438,G,T,0.0136138137071911,4.58769006663197e-18,2.98284952476799e-08
17,7630365,C,T,0.0157919515946868,4.37362810080629e-10,3.0288095971547e-08
17,7544045,GCGTGCTGGC,G,-0.0248004088201967,1.22219729137182e-07,8.18966956825313e-08
03,185798025,C,T,-0.0220724740405855,7.47751385212422e-11,8.56619531159251e-12
03,185298868,A,G,-0.0121621320781939,5.55758620406003e-10,3.31954165798875e-08
19,51640330,C,G,-0.0233061589108001,3.13617238467667e-10,3.34388403491047e-08
03,20432033,G,A,-0.0149709496309673,1.6295894460514e-13,3.42389077407504e-08
07,76814053,A,C,0.0314726380184471,1.59951752901488e-10,1.90469759857717e-11
10,88127995,G,C,0.0133135061850726,8.80337777150747e-22,3.83554464386052e-08
03,108120184,C,T,0.0144014041161405,4.00894669623325e-14,3.96722441603769e-08
06,104763028,T,C,-0.0164541108445413,1.3669162153209e-11,3.97644858482607e-08
01,98315893,A,G,0.0160318917758032,3.47145704148114e-12,4.06475955521261e-08
06,43757896,C,A,-0.0130645489524014,3.44110714080423e-19,4.0663177035547e-08
06,43588228,G,A,-0.034812854301296,2.80607674709429e-06,1.94774416550996e-06
06,33516762,GGTA,G,0.0163799815095367,1.4618635869627e-12,4.08796846081122e-08
15,62112657,C,T,-0.0484079750906508,2.25226273136915e-08,4.11958739236325e-08
02,236824812,G,GA,0.0162576515458827,2.98855446851506e-12,4.17380248181086e-08
14,99700080,C,T,-0.0134350723998691,4.01075138793319e-18,4.2998474745309e-08
11,122765478,G,A,0.0149957994333666,2.39010967256333e-09,4.34076647397366e-08
11,122534504,T,C,0.0115702238893594,2.92214309773336e-09,1.41726684575987e-06
02,50742419,G,C,0.0137275741120896,4.25640272539465e-16,4.40096201251313e-08
10,114754784,T,C,-0.0145918463839815,1.37655352036235e-13,4.45543486598957e-08
13,40759773,T,C,0.0179128788568789,1.14552470976315e-09,4.46350181516104e-08
13,41256473,T,G,-0.0128566854895605,1.53075544664561e-09,1.75615785824106e-06
15,57120989,A,G,0.0167661762067823,2.55116849886474e-11,4.46508826361152e-08
02,175238924,T,C,-0.0170072660149917,4.02417470725008e-11,4.6715549347627e-08
01,174321997,G,A,0.0200857632124282,9.62337300003422e-09,4.90915761278998e-08
01,174717281,G,A,-0.0320545621008147,1.54704979879843e-06,7.40192615228402e-07
07,93200058,A,G,0.0133224206606464,1.25111272715582e-18,5.13397780049233e-08
17,4850748,T,C,0.0175285949463111,5.55963568982705e-11,5.46379842146941e-08
12,114545245,G,A,-0.0132194363610484,7.85926323625172e-19,5.50677153581541e-08
13,50565104,ACT,A,0.0496270820119746,1.07842708889624e-08,5.79276020086564e-08
13,50971056,C,T,0.0233756601176404,4.00308064057237e-08,8.91129328326161e-07
03,88070354,AT,A,-0.013973637190838,1.55611794021112e-14,5.89596133870457e-08
06,20725240,T,C,-0.0162170131775395,1.21956219997217e-09,5.9325488822301e-08
06,20458179,C,T,-0.0359923531494612,5.74498498381019e-06,1.49885289073748e-06
07,130450661,C,G,-0.0133367179066853,3.29949913591001e-17,6.46379781185821e-08
06,66919338,C,A,0.0167368857930873,6.34361381098946e-11,6.47853820246324e-08
20,51195932,C,T,-0.0216003206415953,1.17849436406731e-16,4.15300265237525e-12
20,51693796,C,CA,-0.0213555211203452,2.80114426684079e-09,6.63215744724232e-08
15,73687743,A,C,-0.0258067914005112,6.37521056801425e-09,6.8768792233726e-08
06,126090277,C,T,-0.0130500455730553,2.19169716636036e-19,7.00936554965416e-08
01,16706255,GT,G,-0.0138793375292784,5.12076397181808e-18,7.05747567103899e-08
08,57112046,G,A,-0.0199491868675702,8.17388317592504e-10,7.13000311317092e-08
08,135637337,C,G,-0.0133024570466889,3.21370402405121e-16,7.1319243367637e-08
18,60845884,T,C,0.0122566009228738,1.37438711986115e-08,7.2378232211248e-08
18,60737480,A,G,0.0114891889709549,1.27575978532441e-09,2.33584662515546e-07
14,103246470,G,A,0.0138043248555267,2.85717312001997e-14,7.29675096328314e-08
01,82404496,GTCTTC,G,0.0151007704086452,3.99361502937518e-12,7.36317749025724e-08
12,97574390,AG,A,0.0169869339908674,1.08526560052711e-10,7.58464513357679e-08
12,97951882,G,T,0.0175161312279615,6.6028019182658e-09,6.09422886508158e-07
22,40611012,G,A,-0.0139502497336171,4.74958091387306e-14,7.69013163411048e-08
05,50935903,T,A,-0.0323563446166172,1.7601656378326e-08,8.33530421149252e-08
03,183356627,T,C,-0.014932949690539,2.79544485459211e-12,8.4468019740737e-08
18,1839911,G,T,0.0184554643596656,5.43690370233056e-10,8.60668108459807e-08
01,23422623,G,GA,0.0183446166215943,2.3471242387409e-11,8.99078372478288e-08
03,42329113,G,T,-0.0207539156634598,1.11562437402883e-08,9.11035176017162e-08
03,42439589,A,G,-0.0132691785851613,4.0750078139992e-12,3.98309284656405e-07
08,118882739,C,CTGA,0.0220712386369042,1.72033788633776e-09,9.36213133951565e-08
08,118771075,A,G,0.0144425331011794,1.24201768480832e-09,2.37855958473365e-06
04,31015214,T,TACAC,0.0146119621749295,4.56305036590651e-13,9.37394392401148e-08
05,131271022,G,T,-0.01315083330091,2.17708408668518e-16,9.50665728076416e-08
19,8670147,C,T,-0.035786839521149,2.95534496939076e-08,9.64744642931432e-08
04,152945667,C,T,-0.0129604388419908,3.60737800987809e-19,1.04207776867964e-07
13,33294182,G,C,-0.0129930161507645,1.9470353813739e-17,1.06270735800569e-07
04,147354089,C,T,-0.0163989585461514,1.08291521061067e-10,1.10712138971234e-07
02,5978658,A,T,-0.0210201440776949,1.16488567910505e-08,1.14633124554121e-07
02,6231733,C,G,-0.0128562303154298,7.62961604358476e-11,1.09950901452701e-06
13,66204127,CT,C,0.013014958861758,5.36910713540833e-17,1.19565144749121e-07
02,62857466,A,G,-0.0128709873609264,4.03721745900637e-19,1.22191607076909e-07
09,27824434,G,A,-0.0139169832916808,4.61041610866145e-13,1.27911023546809e-07
03,176320312,C,T,-0.0131110694249886,1.40147450217574e-17,1.31178056954305e-07
13,112239671,G,A,0.0130068197004284,1.82185974524064e-16,1.34382004143041e-07
08,85527010,C,CT,-0.0161655488604238,1.34830592872935e-11,1.34749665195302e-07
05,77389973,G,A,-0.0147612564466192,1.22741567535929e-11,1.35595673621872e-07
17,27410550,G,A,-0.0144955135482669,3.30397140952291e-15,1.41743529119166e-07
07,114421923,A,C,-0.0171954631296427,5.19551640896521e-10,1.42333827177881e-07
06,127439897,G,C,-0.0237737376162883,6.0799429266793e-08,1.4421742783194e-07
06,127760958,G,A,0.0267780068649212,1.6400987362794e-06,1.40281866601683e-06
16,69940355,A,G,-0.0170309618507916,1.12014887373586e-34,3.22187598746837e-12
05,112478549,G,GGATGCTCGTCTCTAA,0.0118003181863171,8.7921842055619e-09,1.45562593059249e-07
05,112162299,A,C,0.0117192164706188,1.67238563411116e-07,2.98101626705634e-07
01,31488277,C,T,-0.0701488520598245,1.02151134848256e-07,1.46665477991356e-07
14,35864990,T,C,0.0135219114093751,1.93410639937004e-10,1.51460073504673e-07
14,35662186,A,G,-0.016352598613616,9.7206143863144e-07,1.65064776023447e-06
11,133065775,C,G,-0.0250761887971545,4.27609340563518e-08,1.52418129383103e-07
11,132673205,T,C,0.012053335679436,1.4172130925504e-09,2.1334693806448e-06
11,133360812,C,A,-0.0141474770856262,2.69226062835646e-07,4.69557117481078e-06
01,11325330,A,T,0.0139372704919235,1.97576284971351e-13,1.54656384463738e-07
04,25355782,AAAG,A,-0.015541920793461,2.60285017888026e-11,1.56465729881306e-07
09,87172665,A,AT,0.0267311884203639,2.2840732427745e-08,1.58779648076704e-07
03,119997444,G,T,-0.0170916463849644,5.98178457139305e-10,1.59700664563764e-07
04,20301278,GT,G,-0.0148890057406894,3.74610275464927e-12,1.61271296872076e-07
02,212256192,C,T,0.0145917714885672,1.08771187418431e-11,1.62550514310438e-07
16,406427,G,C,-0.0132741810253486,2.7908664066744e-14,1.63576568544261e-07
15,52078812,G,A,0.0130272348349428,2.07563948434401e-15,1.68844637642606e-07
05,284768,A,AC,0.0232737801047861,6.19352381227503e-09,1.77497915382609e-07
04,130724902,T,C,0.0132087909299666,3.0438253455278e-14,1.81134087691905e-07
16,76682798,G,A,-0.0250784862413471,1.90810558010199e-08,1.8233815969729e-07
04,115131889,GA,G,-0.0128001662267307,2.39738043770677e-17,1.86006063272571e-07
18,45923482,G,T,0.0144508265079157,7.11441474361525e-12,1.90794283365726e-07
15,46585722,C,T,0.0127200433337135,1.21271905758576e-16,1.90954325063697e-07
12,41887940,C,T,0.0126084748514778,5.62269110278447e-19,1.91438500622409e-07
02,77158286,T,C,-0.0127027120639883,1.54257268950796e-18,2.01948503248297e-07
02,466003,G,A,-0.0899838947240478,4.60442623764974e-64,4.26947346740519e-54
02,555978,C,T,-0.0237435509479871,2.85186882267665e-07,5.36691512172201e-11
12,2157925,G,C,0.0152561086113897,8.26193143298688e-11,2.19627635581752e-07
06,164105984,T,C,0.013872751326737,6.30535024010174e-13,2.24729135918311e-07
06,164373647,C,T,0.0452325791587136,1.7162941334399e-06,4.39005830251695e-06
08,95685147,A,C,0.0129448084379723,2.14038617727592e-14,2.28302663328444e-07
01,57850045,G,A,0.0152512382888171,1.67467529798294e-10,2.57719410983232e-07
14,47303114,G,T,0.0124967081361425,9.17257699037438e-19,2.60035417573836e-07
11,66872320,C,T,-0.0252231282096024,2.86628595141922e-08,2.60669144872051e-07
11,120190141,T,C,-0.0185869701333502,3.36387048608996e-09,2.72089699160669e-07
02,632789,CTTG,C,-0.0894240206270888,-99,1.00200034632748e-43
19,18490284,G,A,-0.0260735676329655,-99,2.78976321645382e-07
06,34012048,T,C,0.0429760460858666,-99,4.38021440044766e-07
06,34421820,T,TCTAA,0.0380718388759998,-99,1.90430236750191e-16
18,58036384,C,T,-0.213328163625254,-99,1.81830246822978e-40
07,77045957,G,A,0.0255369580253694,-99,1.16733095470376e-07
07,77422583,A,G,0.028982975810939,-99,7.6126670062028e-09
12,90136912,G,A,-0.0328908325019926,-99,3.52787574496664e-10
