chrom,pos,major,minor,beta,p_value,gwas_p_value
18,57848651,A,G,0.0390756026974679,2.43226928157935e-158,3.52731528030666e-99
20,34025756,A,G,0.0324748706387992,1.6064051928062e-212,5.64725534025055e-92
16,53809123,C,T,0.0296721931480304,8.14068143751058e-178,6.67882706305972e-77
03,141105570,A,G,0.0258158386372848,1.22528282020853e-154,4.38122248041392e-60
12,4384844,T,G,0.0937060606217869,1.24190782608634e-57,9.54143108439695e-55
13,51116901,G,T,-0.0283772778903579,2.23155985572448e-76,3.84283491890999e-54
13,50655989,G,T,0.066044998319933,1.13697042347062e-30,1.37214969805253e-33
06,130374461,A,T,0.0268335334889487,2.17506941304686e-87,1.20630838201917e-51
06,34620153,T,A,0.0304148798463927,2.74857542748627e-46,3.54684445149376e-51
06,126704795,C,T,0.0232254283844051,6.51639066189503e-122,9.84538748050254e-49
12,66351826,C,T,0.022621890735031,3.38253536576802e-94,1.13347085373428e-45
07,92251321,GT,G,0.0247945967740558,2.20542460746329e-79,5.01755304932611e-44
17,29206421,G,T,-0.0267789068609693,8.80385824159373e-72,7.58866142540851e-44
18,20737641,T,TTAA,-0.0263895742737014,1.08880632867867e-67,1.25556471223383e-43
08,57122215,T,C,-0.030573127058106,6.44189466076901e-47,7.81756959538766e-41
08,57184728,A,G,0.0172658508502978,9.1696479400472e-30,4.06420663177177e-22
02,27730940,C,T,-0.0214724948717442,1.56548412893983e-91,1.67197311049503e-40
04,17922866,A,G,-0.0239543797765944,1.66913821999261e-37,2.81877735514315e-40
04,17956213,T,TG,0.015366362311072,1.68325804944162e-28,3.17674276262425e-30
02,417167,T,C,-0.0491648425519614,2.06522091940618e-44,3.09934020564051e-39
02,632536,G,A,-0.0274911858967992,9.18648634095931e-55,1.26245603617591e-37
09,119124535,T,TAA,-0.0250297572197873,1.07618895544144e-55,2.11783720942713e-37
01,78450517,C,A,0.0306999183071175,1.33476654155157e-47,5.66960266809107e-37
X,78655777,G,C,-0.0169768657635965,8.82142519730127e-64,2.73152790379425e-36
17,62017421,G,A,-0.0258231801493883,1.96984370344473e-112,1.52465396569028e-35
17,61996273,T,C,-0.0339086945070263,1.54019882566663e-47,3.12419731136725e-19
12,93989683,A,AT,0.0250208945357902,6.88806444884245e-50,4.72981837742143e-35
12,94136009,C,G,0.0143263102188163,3.52420544374918e-44,5.38577770704842e-15
06,31840021,A,T,0.0203250732636004,1.23789424677575e-47,1.24700221430133e-34
06,31720525,C,CATT,0.0105917173203375,1.82626978030816e-18,7.25755247786855e-12
13,51064533,CCT,C,-0.0206907263724326,1.34107596007838e-45,6.12844950668554e-44
13,50565104,ACT,A,0.0588196471470841,6.91993894697913e-24,2.32541332619189e-34
13,50753785,G,A,0.0116453676646453,5.62603777325977e-19,3.8228966582287e-32
04,145566477,C,T,-0.0198845335020979,1.99261250903236e-27,6.48193438206481e-33
04,145839264,G,A,0.0130307726772526,1.95576305500328e-38,1.1739185473589e-28
14,61108825,A,C,0.019012120451808,9.61623861600051e-73,2.30852415951764e-32
01,154989823,T,TGGGGGCAGTAGAGGGGGCAGTAGA,0.0190650426797238,9.07269239655236e-37,3.70202158732688e-32
01,155155608,A,G,-0.0101100784811719,4.39973089254181e-21,4.34660758559131e-17
01,177875959,GCTA,G,0.0225448726586347,4.00409170791925e-48,9.92889677361704e-32
07,150668070,T,C,-0.0174441475337675,2.79087842846212e-47,1.58467267939257e-30
07,150554553,C,T,-0.0189933613664153,2.72574749012569e-11,1.26583931088901e-15
08,135578636,CAAAAAAAAAAAAA,C,0.0187357631149518,1.10959526629507e-70,4.43703495063034e-30
08,135649848,G,A,-0.0133137419330799,2.7230337589302e-17,6.66410913566471e-22
08,135739377,A,G,0.0161720958257648,2.77320996670153e-15,1.58170756641935e-08
16,30042677,G,T,0.0180926850653572,1.76739560815702e-67,1.77220750373229e-29
05,75003678,T,C,-0.0180694692520682,3.77529040318839e-65,2.47207837716539e-29
16,2160503,T,G,-0.0234462872273582,4.26130475772243e-35,6.16025920432836e-29
16,2266173,T,C,0.0162001157106386,1.41809108555751e-31,9.18092486876045e-21
06,26180634,G,C,-0.018265530842748,4.5838359202071e-33,1.49176183658748e-28
06,26076446,G,GA,0.00942528338339105,9.78708469935673e-18,6.59669975367794e-14
01,41544279,T,G,0.018301560463994,3.70516065433382e-55,4.472809952488e-28
06,7702659,G,C,0.0176239603665693,5.54497128053686e-70,4.7238983704022e-28
06,7231843,G,A,-0.0174394770658027,8.26848852111265e-13,4.14264648050946e-11
06,19839415,C,T,0.0382744442100391,1.36471881832902e-28,6.79848299675474e-28
06,19724989,T,C,-0.00884438301109621,4.39894306005806e-17,7.06098851508397e-09
20,33409350,G,A,0.0147648568159078,5.10198042181036e-48,1.1754423223842e-33
20,32505658,G,C,-0.0224226005473201,2.05826548060441e-20,1.02258226862872e-25
20,32678560,T,C,-0.0332120987546937,1.02966227288463e-08,3.17173427532626e-10
20,32077916,C,A,-0.0175224297287167,1.25899277105477e-32,7.30941133712863e-27
20,32542814,A,G,0.0117356447942828,1.31148146790472e-20,6.83262994369077e-17
11,67024534,C,T,-0.030460289892018,1.95686566481513e-31,7.49891510524314e-27
05,122699198,C,CTA,-0.0168419261963907,9.89697354769613e-70,9.68705421023356e-27
06,109003321,C,T,-0.0183214215753285,3.27667883065684e-41,1.82236394096999e-26
06,108871422,TA,T,-0.0145096138573813,2.36555486670614e-08,1.40980616777426e-08
06,41909521,C,CCG,0.0329058750850202,8.07793205098746e-28,2.48682459599861e-25
06,41903798,C,A,-0.059435652134764,3.37317499114315e-18,4.62761991724739e-19
07,2859847,G,A,-0.0175500447216631,9.13617234365127e-45,8.84780024668102e-25
17,7571752,T,G,0.0743693435206103,5.70622486611267e-25,2.25183163669826e-24
17,7366619,T,C,0.0186983638537966,1.89710803033224e-17,3.73811466075515e-14
17,7200613,CAA,C,0.00928679759356383,2.20165142528376e-19,2.21032164148367e-09
07,73012042,G,A,0.0207638297201563,1.20387823263187e-22,8.14035369334173e-24
07,73121347,G,A,-0.0087792327228353,6.09347768098177e-17,1.08710739779519e-13
02,172416533,C,CTTT,-0.0174444336000589,7.12358810890448e-26,1.389590356697e-23
02,171923670,GT,G,-0.0084248424213992,2.97424492702838e-12,4.55271891790258e-09
02,218279432,AC,A,-0.0163501588837701,7.49905120679061e-32,1.69532707851663e-23
02,218146818,T,G,-0.0143178381207301,1.61680980430032e-19,1.94287863211176e-16
02,218604987,C,T,0.0154476950088009,1.62100172465456e-07,3.75587645662103e-08
06,152168974,T,G,0.0157314255433492,1.25758297337317e-41,3.41912847018414e-23
06,151702442,C,G,0.00904678144265001,2.07737593417203e-10,4.5812015546686e-08
22,42070374,A,C,-0.0262313231231006,2.03522670041787e-27,1.03447569090242e-22
08,78105153,C,A,0.0164911000597758,5.46224839557096e-36,3.51371264700948e-22
08,77761919,C,T,-0.0203403884657609,2.92676932964684e-09,1.46659952495884e-09
01,176787749,C,CT,-0.0164137412519543,5.68253548614088e-51,3.95567879953677e-22
01,176566012,A,T,0.0210495848708068,1.3574388007302e-12,2.06549263644971e-08
01,176521655,G,A,-0.0244656844215005,1.95411394592086e-07,3.18807009099961e-11
03,185548663,G,A,0.0222357135413951,5.61570466416783e-24,5.93501718097513e-22
03,185828465,T,C,-0.0125365042383868,1.16106617138598e-12,9.63414830294781e-11
03,185468884,C,T,-0.0106925429145802,1.53844765587582e-09,2.99093736732765e-06
05,42687629,T,C,0.0166230932157205,1.96225857813083e-12,7.19150455190586e-22
05,42290110,TA,T,-0.0117245315970418,4.85751324726493e-16,3.05215633259777e-15
05,42641962,C,T,-0.0101235398801212,1.16718049625408e-17,3.54296908596573e-16
09,98256235,T,G,-0.0232748113193333,2.93449691763988e-20,1.16877088965745e-21
09,98217348,A,G,0.0210613368293088,4.63501335472753e-20,4.23707045164093e-19
09,98270362,T,G,0.0464171364159639,3.28645254132206e-10,7.8298202981057e-10
06,142716286,G,T,-0.0159284120178527,1.42147481656385e-23,1.23064682939835e-21
06,143187255,CA,C,-0.00964045178050407,8.62632257481711e-17,2.91654852479714e-10
06,142355986,A,G,-0.0101401744724924,2.601191155981e-08,1.85736217632882e-08
05,168256240,G,A,-0.0184606632647246,4.87297198872879e-32,1.28860647757256e-21
15,99194896,C,G,-0.0252894674513965,3.58439598141267e-29,1.3347659103101e-21
15,99395834,C,G,-0.0157383897756422,1.75813939321379e-17,1.00243507112409e-07
15,99214192,TTGGAA,T,-0.0193106806061917,5.08541805167768e-13,3.77537961065755e-10
12,111865049,G,C,-0.0150093351997158,1.22910348960445e-58,1.95365089148021e-21
06,50787576,CGAGGTGGGA,C,0.0231596233744538,6.69489900124744e-29,3.34308555597791e-21
20,50929323,T,TA,-0.0189249792311033,2.03942417716735e-30,3.37362096332487e-21
11,27694241,G,C,-0.0209137946292897,9.13848305777872e-27,6.98648955576229e-21
11,27457894,GAGAA,G,0.0104553987093715,8.75088805396034e-21,6.04418767992365e-07
14,25948867,T,C,-0.0158309919303278,4.33332110022735e-41,1.72126545210196e-20
04,106215108,TC,T,-0.0148723467883154,1.78007420005211e-46,2.31530288223184e-20
19,47557098,G,C,-0.0170025153147161,1.2585706029012e-32,3.35705334441815e-20
02,23896049,G,A,-0.0111747783605175,7.28415488740415e-16,4.11350311912667e-20
02,24142058,A,AAG,0.00977486376305414,2.91259803106049e-20,2.12710305046259e-19
12,46752872,C,CA,-0.0125946833029167,9.47871665736169e-32,4.13487022743645e-20
12,46791289,G,A,0.0156416108774298,1.56136756655101e-07,9.71428728886152e-10
12,46764254,A,G,-0.0275601506911949,1.9122381217368e-06,2.91773658691071e-10
12,124826676,C,T,0.0191466049083413,6.0069626490708e-25,5.83347427688322e-20
12,124456440,AC,A,-0.0114823269769934,4.4545338150967e-07,6.65843547113323e-07
02,211540507,C,A,0.0152761161480398,3.18617806613616e-36,1.23311356629804e-19
12,50263148,G,A,0.0146239707846447,4.38770980189803e-42,1.42183788687991e-19
15,89394600,T,C,-0.0424482487148614,1.08333345041378e-20,1.47796482592684e-19
15,89367562,C,A,0.0106756558201459,1.35828065887911e-21,6.50438834600894e-11
15,89386652,G,A,-0.0124107049501137,5.65330420958638e-11,2.2133242081134e-07
16,4014282,G,C,-0.0146313682852965,3.53703552236e-33,1.76594547331085e-19
16,3583173,C,T,0.00942785222906144,4.37515927823617e-08,3.88874432867505e-06
16,4277580,G,C,0.0303984025174375,1.13255302569248e-06,5.2209150307581e-07
06,109772355,CT,C,-0.0145239631301235,6.57684254956369e-48,2.13228243790504e-19
03,50022069,G,A,0.0139770918363378,1.35569235631122e-39,2.16217400769819e-19
11,2165576,G,A,-0.0181292118801237,4.76662115931783e-25,2.19511784017014e-19
11,2053669,C,A,0.0253177240054839,1.20917126588741e-08,3.74850739357704e-09
06,140623538,C,T,-0.0164328775603209,9.6680366744265e-31,2.66010758898856e-19
04,145868325,G,A,-0.0125516303332378,3.16070272855108e-23,1.75620233729564e-29
04,145762728,G,A,-0.017964850487632,5.50229604883405e-12,1.08998348420882e-28
03,172175074,G,C,0.0150416610432289,2.59852461163638e-23,4.91362721926153e-19
03,171969077,G,C,-0.0125548297518901,1.84626188674373e-31,1.02339929182849e-16
11,68388220,G,A,-0.0179045710807221,1.37926887167431e-22,8.82318696242787e-19
11,68680577,C,T,0.00994448355516922,7.4974436584529e-09,3.21681838462632e-08
05,87755411,A,G,-0.0156368106175665,3.92156507011691e-18,9.45506793706059e-19
05,88251136,G,A,-0.00847798973567406,1.5850698769351e-12,3.50119303447888e-09
06,29355148,A,C,-0.0153308578450289,8.3932868676122e-34,1.23798945317957e-18
17,59494574,T,C,0.0145293404514977,4.61231420074455e-35,2.31759826963191e-18
07,23513093,C,T,-0.0158429409324492,3.03947516355621e-29,3.13207403490716e-18
05,176509193,T,C,-0.0125823069089875,1.09943096554749e-21,3.2213155067383e-18
05,176337556,TCA,T,0.033435075434615,1.10954738826799e-06,4.6800141005201e-07
05,176728400,A,G,0.00955104375983438,9.74171865574455e-10,9.46849391321414e-12
X,129251524,A,C,0.0115112708462337,4.19592274007265e-34,3.39173340253073e-18
10,102686838,GT,G,0.0148494419760271,9.56032036262623e-29,6.66699125629697e-18
10,102317555,C,CA,-0.0135789278093297,2.59685298295991e-14,3.369014421306e-09
10,102414556,C,A,-0.0107611520609052,8.65937854529338e-14,4.3321962339574e-06
17,79093822,A,G,-0.014158233129542,7.28569147044091e-25,7.72482181773323e-18
17,78757626,A,G,-0.0102891155725552,5.06921118679531e-12,8.19550570162812e-09
17,79421254,G,T,-0.00900662227635849,1.62296953855285e-11,9.70072579354759e-09
12,116196316,CAA,C,-0.0164018417612838,1.47279333016944e-21,7.76731315368656e-18
12,116632928,C,T,-0.0104509417106813,4.18005322027564e-07,1.0798166458282e-07
05,170864021,G,T,-0.0168051238135952,7.8851337907158e-20,8.93195786046899e-18
01,33774752,C,A,-0.0140856748398877,7.84458110059423e-26,9.03790081204033e-18
01,33295956,AT,A,-0.0103218072861833,6.45542375014211e-08,4.20906969993352e-08
19,30289630,G,A,0.0143087991045788,5.37934351329575e-28,1.34419949490664e-17
19,30710410,T,G,-0.0110855918728199,1.31344799476495e-10,1.36168682338887e-08
20,34769811,A,G,0.0169967088947091,6.67541284480556e-29,1.09799605341537e-24
20,35002849,G,A,-0.023894213262491,5.1488354297336e-19,3.51680617900206e-19
20,35743138,C,T,-0.0172384902500691,1.80095238356764e-16,4.74812760271903e-11
12,11880608,TAC,T,0.0139476045672814,8.31689957578789e-35,2.56283571383531e-17
10,96038686,G,A,0.0121236252010457,1.02193633370755e-25,3.23157416528432e-17
10,96085377,T,A,0.0123756343789304,3.89636117975141e-08,1.37339239952476e-10
19,2176403,G,A,0.0132486590702352,1.97683462866186e-33,5.58749646127161e-17
19,2312903,C,T,-0.0120877351893729,3.3361879801369e-07,7.62235507660446e-07
01,214638396,C,G,-0.0135965403372288,5.32776675804655e-38,1.03182041809719e-16
06,160769811,C,T,0.0130812528198942,3.56370279964119e-36,1.14507612637079e-16
06,160343098,T,C,-0.00988461499497349,1.67464874429977e-06,9.08560267772581e-06
17,43223292,G,A,-0.0122018136562876,1.14650570159783e-21,2.74275321296094e-16
17,43146641,A,ATTTAT,0.00984683155534027,7.48536445183221e-10,7.92091262075257e-11
02,198950240,G,A,0.0128170628020609,6.77364126639159e-43,3.46449954250606e-16
01,11220180,A,G,0.0148222544435271,1.00927248965475e-19,4.15455329906967e-16
10,77210191,T,C,0.0127499756985222,1.48339794961813e-40,6.8751977637144e-16
17,29230520,GGT,G,-0.0174047797271787,1.06349322521253e-29,9.62100095797717e-36
17,29707521,A,G,0.0116913149772629,3.86495571863328e-26,8.31168571719548e-16
17,29285075,C,T,-0.0280953886006631,1.91624391977226e-07,1.35920457121604e-11
02,56106928,C,T,-0.0128442925655051,2.10438914676047e-17,8.63486556546407e-16
02,56076480,C,G,0.0118712961660697,2.63650959709944e-10,2.27974867591315e-12
06,34589632,C,T,0.0303178840594215,4.47590948828376e-46,5.51484377117439e-51
19,10748073,G,C,0.0137869676027031,2.82617879160438e-23,1.3121695212135e-15
19,10418784,G,A,-0.00925185564583894,3.85580406313332e-12,1.34806990554231e-07
03,38496193,C,G,-0.0126588036119318,1.1911745504157e-40,1.35947872796554e-15
07,28174957,G,A,0.0138340220106252,8.00454400282355e-27,1.77906767999859e-15
15,67007813,A,G,0.013980431215427,5.21928312296324e-20,1.82155396150792e-15
15,67378206,G,GCA,-0.0114554709686317,1.30979996346517e-09,2.51190745075757e-07
15,66514155,C,T,-0.00864189654624728,1.53950527729123e-08,2.37308255387273e-07
05,172779211,T,C,0.0127671638688108,5.84154721589559e-17,2.13910300387337e-15
05,172753555,T,G,0.0138571743776463,4.30995022636423e-08,7.19105932072714e-10
05,173269929,GA,G,-0.00893450196828228,2.29963384900618e-08,1.05918398907507e-06
01,172113327,TA,T,0.0137437504879188,3.07381579780314e-29,3.0231243210553e-15
01,172135564,A,C,-0.0169095391725002,1.72293744481149e-07,1.68018052370332e-06
12,122820960,T,TAA,-0.0137082658967833,2.73427474566579e-15,4.1141790510317e-15
12,122630285,G,A,0.0104388927795438,5.1861759390111e-22,5.43520316396042e-15
12,122353230,C,CA,0.0182252508222383,2.04036336936959e-10,3.96683436142107e-10
01,218597297,C,G,0.0136506156259755,4.631249137266e-26,4.39317663618242e-15
05,36803614,T,TA,-0.012262771271493,3.75841491982126e-26,4.64672821914018e-15
05,36646032,G,C,0.00864341786492035,2.62051940861298e-09,1.49465374228331e-07
04,88557753,G,A,0.0123360314122418,6.76362451234749e-40,5.90102496591333e-15
05,137603293,G,A,0.0148749449298629,4.67285873104449e-22,7.89892493870572e-15
03,183976103,C,T,-0.0160423240567278,1.75856804429631e-20,7.97797145267934e-15
01,155174106,C,T,-0.0101483148186106,1.55754101760111e-23,8.21141113055584e-16
01,155661719,C,T,0.0376126785022053,4.66621982023768e-13,1.01482615032293e-14
01,155306195,T,C,0.0261523642250255,3.58956157259825e-08,1.50292452336721e-09
07,50661670,CCTTT,C,0.0145540344612406,1.19448702161235e-15,1.23219674550915e-14
07,50924391,C,G,0.00822265212057167,7.20671490083103e-14,6.19125243985705e-07
07,50877893,C,A,-0.0146676561146597,1.46632918094851e-07,2.26488524122845e-09
12,3338920,GCACAGCTGGGGCTGA,G,0.0135968740805228,1.11471750318752e-14,1.37639337363894e-14
12,3393100,C,T,0.0215197505918421,2.89880917141467e-11,8.48191444624811e-12
12,3295708,TTGTTTGTGTG,T,0.00965124011649297,9.34029578114943e-12,4.55490273633275e-08
15,62274940,G,C,-0.0120959528281917,3.35812517775309e-36,1.5833178790309e-14
08,145001031,T,C,-0.0116951451507503,6.22626729528505e-20,1.63008043496649e-14
08,144860797,A,G,-0.00852769841400635,2.2456137657985e-11,6.72185790358817e-09
05,77394128,TA,T,-0.013163445348317,1.9401983780488e-18,1.6819623478853e-14
05,77631634,A,G,0.00961178024465343,8.5834903403378e-10,7.50414352421336e-09
03,85539217,CATTAT,C,0.0103154701029628,4.32979265935685e-17,1.77779305390155e-14
03,85071640,T,G,-0.00932007942901376,9.41037265169993e-13,1.07441967619786e-12
17,47027359,G,A,0.0159838803387461,2.16525169197108e-19,1.91433048022596e-14
06,126097374,G,GC,-0.0109628640118038,1.16679411688582e-16,2.15303323168319e-14
06,126545036,A,T,-0.0103282458314999,1.94413777080307e-08,2.23877765343109e-09
06,126468577,GT,G,-0.00742815145299425,3.47385479550848e-08,1.27328139764772e-08
X,45631143,C,T,-0.0122688706902925,6.27873055439228e-17,2.27092099955336e-14
X,45152663,C,T,0.00674326334377169,1.94204293491135e-08,1.23057198699484e-06
X,137050402,C,CT,-0.0147191849621412,4.74742598557644e-18,2.38329900357283e-14
03,128992047,A,G,-0.0128226360535749,3.14452446741243e-17,2.45395303029127e-14
03,128966351,G,GGATTAT,0.0159169742793321,1.19526406608336e-08,2.01001103519773e-10
08,130721793,AATAG,A,-0.015043407631953,4.9125522392541e-21,2.74756665277302e-14
X,78792528,G,A,-0.0147626405496021,4.00201054306962e-45,3.24608529536575e-30
X,79122277,G,T,-0.00742167030370578,1.32507496328932e-06,1.34247649929666e-07
01,205679887,G,T,-0.0119572125028737,7.86821420314413e-35,3.55627217624803e-14
10,104829102,G,A,0.0122939169072536,2.38204884324609e-29,3.77519162730431e-14
05,139051015,G,A,0.0122835142829698,8.14837897394868e-29,5.04012741272164e-14
05,95728898,C,G,0.0123474046515763,1.31228214642468e-15,5.05035241765158e-14
05,95885405,T,G,0.00873806832940021,7.45682345036694e-09,1.0235921348159e-08
06,80959985,TC,T,-0.0112535280912395,1.4875386327891e-23,7.81182920809906e-14
06,81446732,G,T,-0.0114605661677046,3.31141123162379e-17,5.52239344402937e-09
06,81052297,A,G,0.011102681791109,1.52591364376038e-07,3.65686474590123e-09
05,67596088,G,A,-0.0107131192841729,2.95970681934809e-17,9.69470121940339e-14
05,68034736,G,A,0.0104188198275492,1.70744780009585e-08,2.2338905418869e-08
05,67437942,G,A,-0.00735844885880068,2.9568183339639e-07,2.19272673554773e-07
05,130378027,C,T,-0.0140961178584469,4.71716376168028e-21,1.00973364953847e-13
09,99106848,TA,T,0.0146659320903105,7.26900895517535e-20,1.01968048750321e-13
07,76637391,A,G,0.015205249631842,1.02142307619623e-14,1.14696624109416e-13
07,77045806,C,G,0.00736679180865978,2.22002353461541e-09,8.89550918419805e-07
12,56364321,A,G,-0.0122944422363173,4.07716388846252e-26,1.1476851254986e-13
04,123832776,G,A,0.013779581758244,3.53624298676434e-16,1.20839580804107e-13
04,123747029,T,A,0.0194492305082601,1.16468757403553e-06,3.20575176901189e-08
07,127015083,G,A,0.0424070492087329,3.54543831518474e-14,1.21483392272711e-13
12,991306,G,A,0.014127559323913,4.81199764094278e-16,1.23908975403924e-13
12,588372,C,CT,0.00766251635099665,2.64889926973512e-10,3.12427451253511e-06
18,46602964,T,C,0.0122544391369888,5.32433744991988e-25,1.31746121477706e-13
18,46516424,C,G,0.0102146632442536,1.75954698137455e-13,1.71811167929992e-09
18,46269568,G,A,-0.0129865512837855,3.98791552342027e-07,1.57204702136272e-07
X,53720644,A,AT,-0.0101679220483006,5.19816046111503e-26,1.46452323152112e-13
02,223960207,C,T,-0.0129558705300689,6.16275102499681e-23,1.55285578382607e-13
11,43878459,G,A,0.0128904230787903,9.11315035071834e-24,1.57108315168918e-13
17,63561592,G,T,-0.0160576439337327,4.99010340815423e-18,1.60558279110909e-13
08,126508568,G,GA,-0.0141695614608612,5.02381934474028e-22,1.75842169973063e-13
13,30177474,TC,T,0.0131023036332607,2.00930429294378e-22,1.77068141693206e-13
02,183238919,T,C,-0.0121809447091861,3.37703920801296e-26,1.78529322898863e-13
16,4948936,T,C,0.0115003181049201,1.5571416292192e-16,1.90445947814374e-13
16,4631802,A,G,0.0194086962666581,5.71037330884822e-07,1.04982125093e-09
04,82172449,T,C,0.0131017302874732,8.11317466124226e-26,1.90472606573419e-13
04,81735963,T,C,0.0323983053916244,4.70987863463165e-08,8.15754609167536e-07
14,65520246,T,C,-0.0116576244308662,1.89969418337909e-34,2.10294042445375e-13
06,19078274,A,G,0.014363031689919,3.55015645143287e-19,2.70457046443509e-13
10,25178864,G,A,0.015679935284382,2.49845582147463e-18,2.71846602143426e-13
X,109832336,A,ACG,0.0101487563920667,4.06101689841562e-23,2.83108405935118e-13
09,97617103,C,G,0.00972270135183173,1.24637004902057e-14,3.66135047543343e-13
09,97409311,A,C,0.0103349256666707,2.55509956758121e-11,2.97032420475273e-06
09,97190662,A,G,-0.00860475259226923,6.78628907578325e-08,5.22081016010695e-06
02,71533300,C,T,0.011195032313567,4.24548217786063e-19,3.94456322400408e-13
02,71889624,GTA,G,-0.015823548212799,9.95585936526972e-08,2.83894325231307e-06
02,71958480,C,T,0.00864673239669191,1.5094348695091e-09,1.73467569583928e-07
01,50970475,A,G,0.0205922311010268,8.65115509448687e-16,4.32823903944767e-13
01,50572096,C,A,0.0113318466670265,4.9772786192025e-14,8.91089347882611e-09
10,70343285,T,A,0.0124704868250501,1.33325250415727e-31,5.45543070546201e-13
10,70406518,A,T,0.0204478731225518,1.51708116901346e-08,4.04565973862447e-06
04,1012300,T,C,-0.0241270462002865,7.81017982041773e-12,5.60668432890349e-13
04,840616,C,G,0.0102907852045645,1.27230461910485e-12,2.20666381693182e-10
12,97792368,TG,T,0.0117331648793507,4.15212742889903e-23,5.63755168976637e-13
12,97604246,C,G,0.00940446363629924,4.5944800290848e-09,8.05181158158319e-07
12,97764804,A,G,0.0104401938999868,2.94132108775663e-06,2.53238703507144e-06
19,8670147,C,T,-0.0306132994502448,5.38618681688153e-13,5.7459146690077e-13
19,8516278,A,T,0.00803568625280117,4.29642392545756e-11,3.90790230025891e-07
13,78474468,C,A,-0.0133691974231492,5.56153985598977e-20,5.87162389238959e-13
10,5042294,T,C,-0.0165858377845637,7.41147818778354e-14,6.50487587153792e-13
10,5257647,G,A,0.0129078004194825,6.28607836808972e-12,9.01282501736098e-11
20,20069826,G,T,-0.0132770885361475,4.65873517138127e-19,6.91456128114019e-13
20,20341180,C,T,-0.0113283783549455,2.28610285463116e-20,4.43094910413303e-11
08,120456193,A,T,-0.0127919617793464,2.77695076032249e-20,8.18384696330786e-13
08,120596023,G,A,-0.0204889214877979,7.00627636546576e-10,2.30155849015982e-09
20,21223663,T,C,0.0120613904486171,5.54652766175988e-24,8.80013588866659e-13
03,9975386,C,G,-0.01447601385838,3.94313320066645e-19,8.83522851833079e-13
10,124131176,A,G,-0.0113683457584439,8.20544352027824e-29,8.85322988895075e-13
08,116631278,T,C,-0.0137975864825393,8.39787566544227e-19,9.34917764946352e-13
14,24835773,G,GA,0.0115904910065988,3.69253035721088e-19,1.01598340305328e-12
14,24669623,G,A,-0.0140827436848288,1.29230425850458e-07,4.1812171967642e-08
02,233048622,G,T,-0.0184168634046679,1.73158817137226e-13,1.0182498427722e-12
02,233417394,C,CT,0.00965682179855003,1.30657681506854e-13,7.69062816812586e-09
12,123759417,GAA,G,0.0139681207150485,3.91100178233992e-14,1.05884246942513e-12
12,123329101,A,G,-0.0103897117584099,1.03456944155256e-07,8.40850745344516e-09
15,38502321,G,GCA,-0.0114849955939351,3.29328455954838e-29,1.08359407497918e-12
15,86276000,C,T,0.0111936362211659,5.44552236835084e-32,1.08866556403574e-12
06,26207175,C,A,-0.017692067214969,1.85998590594565e-26,6.33445444977416e-27
06,26543649,CTT,C,-0.00781607465514645,1.53387139240822e-09,7.73738058000492e-11
02,9770589,G,GCGGGGC,0.0136803901984086,1.04811072557676e-16,1.21606495240726e-12
02,10199601,G,A,0.00839783067683722,2.00905702139739e-13,2.63839920008176e-07
11,30443688,T,C,0.0116034810761999,1.03561580883104e-15,1.2359903262665e-12
11,30749090,T,C,-0.00699905767602335,4.3962940829315e-10,8.51033123846317e-07
07,46642734,A,G,0.0104955573754074,6.8305573104328e-20,1.3274926485882e-12
07,46734307,G,A,0.0117933224503395,2.95506244970005e-15,3.1073828070148e-09
07,46538362,G,A,-0.0140299558552019,3.37454017034523e-11,4.97283539041352e-11
X,99882543,C,G,0.0095738760499566,2.2572902289221e-21,1.40133764328022e-12
16,88321027,C,T,-0.0301590793001636,2.09345375783469e-14,1.54014752424378e-12
16,88804924,T,TC,-0.0113147029010679,8.4172120794817e-19,1.28757897562848e-11
16,88298795,T,A,-0.0164146798722334,7.0885133680301e-09,7.62054837422002e-08
19,46181392,G,C,-0.014027333065912,7.7241940943413e-18,1.7081717191011e-12
16,781292,C,T,0.0139788987287756,1.98043428188788e-14,1.78775937771469e-12
16,1113847,G,T,0.0108417140182254,1.08592058684865e-16,1.94818745109864e-11
16,968717,T,C,0.0105397833698385,7.1191499951706e-15,5.83426000460272e-11
01,72812324,A,G,-0.0101324520490206,5.23021890452528e-19,1.83871992792366e-12
01,73070185,CTGTT,C,0.00884125127070733,1.67207634979883e-08,9.20014306100994e-09
17,68153968,T,A,-0.0158880292237683,8.33138286562897e-12,1.92481539687704e-12
17,68206454,C,CCT,-0.0090688320916057,6.05889602333653e-14,1.17820905746034e-08
17,68090207,C,T,0.00759802081241445,9.3371135246583e-08,2.32560163010916e-06
06,81829439,GTTGT,G,-0.0114198129219039,5.18899338971437e-15,2.05773693968994e-12
06,81350846,TAC,T,-0.00753613529278958,4.16541373140942e-09,3.63140676656661e-07
09,90873653,A,G,0.010552816458317,4.3408005488281e-19,2.22584604157767e-12
09,91103841,C,CTGC,0.0120210396966853,1.17305806266027e-07,1.58403657972198e-06
09,90673161,A,ATT,-0.00791937481322844,7.2724289185461e-08,3.09051491484964e-08
06,45090977,C,T,0.0113298428053661,1.16570387004393e-25,2.30137639750149e-12
01,118855812,A,T,-0.0119144893892066,2.77096427043677e-22,2.36613336303051e-12
04,45182527,A,G,0.0111416378219569,3.12030909762484e-29,2.52063229338691e-12
09,103061366,A,G,0.0117787812169184,2.44821526078781e-22,2.60688491524436e-12
12,57146069,T,G,-0.018304430075056,5.87856797602999e-14,2.91673144922698e-12
12,57540848,C,G,0.00939385185840308,2.00040805181529e-10,5.42374349367059e-08
12,56673561,C,CA,0.0151028237151124,1.12213001849325e-06,2.38709044892e-07
02,233086633,TC,T,-0.0180262573873819,2.17063552493652e-12,2.3995592566797e-12
02,233585299,G,T,-0.0117603133573524,6.38559701171306e-18,3.18308413005055e-12
02,233450824,G,T,0.00970025395287318,9.59551689363554e-12,6.82903358609941e-09
05,87795525,G,A,-0.015937121199091,8.99242763361472e-21,1.39878397354765e-17
05,88430633,C,T,0.0104709549718464,1.40879720824779e-22,1.61346473540552e-11
10,81136129,A,C,0.011050708271285,2.53965733769663e-19,3.6839495843311e-12
10,81228378,T,C,0.0112030897343635,8.01774741946604e-08,9.21348103416904e-08
10,80931481,G,A,-0.00804868397221813,1.90281927199318e-09,1.96450760928437e-06
11,10126097,TG,T,-0.00961963993562136,1.15129653198269e-19,3.68757659756241e-12
11,10404266,G,A,0.00864291187563157,6.09163175206827e-09,6.76911338993632e-09
01,184007119,C,T,0.0117757009214731,3.31625205096666e-22,3.74120412634204e-12
19,7115650,GT,G,-0.0137499528477613,1.07213207806279e-13,4.07708912920454e-12
19,7183797,C,T,0.00972784613352325,1.65342144339115e-09,1.08863655431776e-09
19,7130300,T,C,0.00989723154725701,1.00254381136689e-07,3.18194834197287e-10
11,65960291,C,CA,-0.0188496010065177,8.68584489497875e-16,1.69377312220169e-14
11,65245829,T,A,0.0111478422705175,3.10550490504196e-12,1.1151774569421e-09
07,71585126,C,G,-0.011568917534816,2.07494639249803e-23,4.68205429613447e-12
12,120867798,A,G,-0.0279280499423134,6.35868092438565e-13,4.89863969775768e-12
07,93269463,T,TC,0.0110073594119151,1.13514710069272e-26,5.04371571106663e-12
10,27901359,G,T,0.0105244896015723,3.29457900871958e-22,5.13420606607579e-12
10,27567902,A,G,0.00837820535041372,1.23719442761185e-07,3.74051278063876e-07
01,201825277,C,T,0.0119649723688802,7.82379829996672e-17,5.31789874234834e-12
01,201995671,T,G,-0.00885185463820595,4.29083010280213e-14,1.04587548269744e-07
04,122713863,A,C,0.0111216216218359,4.26154727951315e-26,5.36227189852242e-12
22,40611012,G,A,-0.011637734473153,3.13178197729079e-22,5.50016240104316e-12
10,120434096,T,G,0.010834046857117,3.46902421744785e-30,5.60998393526645e-12
06,76164589,C,A,0.0178895747277189,2.28933777070304e-14,5.87499908536096e-12
07,139749346,G,A,0.0139324896862788,1.07121566171682e-16,5.95908292844554e-12
06,36210086,C,CT,0.00925832328667529,2.80364355819678e-12,6.43383990428855e-12
06,35767429,A,G,0.0298300305565493,2.08825398168568e-09,6.74009880771406e-12
06,36645203,T,C,0.00920983872228332,2.08261361472794e-11,1.52467449620789e-07
12,28657057,C,CA,-0.0118320406559285,7.30963758364026e-21,6.43781901645545e-12
01,56602992,A,G,0.012824402134911,4.83354152027399e-18,7.09058194655358e-12
20,47843620,T,C,0.0127033559229215,2.04857798970055e-18,7.64728374285832e-12
X,118640330,AT,A,-0.00992251209555855,2.7332698718986e-19,7.80264776141048e-12
16,20002523,A,C,0.0136600131990689,6.8651951338649e-16,8.76885480834567e-12
16,20249395,GTACT,G,-0.0141906218584399,1.25983034351052e-09,4.61787571406111e-07
16,20375351,T,G,-0.00748824904530426,8.03207144968914e-12,4.44482902895439e-06
11,2813322,C,T,-0.0405336927513659,2.61773138191563e-12,9.43787487004455e-12
11,3128823,G,A,0.0155455255090968,5.96050504976942e-09,5.4892636464934e-08
01,150897800,G,A,0.0166610473541658,2.31011592702744e-11,1.07318373306315e-11
01,151250825,G,GT,-0.0102568548482644,2.57861679338663e-09,1.81522501838564e-08
10,79543740,C,T,-0.0336568204531764,4.34321746556111e-08,1.16458588501195e-11
10,79659934,G,A,-0.00955716324332496,3.2442130591488e-11,7.09440835660811e-11
02,44977657,T,G,0.0142554542509681,8.18536891085261e-16,1.23175039497981e-11
01,26455182,A,G,0.0127857045386806,8.72167544017957e-11,1.25072418552746e-11
01,26802548,C,T,0.00846432896443603,8.91429159165654e-15,1.53864258996561e-09
05,82810884,T,C,0.0267584345174926,1.6655709266257e-12,1.25122256656652e-11
01,21584941,C,T,-0.0107786375231198,9.03431348706972e-25,1.63277579412139e-11
20,6542634,C,T,-0.0109187412150817,1.25947024981154e-18,1.65364204975412e-11
20,6709838,A,G,-0.0108976126400742,8.41744830077927e-15,1.43233002568508e-10
08,49407362,C,T,0.0134654123940262,6.31669880076873e-14,1.6950471963612e-11
08,49122143,A,C,-0.0243154469226846,1.42775436430378e-06,2.25106957267981e-07
07,148648841,CTT,C,0.00907281049515503,2.5763990651793e-09,1.94663438460131e-11
07,148591148,G,GC,-0.00799721987642315,1.71816341479537e-09,1.33078642229511e-06
07,148648835,T,C,-0.0101757849451624,3.16458679545864e-08,3.64021068864168e-10
01,201016296,G,A,-0.0163602628492769,2.76288602484756e-14,1.96152175490178e-11
15,41970964,C,CA,0.015216050150521,8.81442859096299e-12,2.11671891656844e-11
15,41560127,TA,T,-0.0107960821299438,2.40292669242154e-10,8.11538391153599e-09
15,42084329,G,A,-0.0304706998891923,3.04150171956823e-07,1.59306168639901e-08
06,2101285,A,AT,0.0125163406368436,4.01192029076159e-14,2.18128669417438e-11
06,1695306,TA,T,0.00722160871483912,3.39834722869508e-09,7.50595919653697e-06
01,32393821,TATA,T,0.0153530911402446,5.16818117515507e-12,2.56515618109158e-11
01,32128283,C,G,-0.00955664385262915,8.4100295145274e-20,1.44245277859875e-09
03,62711674,G,C,0.0112892317690502,2.06402264557089e-20,2.71884072878877e-11
10,22258152,C,CA,0.00971596258947439,5.53668986130649e-12,2.75245792507993e-11
10,22691296,C,G,0.0133885338151592,1.37706273232329e-06,1.10120374097416e-09
02,68500578,C,A,-0.0108438570224785,4.16094331796428e-24,2.96009690046312e-11
02,25458100,C,A,-0.0105138226082176,5.75924651212894e-14,2.97609818139889e-11
02,25948600,G,A,0.0102862281831247,7.13390011972807e-12,2.61186725861791e-10
02,25041620,T,C,-0.00941432148507347,6.59016642516464e-09,4.3991734135142e-08
12,117408148,C,T,-0.0147551934438778,1.33275918513031e-14,2.98657753411098e-11
18,74970687,A,ATGG,-0.028199555948909,4.28316700426409e-12,3.19865492669203e-11
14,23755607,G,A,-0.0105383540479625,2.71603489567138e-12,3.21615953321715e-11
14,23299135,T,G,0.00936012286451132,2.39525012691793e-16,1.43226680998541e-09
14,23879558,C,CCT,0.0184624677751692,3.72415265954198e-07,1.89419835980779e-08
09,94186973,C,A,-0.0116736275808438,1.22948652749455e-18,3.27801773004449e-11
14,35568947,C,CT,-0.012630690309017,1.32262379909751e-11,3.5116104894124e-11
14,35866615,T,C,-0.0093094468564327,4.4744105240218e-11,4.18952915148395e-06
14,35218831,G,A,0.0087728216705529,6.23279414883014e-11,1.15613454789377e-09
08,129224888,G,C,0.0131515086210426,5.44135682594023e-16,3.92691005351686e-11
02,33348679,A,G,-0.019768826514574,5.91282698262705e-12,4.35588209938138e-11
02,33489022,AAAG,A,-0.0204240163885786,3.04315426083221e-10,7.57720083180557e-10
12,66212017,C,T,-0.0134773528352406,3.06671713188448e-17,1.99520352074554e-10
12,65710655,C,T,-0.00982136360101581,5.50330636961582e-10,1.75817070142234e-10
02,25975840,A,AT,0.012613471666437,2.0274948433172e-14,4.73086220790949e-11
02,25481898,T,C,0.0104708594681249,1.45285548428763e-19,1.7859089747033e-10
05,134586980,G,A,-0.010260975634987,5.33107979251388e-20,4.96216471903432e-11
05,134372685,T,C,-0.0115208212131932,1.24661362247514e-12,1.23582069188871e-10
01,8017651,G,A,-0.01093558843887,5.59594959792555e-21,5.01714540482707e-11
06,83330333,T,TG,0.00987388049320263,7.79185335023327e-26,5.51847121371725e-11
06,83624301,A,C,-0.0153747866568838,1.90682320808438e-06,2.88391812375306e-07
05,179727399,G,C,-0.0105036574030047,4.08244091517668e-23,6.12929887455547e-11
12,102407746,T,C,-0.026348784011655,7.91754623967196e-12,6.81303442059692e-11
12,102339359,G,A,-0.0320375752343814,8.21900950886981e-15,2.46341468451316e-09
12,102336310,T,C,-0.010667532739855,9.49868656025514e-30,1.2033567289719e-07
05,112175770,A,G,0.0106132897586139,7.87748026246591e-23,6.86045485108073e-11
X,85563379,A,C,-0.00850460443076411,1.7496376418839e-22,6.9915649341957e-11
14,68662643,A,C,-0.0147278247884836,2.95721006047678e-14,7.37466670023038e-11
15,89928189,T,G,0.0100826057712513,6.22316570361266e-17,7.49350749704681e-11
15,89432448,G,A,-0.0374295497511285,6.22527855157367e-08,3.64447131941063e-07
15,89437159,CA,C,-0.00811821805539982,1.61662459883931e-09,8.01605489406486e-06
04,12911495,T,G,0.010242251177775,3.08338909169392e-29,7.9465910522236e-11
05,171336723,G,A,0.00844951472456963,4.77245396689156e-12,3.80216025015149e-13
16,24713503,T,C,-0.00973978024292985,2.32670655503903e-15,8.99652196563318e-11
16,24550930,G,A,0.0107133693520073,1.00746524056079e-10,9.46499778913838e-09
16,24950880,C,T,-0.0364367615000996,6.50174834012527e-07,1.1239306608392e-08
03,52835514,G,A,0.0149376837971765,7.85090351759074e-12,9.3937844541478e-11
03,53164526,G,C,-0.0174629568309458,3.83557336037683e-07,1.17290282486417e-07
06,40369081,C,T,0.0108123373883314,2.35850218787936e-20,9.75886630978043e-11
17,36925750,A,G,-0.0103041647965064,1.91700278390055e-25,1.02302424407983e-10
16,28632021,G,T,0.010367015934389,2.26343968736962e-23,1.15933513755565e-10
01,11170743,A,G,0.0145596823159387,9.76225677392761e-19,5.20296472836921e-16
01,10300779,T,A,-0.00834326204145382,4.33769891557832e-07,5.26001832745877e-06
08,57170647,A,G,-0.0245155269704136,7.70605700550158e-27,6.74528537059615e-33
08,57187356,C,T,0.0199218418569775,2.18264538807895e-23,5.73006929104974e-27
08,57665019,T,G,-0.00970008482550741,5.41812918032135e-12,1.38845806344754e-10
02,227264435,C,T,0.0102891551305421,1.10614420623341e-13,1.39064618573309e-10
02,226948084,C,T,0.00947707286000658,3.77801431347794e-10,1.91338943600422e-07
02,227353803,T,C,-0.0263035822716208,1.29416354414952e-07,5.34842472179314e-09
02,85818886,C,T,0.0109756279677624,6.5959558977496e-19,1.40301852003735e-10
16,15147788,A,C,-0.0109218791913666,8.81834465357208e-19,1.4150730018593e-10
12,103064247,A,G,-0.0114314177822974,9.34998265104544e-22,1.66130590225616e-10
12,103140560,C,T,0.0107811701748454,2.307276111933e-12,4.22941804504201e-08
12,102826653,CATAA,C,-0.0233579621578336,1.30643792101058e-08,6.76487352287038e-08
17,76746325,A,G,0.0100705094461794,7.85480180256142e-27,1.71765049923104e-10
02,176964904,G,A,0.0106260887797675,2.75107957307283e-20,1.74030930903166e-10
02,42625364,AAAATAAATAAAT,A,-0.0113807521479033,1.33138731332903e-17,1.78867991551831e-10
X,139197228,C,T,0.00840010113709152,1.93977044273659e-20,1.91315682245957e-10
11,14413213,G,A,0.021983520228568,1.12907367480428e-11,2.17505861035048e-10
10,18714742,T,A,0.0127952567158059,3.50677144141626e-10,2.19044061902632e-10
10,18549889,C,T,0.0136006011796116,5.83489654243311e-09,4.92984737036214e-10
12,131610065,A,G,-0.0108644799749956,3.35657536968287e-18,2.20037724973361e-10
03,88196211,C,A,-0.0110567301560143,1.50211027384612e-17,2.27448379762392e-10
06,31252396,C,A,0.0155973255090286,8.09005657911093e-35,1.45070841885124e-28
06,30876017,C,T,-0.0260836150796599,2.62028085482934e-10,5.11779909730065e-11
06,31191259,C,A,-0.0141020592335166,2.33592752610875e-11,6.72702876358257e-15
02,169721381,A,G,-0.0106017632352017,1.09274435857449e-18,2.60682740230988e-10
05,41927601,A,C,0.0200600284388498,2.14093396087662e-16,5.57309866830452e-18
05,42039972,T,C,-0.00894005553548108,9.12224162684678e-13,7.48669443923603e-12
20,49189168,T,C,0.00993818419004068,9.70946412436238e-27,2.88414532889278e-10
03,13805593,A,G,0.00970492478894566,2.65426187625384e-21,2.95317418844033e-10
03,14043412,C,A,-0.0279191110350526,5.77286485800816e-06,1.39749611881451e-06
21,39673981,T,C,0.00994742030810098,1.11470763032991e-14,3.04220249183324e-10
21,39235370,G,A,0.00699715328548596,4.79222423963564e-09,8.34716934570095e-06
08,73449940,A,G,0.0109751183366841,1.41078329949781e-17,3.38263892251063e-10
05,39519303,C,T,0.0166189403630755,7.44428510134517e-10,3.52110863331353e-10
05,39370907,G,A,-0.00754553515201328,4.63351246553032e-15,1.15814676527652e-07
09,129745108,CTCT,C,-0.0109664296074239,3.53824335904358e-13,3.69584687358456e-10
09,129428847,T,TTAAAA,0.0085689910989724,1.64669997738944e-12,1.00875856324566e-07
17,65960854,T,C,0.0124288559693017,1.05646631033388e-14,3.74064536505248e-10
12,9064133,C,CT,0.010156039463352,1.16389215354013e-24,3.75463936214683e-10
17,29051705,C,T,-0.0220810079539622,1.51277234433087e-37,1.56650736855467e-23
17,29037339,G,A,-0.0344999504950458,7.3801074811884e-17,1.86374065432732e-12
08,23383204,G,A,0.0111671563220908,1.64085993647147e-10,4.27648948157174e-10
08,23414369,A,G,0.00774260845638996,7.41410683759182e-09,1.32249963125808e-07
08,23655784,G,T,-0.00739832366767209,3.04800523002739e-09,1.10399257010596e-07
22,30365780,A,G,0.00992411263304414,4.43274157741573e-23,4.4942936729059e-10
13,54104968,C,T,0.014728149534338,1.1827644881869e-12,4.58890002120587e-10
14,79937216,T,A,0.011844275987481,4.24988004127497e-15,5.05467895279744e-10
17,71124903,G,A,-0.0100078517645603,1.66603003933194e-20,5.05729939937055e-10
03,56599469,C,CT,-0.00991981292784245,2.81401637135134e-23,5.21422633230433e-10
03,187443314,G,A,0.0188709305814298,2.94737863572592e-11,5.84731731858993e-10
07,121964618,T,C,0.0101023980893851,9.96726925030627e-20,5.86055305076484e-10
17,46288649,A,T,0.0135149098646072,3.23548315249492e-11,6.0002324171011e-10
15,81059775,A,G,0.00989132334781387,3.37574523957072e-26,6.18540274595541e-10
01,2172919,T,C,0.0104333944090911,6.13597782218219e-15,6.250739109852e-10
01,1673558,CA,C,0.00958628680004479,3.49654913748372e-14,5.50637407938609e-08
05,80830788,A,G,-0.0101501835567834,1.82504796107254e-10,6.28398722436965e-10
05,81069494,C,T,0.00778171445773686,5.38850174246261e-14,2.4665108735785e-08
14,103859143,C,CT,0.0109407595320076,1.5919696023619e-18,6.35159333366126e-10
14,103385634,A,G,0.0103173700147992,9.45464358513329e-09,2.24739496616323e-06
03,49796509,T,TA,0.00987601864441512,1.06147865913754e-24,7.75172540854999e-13
01,65298971,C,T,0.0472311629905223,3.27962754472741e-10,6.58560058555993e-10
01,212190116,C,A,-0.00957799467435817,1.92720682721052e-18,7.07013046325889e-10
01,212639727,G,C,0.0122646458679572,1.37060174422104e-07,2.84075514288481e-07
11,69303727,T,G,0.00962957423902279,4.28127597926096e-20,7.15706814369442e-10
11,69798856,G,A,0.0100791589658604,2.48372648804387e-07,1.21998371534302e-06
06,30030491,CTTTTTTTTTTTTTTTT,C,-0.00930627609329485,1.79551733313424e-17,7.44407648064599e-10
06,30373456,T,C,-0.0103431409837055,7.06710812237386e-08,2.30229929533925e-08
16,81582440,G,C,-0.0120194939940993,2.25027626088172e-11,7.4642638674453e-10
16,81642407,G,A,-0.0103438838620908,4.49128699405508e-16,6.00124186034294e-08
16,81511079,C,G,0.00905924457458771,1.21064619133662e-10,5.56128884857227e-09
16,14380768,C,T,0.0100410401192653,1.11967723929962e-19,7.59805938848067e-10
01,208029182,T,C,0.00966367575245504,4.11479313709471e-25,7.80048325550055e-10
02,38055143,A,G,-0.0206031030361674,5.67826121714105e-11,7.86400544771554e-10
17,78449948,C,T,0.0129783115109055,1.60956832951447e-13,8.08821896515186e-10
16,86417679,CAA,C,-0.00997652940713357,5.85766595325995e-15,8.65634824191325e-10
16,86088594,T,C,-0.00784106126937922,2.3689716633117e-10,7.07972466519389e-07
13,96922867,G,GGTATATA,0.00978246587925831,2.08191506022229e-21,8.7644987177176e-10
11,118680072,C,G,0.00976652309339602,1.54033261049303e-21,8.84147470003303e-10
13,59175727,A,C,-0.00972519026955971,6.38583820435062e-26,9.01227143811731e-10
09,111707928,G,T,0.0175718485751337,2.32258152916267e-09,9.21829470800548e-10
09,111901477,T,TA,0.0134089222866489,8.21158081453311e-07,1.98011643920036e-07
07,56187347,C,T,-0.0129178507474684,4.46938887234465e-13,9.55578513092696e-10
03,152356848,G,A,0.0134545240327758,1.26301044719465e-12,9.82143535205559e-10
04,1341553,A,G,-0.0247525990959501,2.49258122808332e-12,2.56392406155528e-12
04,1749160,G,A,0.0097841157621219,3.87942547742561e-16,1.01355145911193e-09
05,32819073,C,T,0.00927571219941126,2.48580979068447e-14,1.05948393399971e-09
05,32672263,G,A,-0.00811514659366982,1.06110857371936e-08,4.72406040501521e-07
01,79476511,T,C,0.0107999258088371,1.97436742345861e-13,1.06764830431355e-09
01,79053326,G,A,0.0363268281151781,1.38289798910589e-08,2.58553311361509e-09
01,22492613,A,G,-0.0114114532769558,2.24959432962629e-08,1.13947669512335e-09
01,22475425,T,G,0.00762482633985151,3.02012165823465e-13,3.12740019904245e-09
08,95539984,C,CA,-0.0113600931458441,6.58690458712202e-15,1.14328711472901e-09
07,1381277,A,G,-0.00979853273675209,6.17668813228743e-16,1.2286401805473e-09
07,1270738,C,T,-0.0170876899317125,8.03529612457495e-10,1.26381169871562e-09
09,95453880,T,C,-0.0137985077002616,1.99637887254419e-12,1.26077554257559e-09
01,227629444,GA,G,-0.00942353604087998,4.99471864828791e-15,1.26802946484403e-09
01,228107423,C,G,-0.00935305040355936,4.78783204006038e-08,1.96755720852193e-07
X,82016216,CTGCCTCGACAGGCCCCGGTG,C,-0.0101134999546767,2.78443566067574e-17,1.28589183691403e-09
X,81657453,G,A,-0.0172328922412796,2.26199494129936e-10,2.10067177742464e-07
X,31854782,G,C,0.00835612742407771,1.27349357946719e-15,1.34303431502317e-09
12,77457439,A,G,-0.00985960804935618,1.76324286741521e-13,1.34696379720271e-09
12,77429768,TA,T,-0.00923341222679445,4.75468920102154e-07,1.34110867062814e-06
20,61564901,T,G,-0.0137656759044679,2.15157781396006e-12,1.36567126256563e-09
01,97175992,AT,A,0.010174879530115,3.51531536030136e-18,1.42837530835363e-09
03,41308348,T,C,0.00956552851386192,2.69269716652863e-24,1.43959071437067e-09
05,6754402,C,T,0.0100766475680524,1.80602352079666e-17,1.47126699273568e-09
01,167268400,C,CAAA,0.0102322649284385,8.40211204785619e-18,1.4876504969109e-09
19,34311481,C,T,-0.010012053236271,5.72636525801412e-18,1.52042957629993e-09
08,65385091,A,G,-0.0115386030334296,2.71006008847938e-10,1.5325073233609e-09
08,65272478,A,G,-0.00878648340433929,6.14133710584131e-11,3.62223316654655e-08
14,84252205,A,G,0.0101011780536569,3.96908814748999e-17,1.8725310769211e-09
19,55879672,C,T,-0.0330913686528575,4.04605131771724e-10,1.89067926605351e-09
19,55993436,G,T,-0.0249447794919159,5.88610192205336e-07,1.82133622778193e-06
04,135415983,C,CT,0.00964746709068173,3.86541217384873e-22,1.93968944277764e-09
16,9219845,G,T,0.0110661398805875,3.62350473629018e-16,1.94969038567869e-09
16,9053519,G,C,0.0169842300563013,1.94144153651212e-08,4.73740603187594e-07
14,21924673,C,G,-0.00850130683577214,5.83274638778988e-12,2.02756655172205e-09
14,21539684,T,C,-0.00842979815659394,1.87451739628069e-10,8.70101174452534e-08
14,21892165,A,G,0.00836450725987899,5.9579865191451e-07,2.52585978098941e-07
09,136143136,C,CT,-0.0107875165978131,2.03863932004675e-16,2.16915995434566e-09
03,53675022,T,TGAA,0.0116279710859438,1.53677031034867e-13,2.25244694844775e-09
01,50293421,C,T,0.0111359821395159,4.22993733547581e-14,2.28742541934452e-09
16,20933031,TAAAAAAAAAAAA,T,-0.0118348358268189,2.87127633678485e-14,2.56524167508834e-09
03,55523321,GCA,G,0.00983875386942197,1.89481651029692e-19,2.57031416918455e-09
01,2164699,C,T,0.0101183395405428,1.11386744307669e-14,1.3630886811147e-09
01,1665702,T,C,0.0102683997468661,1.39829572285708e-15,2.72149471265895e-09
01,203766395,C,T,0.00987751218381547,5.70780310973328e-13,2.74004463324855e-09
01,203491392,T,G,0.00879234745545487,5.53281054545683e-07,2.32210189094649e-06
09,28410683,T,C,0.0100446434072343,2.12917663404444e-17,2.75302869309966e-09
12,12871099,T,G,-0.0105787449258727,5.72161090807457e-12,2.80435604209212e-09
12,12876111,C,G,-0.0137352879732702,6.63263189005532e-09,1.34754053103983e-08
09,16461905,T,C,0.00984769941994535,4.46249862810324e-18,2.84012801156937e-09
16,67991972,C,T,0.0185915959008511,2.34655397625041e-10,3.07235594520924e-09
10,126290498,G,A,-0.00915710926685336,2.19366243697735e-16,3.1443212777572e-09
10,126675759,A,AAGAT,0.0125788037011739,2.13716314209951e-09,5.98061054256868e-09
02,242502956,T,C,0.0080639006212368,1.1206160663859e-12,3.25094793712546e-09
02,242308625,GTTTT,G,0.0133573849188725,4.79180879689997e-06,1.98688002647434e-08
02,169120541,A,T,0.0142996759387463,3.92888971565595e-10,3.38569722258561e-09
02,169619640,C,T,0.00767904976385822,3.14018565622203e-10,3.89087392284874e-06
07,6399723,GATTATTATT,G,0.0140135251141892,1.86754156781614e-11,3.50407048658801e-09
01,225513187,C,CA,0.00968066886645278,3.98320096782871e-10,3.61159713122672e-09
01,225956154,G,C,-0.0081628440771925,1.43610088636309e-09,1.42776916608613e-08
14,94077077,A,C,-0.0100763538219022,8.5584763347775e-16,3.86696200123757e-09
14,99700080,C,T,-0.00935758729477339,1.17272338059518e-20,3.88045061080874e-09
12,24179533,C,CA,0.0121930790019722,3.18150009170864e-13,3.89520266102137e-09
11,29214768,G,C,0.0144286031403572,2.22183739477886e-11,4.02493918245973e-09
11,9389875,T,C,-0.00922384780682959,3.57888485886814e-24,4.11341513752151e-09
02,145336371,G,A,-0.00987659821670139,9.76651903752726e-16,4.15237461682954e-09
02,145611943,T,C,0.0121903689433011,3.74674043324125e-07,1.6522469628228e-06
18,56876563,A,G,-0.0114257401965141,1.00918212407475e-09,4.59393476118675e-09
18,56943484,C,T,0.0188889832497716,6.29659798574949e-08,9.0922221259638e-09
18,56489631,T,G,-0.00917106184170953,8.29675244854759e-08,3.72377792448091e-06
13,42737268,T,G,-0.00916120588712843,6.38553953587269e-11,4.83828118871797e-09
13,42959133,A,T,-0.00705714608214141,1.67534731563322e-09,1.60259071497211e-06
02,69378070,G,C,0.0135139370417402,2.32864043782851e-10,5.07023275137085e-09
02,68934677,CCTT,C,-0.00736289152603801,3.6815613260162e-11,9.15326799946358e-06
17,17397131,C,G,-0.010693787571508,2.54726076275841e-14,5.25847885243808e-09
17,39261560,A,T,0.00995021200612127,8.31640781251043e-16,5.33064821275976e-09
14,91520438,G,A,-0.0100817067326809,3.71098620197142e-15,5.60926358986704e-09
12,110044918,G,T,0.011438358006656,8.73598964351115e-13,5.6373127871639e-09
04,87631532,A,G,0.0245713756607975,1.66028734799421e-09,6.21780442992999e-09
04,4889866,G,C,-0.00914369365793006,1.42774619092676e-22,6.77531012698328e-09
14,95554142,T,C,0.00897198120118405,9.38747305647466e-16,6.83702781315478e-09
14,95750461,A,G,-0.0149222845713027,2.50412237231121e-06,9.60772928547797e-07
09,127031790,T,C,0.0142955754227351,5.38297111865752e-11,6.90089150135453e-09
18,57920877,G,A,0.0270506992266769,1.9237253866662e-72,4.60928706727219e-46
18,58036384,C,T,-0.050753293627891,1.37903188865242e-20,6.04722542551734e-25
18,57945602,C,T,0.0253637147178954,3.64018235588811e-12,1.14114990269732e-07
06,164102214,T,C,0.00988418330309154,1.87597065104614e-15,7.12299855192348e-09
12,90206216,A,G,-0.0109547318813719,1.4787826781505e-13,7.60460787192156e-09
01,86823503,A,G,0.0135159097891973,3.02045727847401e-10,7.96347676317491e-09
01,86339511,T,TAAAA,0.00877086877401626,4.76534291957228e-15,1.05099550308488e-07
02,208250522,T,G,0.010353421598046,3.83472614327373e-10,8.06430800485021e-09
02,208483897,C,CT,-0.0090102970394421,3.0242154041463e-09,9.99022860666535e-08
09,109629855,GA,G,0.0109809925762069,5.61179431976257e-13,8.63512231055465e-09
14,101186641,C,T,0.0155934430096371,1.10265533714218e-09,8.80908081066186e-09
14,101229986,T,C,-0.0105827382029093,9.61749759573303e-11,5.4265658466914e-08
11,2665357,A,G,-0.035238024136589,-99,6.80660895105906e-11
01,10732269,C,T,-0.0214681468006252,-99,2.89421365456315e-11
06,34163292,G,A,0.110966447491288,-99,2.26352608106787e-12
06,34181995,T,C,0.0518878726513616,-99,1.13054315207963e-45
17,46725779,C,A,-0.0464992869282385,-99,5.23905505954937e-09
03,49568181,G,A,0.0417841877368126,-99,5.0225915906655e-10
12,65964357,A,T,-0.0232204614826775,-99,2.39945405235319e-12
05,87999371,C,T,0.0414757848120764,-99,4.61624325113624e-09
05,171218388,T,C,-0.0180337098226109,-99,9.61382203094219e-09
05,171281875,G,C,-0.0203049148071381,-99,1.93074897421445e-13
