chrom,pos,major,minor,beta,p_value,gwas_p_value
18,57848651,A,G,0.0384912209392829,9.3287351175695e-155,5.99130316552146e-97
20,34025756,A,G,0.0324072526071874,4.12972381234848e-213,3.15477572840137e-92
16,53809123,C,T,0.0298639584995236,2.42088376573849e-181,2.08728577144197e-78
03,141105570,A,G,0.0254921955573104,7.03324560361537e-152,4.76628963255688e-59
12,4384844,T,G,0.0932113860571568,1.9700395578468e-57,1.31792202454183e-54
06,34620153,T,A,0.0307401186793505,1.45555445669824e-47,1.94667314679199e-52
06,130374461,A,T,0.0267110339679608,3.35045208836792e-87,1.55090046761136e-51
13,51116901,G,T,-0.0274091153455839,7.27756497295115e-72,4.59881147090278e-51
13,50655989,G,T,0.0654092328636407,2.59005190848456e-30,4.24338678741139e-33
06,126704795,C,T,0.0228649772386216,4.95870272435102e-119,1.3234831956619e-47
12,66351826,C,T,0.0224715122655644,1.29936890396966e-93,1.97202905077516e-45
12,65964357,A,T,-0.0127423693375767,1.397160783113e-16,1.99553109002714e-12
07,92250140,T,G,0.0248860675743175,9.0108493100061e-78,2.01760360795805e-45
18,20737641,T,TTAA,-0.0261503165387033,5.94297338073582e-67,3.88294938646475e-43
17,29206421,G,T,-0.026316559775572,7.36788846286323e-70,1.08995884647266e-42
02,27730940,C,T,-0.0217435523311772,1.8867393023177e-94,8.55049944417149e-42
08,57122215,T,C,-0.0306546350285992,1.78186096371866e-47,2.46723911511117e-41
08,57184728,A,G,0.0173111463834305,4.14238769954074e-30,2.27702512802971e-22
04,17922866,A,G,-0.0237711389496484,3.31698571824447e-37,3.50631537398294e-40
04,17956213,T,TG,0.0155281424806749,2.92386426775713e-29,9.0041160369425e-31
02,417167,T,C,-0.0488754896645748,3.32605227850724e-44,3.94563974638511e-39
02,632536,G,A,-0.0263063003824802,1.24246721439471e-50,9.22455995237321e-35
09,119124535,T,TAA,-0.0253070255788853,2.78489308159505e-57,1.88461028132566e-38
X,78655777,G,C,-0.0171202888069418,2.84093156887412e-65,4.01310510496328e-37
01,78450517,C,A,0.0303841238812413,5.62054342641241e-47,1.50543222789292e-36
17,62017421,G,A,-0.0258680304638685,1.36566325468712e-113,8.75628273798555e-36
17,61996273,T,C,-0.0341817691414116,1.32250432888222e-48,9.92173859946928e-20
12,93993266,C,A,0.0247550084463856,3.38177282352026e-49,1.04599751216418e-34
12,94136009,C,G,0.0142161609777471,5.2872640276021e-44,7.34352170182406e-15
04,145566477,C,T,-0.0203751763223378,6.63691851745419e-29,1.37420434717145e-34
04,145839264,G,A,0.0132278932722402,8.06730349193005e-40,8.27203591790542e-30
06,31840021,A,T,0.0154009198759681,4.30609004458563e-25,1.91766718312463e-33
06,32199144,C,A,0.0146789804554301,7.30423838614222e-14,1.05339060851469e-28
01,154989823,T,TGGGGGCAGTAGAGGGGGCAGTAGA,0.0198546758963829,2.3499648430562e-40,2.53097853039404e-33
01,155186742,G,A,-0.0097836379217116,1.35303555745617e-17,4.24716333502622e-15
13,51064533,CCT,C,-0.0196053059438427,2.14843871655811e-41,2.89136710763195e-41
13,50565104,ACT,A,0.0571476502433671,8.73802732626022e-23,2.67087732772028e-33
13,50753785,G,A,0.0124385417463693,1.45246234922146e-21,1.07219357939768e-33
14,61072875,C,T,0.0190541546583909,1.88639588976812e-71,1.52850159831971e-32
01,177875959,GCTA,G,0.0227168591160878,3.66222275596221e-49,2.13092433533275e-32
07,150668070,T,C,-0.0177821603859453,2.16274313304282e-49,1.43409543711809e-31
07,150554553,C,T,-0.0181049354069439,1.87430136837641e-10,9.68258270391006e-15
16,30042677,G,T,0.0182873771255407,2.28016179600363e-69,2.49691407543445e-30
16,2152651,T,C,-0.0239122695455412,3.84299436464068e-36,8.41931189175853e-30
16,2266173,T,C,0.0157918000025421,2.59446309639933e-30,1.11062996898754e-19
08,135578636,CAAAAAAAAAAAAA,C,0.0185149053140697,1.54204015095527e-69,2.20443972756269e-29
08,135649848,G,A,-0.0130037107553636,1.13551208809082e-16,2.78084929099939e-21
08,135739377,A,G,0.0163955304396875,9.14378671263884e-16,7.35263290065144e-09
05,75003678,T,C,-0.0178130975793229,8.50720277696709e-64,9.68026323700343e-29
06,19839415,C,T,0.0390443966801815,2.13797200498403e-31,1.82435121690171e-28
06,7702659,G,C,0.0176325155257941,1.59296605727129e-70,2.89138334319536e-28
06,7231843,G,A,-0.0178111681927233,2.22129828108373e-13,1.2969044476442e-11
05,122699198,C,CTA,-0.0171554452735204,8.99878354108549e-73,7.26426457519327e-28
01,41544279,T,G,0.0180622490970705,3.90535754647002e-54,1.42441635369189e-27
06,26180634,G,C,-0.0194255609723376,2.47361026763466e-45,2.15961241732939e-27
20,32274380,G,A,-0.0177503980803979,7.72716934388755e-31,2.17411170969906e-27
20,32595626,C,CAA,0.0118577468490618,1.23309116089187e-28,1.75628370960702e-17
06,108994826,A,G,-0.0184927965297371,1.58213752270093e-46,1.7595516072889e-26
11,67024534,C,T,-0.0300009236202488,9.57318301982534e-31,2.87741016995059e-26
20,33430974,C,CA,0.0154544328176015,9.13392373099102e-49,1.5622207955343e-31
20,33132917,C,T,-0.0181412574242685,3.60177869473107e-21,1.28282160608814e-25
07,2859847,G,A,-0.0178260206395912,1.93825159496681e-46,1.12078974978478e-25
06,41909521,C,CCG,0.0324233435202538,3.10624553990992e-27,8.41425616421907e-25
06,41903798,C,A,-0.05944100915399,2.5609781414526e-18,3.62430469231958e-19
02,218279432,AC,A,-0.0169937226099045,1.97600199873567e-35,1.58378871219416e-24
02,218146818,T,G,-0.0143414109346566,4.15309332968176e-20,2.62610968100681e-16
02,172416533,C,CTTT,-0.0183954558330213,1.79899620619486e-39,2.82561865204528e-24
17,7571752,T,G,0.0726623954246313,4.56232563202314e-24,1.41359420651221e-23
17,7366619,T,C,0.0184522608011146,3.853642273163e-17,6.38522090581233e-14
17,7200613,CAA,C,0.00999577585351257,2.38903968028494e-22,1.24695107878779e-10
03,185548663,G,A,0.0236547709109586,3.70097147302803e-30,1.44470884165591e-23
06,152168974,T,G,0.0156776786872278,3.69336255241956e-60,3.99247131229601e-23
05,42687629,T,C,0.0220806232008609,4.79253495466161e-21,1.16787792352225e-22
05,42290110,TA,T,-0.01106725754592,3.96197475530916e-20,8.46701194441439e-16
07,73013901,C,T,0.0227646794542703,5.87185177693233e-29,1.76143042073341e-22
22,42070374,A,C,-0.0257882896718182,9.93407528152025e-27,3.38475354360457e-22
06,142716286,G,T,-0.0165281662460572,1.16713775865933e-26,4.40247753892754e-22
06,143187255,CA,C,-0.00976513327670177,4.41602381559269e-19,1.05234857679215e-10
20,50929323,T,TA,-0.019173726427641,2.19895479300207e-31,7.38596396094878e-22
11,27694241,G,C,-0.0192320215784839,4.20379795854833e-31,1.35264645580906e-21
09,98256235,T,G,-0.0230982599447211,4.18602435442399e-20,1.87186554471801e-21
09,98217348,A,G,0.0209599646262374,5.19720350487692e-20,4.09304797073765e-19
09,98270362,T,G,0.0432503146903339,4.19470184761475e-09,9.23619334736278e-09
08,78097725,C,T,0.0159795752188384,3.10879329897022e-35,1.98059733624982e-21
08,77761919,C,T,-0.021150552234767,5.97031955824385e-10,2.9447659603839e-10
01,176787749,C,CT,-0.0169938018630043,2.10929555137513e-58,4.51557030276366e-21
01,176566012,A,T,0.023078159696971,5.62743090145271e-15,2.02607378695455e-09
06,50787576,CGAGGTGGGA,C,0.0228508299970327,2.30348693791072e-28,7.76367494512194e-21
15,99194896,C,G,-0.0207247177639531,3.21903085424879e-18,8.18885225004382e-21
15,99214192,TTGGAA,T,-0.0215991391690901,3.56962520483693e-16,1.51411822614771e-10
15,99234596,GT,G,-0.0122939025988893,2.52968930103946e-17,3.5949630368305e-10
05,168256240,G,A,-0.0179249316470455,1.67344452657739e-30,1.36351056005031e-20
12,46752872,C,CA,-0.0149232069019368,4.93298764858586e-49,1.79763385300844e-20
12,111865049,G,C,-0.0145277924671499,2.01826026337067e-55,2.59667702080374e-20
12,124826676,C,T,0.0195767975326381,2.91139087559564e-27,3.79035193807707e-20
12,50263148,G,A,0.0147609542754934,3.93840658655262e-43,4.62868037020378e-20
06,109730882,T,C,-0.0145605208377431,1.573228055542e-45,6.68501805129526e-20
14,25948867,T,C,-0.0154736026168483,1.35127853066501e-39,8.33670734975586e-20
16,4014282,G,C,-0.014605853050118,2.83983574988678e-42,1.15797410981421e-19
04,145868325,G,A,-0.0144896536782408,1.17462919620779e-33,1.84810472521262e-30
04,145605025,A,G,-0.0161019989989645,2.73632726476189e-11,1.73927243176089e-23
15,89394600,T,C,-0.0400329285716491,1.06584986472668e-18,1.36298953961929e-19
15,89367562,C,A,0.0100894449302607,6.52819149632461e-25,1.39048516174299e-10
11,2165576,G,A,-0.01854698540219,1.39444880380305e-26,1.44919545489699e-19
11,2665357,A,G,-0.0170402305924791,1.15264759624202e-11,1.97178852284956e-10
02,23965245,T,TA,0.0143375234221919,3.44652944065587e-44,2.6254630784857e-19
02,211540507,C,A,0.0150684321257132,1.58505056473852e-35,2.8564888437494e-19
X,129251524,A,C,0.0118332637195392,3.50930679295393e-36,2.90961361578407e-19
03,172175074,G,C,0.0150609060636829,1.6114603278571e-23,3.20040725601203e-19
03,171969077,G,C,-0.0125848605622085,8.21951063185496e-32,6.72327242812784e-17
06,29355148,A,C,-0.0154758233289541,1.2170982930514e-34,4.17633469495082e-19
17,59494574,T,C,0.0146974922048694,4.45016177512565e-36,7.13667282764932e-19
19,47557098,G,C,-0.0162517273241383,3.75634833587728e-30,1.01317023197012e-18
10,102686838,GT,G,0.014030951987433,9.78630937897478e-45,1.04555006868362e-18
04,106215108,TC,T,-0.0141462661241529,1.68597876817039e-42,1.09996258876075e-18
11,68388220,G,A,-0.0184091678534735,1.83795365527547e-25,1.64238466452819e-18
03,50022079,G,A,0.0144740764857135,1.29626492281304e-54,1.8687431365936e-18
12,116196316,CAA,C,-0.01734699691568,2.80121603326587e-27,2.45129232297851e-18
05,176509193,T,C,-0.0157394120266783,8.32812921165917e-36,3.97026191178072e-18
05,87755411,A,G,-0.01670834454682,1.28152412321305e-27,7.42273436685599e-18
07,23513093,C,T,-0.0155811056381752,1.58711031134997e-28,8.50355452886958e-18
06,140544467,A,G,-0.0149315702666158,1.98308233502031e-30,9.15410041464319e-18
01,33774752,C,A,-0.0145031862876671,8.06505295314638e-33,1.04782381748283e-17
17,79093822,A,G,-0.0140471293434549,1.16214374032826e-24,1.105520772604e-17
17,78757626,A,G,-0.0105098657333946,1.47943420744627e-12,3.30520506661408e-09
17,79421254,G,T,-0.00940817138147933,1.64827007761487e-12,1.90756014032839e-09
06,160769811,C,T,0.0132870896853294,3.54357543614842e-45,2.14556111392014e-17
01,11220180,A,G,0.0152683159112575,5.76886666939429e-21,4.25940311552587e-17
01,10732269,C,T,-0.0109554374626288,1.13765909188694e-22,1.08573352801703e-11
12,11880608,TAC,T,0.013794424878226,2.60722313372308e-34,4.41894671359328e-17
20,34769811,A,G,0.0166970455554139,4.36607895878402e-28,5.795491007108e-24
20,35018412,C,T,-0.0236239452778251,1.64542225664455e-18,1.32963761679361e-18
20,35741970,T,C,-0.0171692510764265,1.61592901971796e-16,4.76675025279087e-11
19,30289630,G,A,0.0139366654770991,5.10245934393177e-32,6.42756052334856e-17
10,96038686,G,A,0.0131757459060317,3.31011038926726e-40,6.43405520550805e-17
05,170864021,G,T,-0.0162966581689224,4.89259925579539e-20,7.4846599714779e-17
05,171281875,G,C,-0.0119715283520013,7.57538856500209e-26,1.15721650948314e-13
05,36803614,T,TA,-0.0130506083515907,8.1619262726473e-41,1.59037511920716e-16
19,2176403,G,A,0.0131094182963949,4.80383818240128e-37,1.63235276774206e-16
10,77210191,T,C,0.0128780924811027,1.28790689352489e-41,2.78442370807213e-16
01,214638396,C,G,-0.0132779088699152,1.461751433039e-36,3.99316324975454e-16
07,28174957,G,A,0.0140862941421449,6.22078272404279e-28,4.09934663000907e-16
17,43223316,C,CAT,-0.0136644228678766,1.16010790380271e-29,5.01990306390299e-16
03,38496193,C,G,-0.0127834929113438,1.06791925687301e-41,5.68865325674832e-16
06,34589632,C,T,0.0306396214549112,2.44442324133615e-47,3.11645650066724e-52
19,10748073,G,C,0.013422843283002,1.05627646022197e-30,6.40123795201687e-16
01,218597297,C,G,0.0139871296631547,1.85316291188208e-27,7.81781311407203e-16
02,198950240,G,A,0.0124363453646968,9.30291867543537e-41,2.00146866872001e-15
02,56096892,A,G,-0.0148869365528764,1.16515893145137e-23,2.25327758082e-15
17,29210595,G,A,-0.0219284457400318,1.02880397922034e-60,1.17913913579965e-35
05,172779211,T,C,0.0137281809491561,1.86751004996188e-25,6.11513594349836e-15
X,45631143,C,T,-0.0125602341946861,3.12590782286501e-19,1.03141373299301e-14
03,183976103,C,T,-0.0158520929240257,3.64408674430588e-20,1.33304920743648e-14
01,172113327,TA,T,0.0130385947105653,1.36953746571583e-28,1.36914997425628e-14
12,122630285,G,A,0.0113097526401414,4.47973710029675e-23,1.54938540665715e-14
12,123124301,G,C,-0.0118715531063611,1.10447063740415e-15,4.48911253490081e-13
12,122353230,C,CA,0.0176022665359779,6.88085047069021e-10,8.15538055793544e-10
06,80959985,TC,T,-0.0119828333182258,5.92197194510094e-25,1.86254381139965e-14
06,81360693,T,C,-0.00995990259598336,6.31856365016034e-14,4.04456363691585e-10
01,155174106,C,T,-0.0113800030389615,1.23465688065283e-29,7.93811166564835e-16
01,155661719,C,T,0.0357260372844986,5.3304664219142e-12,1.86300781760035e-14
05,137608056,C,T,0.0148485495229327,5.00197407750841e-21,2.1012798029755e-14
01,205685352,T,C,0.0122017532709939,4.01481979197844e-31,2.19756173769317e-14
04,82172449,T,C,0.0129724173600011,1.12605489900508e-25,2.37302672859577e-14
02,183238919,T,C,-0.0125696405497907,5.68062156745328e-28,2.476030919924e-14
05,67596088,G,A,-0.0119240518364412,5.69839426023993e-36,2.75626528893165e-14
15,62274940,G,C,-0.0119405146284486,1.4834918693844e-35,2.81935928357355e-14
08,130719567,A,T,-0.0149001057520694,5.60506987101089e-21,3.121582819318e-14
03,128992047,A,G,-0.0143249242702427,1.57156203772569e-21,3.20544310777506e-14
17,47027359,G,A,0.0157886485049064,4.42884538976384e-19,3.21853692704137e-14
17,46725779,C,A,-0.0237530647808525,2.53732827601071e-09,8.10217726108336e-09
05,139042547,A,G,0.0123443395891493,2.69612505481181e-29,3.64651631110599e-14
07,50663819,G,T,0.0148475153185457,6.83322838001307e-21,3.80249424947964e-14
12,3338920,GCACAGCTGGGGCTGA,G,0.0137174085884978,1.35723403374688e-17,3.8696182626571e-14
12,3393100,C,T,0.0204502256552073,1.75853709002337e-10,1.37124872017162e-11
17,63561592,G,T,-0.0164008148646796,7.34768235689602e-19,3.96422407315813e-14
04,88557753,G,A,0.0119123002053667,1.43923885758959e-37,4.02580311160668e-14
X,78792528,G,A,-0.0152184972539476,3.19761405813728e-56,1.30170939323082e-30
08,145001031,T,C,-0.0119092377623466,7.50116674239526e-33,4.64127986441436e-14
06,19078274,A,G,0.0147720617222194,2.53262401148682e-20,4.78165462606255e-14
15,67007813,A,G,0.0133222814690713,7.07593141238027e-24,5.32233841000891e-14
09,99106848,TA,T,0.0147463053457189,3.39794087185997e-20,6.13225497263661e-14
X,137050402,C,CT,-0.0144307217533196,1.60682671779852e-17,6.20748299591721e-14
05,95728898,C,G,0.0132160608905959,5.75388114688083e-23,6.31531993677326e-14
16,4948936,T,C,0.0130974083538776,2.31471878601022e-23,8.42770094167193e-14
07,127015083,G,A,0.0425191546937239,2.47268783720579e-14,8.60037867891811e-14
X,53628625,AT,A,-0.0101066336827804,1.9110409962732e-30,8.76046143230257e-14
X,109832336,A,ACG,0.0103252130194902,4.99872045927821e-24,8.93471715890183e-14
05,77401374,TA,T,-0.0135195592822934,1.12506392845159e-21,9.12957639606633e-14
03,85539217,CATTAT,C,0.0122448830935068,2.36204971625433e-27,9.66854768034383e-14
18,46602964,T,C,0.0122829508724458,1.09338429922197e-26,9.95360585086943e-14
18,46516424,C,G,0.0108080879030131,3.71052177450701e-15,1.00845193796083e-09
14,65520246,T,C,-0.0117441822214953,3.61535460474532e-35,1.16436330856616e-13
06,126097374,G,GC,-0.0116745585610013,1.11751235111756e-35,1.22710071133277e-13
02,71562503,C,T,0.0117141935192215,3.18614768920062e-32,1.25305993059877e-13
12,122820960,T,TAA,-0.014901599127765,8.28627848934302e-22,2.03850799262492e-14
20,21223663,T,C,0.0124496664037625,1.30440630761243e-25,1.30894903995156e-13
12,56364321,A,G,-0.0122014997965795,6.47640991449559e-26,1.44421447642724e-13
11,30443688,T,C,0.0125624284556173,4.26217739346412e-24,1.60813273096349e-13
10,104736721,A,G,0.0118034061617631,1.08119185106661e-28,1.70613530532338e-13
10,70365455,A,C,0.011762122082231,3.54812392825183e-29,1.77663076337117e-13
07,76568137,TAA,T,0.0153644172235167,4.62282269090532e-19,1.93201594198641e-13
11,43878459,G,A,0.012784740549874,1.47590561947725e-23,2.03330571826342e-13
13,78474468,C,A,-0.0135183646311053,1.58736870683158e-20,2.70843070581967e-13
02,223960207,C,T,-0.012760298247029,1.92275728934926e-22,2.75820831978346e-13
10,124131176,A,G,-0.0115679869810672,5.69312614898819e-30,2.91664594328502e-13
10,25178864,G,A,0.0155830241126592,3.08452648410373e-18,3.05223212479059e-13
01,201865763,G,A,0.0119112686717424,1.33644956562734e-17,3.79900509976421e-13
01,202004254,A,ATGGTCACATACCTAAGTATGTG,-0.00923562503883131,1.77711811493522e-15,2.08860793815631e-09
12,991306,G,A,0.0138734676393141,2.41635570181196e-19,3.92630722079294e-13
12,97792368,TG,T,0.011418737180511,3.81724605882706e-34,4.20411035228822e-13
10,81103862,T,C,-0.0114246617369272,3.25116528024369e-35,4.51960672200341e-13
16,783865,T,C,0.0137140825294458,1.04001911242917e-15,4.61022796392498e-13
16,1113847,G,T,0.0110795108653794,2.42865621578205e-17,4.95714696423563e-12
16,987454,T,C,0.0102048407243039,8.09722008399366e-14,4.16050769121338e-10
01,72812324,A,G,-0.0114893274953981,2.78189048046228e-28,5.48313488550818e-13
02,233048622,G,T,-0.0191127827085843,1.83215673475582e-15,5.94226745048143e-13
04,123832776,G,A,0.0142983189650064,2.29257555314036e-18,5.94996014391981e-13
19,7115650,GT,G,-0.015142273879256,1.27716229000538e-16,6.30101251271698e-13
19,7183797,C,T,0.0112859708050828,1.75243572152633e-14,4.05844496595142e-10
17,68148034,A,G,-0.0172097644264798,4.18171816930934e-16,6.53603865149563e-13
05,130378027,C,T,-0.0135661231269548,9.6327472484669e-20,6.59461564723403e-13
07,46642734,A,G,0.00994332614046674,3.73986696088666e-22,7.13202406217043e-13
07,46538362,G,A,-0.0134856608284786,1.9697926707384e-11,2.69407425623977e-12
19,8670147,C,T,-0.031205909149806,7.437571273669e-14,7.2682748056579e-13
X,77920146,G,A,-0.0229365878310515,9.87416194686373e-20,6.84574948586159e-15
X,78024291,G,C,-0.0123173881433039,4.77177273311844e-16,1.27188605290316e-09
09,97617103,C,G,0.0114117438015898,1.45111640630523e-31,7.33528798571806e-13
02,9770589,G,GCGGGGC,0.0135584092930012,8.16795615124948e-22,7.62646535010992e-13
04,45182527,A,G,0.0113254848286549,2.38744233889278e-30,9.22257711341618e-13
13,30177474,TC,T,0.0126329292721886,4.30172214752086e-21,9.96764491687876e-13
19,46181392,G,C,-0.0141119924582779,3.76121206126959e-18,1.03392708511041e-12
06,76164589,C,A,0.0184165475414794,3.1328658543783e-15,1.15941757186868e-12
08,120456193,A,T,-0.0126543118739123,5.19593345880393e-20,1.19136725638555e-12
08,120596023,G,A,-0.0207779286258312,3.5027851407718e-10,1.15054745774097e-09
20,20069826,G,T,-0.013082828980304,1.14259399215432e-18,1.20314787219179e-12
20,20341180,C,T,-0.0111910639060628,4.8234925464634e-20,6.37012308945688e-11
12,123759417,GAA,G,0.0156728471109388,6.13514821201331e-18,1.22039664543584e-12
03,9975386,C,G,-0.014322663349683,7.0086184899041e-19,1.28329904428728e-12
05,87795525,G,A,-0.0157960426997016,2.95537523695146e-20,1.16327982268891e-16
05,88421363,G,A,0.0101164801167488,2.17238996365408e-21,1.51496959070581e-11
02,44999709,T,C,0.0147317403289608,2.93566638572056e-17,1.42871504444526e-12
06,34163292,G,A,0.11087268749309,-99,1.9353522689091e-12
06,34181995,T,C,0.0517176226247341,-99,7.31052653867562e-46
05,87999371,C,T,0.0385499034566541,-99,3.08820131589467e-09
