chrom,pos,major,minor,beta,p_value,gwas_p_value
16,53806453,A,G,0.0394904881658483,2.43197942193438e-223,4.05135331835959e-96
02,417167,T,C,-0.0637965836872607,1.15848639285461e-52,7.3549725974399e-47
02,636790,T,C,-0.0297854295203434,4.61566358613936e-46,1.27932140613581e-31
02,25158008,T,C,0.025562300439934,5.13737260342677e-122,5.7682121456093e-43
01,177889480,A,G,0.0309627694832134,2.76320484681057e-62,1.86198039299764e-41
18,57850927,GTCT,G,0.0280278443769841,6.48601464087516e-59,2.22076107942755e-41
18,58030420,AAGAT,A,-0.0770127781830309,1.07249577585391e-30,7.41510391089118e-34
11,47529947,C,A,0.0216483512401694,7.76875076436772e-70,2.44773995702642e-30
11,27701365,G,A,0.0192879241965265,9.59382548930621e-32,1.22395360114526e-29
11,27694241,G,C,-0.0187333753334464,1.22690498710886e-20,4.04404743391684e-25
16,28414341,T,TA,0.0233807259363811,1.73982498832637e-63,2.76581041256769e-29
16,69551467,T,A,0.0196394796044262,6.37055860147774e-59,1.87240293456378e-25
16,69202908,A,G,-0.0278404619777142,8.66176692446929e-08,2.05483557047203e-08
02,227117778,G,C,0.020256574680596,3.05725120986077e-51,2.98699813409474e-25
12,50256063,C,T,0.0196447876309017,1.62467899259508e-50,1.07411815667048e-23
02,165528876,C,T,0.018375797350938,6.63863786631323e-31,2.91735672899241e-22
02,165413448,A,AT,0.00959396618290827,1.36686578520572e-11,1.18768356871841e-07
12,124419062,A,C,0.0159346816297421,4.79510205276867e-19,1.41883504343597e-21
12,124509177,A,G,0.0145082661636629,1.61683665910011e-18,6.7832034947441e-19
12,124063965,CAAAAAA,C,-0.0143939125919071,2.9943318023492e-07,2.08188686709602e-06
04,45182527,A,G,0.0178126856342432,1.49133647602589e-51,2.72324797270471e-21
06,50816887,G,T,0.022805299748031,5.3589646041078e-24,1.16388625740715e-20
06,51177811,A,G,-0.00873636330878857,3.01697774276091e-10,1.42020689309342e-06
01,149995265,G,A,0.0169271815697566,1.10306994580043e-39,1.25041278653592e-20
09,15647348,G,T,-0.0174127374302566,3.07100017507894e-50,2.00034903684053e-20
06,34708609,CTTT,C,0.0205185525041115,1.0042133819905e-30,7.26249491573885e-20
01,219762581,C,A,0.0187521663036987,1.68207033662403e-34,8.26457122476845e-20
16,4015729,T,C,-0.0170907361964739,6.10660312161819e-33,2.04737227451923e-19
16,3626458,C,T,0.0113847177162382,4.45122450755369e-09,8.70485427556984e-08
08,116671848,G,A,-0.0181956181811236,4.31310257756697e-32,1.28440764740711e-18
05,75003678,T,C,-0.0164496561309748,5.32287983676336e-39,6.83129389723341e-18
01,110136884,T,C,0.0531469624637579,3.40348463456509e-20,1.18157109100847e-17
01,110119732,C,T,0.0131267469653431,6.52096727559036e-11,2.27170702161575e-06
15,68089618,T,C,-0.0190343508329259,2.14009357754166e-24,1.24931919981031e-16
12,122963550,C,T,-0.0239388806902914,6.73538189251763e-15,1.40356661419081e-16
12,123425575,C,T,0.010674441583875,2.72995575327574e-15,2.20459091820886e-08
12,123159750,CT,C,0.0147294123990394,1.48541688644358e-08,1.0020347171407e-08
09,28414625,C,T,0.0161705933821834,3.55224021874479e-30,3.70304102196893e-16
14,79890677,C,T,0.0184734958088082,6.62470149000267e-20,3.93057534147324e-16
14,79473800,CT,C,-0.00874282478830295,4.87118926089944e-09,6.73644638173224e-06
03,12392272,C,T,0.0209489691312759,1.51564786403695e-16,4.2630300407837e-16
03,12441088,T,TA,-0.0146828917411021,7.65759037758348e-10,1.05736598198915e-10
X,31854782,G,C,0.0131904622259836,2.22263357273306e-26,6.75966581090489e-16
22,38575498,CT,C,0.0150770120421851,5.5973862860224e-38,9.75881487369378e-16
19,18207397,A,C,0.0156404108288828,6.46121914452525e-24,2.4808609086754e-15
19,18460956,G,A,-0.0108702083438493,3.40063271715012e-09,3.17578084702256e-07
04,103188709,C,T,0.0243286174659286,1.24464142024532e-11,2.5412405979252e-15
04,102708997,C,A,0.0103146182912795,1.87097538118431e-15,1.32610872311817e-11
19,46182304,T,A,-0.0184299301645828,1.77936119248134e-21,4.8832189621627e-15
11,43669653,C,CA,0.0157157977044907,4.40030410664789e-19,5.15296305017971e-15
11,43539044,CCATT,C,-0.00910586521289661,4.11022236690313e-12,8.25684584001374e-07
20,6635266,A,G,-0.0148902161780234,7.43283651131502e-31,1.03454902024612e-14
18,58157767,G,A,-0.0489748154709026,5.26904098870717e-17,1.47472872888952e-15
18,58166192,T,C,-0.0217297407834551,4.26054106566703e-07,6.90479514178571e-06
17,1837168,T,TA,-0.0195285786589895,5.58981402406116e-16,1.30061622450926e-14
17,2167393,A,G,-0.00895761235562693,2.00447801427541e-09,1.17550668336531e-06
13,79580919,A,G,-0.0149381580996035,1.54604628941851e-33,1.3615987975932e-14
13,54102206,G,A,0.0227868721192862,1.02488701216271e-19,1.40087829092677e-14
13,54505922,A,G,0.0130277545252887,7.28779034035748e-10,4.71881107896601e-06
08,126477978,C,G,-0.0141795225512625,1.25129144337155e-37,2.94246913128996e-14
04,100239319,C,T,-0.0477373835808891,1.03848190075849e-14,3.91792275882525e-14
19,34008600,C,T,-0.0117131420605554,6.08118636952562e-24,5.91634440210951e-14
19,33883983,A,AC,0.0161377252278801,8.96770174412465e-09,8.61884526886093e-12
11,130749351,T,TAG,-0.0140596946846347,9.09804201884081e-36,6.96259056453897e-14
03,94034688,G,GAAA,0.0140334983589533,5.40112417867982e-33,7.37866604884798e-14
11,13349477,C,T,-0.0145196666973043,4.72702237887893e-28,1.17089072358704e-13
12,89776845,C,CT,0.0140549507674192,5.13130387215068e-34,1.20725363868916e-13
05,87969937,T,C,0.0202488298950496,6.12851084396403e-16,1.72805360469026e-13
05,87712913,G,A,-0.012720154946761,2.04853746829622e-12,5.23300115784958e-09
06,40363828,T,TAAG,0.013752313601835,1.1396303285061e-32,2.22864995305412e-13
17,42285460,ATTTTTTTTTT,A,0.015347957153338,3.27403214729014e-23,2.62371930019461e-13
02,58935282,G,T,0.0133287520180584,4.1616646623277e-20,5.46449719087258e-13
02,59297346,G,A,0.0128773376397242,2.64926943461373e-16,4.79201366316018e-12
01,201808049,CT,C,0.014129615693445,3.22103661488797e-27,5.48334480646603e-13
07,75071121,T,C,-0.0138639116982393,1.20687320638077e-31,5.61421757502425e-13
07,130445847,TA,T,0.0133578975538334,7.91842375549717e-35,8.64496291945694e-13
19,47564644,G,A,-0.0143205143232466,5.50809230822409e-25,1.15724661050168e-12
14,77547212,C,T,0.0145842678632027,5.94200073964174e-22,1.40251693773741e-12
01,72765116,A,G,-0.0135218526297252,1.42447634937349e-27,1.7288238071498e-12
15,84663514,AT,A,0.0130360775191645,4.52404213097697e-18,1.95364149567104e-12
15,84242585,T,C,-0.00929953374023219,3.2892889968955e-09,1.66336307998516e-07
06,127454893,G,A,-0.0293969556539596,8.77889677307121e-13,2.9582947819867e-12
06,127760958,G,A,0.0205237122401805,1.82696920913696e-06,1.43683707284254e-06
07,77827064,G,GA,-0.0131357840649601,1.12802188387619e-16,3.04854335174766e-12
07,77422583,A,G,0.00960032091429083,5.57627856724418e-11,5.22159257885695e-08
07,27232126,G,C,0.0169775012466416,6.75559449778903e-17,4.2755326168282e-12
19,45424351,A,T,-0.015092213898384,8.55087278162068e-14,6.26630987566941e-12
19,45412079,C,T,0.0175688021651859,3.36677340295342e-08,2.47185990220551e-09
X,8913826,T,C,-0.0118586914240664,6.95766293003903e-17,9.69659969658546e-12
10,72416408,G,A,0.0143740180584267,2.6735507380555e-19,9.80086538023334e-12
12,991306,G,A,0.0154608105296895,4.20361547829896e-17,1.15645062690722e-11
17,78757626,A,G,-0.0141426138148222,4.74272586789317e-15,1.18010664107913e-11
17,79095629,A,C,0.0107324375246777,1.53138822613884e-13,2.32279410972221e-08
17,78429427,AAAAT,A,-0.0117865894138236,8.96221173903072e-09,1.98075639319788e-07
08,73443198,T,G,0.0140372469349372,4.09965145798153e-20,1.26495477921888e-11
09,92189513,C,A,-0.0127457171913323,4.81820300473034e-29,1.3372093381287e-11
09,129702842,C,G,-0.013003666662765,5.71797199356551e-17,1.56394405665332e-11
09,129408290,T,C,-0.010114507750756,3.73586832788584e-10,2.00459474460244e-07
01,150511877,CA,C,0.0147363867630331,8.22266733330098e-14,1.60512682501393e-11
17,7422026,C,T,-0.0123426847512326,6.18501758819135e-18,1.63183072082738e-11
17,7095507,C,T,0.0101202522458593,1.32678690859344e-11,7.2008516202707e-09
01,96940119,G,A,-0.0127765875647756,8.64554327800069e-25,1.7947045096015e-11
06,31591918,T,A,-0.0116969780640102,1.5571803794695e-22,1.86739889584583e-11
06,31964655,G,A,-0.0295963168239168,7.86375868905463e-06,1.64319050137145e-07
06,51799902,T,G,0.0133159354901034,5.88207740804e-15,2.00735234060016e-11
06,51480853,C,T,-0.0106365575854721,8.88731604705897e-12,1.24258877695791e-08
17,47090785,C,T,-0.0132971469625906,4.17568880340115e-21,2.13920577474608e-11
01,150346106,A,G,-0.0407390021257991,-99,7.14787957790495e-10
