chrom,pos,major,minor,beta,p_value,gwas_p_value
16,53806453,A,G,0.0401010662560664,4.44327116856842e-232,7.73397579257497e-100
02,417167,T,C,-0.0627397839394679,2.08755320478019e-51,1.31477709294601e-45
02,628504,G,A,-0.0295075919776034,2.11293284766718e-45,4.08752343807521e-31
02,25158008,T,C,0.0255855581103748,3.3470128277638e-123,2.25413669061272e-43
01,177889480,A,G,0.0299953429090853,5.07051501604658e-59,2.59679967165824e-39
18,57850927,GTCT,G,0.0271115707980072,1.13785976670486e-55,2.92060385848419e-39
18,58030420,AAGAT,A,-0.0768583052985356,8.22926976133054e-31,7.27961909820816e-34
11,47529947,C,A,0.0226359874590783,8.85990156763834e-77,2.88582979591257e-33
16,28913787,C,T,0.0217748372651255,8.49239191446807e-60,2.3534896385389e-29
11,27722298,G,T,0.0198453794191137,8.21370976738876e-38,1.72211676040256e-27
11,27653220,A,G,-0.0147141849693624,1.51383842428995e-17,1.53003100857368e-16
16,69551467,T,A,0.0201270950083317,2.81355641050024e-62,8.12416177607879e-27
16,69202908,A,G,-0.0273741749625495,1.26263614577643e-07,2.83681341170304e-08
12,50250111,G,A,0.0204534541635735,3.63814119857059e-55,6.28192735518099e-26
02,227117778,G,C,0.0200574212398484,1.15442586672058e-50,5.72469360706692e-25
02,165528876,C,T,0.0188895261768633,8.26130789119735e-33,1.29488715688964e-23
02,165413448,A,AT,0.00969495400252874,6.88380887170747e-12,7.35832786651282e-08
06,50858235,T,A,0.0242474587276429,3.72257528494412e-31,1.8810556319776e-22
09,15880555,A,G,-0.0183308573415342,3.59794922008844e-56,1.91986802404327e-22
04,45182527,A,G,0.0182438476727757,2.06459954300943e-54,2.00908417816306e-22
12,124419062,A,C,0.015867140219628,4.87746510173244e-19,8.8925145911334e-22
12,124509177,A,G,0.0149561300317634,1.0007125516184e-19,6.60659388856766e-20
12,124063965,CAAAAAA,C,-0.0150986763513987,6.80714192769579e-08,5.81355408578011e-07
01,149995265,G,A,0.0166718231185733,7.62743169498763e-39,1.48159414074344e-20
16,4015729,T,C,-0.0175712090693235,3.37500514971879e-35,7.14035705428971e-20
16,3656482,C,T,0.0119248508616819,1.14546965300539e-08,4.77972789030096e-07
06,34708609,CTTT,C,0.020323597393657,2.09370877073653e-30,1.15391690120109e-19
01,219762581,C,A,0.0185039396393521,6.77970356226805e-34,1.79370791647754e-19
05,75003678,T,C,-0.0168643397082851,3.22583286866927e-41,7.28849169560867e-19
01,110136884,T,C,0.0546038076672351,2.19530963448253e-21,1.05290122843057e-18
01,110119732,C,T,0.0132587993557746,3.50656542082502e-11,1.68683424846888e-06
08,116671848,G,A,-0.0175563549211735,3.20722272484698e-30,1.4412578360217e-17
12,122963550,C,T,-0.0243618515174949,1.73457354536593e-15,2.03380177511878e-17
12,123425575,C,T,0.0107451296460233,1.38148565082274e-15,1.82102369151327e-08
12,123159750,CT,C,0.0160745343518139,5.47092109982619e-10,4.16550907999079e-10
14,79890677,C,T,0.0190696640288892,2.92024049609673e-21,2.10056949699412e-17
14,79522736,AT,A,-0.00865678596641062,2.18074170162367e-09,3.54175645929411e-06
15,68089618,T,C,-0.0191761966502892,6.35314746240884e-25,5.58957940499334e-17
04,103188709,C,T,0.025240248681041,1.70275289659459e-12,4.54027556448571e-16
04,102708997,C,A,0.00954569346847194,1.50471171041833e-13,1.23549220382043e-10
X,31854782,G,C,0.0131891484837468,1.42492739861104e-26,5.21593880129685e-16
22,38575498,CT,C,0.0149574567995291,1.07705687661627e-37,1.26233609281268e-15
19,18207397,A,C,0.0156448962434345,4.1513724684968e-24,1.90236890435716e-15
18,58155169,T,TAA,-0.0474800503948681,6.33599529378216e-17,2.04499319808914e-15
18,58166192,T,C,-0.0220103210663012,2.70926099413774e-07,4.98490833685476e-06
19,46183031,A,AT,-0.0190872884331017,3.4536650534808e-21,6.41320962321948e-15
05,87969937,T,C,0.0212872694222725,1.39878621711849e-17,7.27027363835638e-15
05,87712913,G,A,-0.0131940826729847,2.43203666931299e-13,1.1857354894899e-09
11,43669653,C,CA,0.0156015829500828,6.6059547379425e-19,7.46281303700922e-15
11,43551096,T,C,-0.00862671182097505,5.44273952470326e-11,3.485720624851e-06
09,28414625,C,T,0.0152792782815983,2.52205069485471e-27,1.07695851964695e-14
13,79580919,A,G,-0.0149183600956944,1.04134593137362e-33,1.10014748338957e-14
04,100239319,C,T,-0.0481924425888329,4.4977979174572e-15,1.75943448688025e-14
17,1837168,T,TA,-0.0193217400726547,8.64647921622389e-16,1.9258435953923e-14
17,2167393,A,G,-0.00889078192678299,2.27767462858137e-09,1.28668045889739e-06
17,42285460,ATTTTTTTTTT,A,0.0158082581079099,1.03863408000201e-24,3.96740014270851e-14
19,33940662,G,GCGGTGTC,-0.0120101771803636,8.35664650971524e-26,4.27516769325432e-14
19,33853569,A,G,0.0144824225218396,5.09270514255382e-08,1.38278398293246e-10
03,12391207,C,T,0.0190088865081543,3.94913607235447e-14,5.84751463184102e-14
03,12441088,T,TA,-0.0146889577779183,6.48234362278843e-10,1.64615923736503e-10
11,13349477,C,T,-0.0144967484925657,3.51455185974416e-28,1.02095453729597e-13
08,126482077,G,A,-0.0137097123612282,5.82113721080982e-37,1.52787657863751e-13
13,54102206,G,A,0.0195580402297119,4.42761529926876e-14,1.78147306304614e-13
13,54388879,GATA,G,0.0112757271194936,2.08632473532877e-08,8.53517577188624e-08
01,72812324,A,G,-0.0139962468796047,1.09237948965169e-29,2.06439935404413e-13
X,8913826,T,C,-0.0127220683980011,2.44104126077041e-19,2.18466792988711e-13
20,6635266,A,G,-0.0140561530219529,6.92487334980668e-28,2.28684337623638e-13
07,130445847,TA,T,0.0136232816357545,1.96356150927803e-36,2.44681275433135e-13
07,75095477,T,TA,-0.0140413648224525,4.31224275829797e-32,2.54450073338047e-13
11,130817579,T,A,0.0135896039800192,3.17481639289081e-36,3.15383445876798e-13
02,59297346,G,A,0.0135338503540267,5.59751452888305e-18,3.25353500100457e-13
02,58935282,G,T,0.0131781274852983,7.75993259547672e-20,7.52045617299684e-13
03,94034688,G,GAAA,0.0135515212376006,4.06762022554921e-31,4.05683922527262e-13
03,49333171,C,A,0.0185041729632507,1.5152309969236e-12,8.54678553906272e-13
03,49832261,A,G,0.0100596250951545,6.79369917168778e-17,4.12409204800924e-09
17,7434818,T,G,-0.0131007521071093,8.38999958372487e-18,9.86114921491881e-13
17,7095507,C,T,0.00954692529224634,2.84551235134465e-11,4.02711478502288e-08
07,77827064,G,GA,-0.0133026364060244,7.03413513298066e-16,1.06153173787259e-12
07,77422583,A,G,0.0099695625736302,8.95697418930637e-11,1.95921094779073e-08
07,78141093,TA,T,0.00982522837619204,3.12507647490076e-07,4.02138011455128e-06
06,40363828,T,TAAG,0.0132671358641732,9.37751464932406e-31,1.2117212660183e-12
05,157994762,A,G,-0.0140243959132391,1.35560794054933e-24,1.54407989333791e-12
18,40751232,G,T,-0.0138791495218754,8.79456469671593e-24,1.81273209432159e-12
19,47556375,TG,T,-0.0151886626554554,6.4243941531024e-20,2.82717127682914e-12
13,33294182,G,C,-0.0130682339354594,8.31850162645648e-29,3.23231690627603e-12
14,77547212,C,T,0.0142835104857792,2.7984178438635e-21,3.26856220326834e-12
04,89711849,T,C,-0.012938785512636,2.26258232789384e-30,3.8127468631548e-12
17,65854602,C,T,0.0169331691272438,1.36605791378465e-15,4.31080921180722e-12
17,65398238,G,A,-0.0125088269494477,1.40179592349324e-10,1.04588650521121e-07
12,89776845,C,CT,0.0130632142038906,7.70821568473729e-30,4.43638371605453e-12
19,45424351,A,T,-0.0151034396081235,6.52764358839347e-14,5.18792899155205e-12
19,45412079,C,T,0.0173295823123643,4.55147834482405e-08,3.19971246759104e-09
20,39179822,G,C,-0.0373445097937409,1.33861999764108e-12,6.66474208440844e-12
01,201800511,T,G,0.0134406263066523,8.85932668926274e-23,6.75469846417386e-12
10,99772885,G,A,-0.0128368400181256,1.97355226390271e-28,6.86311778236792e-12
01,62570321,G,A,-0.0128134502373231,2.24682518835211e-27,9.40173458583725e-12
12,991306,G,A,0.0154598162191016,3.16328474177009e-17,9.59349379268941e-12
15,84663514,AT,A,0.0132004418341621,1.79132380558589e-24,1.0791445194437e-11
06,51799902,T,G,0.013440151541556,2.55074310985804e-15,1.08026767839809e-11
06,51480853,C,T,-0.0104473647394212,1.70579704584059e-11,1.86987557816901e-08
19,1850165,T,C,-0.0126178635019448,2.37435041374283e-29,1.13068787439291e-11
X,109888230,G,GCCT,0.010782684944503,1.12664039701641e-20,1.17607214817756e-11
06,127454893,G,A,-0.0291390424004253,1.02515299156597e-12,1.31668213278813e-11
06,31591918,T,A,-0.011559857514746,3.43037978464598e-22,1.37395378203818e-11
06,31915532,C,T,-0.0303620595989139,1.87283278969983e-06,2.11665850353874e-08
12,123189794,T,C,-0.0126292958296296,5.06303272316223e-13,5.88019648012579e-13
12,123070616,T,G,-0.0119377360558269,3.98702744639746e-10,1.91748177758693e-11
01,74977277,A,G,0.0127545921206726,3.04998134672446e-25,2.16170645573366e-11
01,1564194,C,T,-0.0130389367865646,7.76301476048306e-24,2.32390154949957e-11
10,72428283,C,T,0.0140822989035526,1.39341261163762e-18,2.39206306839035e-11
01,96940119,G,A,-0.0126447507727947,1.6992510107101e-24,2.40560545715417e-11
15,47808354,G,A,-0.0137169814374277,3.48648131714132e-19,2.56429839037606e-11
10,102447647,C,A,-0.0210056714083939,1.58068218594189e-13,2.87735264986046e-11
10,102618398,A,G,-0.0112262564532914,2.89965976137737e-08,8.58324971660658e-06
17,78722281,T,G,-0.0139815648013751,3.79879668813315e-14,3.37902977852114e-11
17,79072594,C,A,0.00984312886828317,2.31340142860717e-11,1.09846508469166e-07
17,78429427,AAAAT,A,-0.0119060035751376,4.07252645012463e-09,8.04882918988253e-08
17,47090785,C,T,-0.0130909152234036,1.17438151934779e-20,3.62154488705311e-11
06,29910478,C,G,0.0126353668846793,1.86178809989437e-27,4.51392438533697e-11
07,76631727,A,G,0.0164487378806244,2.23040766730575e-15,4.6341580150867e-11
09,16726000,A,G,0.0139984550050782,1.01068968147091e-16,4.73473560706414e-11
09,16595649,C,A,-0.0193075152542732,2.86209667016183e-07,5.75893869569898e-07
06,43757896,C,A,-0.0122866759060353,3.08119985738246e-26,4.75653841402031e-11
06,44117607,C,T,-0.0152521734876648,2.76377023709695e-06,8.01636740671679e-06
01,78450517,C,A,0.0187360543801153,7.67831996998547e-14,4.84492242709603e-11
08,77224420,C,T,-0.0123191891325236,3.98733126423921e-26,5.52152745453391e-11
09,136138765,GCGCCCACCACTA,G,0.0159921944532674,1.56954173467963e-15,5.60043255732048e-11
01,150511877,CA,C,0.0140009289114502,1.05817847065526e-12,6.61731962482496e-11
07,27202289,G,A,0.0148740813468619,4.95706164708766e-16,7.19980815838609e-11
05,153518766,A,G,0.0121275693991158,6.30800357878548e-26,7.72061790612967e-11
04,18351898,C,T,0.0121710390961924,8.18003255988832e-26,7.81579398265549e-11
08,10665444,A,C,0.0123053681621312,5.17136753366549e-24,8.31506812080637e-11
08,73443198,T,G,0.0134122161039942,1.22974767964349e-18,8.41557342757098e-11
15,73093991,T,C,-0.0128886576102687,2.55137155630329e-20,9.19961520714097e-11
01,8457648,GA,G,-0.0123243489276982,1.22154627787743e-24,9.92103211802039e-11
18,13182325,A,T,0.0155649386666104,7.01944354417318e-15,1.12980482708612e-10
12,120907309,T,A,-0.030472384038671,1.9165946861687e-11,1.26491694882043e-10
05,139070398,G,C,0.0168497917670536,9.68661640369078e-14,1.59897069190773e-10
03,61208619,C,G,-0.016770500779038,1.17035954415692e-13,1.65942133808995e-10
16,29972465,C,CA,0.012618918788163,9.91326493861518e-25,1.67662239741545e-10
03,141292618,G,A,0.0121366430227497,1.14181790717627e-22,1.71865708770662e-10
19,30286037,G,GCCTGTAATC,0.0127020937772418,1.38988823216742e-19,1.78111153491711e-10
16,4940994,G,A,0.0119384569106555,1.88349518332413e-24,1.81992424458039e-10
16,19975418,C,T,-0.0173697542766283,5.52830714486682e-12,1.88231041951204e-10
16,20379933,G,GTGC,0.0102833815317535,6.27243909569571e-13,2.13177564273812e-08
16,20263764,T,C,-0.0141319032708332,1.26121816626952e-08,3.59199198543719e-07
09,129702842,C,G,-0.0120958913334279,6.87173316327151e-14,2.13418823638953e-10
09,129460914,G,A,0.00974936274273183,1.47813793344449e-12,1.35413707338421e-07
08,76786941,C,T,-0.012994532049483,4.76902015816112e-18,1.83164476387138e-10
19,18888150,C,T,0.0209851586088973,4.00044267921945e-10,2.41988978676864e-10
19,18388383,T,C,0.0115602745446529,2.24179119098079e-14,1.45095628291499e-09
X,66222744,CAA,C,-0.0134837585527645,7.64876032441954e-13,2.44111812250804e-10
03,49915506,T,A,-0.0117538512083729,5.13445097302624e-26,2.60942705566563e-10
03,196934710,G,C,0.016652802064159,1.70019809470265e-13,2.76579081276523e-10
18,39696251,A,G,0.0201093760684522,3.67352987005621e-12,2.82838902830953e-10
03,85870501,T,C,-0.0122342661027213,6.1653141072648e-20,2.85992647423077e-10
17,46270606,T,C,0.0235079996087087,1.09591355535025e-11,2.90738662733373e-10
X,117961963,C,G,0.0119804620446492,2.52995012340972e-13,3.13628434614218e-10
09,92189513,C,A,-0.0117768831200008,3.17020827677747e-25,3.65107068303963e-10
21,46494995,C,T,0.0115383688689653,8.75484835428831e-17,3.67960114291689e-10
21,46441432,C,T,-0.0146367401597977,1.11127238932056e-07,1.13656180841654e-07
14,25946443,T,C,-0.0119137936645168,3.93390275100773e-14,4.40856274699603e-10
14,25919203,T,C,-0.0121371421854862,9.71889528805205e-08,2.28458307115012e-07
12,122485389,C,G,-0.0301066557783982,6.17386794896575e-14,5.01512979625524e-14
12,121673654,G,GTGA,-0.0205887386077408,3.64374158022136e-07,4.41988831372192e-07
12,122034406,T,TTATCTACA,0.00864459790568831,8.01098541680776e-11,8.83085381763904e-08
05,170459675,A,G,-0.0129941603876429,1.85110369174709e-16,4.75395843995141e-10
19,18460956,G,A,-0.0211808751975047,-99,1.4163803076914e-07
01,150346106,A,G,-0.04460863245155,-99,2.7564069606867e-11
