chrom,pos,major,minor,beta,p_value,gwas_p_value
18,57848651,A,G,0.0384912209392697,9.32873511981841e-155,5.99130316552146e-97
20,34025756,A,G,0.0324072526071777,4.12972381354176e-213,3.15477572840137e-92
16,53809123,C,T,0.0298639584994996,2.42088376734044e-181,2.08728577144197e-78
03,141105570,A,G,0.0254921955573111,7.03324560347964e-152,4.76628963255688e-59
12,4384844,T,G,0.093211386057122,1.97003955803575e-57,1.31792202454183e-54
06,34620153,T,A,0.0307401186793522,1.45555445668153e-47,1.94667314679199e-52
06,130374461,A,T,0.0267110339679485,3.35045208897223e-87,1.55090046761136e-51
13,51116901,G,T,-0.0274091153455758,7.27756497363957e-72,4.59881147090278e-51
13,50655989,G,T,0.0654092328636275,2.59005190855313e-30,4.24338678741139e-33
06,126704795,C,T,0.0228649772386181,4.95870272476246e-119,1.3234831956619e-47
12,66351826,C,T,0.0224715122655564,1.29936890416548e-93,1.97202905077516e-45
07,92250140,T,G,0.0248860675743153,9.01084931029093e-78,2.01760360795805e-45
18,20737641,T,TTAA,-0.026150316538714,5.94297338000641e-67,3.88294938646475e-43
17,29206421,G,T,-0.0263165597755788,7.36788846227019e-70,1.08995884647266e-42
02,27730940,C,T,-0.0217435523311747,1.88673930241106e-94,8.55049944417149e-42
08,57122215,T,C,-0.030654635028602,1.78186096368383e-47,2.46723911511117e-41
08,57184728,A,G,0.0173111463834318,4.14238769950047e-30,2.27702512802971e-22
04,17922866,A,G,-0.0237711389496495,3.31698571822128e-37,3.50631537398294e-40
04,17956213,T,TG,0.0155281424806745,2.92386426776789e-29,9.0041160369425e-31
02,417167,T,C,-0.0488754896645436,3.3260522789214e-44,3.94563974638511e-39
02,632536,G,A,-0.0263063003824829,1.24246721436614e-50,9.22455995237321e-35
09,119124535,T,TAA,-0.0253070255788931,2.78489308137693e-57,1.88461028132566e-38
X,78655777,G,C,-0.0171202888069391,2.84093156900326e-65,4.01310510496328e-37
01,78450517,C,A,0.0303841238812346,5.62054342667011e-47,1.50543222789292e-36
17,62017421,G,A,-0.0258680304638744,1.36566325452783e-113,8.75628273798555e-36
17,61996273,T,C,-0.0341817691414149,1.32250432885518e-48,9.92173859946928e-20
12,93993266,C,A,0.0247550084463807,3.38177282366847e-49,1.04599751216418e-34
12,94136009,C,G,0.0142161609777474,5.28726402758013e-44,7.34352170182406e-15
04,145566477,C,T,-0.0203751763223456,6.6369185171344e-29,1.37420434717145e-34
04,145839264,G,A,0.0132278932722413,8.06730349180484e-40,8.27203591790542e-30
06,31840021,A,T,0.015400919875965,4.30609004467955e-25,1.91766718312463e-33
06,32199144,C,A,0.0146789804554317,7.30423838609692e-14,1.05339060851469e-28
01,154989823,T,TGGGGGCAGTAGAGGGGGCAGTAGA,0.0198546758963821,2.34996484307339e-40,2.53097853039404e-33
01,155186742,G,A,-0.00978363792171034,1.35303555746913e-17,4.24716333502622e-15
13,51064533,CCT,C,-0.0196053059438546,2.14843871632061e-41,2.89136710763195e-41
13,50565104,ACT,A,0.0571476502433706,8.73802732620817e-23,2.67087732772028e-33
13,50753785,G,A,0.0124385417463686,1.45246234922859e-21,1.07219357939768e-33
14,61072875,C,T,0.0190541546583956,1.88639588961802e-71,1.52850159831971e-32
01,177875959,GCTA,G,0.0227168591160938,3.6622227557557e-49,2.13092433533275e-32
07,150668070,T,C,-0.0177821603859411,2.16274313315483e-49,1.43409543711809e-31
07,150554553,C,T,-0.0181049354069414,1.87430136838719e-10,9.68258270391006e-15
16,30042677,G,T,0.0182873771255372,2.28016179614296e-69,2.49691407543445e-30
16,2152651,T,C,-0.0239122695455378,3.84299436472592e-36,8.41931189175853e-30
16,2266173,T,C,0.0157918000025434,2.59446309637129e-30,1.11062996898754e-19
08,135578636,CAAAAAAAAAAAAA,C,0.0185149053140705,1.5420401509354e-69,2.20443972756269e-29
08,135649848,G,A,-0.0130037107553623,1.13551208809879e-16,2.78084929099939e-21
08,135739377,A,G,0.0163955304396874,9.1437867126426e-16,7.35263290065144e-09
05,75003678,T,C,-0.0178130975793204,8.50720277731018e-64,9.68026323700343e-29
06,19839415,C,T,0.0385474754868131,3.63300879953993e-29,1.82435121690171e-28
06,19724989,T,C,-0.00906454491753635,5.57544970157541e-18,2.69412280253149e-09
06,7702659,G,C,0.0176325155257946,1.59296605725739e-70,2.89138334319536e-28
06,7231843,G,A,-0.0178111681927263,2.22129828106298e-13,1.2969044476442e-11
05,122699198,C,CTA,-0.0171554452735138,8.99878354221453e-73,7.26426457519327e-28
01,41544279,T,G,0.0180622490970708,3.90535754645202e-54,1.42441635369189e-27
06,26180634,G,C,-0.0178167192507661,9.46126174878184e-32,2.15961241732939e-27
06,26076446,G,GA,0.00911716929217207,8.43484865290074e-17,3.12403803336095e-13
20,32274380,G,A,-0.0177503980803995,7.72716934379618e-31,2.17411170969906e-27
20,32595626,C,CAA,0.0118577468490616,1.23309116089416e-28,1.75628370960702e-17
06,108994826,A,G,-0.0173598999289372,6.81456659266419e-41,1.7595516072889e-26
06,109032609,C,G,0.0264883836775528,7.0622431330944e-09,1.55016469170421e-11
11,67024534,C,T,-0.0300009236202439,9.57318302003572e-31,2.87741016995059e-26
20,33430974,C,CA,0.0154544328176038,9.13392373068798e-49,1.5622207955343e-31
20,33132917,C,T,-0.0181412574242679,3.60177869474054e-21,1.28282160608814e-25
07,2859847,G,A,-0.0178260206395826,1.93825159515889e-46,1.12078974978478e-25
06,41909521,C,CCG,0.0324233435202328,3.10624554014758e-27,8.41425616421907e-25
06,41903798,C,A,-0.0594410091539754,2.56097814150115e-18,3.62430469231958e-19
02,218279432,AC,A,-0.0166923492579217,2.39421770950057e-33,1.58378871219416e-24
02,218146818,T,G,-0.0141960223064632,2.44835549049822e-19,2.62610968100681e-16
02,218604987,C,T,0.0151821437582023,2.3893140664079e-07,5.29920897795939e-08
02,172416533,C,CTTT,-0.0172835725810832,2.61427665602613e-25,2.82561865204528e-24
02,171923670,GT,G,-0.00885382454011486,7.73389851608955e-12,4.26803090583692e-09
02,172885096,G,A,0.00977666839921619,1.62908462100455e-07,5.7297481818616e-07
17,7571752,T,G,0.0726623954245872,4.5623256323088e-24,1.41359420651221e-23
17,7366619,T,C,0.0184522608011221,3.85364227305075e-17,6.38522090581233e-14
17,7200613,CAA,C,0.00999577585351252,2.38903968028609e-22,1.24695107878779e-10
03,185548663,G,A,0.0230699890450169,7.45440761981907e-26,1.44470884165591e-23
03,185828465,T,C,-0.0119342096325394,1.10621606476915e-11,4.49146357208626e-10
03,185468884,C,T,-0.0101423155630349,8.95063222488296e-09,9.80577497583489e-06
06,152168974,T,G,0.0156377880216052,2.35461503524242e-41,3.99247131229601e-23
06,151727545,C,T,0.00893992721763926,3.05120002399496e-10,5.78375203518197e-08
05,42687629,T,C,0.0170234466496836,4.76499280504099e-13,1.16787792352225e-22
05,42290110,TA,T,-0.0118973211096196,1.41611375139627e-16,8.46701194441439e-16
05,42641962,C,T,-0.0100090308460338,2.08530916805711e-17,3.53760627400195e-16
07,73013901,C,T,0.0198262965735625,4.11674962264135e-21,1.76143042073341e-22
07,73121347,G,A,-0.00887025613030367,2.28000205155944e-17,9.41797689967514e-14
22,42070374,A,C,-0.0257882896718026,9.93407528221202e-27,3.38475354360457e-22
06,142716286,G,T,-0.0160568158004033,4.37449651082554e-24,4.40247753892754e-22
06,143187255,CA,C,-0.00984712875329601,1.45850894221697e-17,1.05234857679215e-10
06,142355986,A,G,-0.0101244630268874,2.44431218072253e-08,1.72057240572843e-08
20,50929323,T,TA,-0.0191737264276396,2.19895479302388e-31,7.38596396094878e-22
11,27694241,G,C,-0.0212232515823141,1.07509535008898e-27,1.35264645580906e-21
11,27457894,GAGAA,G,0.0106828629727822,9.06541265001226e-22,2.88433025036319e-07
09,98256235,T,G,-0.0230982599447194,4.18602435444993e-20,1.87186554471801e-21
09,98217348,A,G,0.0209599646262328,5.19720350497259e-20,4.09304797073765e-19
09,98270362,T,G,0.0432503146903391,4.19470184759697e-09,9.23619334736278e-09
08,78097725,C,T,0.0159795752188332,3.10879329912824e-35,1.98059733624982e-21
08,77761919,C,T,-0.0211505522347661,5.97031955825441e-10,2.9447659603839e-10
01,176787749,C,CT,-0.0160975264964004,1.99890241896222e-49,4.51557030276366e-21
01,176566012,A,T,0.0220655057326675,8.89377160842272e-14,2.02607378695455e-09
01,176521655,G,A,-0.0232987512490107,6.59945326077104e-07,1.48028105585141e-10
06,50787576,CGAGGTGGGA,C,0.0228508299970258,2.30348693799561e-28,7.76367494512194e-21
15,99194896,C,G,-0.0248002524103618,2.65360321262597e-28,8.18885225004382e-21
15,99395834,C,G,-0.0161217457632078,2.20142784884934e-18,3.13421086633977e-08
15,99214192,TTGGAA,T,-0.0196989660832061,1.42481846358171e-13,1.51411822614771e-10
05,168256240,G,A,-0.0166361950530279,1.24458295892998e-22,1.36351056005031e-20
05,168312829,T,A,0.00748237131947526,8.14275430453719e-13,2.5387572380538e-09
12,46752872,C,CA,-0.0126148933736111,4.66105626014345e-32,1.79763385300844e-20
12,46791289,G,A,0.0165007763558936,2.81417724307972e-08,1.40159801086697e-10
12,46764254,A,G,-0.027991465061182,1.20997813766359e-06,1.4530104396132e-10
12,111865049,G,C,-0.0145277924671526,2.01826026328013e-55,2.59667702080374e-20
12,124826676,C,T,0.0191671276469837,3.67513930520027e-25,3.79035193807707e-20
12,124456440,AC,A,-0.011784785450392,1.99797713060181e-07,3.21198281033792e-07
12,50263148,G,A,0.0147609542755002,3.93840658620606e-43,4.62868037020378e-20
06,109730882,T,C,-0.0145605208377467,1.57322805546404e-45,6.68501805129526e-20
14,25948867,T,C,-0.015473602616843,1.351278530746e-39,8.33670734975586e-20
16,4014282,G,C,-0.0146448197865568,1.86166811092662e-33,1.15797410981421e-19
16,4277580,G,C,0.0306144835896748,8.72892055428618e-07,3.95531786050132e-07
16,3583173,C,T,0.00911613337580777,1.08156248536618e-07,7.87375331282895e-06
04,145868325,G,A,-0.0144896536782381,1.17462919624012e-33,1.84810472521262e-30
04,145605025,A,G,-0.0161019989989653,2.73632726475565e-11,1.73927243176089e-23
15,89394600,T,C,-0.0423644587270623,9.47854812649946e-21,1.36298953961929e-19
15,89386652,G,A,-0.0123154202484536,6.79899281271095e-11,2.50037454697818e-07
15,89367562,C,A,0.0104383280750456,7.56578251212908e-21,1.39048516174299e-10
11,2165576,G,A,-0.0181500076664819,2.88330291982177e-25,1.44919545489699e-19
11,2053669,C,A,0.0259716863809015,4.4643000539752e-09,1.36010770261044e-09
02,23965245,T,TA,0.0143375234221883,3.44652944082452e-44,2.6254630784857e-19
02,211540507,C,A,0.0150684321257174,1.58505056466992e-35,2.8564888437494e-19
X,129251524,A,C,0.0118332637195378,3.50930679302012e-36,2.90961361578407e-19
03,172175074,G,C,0.0150609060636775,1.6114603279154e-23,3.20040725601203e-19
03,171969077,G,C,-0.0125848605622105,8.21951063166674e-32,6.72327242812784e-17
06,29355148,A,C,-0.0110910317034978,7.6438603505385e-12,4.17633469495082e-19
06,28912076,C,T,-0.0124619454073378,1.94778481408868e-07,1.26694522529675e-17
17,59494574,T,C,0.0146974922048682,4.45016177517873e-36,7.13667282764932e-19
19,47557098,G,C,-0.0162517273241385,3.75634833586991e-30,1.01317023197012e-18
10,102686838,GT,G,0.0151422197183493,5.0786778237437e-30,1.04555006868362e-18
10,102317557,T,G,-0.0131256111158611,1.48507108111716e-13,1.2400188863361e-08
10,102414556,C,A,-0.0107876737931865,6.17007979130237e-14,3.38782835828807e-06
04,106215108,TC,T,-0.0141462661241605,1.68597876800055e-42,1.09996258876075e-18
11,68388220,G,A,-0.0176867683817438,3.18830109755652e-22,1.64238466452819e-18
11,68680577,C,T,0.0101180977851231,3.61717472197299e-09,1.82284121358213e-08
03,50022079,G,A,0.0132109337611544,8.17144373372671e-42,1.8687431365936e-18
12,116196316,CAA,C,-0.0165919684419968,3.63232230563754e-22,2.45129232297851e-18
12,116632928,C,T,-0.0106086737489919,2.53872902556138e-07,6.41166079397814e-08
05,176509193,T,C,-0.0151668856853845,3.28334868818921e-33,3.97026191178072e-18
05,176337556,TCA,T,0.0327878202338385,1.59919794211585e-06,1.23500154072621e-07
05,87755411,A,G,-0.0151657484667025,2.94115874342318e-17,7.42273436685599e-18
05,88251136,G,A,-0.00835309646590645,2.80833376475686e-12,6.49476676345081e-09
07,23513093,C,T,-0.0155811056381734,1.58711031137301e-28,8.50355452886958e-18
06,140544467,A,G,-0.0149315702666148,1.98308233503871e-30,9.15410041464319e-18
01,33774752,C,A,-0.0139945931562785,1.09554886139026e-25,1.04782381748283e-17
01,33295956,AT,A,-0.0102135470544736,7.97513404593911e-08,5.04382513543215e-08
17,79093822,A,G,-0.0140471293434539,1.16214374033717e-24,1.105520772604e-17
17,78757626,A,G,-0.0105098657333942,1.47943420744903e-12,3.30520506661408e-09
17,79421254,G,T,-0.00940817138147934,1.64827007761475e-12,1.90756014032839e-09
06,160769811,C,T,0.0133445020590758,7.94183262907376e-38,2.14556111392014e-17
06,160343098,T,C,-0.00991054678753286,1.44637459151631e-06,8.05333940687202e-06
01,11220180,A,G,0.0152683159112522,5.76886666957126e-21,4.25940311552587e-17
12,11880608,TAC,T,0.0137944248782263,2.60722313371357e-34,4.41894671359328e-17
20,34769811,A,G,0.0166970455554197,4.36607895859768e-28,5.795491007108e-24
20,35018412,C,T,-0.0236239452778253,1.64542225664404e-18,1.32963761679361e-18
20,35741970,T,C,-0.0171692510764254,1.61592901972508e-16,4.76675025279087e-11
19,30289630,G,A,0.0139537386563715,7.02586100273833e-27,6.42756052334856e-17
19,30710410,T,G,-0.0106671507151608,5.48348934519101e-10,4.16158672432838e-08
10,96038686,G,A,0.01199104000574,2.33559387725993e-25,6.43405520550805e-17
10,96085377,T,A,0.011957520797472,9.9107055461166e-08,4.02753634743917e-10
05,170864021,G,T,-0.0162646848225268,8.56911869845414e-19,7.4846599714779e-17
05,36803614,T,TA,-0.012859233630351,8.79944479965811e-29,1.59037511920716e-16
05,36646032,G,C,0.00933362531811379,1.10589736591823e-10,1.2905937248021e-08
19,2176403,G,A,0.0129972096398774,1.88544838913081e-32,1.63235276774206e-16
19,2312903,C,T,-0.0123909130866841,1.52379677929653e-07,3.74762161841396e-07
10,77210191,T,C,0.0128780924811049,1.28790689348507e-41,2.78442370807213e-16
01,214638396,C,G,-0.0132779088699164,1.46175143301768e-36,3.99316324975454e-16
07,28174957,G,A,0.0140862941421466,6.22078272395184e-28,4.09934663000907e-16
17,43223316,C,CAT,-0.0119781508785066,4.37203842369844e-21,5.01990306390299e-16
17,43146641,A,ATTTAT,0.0101796098782974,1.70860794899909e-10,2.48538952266813e-11
03,38496193,C,G,-0.0127834929113447,1.06791925685844e-41,5.68865325674832e-16
06,34589632,C,T,0.0306396214549318,2.4444232409925e-47,3.11645650066724e-52
19,10748073,G,C,0.0138528239541131,1.23273834903445e-23,6.40123795201687e-16
19,10418784,G,A,-0.00878043777340457,3.80192107990875e-11,5.77462225151968e-07
01,218597297,C,G,0.0139871296631524,1.85316291191871e-27,7.81781311407203e-16
02,198950240,G,A,0.0124363453646969,9.30291867540931e-41,2.00146866872001e-15
02,56096892,A,G,-0.0126742619624309,3.55651100077157e-17,2.25327758082e-15
02,56076480,C,G,0.0112551008977393,1.8428972035306e-09,1.62819932906766e-11
17,29210595,G,A,-0.0200900341667134,1.21351218753953e-41,1.17913913579965e-35
17,29707521,A,G,0.00956417028914586,1.71800980093043e-18,2.90628965555443e-15
05,172779211,T,C,0.0121674041471645,5.49620602428491e-14,6.11513594349836e-15
05,172753555,T,G,0.0138630432401709,6.99775579446325e-08,1.04033795886955e-10
05,172839289,C,T,0.00755630577911668,7.30641925477874e-11,3.68951921467131e-08
X,45631143,C,T,-0.0121418191738789,1.94103275409191e-15,1.03141373299301e-14
X,45226975,T,C,-0.00600964497238478,1.29606016139548e-09,6.49629300132135e-07
03,183976103,C,T,-0.0158520929240304,3.64408674421264e-20,1.33304920743648e-14
01,172113327,TA,T,0.0133575361536292,6.81936395331834e-28,1.36914997425628e-14
01,172135564,A,C,-0.0160774671640428,6.1277789384641e-07,5.09064219459715e-06
12,122630285,G,A,0.0113097526401386,4.47973710040963e-23,1.54938540665715e-14
12,123124301,G,C,-0.0118715531063603,1.10447063740922e-15,4.48911253490081e-13
12,122353230,C,CA,0.0176022665359777,6.88085047069309e-10,8.15538055793544e-10
06,80959985,TC,T,-0.0114895892536852,1.20998665133415e-24,1.86254381139965e-14
06,81446732,G,T,-0.0111680595686795,1.60401621455497e-16,1.54478177745339e-08
06,81052297,A,G,0.0110223875767238,1.69829115444494e-07,2.97503091198014e-09
01,155174106,C,T,-0.0101081932906979,1.63366371797972e-23,7.93811166564835e-16
01,155661719,C,T,0.0370792013466889,8.24290857413524e-13,1.86300781760035e-14
01,155306195,T,C,0.0266939503446925,1.66571914441668e-08,6.612672557917e-10
05,137608056,C,T,0.0148485495229359,5.00197407741214e-21,2.1012798029755e-14
01,205685352,T,C,0.0122017532709928,4.014819792027e-31,2.19756173769317e-14
04,82172449,T,C,0.01347978121998,2.06687966473753e-27,2.37302672859577e-14
04,81735963,T,C,0.030253268033707,3.08491944917831e-07,4.70021489937569e-06
02,183238919,T,C,-0.0125696405497896,5.6806215675129e-28,2.476030919924e-14
05,67596088,G,A,-0.0115621550885397,1.06710598317341e-27,2.75626528893165e-14
05,68034736,G,A,0.0105720087698498,4.17168397337263e-09,1.62641920910888e-08
15,62274940,G,C,-0.0119405146284501,1.4834918693548e-35,2.81935928357355e-14
08,130719567,A,T,-0.0149001057520675,5.60506987107641e-21,3.121582819318e-14
03,128992047,A,G,-0.0125761475899342,1.05954091802966e-16,3.20544310777506e-14
03,129052157,C,T,0.0149288436157301,3.64539292960684e-09,6.78211929460771e-11
17,47027359,G,A,0.0157886485049047,4.42884538980417e-19,3.21853692704137e-14
17,46725779,C,A,-0.0237530647808519,2.53732827601316e-09,8.10217726108336e-09
05,139042547,A,G,0.012344339589148,2.69612505484959e-29,3.64651631110599e-14
07,50663819,G,T,0.013900730884064,6.36056371397549e-15,3.80249424947964e-14
07,50924391,C,G,0.007464438191101,1.07467667692671e-11,4.33262548734402e-06
07,50877893,C,A,-0.0137179206828065,8.08034667461929e-07,1.61886051999706e-08
12,3338920,GCACAGCTGGGGCTGA,G,0.0133206560891829,3.08613873733864e-14,3.8696182626571e-14
12,3393100,C,T,0.0212294118862467,4.56190234722188e-11,1.37124872017162e-11
12,3295708,TTGTTTGTGTG,T,0.00947807124163187,1.85111939690978e-11,7.17023207226133e-08
17,63561592,G,T,-0.0164008148646774,7.3476823569744e-19,3.96422407315813e-14
04,88557753,G,A,0.0113246803188731,6.8792235017581e-33,4.02580311160668e-14
04,88209017,CT,C,0.0333315455623738,2.70737733668523e-06,1.41577314418957e-07
X,78792528,G,A,-0.0152184972539382,3.19761405863072e-56,1.30170939323082e-30
08,145001031,T,C,-0.0114695126247968,2.3575940550299e-19,4.64127986441436e-14
08,144860797,A,G,-0.00804993233563435,2.35289917464965e-10,3.65369081623817e-08
06,19078274,A,G,0.0147720617222162,2.53262401153391e-20,4.78165462606255e-14
15,67007813,A,G,0.0131848902809444,4.385565412203e-18,5.32233841000891e-14
15,67378206,G,GCA,-0.0110716953175722,4.02072036393073e-09,5.56102362319121e-07
15,66514155,C,T,-0.00853311603552249,2.07844577325048e-08,3.30482207900057e-07
09,99106848,TA,T,0.0146040757489541,2.06547215438796e-19,6.13225497263661e-14
09,98613633,G,A,-0.018232778822181,4.79607901759821e-06,5.23275655808898e-06
X,137050402,C,CT,-0.0144307217533187,1.60682671780556e-17,6.20748299591721e-14
05,95728898,C,G,0.0122600492197042,1.65761688455474e-15,6.31531993677326e-14
05,95885405,T,G,0.00864564402839158,9.51835082477322e-09,1.2407848531092e-08
16,4948936,T,C,0.0116415126787126,5.17947167290317e-17,8.42770094167193e-14
16,4631802,A,G,0.0194440490001845,4.97485386589414e-07,7.99050348307093e-10
07,127015083,G,A,0.0425191546937234,2.47268783720725e-14,8.60037867891811e-14
X,53628625,AT,A,-0.0101066336827812,1.91104099625361e-30,8.76046143230257e-14
X,109832336,A,ACG,0.0103252130194911,4.99872045923288e-24,8.93471715890183e-14
05,77401374,TA,T,-0.0127323720193773,1.73974757031816e-17,9.12957639606633e-14
05,77631634,A,G,0.0091963730827227,3.85126050807049e-09,2.73176831644605e-08
03,85539217,CATTAT,C,0.00995639926191344,8.24756456711844e-16,9.66854768034383e-14
03,85087904,G,T,-0.00895061490639056,4.69028209151699e-13,2.66217728430956e-12
18,46602964,T,C,0.0122825590415998,2.85342536093561e-25,9.95360585086943e-14
18,46516424,C,G,0.0103211540016198,8.09949985229957e-14,1.00845193796083e-09
18,46269568,G,A,-0.0130298612251109,3.32157913873536e-07,1.27510410835878e-07
14,65520246,T,C,-0.0117441822214922,3.61535460489517e-35,1.16436330856616e-13
06,126097374,G,GC,-0.0105711443624403,1.07328932182276e-15,1.22710071133277e-13
06,126545036,A,T,-0.0101498198965586,3.03955453532071e-08,3.82270760963125e-09
06,126468577,GT,G,-0.00732350235248917,4.84385114820113e-08,2.0126208536241e-08
02,71562503,C,T,0.0114500884826301,3.30447291454892e-20,1.25305993059877e-13
02,71889624,GTA,G,-0.0162116110281785,4.50104916935601e-08,1.83099266501759e-06
02,71958303,A,G,0.00848535785584607,2.80108967533325e-09,2.67250304906665e-07
12,122820960,T,TAA,-0.0118977691507232,2.79862227868291e-12,2.03850799262492e-14
12,123593382,C,T,0.0100234036112701,3.65745111589404e-07,2.11341793708787e-11
12,122645458,A,AG,0.00778286021408416,2.01736863024925e-11,5.62076675311493e-12
20,21223663,T,C,0.0124496664037655,1.30440630757845e-25,1.30894903995156e-13
12,56364321,A,G,-0.0122014997965804,6.47640991444137e-26,1.44421447642724e-13
11,30443688,T,C,0.0125624284556136,4.26217739359465e-24,1.60813273096349e-13
10,104736721,A,G,0.0118034061617542,1.0811918511679e-28,1.70613530532338e-13
10,70365455,A,C,0.0126652969384077,9.18721739035058e-33,1.77663076337117e-13
10,70406518,A,T,0.0200668695869429,2.49332033626171e-08,6.75706793253107e-06
07,76568137,TAA,T,0.0141992614162207,5.71188530646635e-15,1.93201594198641e-13
07,77052364,C,T,0.0131722304690198,8.31022110397372e-07,3.43901860793643e-08
11,43878459,G,A,0.0127847405498781,1.47590561942992e-23,2.03330571826342e-13
13,78474468,C,A,-0.0135183646311065,1.5873687068194e-20,2.70843070581967e-13
02,223960207,C,T,-0.0127602982470306,1.92275728932712e-22,2.75820831978346e-13
10,124131176,A,G,-0.0115679869810648,5.69312614914243e-30,2.91664594328502e-13
10,25178864,G,A,0.015583024112658,3.08452648412186e-18,3.05223212479059e-13
01,201865763,G,A,0.0125700843307821,1.81796163464623e-18,3.79900509976421e-13
01,201995671,T,G,-0.00925453597066558,2.36158124873845e-15,2.79625837336857e-08
12,991306,G,A,0.0137282674183541,1.10469481798919e-15,3.92630722079294e-13
12,580772,C,T,0.00763114813045076,1.46456138818128e-09,1.90091634320927e-06
12,97792368,TG,T,0.0117650930187529,2.23934764611756e-23,4.20411035228822e-13
12,97604246,C,G,0.00953908047073256,2.43313210542582e-09,4.73587212366723e-07
12,97764804,A,G,0.0109802288524804,8.0605222283366e-07,7.31565222800661e-07
10,81103862,T,C,-0.011622568824106,2.39722040365663e-22,4.51960672200341e-13
10,81228378,T,C,0.0118352663123822,1.03585739920762e-08,2.31004807888436e-08
10,80931481,G,A,-0.00812724343454367,3.74414774766871e-10,1.79017875104071e-06
16,783865,T,C,0.0137140825294512,1.04001911240233e-15,4.61022796392498e-13
16,1113847,G,T,0.0110795108653784,2.42865621579832e-17,4.95714696423563e-12
16,987454,T,C,0.0102048407243041,8.09722008398748e-14,4.16050769121338e-10
01,72812324,A,G,-0.0103119565614516,9.30272787573214e-20,5.48313488550818e-13
01,73070185,CTGTT,C,0.00920471619170278,3.73617629796643e-09,2.22985765285192e-09
02,233048622,G,T,-0.0195803872751938,8.33454389525463e-15,5.94226745048143e-13
02,233417394,C,CT,0.00928037022938894,1.76830169213829e-10,9.25996171344763e-09
02,232790053,T,C,-0.00800504098724797,4.79725376772386e-10,9.10196857974286e-06
04,123832776,G,A,0.0132864064390992,3.02897852405167e-15,5.94996014391981e-13
04,123751256,A,T,0.0197948480578557,6.66706104918831e-07,1.98966772808032e-08
19,7115650,GT,G,-0.0142372036749666,1.14504199792013e-14,6.30101251271698e-13
19,7183797,C,T,0.00996262686365093,5.79952004936611e-10,4.05844496595142e-10
19,7130300,T,C,0.00997156354895526,7.24069695537789e-08,1.6607777423575e-10
17,68148034,A,G,-0.0161823386301004,2.50113097868271e-12,6.53603865149563e-13
17,68206454,C,CCT,-0.00859720609385616,9.10189687377302e-13,5.76126758299266e-08
17,68090207,C,T,0.00758463951283842,8.91272535874929e-08,2.07282936361492e-06
05,130378027,C,T,-0.0135661231269515,9.63274724866705e-20,6.59461564723403e-13
07,46642734,A,G,0.0104752599210774,5.99073494614225e-20,7.13202406217043e-13
07,46734307,G,A,0.0111797762105272,5.99062342223249e-14,2.91396425445276e-08
07,46538362,G,A,-0.0148328384047891,2.02069867216084e-12,2.69407425623977e-12
19,8670147,C,T,-0.0304049653831418,6.42527826515586e-13,7.2682748056579e-13
19,8516278,A,T,0.00765817941321813,2.87155797569645e-10,1.1545190072371e-06
X,77920146,G,A,-0.023938409211492,2.41534243973477e-21,6.84574948586159e-15
X,78024291,G,C,-0.0132795125462426,2.24412057848278e-18,1.27188605290316e-09
X,77359566,T,A,-0.0204688537024689,1.46871880864325e-09,2.36654540180689e-06
09,97617103,C,G,0.0114883431790916,5.51171570934774e-20,7.33528798571806e-13
09,97409311,A,C,0.0077800073087677,1.03296168202285e-10,1.2206161446509e-06
02,9770589,G,GCGGGGC,0.013769355369265,5.18776125960411e-17,7.62646535010992e-13
02,10199601,G,A,0.00848082405964413,9.56544126899836e-14,1.83424927549084e-07
04,45182527,A,G,0.0113254848286556,2.38744233887265e-30,9.22257711341618e-13
13,30177474,TC,T,0.0126329292721944,4.30172214734406e-21,9.96764491687876e-13
19,46181392,G,C,-0.0141119924582741,3.76121206134671e-18,1.03392708511041e-12
06,76164589,C,A,0.0184165475414916,3.13286585424776e-15,1.15941757186868e-12
08,120456193,A,T,-0.0126543118739155,5.19593345869147e-20,1.19136725638555e-12
08,120596023,G,A,-0.0207779286258328,3.50278514076094e-10,1.15054745774097e-09
20,20069826,G,T,-0.013082828980306,1.14259399214059e-18,1.20314787219179e-12
20,20341180,C,T,-0.0111910639060634,4.82349254644131e-20,6.37012308945688e-11
12,123759417,GAA,G,0.0156728471109353,6.13514821211683e-18,1.22039664543584e-12
03,9975386,C,G,-0.0143226633496806,7.00861848999858e-19,1.28329904428728e-12
05,87795525,G,A,-0.0157960426997047,2.95537523690102e-20,1.16327982268891e-16
05,88421363,G,A,0.0101164801167484,2.17238996366037e-21,1.51496959070581e-11
02,44999709,T,C,0.0147317403289602,2.93566638572811e-17,1.42871504444526e-12
12,57146069,T,G,-0.0182672717569116,6.23334094869321e-14,1.54450018349744e-12
12,57540848,C,G,0.00996214362180409,4.26452745573936e-12,5.61041221233579e-08
12,56837979,C,T,-0.0160420501406367,1.94389636000745e-06,1.59541211286692e-06
01,21584941,C,T,-0.0112747008549084,3.98748938725375e-27,1.54707699034511e-12
22,40611012,G,A,-0.0118838462492709,2.91121129725436e-23,1.5667670122463e-12
15,38502321,G,GCA,-0.0113590418565865,8.50726740310438e-29,1.59566072450571e-12
08,116631278,T,C,-0.0136020797857638,1.95907586150318e-18,1.60751873516094e-12
08,126508568,G,GA,-0.0135052020849539,2.77105684260608e-20,1.84295705416811e-12
X,99882543,C,G,0.00946272564352326,4.7345904435869e-21,2.08187881079708e-12
06,26207175,C,A,-0.0171144044969404,5.02948973051901e-25,1.17801443564112e-25
06,26543649,CTT,C,-0.00794231245158708,7.28605517638367e-10,5.37571495399414e-11
11,10126097,TG,T,-0.0109685408426358,1.76014393274783e-33,2.25329149304509e-12
10,27901359,G,T,0.0106683387935334,6.35026131776249e-23,2.2702183080403e-12
10,27567902,A,G,0.00834423388350046,1.25772155800483e-07,3.67287630874643e-07
09,90873653,A,G,0.0115389622859585,1.39488881518003e-26,2.45921759937954e-12
09,91103841,C,CTGC,0.0118920667440615,8.21296128011914e-08,3.14266007705678e-06
20,6542634,C,T,-0.011299029094961,5.79956074353921e-20,2.53665961073759e-12
20,6709838,A,G,-0.0109992658355662,3.81107177500809e-15,8.05010539172277e-11
10,5042294,T,C,-0.0160515989192791,3.66317527002074e-13,2.57647157383378e-12
10,5254821,C,G,0.0127967502449105,9.54435376403221e-12,1.30056331465094e-10
04,1012300,T,C,-0.0232652985505411,3.57529031570966e-11,2.69463300571677e-12
04,840616,C,G,0.0101753439728469,1.89368648497079e-12,3.43445561453896e-10
01,51037660,G,GT,0.0199943401935178,1.32763197907463e-14,2.94887352523107e-12
01,50572096,C,A,0.0110634027907492,1.58542179026462e-13,1.3807963494406e-08
15,86276000,C,T,0.0109283507246891,8.99354702168309e-31,3.07422872620879e-12
16,88804924,T,TC,-0.0114291422141302,4.85659353064694e-16,3.32898267490527e-12
16,88321027,C,T,-0.0281878849555974,1.27062382496231e-12,4.90880532433907e-12
16,88554317,T,C,0.0079061068523507,1.61016938912224e-10,2.40410360818184e-07
12,28657057,C,CA,-0.0119447690786051,2.27917083411694e-21,3.42059031092066e-12
15,41970964,C,CA,0.0157798271980828,1.22670888443012e-12,3.53281576128154e-12
15,42084329,G,A,-0.0312619817449118,1.34939403685927e-07,6.05311743148497e-09
15,41560127,TA,T,-0.0107884767875205,2.14156146834237e-10,6.57121655896249e-09
14,24835773,G,GA,0.0112692182038714,2.59092679527973e-18,3.53359497554696e-12
14,24669623,G,A,-0.0136883588725227,2.60548093675735e-07,8.95904690002829e-08
01,184007119,C,T,0.0117353084466979,3.30160509716566e-22,3.70181337625493e-12
05,82810884,T,C,0.0273243770532379,4.67141600205454e-13,3.87484285985302e-12
01,118855812,A,T,-0.0117445316207742,7.72362219929418e-22,4.05797559343409e-12
16,20002523,A,C,0.0137882255557976,2.90663109603443e-16,4.24195251915862e-12
16,20249395,GTACT,G,-0.0139650883308543,2.01243676965444e-09,7.036572024715e-07
16,20375351,T,G,-0.00725363645509525,2.99328612415355e-11,8.34778176158187e-06
11,2813322,C,T,-0.040972246721801,1.27248179787773e-12,4.74171911321764e-12
11,3128823,G,A,0.0147223833654124,3.21993208407555e-08,2.40018455429152e-07
09,103061366,A,G,0.0115836534521353,8.51005703010045e-22,5.00256941752768e-12
08,49388368,AG,A,0.0137962634309054,1.27386464927889e-14,5.25026418741425e-12
08,49122143,A,C,-0.0236969849015359,2.41767481496815e-06,3.63098904925806e-07
14,68662643,A,C,-0.0155138586470608,9.44853909808851e-16,5.39243660274396e-12
04,122713863,A,C,0.0110458802347787,6.20318262113549e-26,6.35332028933139e-12
07,148648841,CTT,C,0.0122626586351671,6.31571494663125e-20,6.46874593617183e-12
16,24713503,T,C,-0.0103062443281195,4.00808423660903e-17,6.81570837506564e-12
16,24550930,G,A,0.0102665685669842,5.03949353547946e-10,3.32961845890243e-08
16,24950880,C,T,-0.0366637125719959,5.05452182878275e-07,6.66550492537973e-09
06,83330333,T,TG,0.0103065747759499,3.47548838320331e-28,7.34040030555053e-12
06,83624301,A,C,-0.0150538456282305,2.86990362104469e-06,3.87655836122338e-07
06,81829439,GTTGT,G,-0.0112570026074789,3.43371448068392e-16,7.65808281901307e-12
06,81342885,G,A,-0.00806286799720568,4.13422468416544e-09,1.66702020357841e-07
06,36210480,T,TC,0.0294383561252158,2.29906204194227e-13,1.02431032572074e-11
06,36311463,T,C,0.00893468431538062,1.23775953843688e-14,1.54551647637156e-07
06,35937373,C,CA,-0.00963699475088479,4.20207963303734e-10,4.20044495302665e-09
02,25975840,A,AT,0.0129507559710325,3.25227103234493e-15,1.09823051667493e-11
02,25481898,T,C,0.0100942538558533,2.07209513529972e-18,7.27769065781998e-10
07,71585126,C,G,-0.011308340220234,1.38928686007117e-22,1.18915264245256e-11
11,65960291,C,CA,-0.0181193822402398,8.53072400608511e-15,1.26110365573789e-13
11,65245829,T,A,0.0111394160861581,2.71214740869862e-12,1.0876731945354e-09
12,120867798,A,G,-0.027157377129432,2.24165539805716e-12,1.62666989901702e-11
10,79572587,T,C,-0.0326204141840594,4.76110247065144e-08,1.73497206601934e-11
10,79659934,G,A,-0.009118477605531,2.15964968853145e-10,3.04373773807624e-10
07,139749346,G,A,0.0135684757147014,5.14876281367227e-16,1.76616481799382e-11
12,117408148,C,T,-0.0148537340628374,7.20019804719343e-15,1.90545228807956e-11
14,23755598,G,A,-0.0107656206362024,2.07439971109114e-12,1.93364027123207e-11
14,23299135,T,G,0.00931917841030465,1.70012447570001e-16,1.4453018343746e-09
14,23879558,C,CCT,0.0187066289491862,2.36965111248808e-07,1.18410830922293e-08
X,118640330,AT,A,-0.00969619643322408,1.31145516628313e-18,1.99556086710616e-11
10,22258152,C,CA,0.0116376831846814,5.4470639452471e-20,2.0063233072673e-11
20,47843620,T,C,0.0123992635462542,9.91684572803439e-18,2.0211379112893e-11
10,120434096,T,G,0.0104717193012535,1.69724749077823e-28,2.35632974108953e-11
03,62711674,G,C,0.0112692074873221,1.77888424220943e-20,2.48817231891914e-11
01,56602992,A,G,0.0124348393361346,3.65212414652804e-17,2.54452223865039e-11
05,134361020,G,A,-0.0118748883114033,1.99773502794458e-13,2.68347386917195e-11
05,134586980,G,A,-0.00964594502593879,6.89237696562591e-18,4.71593612069205e-10
01,26455182,A,G,0.0125760498850072,1.51864344914089e-10,2.70921309798047e-11
01,26802548,C,T,0.00800612242278718,1.84365291470484e-13,8.51908582203578e-09
12,66212017,C,T,-0.0133887873247229,3.83415223525198e-17,2.01096722545913e-10
12,65710652,T,A,-0.00947380974834947,1.89774105883706e-09,4.96166143168713e-10
01,150897800,G,A,0.0161236767656417,8.476152879737e-11,2.90906257852262e-11
01,151250825,G,GT,-0.0106800294191721,4.85213061390028e-10,5.88190803603091e-09
12,103064247,A,G,-0.0121626144990951,5.78148546518823e-25,2.99068424765612e-11
12,103140560,C,T,0.0111507889778964,3.15606121484093e-13,2.2603688568062e-08
12,102571933,A,G,-0.0367170850978894,1.84161069770063e-08,5.90735015206433e-07
01,8017651,G,A,-0.0110182454634805,2.07059927863394e-21,3.06981175275713e-11
02,233086633,TC,T,-0.0181968529987435,1.12542299073634e-12,1.38495236480391e-12
02,233585299,G,T,-0.0111708184294073,2.00639546042091e-16,3.15848492465455e-11
02,233450824,G,T,0.00957931291867175,1.46910992320657e-11,8.39051863633171e-09
06,40369081,C,T,0.0110392727814317,2.75439507548421e-21,3.28303040839913e-11
18,74970687,A,ATGG,-0.0280774289551612,4.46901273585218e-12,3.34852289953194e-11
02,227264435,C,T,0.0124235813551764,1.43580964643179e-15,4.20985756456409e-11
02,227020494,C,A,0.0116577991412195,1.39765597420455e-10,1.32013337966431e-07
02,227373795,A,G,-0.00895866617592201,2.90512338140312e-13,5.8385170690504e-06
12,102407746,T,C,-0.0273678968412693,9.67879780187218e-13,4.30672194905155e-11
12,102372809,T,C,-0.00977897778614081,2.93208192153727e-14,6.93116805176204e-09
12,102328806,C,A,-0.00827810156988337,6.55838112326336e-12,9.79791647839463e-08
16,15147788,A,C,-0.0111644179718725,1.1131793970311e-19,4.61151559070172e-11
X,139197228,C,T,0.00864915949126176,1.03164965692586e-21,4.71687280978109e-11
05,179727399,G,C,-0.0105036571608828,2.88635349782107e-23,5.25888513461134e-11
07,93258982,CT,C,0.0103118921245292,4.66478718265964e-26,5.639368298872e-11
02,85818886,C,T,0.0111615514101883,1.2632171233371e-19,5.73701299455125e-11
01,11205058,T,C,0.0150014276622147,7.40084416356779e-21,5.82945563742228e-17
21,39673981,T,C,0.0102706426270785,1.20194793213628e-15,6.87117265557108e-11
21,39235370,G,A,0.00708367738925471,2.72504235031858e-09,5.96684576430058e-06
05,171336723,G,A,0.0084383985700662,4.29660616444644e-12,2.87472967086643e-13
14,35568947,C,CT,-0.0124301087352561,2.3590581408121e-11,7.21075262704131e-11
14,35866615,T,C,-0.00971517280667934,5.2528881573067e-12,1.04720074260118e-06
14,35218831,G,A,0.00867391231119237,8.75883468952972e-11,1.90393076921685e-09
08,129224888,G,C,0.0129028904954627,1.51357988055628e-15,7.65620185401836e-11
06,2101285,A,AT,0.0121156749256028,1.23112304250802e-16,8.44565035411535e-11
04,12893993,A,G,-0.0120539242021367,1.56151066869959e-16,8.70128811228724e-11
17,71124903,G,A,-0.0104046989769242,3.54363007067716e-22,8.79066668381263e-11
05,32829975,G,C,0.00985097361407121,1.37967274346255e-17,8.86574464292743e-11
05,33325863,C,T,-0.00920384750696585,1.0965406107962e-08,7.81152384159099e-08
01,32393821,TATA,T,0.0148672699760842,2.00203731041728e-11,9.01596375519404e-11
01,32128283,C,G,-0.00934285533089757,4.06911237465018e-19,2.94985634743869e-09
01,201016296,G,A,-0.0157300557592273,2.11414811853379e-13,9.61935260056603e-11
09,94186973,C,A,-0.0113534375333594,7.95282980842883e-18,9.6280018016642e-11
06,45090977,C,T,0.0104147498922277,4.47925769539188e-22,9.75137321078304e-11
02,33348679,A,G,-0.0192868046395718,1.61366883996877e-11,1.05014139219592e-10
02,33489022,AAAG,A,-0.020816307140813,1.19654755972782e-10,3.27138025787898e-10
16,28632021,G,T,0.0103348690499857,2.17915745532362e-23,1.11179167087655e-10
11,14413213,G,A,0.0221895938215312,6.13205095422076e-12,1.2034828735545e-10
02,25458100,C,A,-0.0103716897292057,7.30259861904105e-14,1.20621905243882e-10
02,25935577,G,A,0.0112833155884621,1.02847777280911e-11,3.04929151791148e-10
02,25041620,T,C,-0.00980482807045936,1.04599496782477e-09,1.50239951777798e-08
13,54104968,C,T,0.0161256468382521,8.24494458703498e-14,1.37409763051791e-10
13,53946802,C,T,0.00829481639311441,4.23041307414359e-12,7.91631170425076e-06
17,46288649,A,T,0.0139651611931491,5.79852116603013e-12,1.4037215666551e-10
17,46175361,C,T,-0.0222213087185508,1.98646203369644e-08,4.69667405374441e-09
03,88196211,C,A,-0.0111411819008091,6.57000858388132e-18,1.43309080589419e-10
05,80830788,A,G,-0.0104987090855021,3.65661638579777e-11,1.54251594339944e-10
05,81069494,C,T,0.00783748477711967,2.9040159430042e-14,1.55977026725018e-08
13,96922867,G,GGTATATA,0.0101575474507361,4.17999267426147e-23,1.68321915177826e-10
20,49189168,T,C,0.0100382706211166,1.99619898957235e-27,1.70848825109415e-10
12,9064133,C,CT,0.0102983986440277,1.77902930461495e-25,1.80103569614021e-10
17,76746325,A,G,0.00997905180582384,1.50477055634283e-26,2.24188613935918e-10
05,112162298,A,AC,0.0108371322615872,3.74453224787634e-23,2.41107102173948e-10
14,79939525,C,T,0.0119485044873884,1.43278913973737e-15,2.48222720516995e-10
03,52835514,G,A,0.0145169706091669,2.52796957890918e-11,2.6007373774441e-10
03,53164526,G,C,-0.0172037490157737,5.19202999619226e-07,1.6855743391225e-07
17,36925750,A,G,-0.0100129615883913,2.83280871575615e-24,2.83803837677619e-10
06,30030491,CTTTTTTTTTTTTTTTT,C,-0.00947454854026918,3.6126333323043e-18,2.93957118704464e-10
06,30373456,T,C,-0.0106773397141024,2.36314428365885e-08,6.96732050614942e-09
07,56187347,C,T,-0.0132303350776247,9.94589819618399e-14,3.2464724436873e-10
X,85563379,A,C,-0.00816481865040497,5.54147706534254e-21,3.37313307585095e-10
08,73449940,A,G,0.0109182762780076,1.600110721535e-17,3.56147653395903e-10
07,6399723,GATTATTATT,G,0.0148151269313024,1.04026543617096e-12,3.71021081990221e-10
17,65903006,G,A,0.0106695088322392,1.63186831260952e-17,4.06870633112021e-10
16,81511079,C,G,0.00956845902011207,1.12140389216762e-13,4.07549089753896e-10
16,81663793,G,A,0.00971340781523851,2.33083368581363e-14,8.16600011588992e-08
16,81600455,C,G,-0.0134596093410964,7.72274772124044e-09,2.76524485913199e-09
11,69303727,T,G,0.00973026267166625,1.28829010078017e-20,4.14265161194184e-10
11,69798856,G,A,0.0101673575405958,1.76829367978268e-07,9.07108401444247e-07
03,41308348,T,C,0.00981015196800775,1.22809583815114e-25,4.74202327288819e-10
15,89928189,T,G,0.00945612035883473,3.0712166891409e-16,4.76535923801879e-10
15,89432448,G,A,-0.0379354873532051,3.70013766619765e-08,1.66548082182209e-07
15,89437181,GT,G,-0.00844708817395381,8.71898468013841e-09,5.02849959688781e-06
06,31252396,C,A,0.0155183913781629,1.03182446262782e-34,1.91608517872658e-28
06,30876017,C,T,-0.0254830749714536,5.79831635817317e-10,1.07871647880347e-10
06,31191259,C,A,-0.013918200629925,3.61315643346389e-11,9.60761314353098e-15
03,56599469,C,CT,-0.00988348878436004,2.8658823207138e-23,5.37277474275669e-10
02,42625364,AAAATAAATAAAT,A,-0.0110338343263814,9.60795509811036e-17,5.43700275905334e-10
12,24179533,C,CA,0.0133484139176389,1.69926579749726e-15,5.488727683011e-10
12,24012013,CAT,C,0.0230954768764534,3.55363443622659e-07,3.95709731851518e-06
12,131610065,A,G,-0.0105816073290526,1.86853153899253e-17,5.54207921699061e-10
02,176964904,G,A,0.0102933032760421,2.95211158236763e-19,5.64914152805858e-10
17,39261560,A,T,0.0105313665692268,1.23900757344996e-17,5.68487107357429e-10
04,1341553,A,G,-0.0236821125472832,1.78194303468971e-11,1.71963714147021e-11
04,1701317,G,A,0.00986921602559914,1.02892640951257e-16,5.78414873621394e-10
05,39519303,C,T,0.0163494877217233,1.22901904738541e-09,5.8434971702541e-10
05,39365124,G,A,-0.00759539421610308,2.50907797171933e-15,9.5506790621085e-08
17,29051705,C,T,-0.0214544803793696,8.87331277582949e-36,1.94138864688787e-22
17,29037339,G,A,-0.0336597966745986,3.21778556724564e-16,5.31062611226053e-12
02,68500578,C,A,-0.0100705685151114,3.78670165699512e-21,5.93022719056959e-10
12,12871099,T,G,-0.0122067992303932,1.4430597445157e-14,6.44475325455575e-10
12,12878679,AT,A,-0.00926308208905726,1.1688485988653e-12,1.10395624725299e-06
11,29214768,G,C,0.0150858373631119,2.22138110510941e-12,6.6098280272592e-10
05,6754402,C,T,0.0102533271128811,3.78721012694645e-18,6.61453782292355e-10
07,1381277,A,G,-0.00992052831676039,2.11987880674449e-16,6.80448672512052e-10
07,1270738,C,T,-0.0169968437866772,8.62514715085157e-10,1.27573542766814e-09
03,187443314,G,A,0.0187276670249393,3.55396927774134e-11,6.88082692973042e-10
11,118680072,C,G,0.00978983339470978,8.9634220877285e-22,7.04300077941667e-10
10,18549889,C,T,0.0134806782488826,7.02881178889722e-09,7.72106006588532e-10
10,18714742,T,A,0.0119654734696979,3.90875945950111e-09,2.02376565280615e-09
03,49789921,C,CA,-0.0099444625806197,2.15633262018227e-26,1.1163567624043e-12
03,152356848,G,A,0.0134661763623932,1.01025896179137e-12,8.31381353529757e-10
15,81059775,A,G,0.009772333733626,8.87173876723418e-26,8.66959877638701e-10
08,57170647,A,G,-0.024457136212602,6.79012666022997e-27,6.66149384216215e-33
08,57187356,C,T,0.0199601654096519,1.26810599727012e-23,3.41271501734522e-27
08,57665019,T,G,-0.00916558119817865,6.2738611633058e-11,9.1268511545594e-10
01,212190116,C,A,-0.0094771318643866,3.33295603604936e-18,9.15624528747728e-10
01,212639727,G,C,0.0123466999670423,1.021120310416e-07,2.2546246507041e-07
07,121952981,T,C,0.0118324083457337,2.56368135620436e-14,9.17209779563558e-10
03,13800722,C,T,0.00934501916608813,3.35203266837554e-20,9.22231144140133e-10
03,14043412,C,A,-0.0290669381060108,2.16301538543322e-06,5.10772757575434e-07
01,2172919,T,C,0.0102671381509033,1.32288505874269e-14,9.68595119303153e-10
01,1673558,CA,C,0.00903038080628358,7.84078672101604e-13,2.92284750169821e-07
09,129745108,CTCT,C,-0.0106629892326538,1.28722839688335e-12,9.77902296065514e-10
09,129428847,T,TTAAAA,0.00894999488809935,1.34876528098318e-13,2.39530091872258e-08
08,65295461,TAC,T,-0.0113810159413613,8.79672959305541e-10,9.95659729450848e-10
08,65272478,A,G,-0.00866302922434304,2.17581081084543e-10,1.36126127725583e-08
09,111707928,G,T,0.0174173166230663,2.8227521365102e-09,1.16194083699693e-09
09,111901477,T,TA,0.0131521946775446,1.21730941691102e-06,2.97486285242249e-07
01,227629444,GA,G,-0.00940320767751758,4.59957110821263e-15,1.17425530516394e-09
01,228107423,C,G,-0.00961832041786315,1.76640940236215e-08,8.36529544291703e-08
09,136143136,C,CT,-0.010902447860425,7.66013250224676e-17,1.2048319523198e-09
14,50923249,C,T,-0.0184502670451609,6.90671015580915e-11,1.25729584732227e-09
08,23390046,C,G,0.0113717535975064,9.13332498754976e-10,1.26858923594256e-09
08,23414369,A,G,0.00778447837729052,4.62463436300486e-08,6.0602220464235e-08
08,23650576,GTA,G,0.00744425008520854,2.91305449205019e-09,9.83647206913485e-08
02,145345343,A,T,-0.00946738456449703,5.29038662273875e-18,1.35792515672849e-09
02,145611943,T,C,0.0116373129849847,1.06928008960057e-06,1.27007036662144e-06
17,78449948,C,T,0.0127552486265224,3.43122762971003e-13,1.37237944430676e-09
02,38055320,C,G,-0.0139615426487746,3.3399570121367e-12,1.38091023550124e-09
16,67991972,C,T,0.0188987851087101,1.01958203352227e-10,1.47822542598155e-09
19,4910021,A,C,0.00956579381428362,1.6457951705133e-16,1.59357839577801e-09
19,4449287,T,C,0.00961363468886694,2.40700780917598e-10,2.69302779285824e-08
11,2665357,A,G,-0.0342326193289609,-99,1.97178852284956e-10
01,10732269,C,T,-0.0218954967800414,-99,1.08573352801703e-11
06,34163292,G,A,0.110872687493087,-99,1.9353522689091e-12
06,34181995,T,C,0.0517176226247261,-99,7.31052653867562e-46
03,49568181,G,A,0.0419612453151278,-99,7.43004121072898e-10
12,65964357,A,T,-0.0233152734095146,-99,1.99553109002714e-12
05,87999371,C,T,0.0403317092340582,-99,3.08820131589467e-09
05,171218388,T,C,-0.0174878602150197,-99,2.3415674077035e-08
05,171281875,G,C,-0.0204548674174118,-99,1.15721650948314e-13
