chrom,pos,major,minor,beta,p_value,gwas_p_value
18,57829135,T,C,0.0407379630347258,1.65382227731649e-166,2.73571506939783e-104
20,34025756,A,G,0.0327421305792621,1.29771835731459e-209,9.81235670255771e-91
16,53806453,A,G,0.0308091308685518,1.81473290523179e-186,2.14207956807451e-80
03,141105570,A,G,0.0268363026329338,4.99663709817435e-162,5.87465240649585e-63
06,34620153,T,A,0.0314717789561537,5.10773353768729e-48,5.3670173806485e-53
13,51121547,G,A,-0.0278134253200512,2.61798187181836e-71,1.02497057048839e-50
13,50655989,G,T,0.0685187547914043,5.98603357945883e-32,9.0349995344285e-35
06,130374461,A,T,0.0268392518023507,7.18702757401174e-85,3.54766934657554e-50
12,4384844,T,G,0.090810210624128,1.15325034733817e-52,4.79724719948249e-50
07,92250140,T,G,0.0259740036335136,1.56846232289004e-81,1.43949855646337e-47
06,126704795,C,T,0.0230510915721191,1.35052378570054e-116,1.18557892839246e-46
12,66351826,C,T,0.0225752474656958,2.95131918455431e-130,3.6665494931135e-45
18,20737641,T,TTAA,-0.0263292691600561,1.96232867950186e-65,3.32527532336687e-42
02,417167,T,C,-0.0516260872596593,2.14665617218132e-47,7.25862153931786e-42
02,632536,G,A,-0.028743534768976,5.66603825981789e-58,7.52296397836518e-40
02,27730940,C,T,-0.021461130323933,9.12071207045202e-89,2.41666427663134e-39
17,29206421,G,T,-0.0256742931005318,3.24976029388156e-64,2.73519989961383e-39
08,57122215,T,C,-0.0298008148592575,4.70884761148163e-44,5.3230906137676e-39
08,57195002,C,T,0.0166176235501997,9.58774196815209e-25,3.16986663864951e-20
01,78444764,C,CGGCCG,0.0316743446804199,8.24172454920536e-50,2.72743450955991e-38
01,177889480,A,G,0.0254175916514085,1.36430884043844e-57,3.12888032970544e-38
X,78655777,G,C,-0.0176306333342858,1.19564367560987e-66,6.83336177209685e-38
12,93989683,A,AT,0.0259316919775026,6.46882568624357e-52,1.17690107730945e-36
12,94136009,C,G,0.0142245441016131,2.47218713054144e-42,3.14737213063741e-14
14,61072875,C,T,0.0204831633138032,2.43726357410148e-79,4.83724234969599e-36
13,51064533,CCT,C,-0.023380762675635,5.13145713224176e-61,2.6673805243635e-41
13,50565104,ACT,A,0.0679490912977661,1.77226550914886e-32,1.45477531840886e-35
09,119124535,T,TAA,-0.0245999550632902,2.62677417572753e-52,3.71263612525098e-35
04,17937983,G,GAA,-0.0227448374600979,2.37905712846198e-32,3.77534440683797e-35
04,17956213,T,TG,0.0153035710831435,1.90766430498132e-27,3.7096869901718e-28
06,31840021,A,T,0.0158464830906387,1.45830320286541e-25,1.33105768486723e-34
06,32199144,C,A,0.0155986931295473,5.97165390266465e-15,1.65702537816243e-30
04,145560166,A,C,-0.0193644210684054,1.06505784682317e-27,2.95942187845704e-32
01,154989823,T,TGGGGGCAGTAGAGGGGGCAGTAGA,0.0196015858763194,5.29900065967122e-38,7.98400013472312e-32
01,155186742,G,A,-0.0105227675540908,1.97520125422981e-19,3.84048232992461e-16
07,150668070,T,C,-0.0181151394686038,2.19854852126796e-49,1.44983833575072e-31
07,150554553,C,T,-0.0186077344273271,1.29587722968408e-10,6.2769915977502e-15
17,62017421,G,A,-0.0246619307999258,1.03435948728629e-99,2.56296273146259e-31
17,61996273,T,C,-0.0330653242818377,5.49790392056357e-44,3.98720070188722e-18
16,29972465,C,CA,0.0197543685882944,2.86294676477214e-78,2.76335860526414e-31
16,2160503,T,G,-0.0243785390599121,9.90332700387284e-37,2.83400471121684e-30
16,2266173,T,C,0.0172236027151059,1.83054905551407e-34,1.29209501968618e-22
06,19839415,C,T,0.040969476910604,3.32497755614984e-33,4.26577239773613e-30
06,109003321,C,T,-0.0200471123108581,2.857247579241e-52,1.79474102497166e-29
05,75003678,T,C,-0.0183178540948155,5.83835765581481e-65,2.95777439774704e-29
08,135601194,T,C,-0.0151260220153562,8.08394590447724e-24,1.15577120380013e-28
08,135649848,G,A,-0.014213242011416,5.72933064746521e-16,1.42933151369819e-21
08,135843916,C,G,-0.0112434390435171,8.54518893894315e-14,1.39039388092425e-09
20,33430974,C,CA,0.0170925019863853,3.76698999482844e-57,1.20233543694644e-35
20,33132917,C,T,-0.0179485970734509,4.67591584531333e-20,1.92031710009826e-25
01,41544279,T,G,0.0186718993666367,1.10758888232719e-55,2.34704397800005e-28
05,122699198,C,CTA,-0.0176350620355622,4.69571336175866e-74,2.44121200051221e-28
06,26180634,G,C,-0.0199689448806489,4.03715762781586e-46,6.99409570627833e-28
11,67024534,C,T,-0.0301644226700395,5.44641738434685e-30,1.25562683649408e-25
20,32274380,G,A,-0.0172985388224941,2.32987331885152e-28,1.31135812253161e-25
20,32595626,C,CAA,0.0128110198105162,5.41149096411639e-32,5.53297508701474e-19
06,7702659,G,C,0.0169998244319642,2.36457991544672e-63,1.74429734829699e-25
06,7231843,G,A,-0.0168931941490986,8.62761088927013e-12,3.05051621010869e-10
06,41909521,C,CCG,0.033466209748579,6.54413059564156e-28,1.99383468199285e-25
06,41903798,C,A,-0.0611562825726451,1.19235578718598e-18,1.60925304087791e-19
06,152168974,T,G,0.0167775029358603,3.46105591354603e-66,2.09329574433835e-25
02,218278503,C,CTGTT,-0.0174529745439372,3.5673270108542e-36,4.26757370050832e-25
02,218146818,T,G,-0.0147316400370292,2.22489679910432e-20,1.10715458682547e-16
02,172416533,C,CTTT,-0.0188508872995805,6.51617820393291e-40,1.54088839104308e-24
17,7571752,T,G,0.0759382088675878,1.05491872913501e-25,1.43026873581879e-23
17,7366619,T,C,0.0200529727564195,8.1585028903577e-22,5.28387731310162e-16
17,8056606,G,T,-0.0170935385300236,2.67664265493257e-10,2.87421662822857e-09
11,27694241,G,C,-0.0166396753482523,3.40970434671493e-22,3.11225591533157e-23
11,27646247,G,A,0.0121429740565432,2.67520713323133e-17,1.10533555228353e-18
07,2859847,G,A,-0.0170729786720238,3.02063548181917e-41,7.59382411177314e-23
04,106215108,TC,T,-0.0160696007091652,2.09093064015703e-52,8.23022409336947e-23
03,185548663,G,A,0.0226166613257179,1.59572001086247e-25,1.16878483692681e-22
03,185828465,T,C,-0.0127916998452118,2.21941615396229e-13,7.78065060117687e-12
06,142716286,G,T,-0.0170550677831269,2.62629877048383e-27,1.19041614436086e-22
06,143187255,CA,C,-0.0098275918002662,1.16943524528856e-18,1.70692245028395e-10
08,78107140,T,A,0.016903133104337,2.22450074001086e-36,1.80398949448011e-22
08,77761919,C,T,-0.0213880537013691,7.81613185366107e-10,3.78499705672938e-10
05,42687629,T,C,0.0254018005424742,1.59519660033336e-27,2.57658773781356e-22
22,42070374,A,C,-0.0259913232198965,3.42489313132466e-26,9.74603876986399e-22
12,111865049,G,C,-0.0152269029709473,1.48850830941087e-58,2.09308095584503e-21
19,47569003,A,G,-0.0160583923425748,9.08855384197536e-40,4.20459218608577e-21
20,50951298,A,G,-0.0190048518363201,6.65087308822406e-30,7.60368484324161e-21
07,73037956,A,G,0.0218818068169211,6.4692532181575e-27,1.08781823806791e-20
03,50022079,G,A,0.015600624772849,6.54244162672501e-61,1.30859459954294e-20
12,50263148,G,A,0.0151310610948876,1.20987127744586e-43,2.91781310820438e-20
16,4015729,T,C,-0.0151062032867484,1.49890788248884e-43,3.37417146694645e-20
04,145762728,G,A,-0.0192341155557682,1.51933663972436e-19,7.36074580783378e-28
12,124826676,C,T,0.0199079367873771,3.62306770013194e-27,4.4475042352103e-20
15,99186488,G,C,-0.0173955715414351,9.42444171865361e-16,6.82173016870582e-20
15,99214192,TTGGAA,T,-0.0254713913498117,2.33732825842326e-21,8.8725791409668e-11
15,99226148,G,C,-0.0145337558138959,2.17923630658582e-25,5.88238709611432e-16
05,168256240,G,A,-0.0178203788440115,3.97915546676665e-29,1.17626753057241e-19
06,50787576,CGAGGTGGGA,C,0.022471074108506,1.54155240857493e-26,1.74003435276029e-19
10,102686838,GT,G,0.0147442739638063,1.83103661760152e-37,2.03079342222452e-19
10,102317557,T,G,-0.0118635491361238,4.49681725922052e-11,4.96910969877211e-09
06,29355148,A,C,-0.0158030748100219,8.53543748225429e-35,3.66072339501436e-19
14,25948867,T,C,-0.0154609113953937,3.76751098618422e-38,4.21200987720398e-19
11,2165576,G,A,-0.0186486108970599,2.546061293033e-27,4.29801869930469e-19
07,23513093,C,T,-0.0164680407680493,1.42152667956087e-30,4.92160715374518e-19
12,46752872,C,CA,-0.0145982356224114,2.41246192502465e-45,5.51739203265961e-19
02,211540507,C,A,0.0151084316171203,1.83744132395413e-34,1.02919973978643e-18
15,89394600,T,C,-0.0397500746049251,8.417562926776e-18,1.10452695327367e-18
15,89257734,G,C,-0.0147488236451652,3.45109720274021e-10,3.33012611144676e-09
15,89367562,C,A,0.0100919847985675,1.02112369367731e-20,7.74011610178701e-10
02,23912401,T,C,-0.0161259611681121,2.27092877925759e-30,1.11342579627348e-18
01,176787749,C,CT,-0.0147992445783568,3.18537125339702e-45,1.782588217928e-18
01,176500060,T,A,0.0191660082903001,4.78862446932898e-11,6.53871916567021e-09
05,87695669,G,GT,-0.0172423154705768,1.14082490740858e-27,1.79784843638438e-18
17,79093822,A,G,-0.0147947206420128,4.7691597118013e-32,2.13970822440738e-18
17,78757626,A,G,-0.0106519036106578,8.64268675685632e-14,2.90893221322517e-09
09,98256235,T,G,-0.0195954873602438,2.80935488905937e-14,3.32197133418448e-18
09,98217348,A,G,0.0207288193838978,2.96459333083369e-18,1.87288364010676e-17
09,98318926,C,T,0.0127229969267414,9.07298704881715e-13,2.35034569512041e-11
17,59494574,T,C,0.0146445056536922,1.38968293521429e-34,4.03586133067114e-18
06,109781301,T,TCA,-0.0140283713289985,5.49795806454087e-41,5.74037765249536e-18
05,176509193,T,C,-0.0159576120395402,1.77089679247036e-35,6.03918964427637e-18
06,160767905,T,G,0.0137450280577073,2.75447821721935e-47,7.03891354352628e-18
06,140544467,A,G,-0.0150799867230775,6.23639594947674e-30,1.59847390136741e-17
11,68388220,G,A,-0.018181993033348,4.99632305317253e-24,1.75670587530365e-17
03,172121443,A,G,0.0136747592054558,2.24458866403995e-25,1.75829255372594e-17
03,171969077,G,C,-0.0130087737853699,5.26232108766767e-28,1.20388484777015e-16
05,170864021,G,T,-0.0169275666598792,2.4918056702834e-20,2.33992890860746e-17
05,171336723,G,A,0.0116720173794158,3.21964691930708e-27,4.07937830773606e-13
06,34589632,C,T,0.0313050506541573,1.32664602200635e-47,1.31004621495041e-52
12,11880608,TAC,T,0.0140769298189795,2.03693553729173e-34,3.92731474563439e-17
01,33774752,C,A,-0.0143442217808774,4.9985371106666e-31,8.97412668222897e-17
01,11281051,G,GT,0.0147736729390744,4.94036088472326e-29,1.16181663341073e-16
20,34769811,A,G,0.0156200948714016,8.78728642854317e-24,8.51601789108128e-23
20,34865772,C,T,-0.019404717008338,3.36349775242366e-22,3.68744525327386e-21
20,35741970,T,C,-0.0175781234599442,1.57524526232156e-16,6.35511157915662e-11
01,214638396,C,G,-0.0136794652906666,2.3937066957716e-37,1.8942883245983e-16
X,137050402,C,CT,-0.0160525249101615,1.37766447621594e-20,2.34639284225107e-16
X,129251524,A,C,0.0109862402487386,2.46817101353714e-30,2.93429726518432e-16
12,116196316,CAA,C,-0.0165036876462674,5.34534120411092e-24,3.44906457784525e-16
05,67596088,G,A,-0.0130117817022161,5.20178997705285e-41,3.63438292501276e-16
02,56106928,C,T,-0.015451982557302,2.25149012620106e-24,7.04131711659669e-16
05,172779211,T,C,0.0143532468427396,1.01309877767209e-26,1.14535260511231e-15
19,10748073,G,C,0.0135164182164406,4.92403036226705e-30,1.36383503104769e-15
05,139042547,A,G,0.0131998945009008,4.22537799327316e-32,1.889767357259e-15
12,122820960,T,TAA,-0.0145869073128482,1.16240289787229e-16,2.49908356827885e-15
12,122353230,C,CA,0.0188923338789413,7.71041539936686e-11,1.47766002397979e-10
12,122583781,A,G,0.0098445486820269,2.03070538744838e-17,7.16029979374293e-13
19,30286450,G,GA,0.0136406700047393,1.94708523166173e-24,2.56736439811083e-15
19,30709841,C,A,-0.0119138525907123,1.13633140758863e-11,2.01175464217539e-09
15,67007813,A,G,0.0141971594563821,5.67026812657565e-26,3.46016561686333e-15
10,96026184,CA,C,0.012661252582341,6.88033009102536e-36,3.61663964399213e-15
02,183247431,G,GA,0.01272398559305,8.90391538486642e-36,3.71348819638044e-15
05,130378027,C,T,-0.0151078012948386,2.80539116266303e-23,3.93524908392947e-15
19,2176403,G,A,0.012720845252361,9.16495086984615e-34,4.01992021163403e-15
X,45634295,G,A,-0.0114859334957593,6.64582980943447e-23,4.82459597715852e-15
07,50661670,CCTTT,C,0.0159095890855554,3.89328783238704e-22,5.74091681006721e-15
11,43878459,G,A,0.0137432977972618,4.81781007196333e-26,8.03415192286119e-15
01,172105257,T,C,0.0132884487676872,5.80645442135654e-27,8.18153940808265e-15
17,43223316,C,CAT,-0.0133151508165694,2.81702308445182e-27,8.65764164844538e-15
12,991306,G,A,0.0150851520930099,8.16154506685196e-22,1.00842309713314e-14
12,56364321,A,G,-0.012986815383414,3.90272143967215e-28,1.13651701903645e-14
09,90873653,A,G,0.0125088155335353,1.09126900677374e-33,1.34655380931862e-14
13,30177474,TC,T,0.013900888042744,2.44659381211479e-24,1.41644607440448e-14
03,85671119,C,T,0.0128893594439596,5.97843267306491e-29,1.52574650887831e-14
20,21123431,CAAATAAAT,C,0.0132968451477858,9.09487174429858e-27,1.588284268642e-14
01,218609702,A,G,0.0135552363074242,5.95101905346747e-25,1.74405903581408e-14
07,28174957,G,A,0.013515493536163,5.85422563678318e-25,1.97295081817179e-14
01,201806106,T,C,0.0129567446072974,3.11122438395763e-28,2.40491708859499e-14
03,183976103,C,T,-0.0159592792084145,9.96915872963992e-20,2.70785066325534e-14
05,95728898,C,G,0.0136510753817376,1.45710998347311e-23,2.84099941317265e-14
11,30443688,T,C,0.0131838159742234,1.80062455335885e-25,2.84178505272234e-14
07,76568137,TAA,T,0.0161845310990522,2.86851388620159e-20,2.89188404273532e-14
02,198950240,G,A,0.0121153848490601,2.04982008539975e-37,3.25216599602162e-14
03,128992047,A,G,-0.0145730645370569,1.79890789654922e-21,3.49502821787916e-14
04,88557753,G,A,0.0121349024922028,1.46373866746698e-37,3.92505909364871e-14
01,155174106,C,T,-0.0118680629426873,5.67592659583943e-31,2.09989317522958e-16
01,155661719,C,T,0.0357292385343284,1.28687427194881e-11,4.27243539095375e-14
02,71562503,C,T,0.012179958363275,1.71485834655456e-33,4.2764235495345e-14
16,4948936,T,C,0.0134720075651442,8.77540570219486e-24,4.72585380505337e-14
06,19078274,A,G,0.0150216772857161,2.9741597778258e-20,5.10363197329442e-14
06,126097374,G,GC,-0.012066212866248,1.14280374048152e-36,5.55853787315093e-14
X,77576633,C,CGT,0.00848733554323861,9.09986064344308e-13,6.44233641120755e-14
X,77920146,G,A,-0.0193164236051037,6.27278514499214e-14,1.62156364240888e-13
X,78024291,G,C,-0.0113502205377319,1.07945279356222e-12,1.09885921896334e-09
08,116631278,T,C,-0.0146617073251744,1.90070290946226e-20,7.35678746222468e-14
12,120907309,T,A,-0.0303231950090321,6.99950965357273e-15,7.61074932127666e-14
12,123759417,GAA,G,0.0168000004847007,1.08381222792876e-19,7.80165218966864e-14
08,126498265,C,A,-0.0140853230785018,1.06372280123946e-21,1.18985416466698e-13
17,47063204,A,C,0.0209603063050474,3.99634621944479e-16,1.2517671256035e-13
04,45182527,A,G,0.0119391642348675,2.25555616559587e-32,1.26666026614469e-13
04,82184234,A,G,0.0127671357253529,1.11381866092133e-24,1.3866121885598e-13
15,62274940,G,C,-0.0118284431093819,1.04345222841675e-33,1.38765974176369e-13
01,205685352,T,C,0.0120312587359352,2.93289164726536e-29,1.43584772932562e-13
02,223960207,C,T,-0.0130807891865076,1.05796964939241e-22,2.19280573866951e-13
01,51037660,G,GT,0.0207917145400704,9.94549486130881e-15,2.42454117455545e-13
01,50546810,T,C,0.010265865827354,3.23197891286538e-16,2.14865108191787e-09
X,78792528,G,A,-0.015936331419735,2.71976546323455e-59,3.02461750477715e-32
05,36882988,A,T,-0.0127784646866504,3.86642345982587e-23,3.20104008107048e-13
19,46182304,T,A,-0.0146881985898177,7.01225292153616e-19,3.27925932079309e-13
03,9975386,C,G,-0.0149654613264505,8.86685495543907e-20,3.28973460472442e-13
08,130721742,TGATA,T,-0.0149266515026539,2.88897793421837e-19,3.35522490556545e-13
19,8670147,C,T,-0.0321803219587504,3.69086307907953e-14,3.62642040269774e-13
10,77209145,C,T,0.0116947472882718,3.73900989904603e-32,3.6789451047093e-13
14,23779877,C,A,0.015904311898366,3.05721815527459e-15,4.03412025071397e-13
14,23305649,T,C,-0.00989892215404548,1.49500006620008e-18,2.53244313499079e-09
04,122736053,T,C,-0.0118385737526273,1.48368151606378e-28,4.09019930768083e-13
15,41970964,C,CA,0.018168804439943,8.30169764415632e-17,4.63649928715388e-13
07,127015083,G,A,0.041930912230114,1.60597552795111e-13,5.16706233358211e-13
03,85526120,ATCTCC,A,0.0125590476682932,1.14343512722977e-27,5.28076887614797e-14
10,120434096,T,G,0.0115059832180232,7.13981508610336e-33,5.73575909622225e-13
X,53628625,AT,A,-0.00993856592010612,1.76990008232421e-28,6.64384232638719e-13
05,137603293,G,A,0.0139624957577441,4.3952900279436e-19,6.8244394534057e-13
09,97617103,C,G,0.0116241399577707,1.49537559612901e-31,7.12249476202877e-13
03,38496193,C,G,-0.0115150457690028,5.68482248882633e-33,8.1549197378129e-13
02,25458100,C,A,-0.0121155296393564,4.14058951222042e-24,8.20074265111604e-13
22,40611012,G,A,-0.012234133475007,1.02081599573231e-23,9.20342423136552e-13
10,25178864,G,A,0.0155555897783045,1.42879710625837e-17,9.22319886125167e-13
12,103064247,A,G,-0.0114335300797441,8.94925272163044e-34,1.06783614607057e-12
16,88804924,T,TC,-0.0123521540944604,2.91071672524028e-23,1.10815115377365e-12
16,88321027,C,T,-0.029524494459379,1.68916138798723e-13,1.34464045069115e-12
11,2813322,C,T,-0.0424748569013892,4.69540571975146e-13,1.1422891371504e-12
11,3128272,T,TGCCA,0.0168805147360525,1.10462404266633e-10,3.02326539204993e-09
15,86276000,C,T,0.0113515978713173,6.34746260602108e-32,1.15403936239075e-12
06,35767429,A,G,0.035713444830747,1.61484867699241e-13,4.9177224706293e-13
06,35534117,T,C,0.0310016197393821,5.6231708055479e-10,9.34003240257518e-10
06,35633456,A,G,-0.0219290247240025,6.71022370980684e-10,2.87815815750786e-10
12,28657057,C,CA,-0.0124233833790631,3.33602101727521e-22,1.20668792753749e-12
17,63561592,G,T,-0.0156655478888702,9.11775950473597e-17,1.34100876974396e-12
X,99882543,C,G,0.00969697705963787,2.8070477501601e-21,1.49822227248303e-12
08,120456193,A,T,-0.0128262215483455,8.01271264487146e-20,1.55303175184333e-12
08,120596023,G,A,-0.0208183756348987,6.77960571698672e-10,2.14095016150771e-09
17,29230520,GGT,G,-0.0219438300024975,1.3182089641619e-58,1.87523486994462e-34
10,104829102,G,A,0.0116145110443209,1.23339708440314e-25,1.98635463382624e-12
08,145001031,T,C,-0.01129735687492,1.05057688126054e-28,2.12044996702936e-12
16,781292,C,T,0.0151463104242723,9.8210490334819e-17,2.28482287984308e-12
16,359953,G,A,0.0108476564253566,5.17510877945164e-14,5.68566274180963e-09
16,1113847,G,T,0.0100331320560333,2.70556619932974e-14,9.45341478908148e-10
02,169721381,A,G,-0.0119433270022727,1.21029063064236e-22,2.4239660145066e-12
06,83330333,T,TG,0.0113603545257867,2.21416413695537e-34,2.52586511726709e-12
13,54107352,G,A,0.0167701517896084,1.36366022114972e-15,2.5976510578749e-12
12,3352245,G,A,0.0199242349591574,1.34917434989028e-14,2.75239050535882e-12
07,93258982,CT,C,0.0112015192682296,2.13412824748206e-29,2.80420879168028e-12
04,123832776,G,A,0.0141270997035961,2.29964775223697e-17,2.86931509643539e-12
14,24804088,A,T,0.0126694217993654,8.89406656962191e-20,3.1502678007947e-12
09,99106848,TA,T,0.0139185079081059,1.48206092673754e-17,3.57247474410379e-12
14,65520246,T,C,-0.0111977787881702,5.17320079081186e-31,3.6390951091898e-12
06,80959985,TC,T,-0.0123827123311329,1.61952141005933e-27,3.72247281274653e-12
06,81446732,G,T,-0.0115303829099636,4.12074295699516e-19,5.31288204689317e-10
06,40369081,C,T,0.0117715664745709,3.63310457615955e-23,3.73479915361989e-12
11,118590743,A,G,0.011176176489296,8.75287432233624e-30,3.81797887155488e-12
01,72754314,C,T,-0.0139868113213827,2.90970680055289e-17,3.84787384927271e-12
06,26207175,C,A,-0.019236777132263,6.89629037476027e-44,2.36332176844903e-26
07,139749346,G,A,0.0142357047606276,6.86443636470563e-17,4.37880460606607e-12
04,1012300,T,C,-0.0258959910313071,3.55601309679192e-13,4.47444007765573e-12
06,76164589,C,A,0.018252755553378,1.70286600455373e-14,4.6139845741611e-12
16,20002523,A,C,0.0127689824347674,4.33238977709478e-19,5.24827497899967e-12
01,21584941,C,T,-0.011203377897712,6.94294501750721e-26,5.35190391998186e-12
13,78474468,C,A,-0.0129851011197038,2.01964119700249e-18,5.56723372500689e-12
10,27914001,A,G,0.0111418428340193,8.76156312338724e-27,6.6091826735279e-12
X,109832336,A,ACG,0.0096712893235264,1.47499321882333e-20,6.63603052762214e-12
17,46288649,A,T,0.0162119704214907,3.74215512432293e-15,6.86939018686423e-12
02,233048622,G,T,-0.0184738069030163,4.56162710473765e-14,7.8530019118086e-12
20,20069826,G,T,-0.0123402682567146,7.90973848014457e-18,9.65614681030311e-12
20,20348253,C,T,-0.0129612418199392,3.42330051786565e-12,1.23239017496527e-09
12,97792368,TG,T,0.0109131797271794,2.99031005037386e-30,1.02704143008783e-11
11,10126097,TG,T,-0.0108156549449805,1.80521105809815e-31,1.10384794656218e-11
01,184007119,C,T,0.0116797227758672,2.88655314219378e-21,1.11415445152954e-11
10,124131176,A,G,-0.0109641130145461,3.66149932901767e-26,1.12371549891978e-11
02,9770589,G,GCGGGGC,0.0130730372456293,1.04814715362261e-19,1.13519310375827e-11
10,70240379,G,C,0.0110118550096607,4.23586174293538e-27,1.14338065782608e-11
17,68148034,A,G,-0.0165494076244392,1.63075821056311e-14,1.15752508661801e-11
01,8015560,A,G,-0.0114255366320007,2.44008547905547e-22,1.2858537432792e-11
01,11220180,A,G,0.0152746212298584,4.91178026657217e-20,1.44520340335602e-16
01,10724236,G,A,-0.0109384183468739,1.0142277471898e-23,1.30750798779572e-11
09,103061366,A,G,0.0115557254074009,5.79291008960215e-21,1.36323950157118e-11
19,7112645,C,A,-0.0157815031999464,1.53313253969978e-13,1.65006514461761e-11
19,7183797,C,T,0.0107869458777641,1.80373251293483e-13,2.55534826472519e-09
05,171281875,G,C,-0.0118993885041879,1.95643785920523e-30,3.85990303706995e-13
10,5042294,T,C,-0.0168290892159781,2.93752026909762e-14,1.70274573528409e-11
10,81103862,T,C,-0.0108234254010297,1.11873005733865e-30,1.70348448760308e-11
12,102407746,T,C,-0.0282842812735893,2.54972118566372e-13,1.7987947677927e-11
12,102372809,T,C,-0.0100675288741027,2.26909726667875e-22,6.82603496573139e-09
05,77394128,TA,T,-0.0124364780142754,6.0473701941272e-18,1.8075969728854e-11
06,34163292,G,A,0.10992599444653,-99,9.41866956222997e-12
06,34181995,T,C,0.0529336746119589,-99,2.40660443888277e-46
04,145839264,G,A,0.0267965192011863,-99,1.12397553251296e-28
