chrom,pos,major,minor,beta,p_value,gwas_p_value
18,57848651,A,G,0.0452880094142209,2.22527841322533e-190,4.02930399846367e-119
20,34025756,A,G,0.0365011023846859,1.51149185472343e-240,5.53143552352558e-104
16,53806453,A,G,0.0351621896501001,4.0510077017082e-224,1.89177105642004e-96
03,141105570,A,G,0.0299549918497534,2.47911943078826e-186,2.79394560228649e-72
12,4384844,T,G,0.106576713710286,1.41463195412036e-66,3.08396534837983e-63
06,34620153,T,A,0.0385495488848189,9.43978951451214e-72,3.52975312365107e-61
13,51099616,C,T,-0.0314390285397734,9.12109540022061e-86,1.86781849139558e-60
13,50655989,G,T,0.0784421909022385,2.32027433893659e-38,7.56945192531546e-42
12,66361453,A,G,-0.0261796752141824,2.4685353535283e-161,1.05450363350383e-55
02,417167,T,C,-0.0613652072240735,2.26294929550774e-61,2.82053369636981e-54
02,632536,G,A,-0.0326322037943658,9.3471592182608e-69,4.66371670336129e-47
07,92250140,T,G,0.0285308940849964,9.76573065978658e-91,7.76405142413804e-53
06,126704795,C,T,0.025016378266685,8.51442647505316e-127,1.20400103917362e-50
06,130374461,A,T,0.0279089452397209,7.35220122870557e-85,3.60861443240411e-50
08,57122215,T,C,-0.0346094708903435,1.99243646290002e-54,4.58753190911189e-48
08,57185471,C,A,0.0179532164603245,2.16494416644307e-28,3.93791618195104e-23
01,78444764,C,CGGCCG,0.0362474284546821,6.19080097471333e-60,5.67529671126947e-46
01,177889480,A,G,0.028685378765587,1.6650817790456e-67,1.01450047686121e-44
18,20735461,G,T,-0.0280933182801008,1.09195214599238e-66,7.77244391614067e-44
17,29206421,G,T,-0.0280105881080157,1.74301833835628e-70,4.55969709918448e-43
13,51064533,CCT,C,-0.0271757919879184,9.07880951929036e-76,4.58765137656591e-51
13,50565104,ACT,A,0.0776452578261061,7.28037850268213e-39,1.14878779846134e-42
06,31351522,C,A,0.0232731557734895,1.69869571343497e-84,1.41251472253933e-40
X,78655777,G,C,-0.018781522123224,7.65939474051733e-70,1.12616978943843e-39
04,17922866,A,G,-0.0242677934653008,1.14990195140538e-34,5.10008440247806e-39
04,17956213,T,TG,0.0179848768230027,1.22850380629032e-34,1.85802622782124e-34
09,119124535,T,TAA,-0.0268882433300284,1.36834845784822e-57,1.18019664660501e-38
02,27730940,C,T,-0.0220772476363257,6.76048320915578e-87,1.6994843527947e-38
14,61108825,A,C,0.0216248781798587,4.06870915010827e-84,2.75691244340371e-37
01,154989823,T,TGGGGGCAGTAGAGGGGGCAGTAGA,0.0215308955769534,8.08363445097816e-42,1.85439251443415e-36
16,29972465,C,CA,0.0221482029729358,1.16370530598494e-90,4.07074097189012e-36
04,145568352,C,T,-0.0218799318236926,1.17024688096084e-29,6.88642603258658e-36
17,62017421,G,A,-0.0272196326388313,4.47204089430538e-112,1.42889949973815e-35
17,61996273,T,C,-0.0354653922629763,1.11425112321107e-46,1.01389025401788e-18
07,2859847,G,A,-0.0224151569246628,1.11684624003925e-64,2.08201918547385e-35
07,150668070,T,C,-0.0198916766084841,7.53864644533893e-55,6.35362982496154e-35
07,150554553,C,T,-0.0201629544462568,2.12384909720781e-11,3.77759078275416e-16
12,93989683,A,AT,0.0260368674564403,1.61477258861757e-48,6.03909525581627e-34
12,94136009,C,G,0.0154316140786937,6.55777185464057e-46,1.0802958311206e-15
06,26180634,G,C,-0.0229758872439145,4.62680154875721e-56,9.43039247167788e-34
05,75003678,T,C,-0.0201271352911899,2.64760015433662e-72,1.82451204872975e-32
06,19839415,C,T,0.043307573927253,3.00709986806431e-34,4.88187767097894e-31
05,122699198,C,CTA,-0.0191633686203768,1.10864705881765e-80,8.64994950783893e-31
08,135578636,CAAAAAAAAAAAAA,C,0.0156080637516692,7.41535967569067e-40,4.10520293425207e-29
08,135649848,G,A,-0.0178390801558244,2.92117710569539e-26,3.39861325680578e-24
08,135843916,C,G,-0.0115856594336055,3.30530638205343e-13,2.58706171959421e-11
11,67024534,C,T,-0.0335359591428084,4.94009618266121e-34,4.72047955995338e-29
06,41909521,C,CCG,0.0371211775359393,1.59157408083083e-31,9.96603296628664e-29
06,41903798,C,A,-0.0697084661637217,4.30109159959993e-22,4.3036549958415e-23
20,32287917,C,T,-0.0186724684889321,9.79278814972126e-34,1.46025357293339e-28
20,32606735,A,C,0.0130727874989225,2.68266761687635e-24,1.20453938152648e-19
06,108876002,A,G,-0.0189458916059983,5.48829822171449e-60,2.52607350324002e-28
20,33430974,C,CA,0.0143706689365837,8.38347328890904e-34,2.18757208277528e-34
20,32505658,G,C,-0.0198006976833314,9.32194662448851e-15,1.81806761700914e-22
20,33326680,T,C,0.0250597589114862,1.88005516322895e-11,3.8498002110252e-23
02,172416533,C,CTTT,-0.0209135015249481,3.47751222362099e-45,1.05401971374757e-27
02,218278503,C,CTGTT,-0.0189180886258053,3.74310600530104e-39,4.59571147501782e-27
02,218146818,T,G,-0.015134370055534,6.35413877365897e-20,2.291612274585e-16
01,41544279,T,G,0.0189292600384892,5.34434584732058e-53,5.10357241256616e-27
06,142716286,G,T,-0.0195006249083465,1.16317606199122e-32,5.4137566041871e-27
06,143187255,CA,C,-0.0102468783144004,9.52537428127054e-19,1.34332283199927e-10
06,152168974,T,G,0.0179898985651416,3.04814255078783e-70,6.88870773233212e-27
16,2160503,T,G,-0.0237671592481684,1.75797324380853e-32,8.35477594201404e-27
16,2266173,T,C,0.0168196876275008,1.38357103666666e-30,3.92370086695604e-20
17,7571752,T,G,0.0822628337161407,8.019189187512e-28,2.65561774411268e-26
17,7366619,T,C,0.0187609278036114,2.03686318247587e-18,2.83444467282379e-14
17,7570978,T,C,-0.0248998625455265,7.78274874452881e-10,2.38999321262688e-11
16,4015729,T,C,-0.0180727888723724,4.65845318913048e-57,3.28176006956214e-26
12,50263148,G,A,0.0180148775380719,1.20180329292253e-56,4.79095153653512e-26
03,185490184,A,G,0.0267920509744861,1.96995508176263e-28,7.2183272093412e-26
03,185828465,T,C,-0.0140182926955624,8.41981389483372e-15,4.59095562462845e-13
04,106215108,TC,T,-0.0175519062544588,1.27606439782303e-57,5.2793102376947e-25
06,50787576,CGAGGTGGGA,C,0.0265860670688179,7.407478496757e-34,9.4719777814884e-25
06,7702659,G,C,0.0172978384991475,1.00976493374515e-60,1.80284329702489e-24
06,7231843,G,A,-0.0166563251968263,9.57183946010252e-11,2.5456113232427e-09
11,27728102,G,A,0.0171123386322442,9.93180729899381e-34,2.42857610451454e-24
11,27650524,G,A,-0.013509228719885,7.3420781500667e-18,1.19420492603817e-15
02,56106928,C,T,-0.0202421643160633,1.07991029697953e-37,2.76870527701095e-24
08,78105153,C,A,0.017891441711556,6.6545703386008e-38,2.01217052019426e-23
08,77761919,C,T,-0.024559328839794,1.1405053028814e-11,6.00346128660997e-12
12,124820705,G,A,0.0223736249100598,8.30923740106629e-32,2.55512083712236e-23
04,145762728,G,A,-0.021250822752552,7.42758189784076e-22,3.84348514322363e-31
10,102686838,GT,G,0.0166587482607108,6.61036445935041e-44,1.33327248691538e-22
10,102317555,C,CA,-0.0137543816914481,2.08327240997033e-13,6.82721001922236e-11
15,99186488,G,C,-0.0256764060664549,3.61799191868214e-37,1.55290909987823e-22
15,99395834,C,G,-0.0184158384480364,7.19867436421315e-21,5.68502664697116e-09
15,99214192,TTGGAA,T,-0.0237249404103165,2.78464001713322e-17,6.85258496338819e-11
05,42687629,T,C,0.0235364329735199,2.77188224100544e-21,1.588883024327e-22
05,42290110,TA,T,-0.0109140702503836,1.2008611627365e-17,2.72531569306679e-14
19,47557098,G,C,-0.0187981663394052,1.30303881906857e-35,5.51332333875297e-22
09,98256235,T,G,-0.0209656474825832,6.72805815676239e-15,6.30457270946405e-22
09,98217348,A,G,0.0273191454234398,9.69022407042964e-29,1.51934313877883e-21
09,98192383,T,A,0.012132567525218,7.55940997862278e-20,3.68824125658114e-09
22,42070374,A,C,-0.0271444398538186,2.12249297311134e-26,6.64286305398424e-22
06,29355148,A,C,-0.0175230836306675,2.5490552438331e-39,1.48795333124785e-21
20,50951298,A,G,-0.0200569323940983,9.55537921777743e-31,2.02801480891907e-21
05,170864021,G,T,-0.0193625560205116,2.94746207104177e-24,1.10552632163284e-20
05,171336723,G,A,0.0123515811981673,3.98267390771471e-28,1.67160165691092e-13
12,111865049,G,C,-0.0155400507065676,1.87838365044429e-56,1.13349420294557e-20
11,68388220,G,A,-0.02070881314825,1.72285367623612e-28,1.17519040002638e-20
17,79093822,A,G,-0.0163285509059129,7.00058502550055e-36,1.95822833101384e-20
17,78757626,A,G,-0.0127854883955522,7.25523380872451e-18,6.01601126206399e-12
15,89397827,A,G,-0.046135875015287,7.71425384864515e-22,2.19466835888494e-20
15,89386652,G,A,-0.0148601449606199,1.0768672028943e-13,2.20775323803128e-09
15,89367562,C,A,0.0114423882051211,3.32385411913534e-22,3.87344499458453e-11
14,25948867,T,C,-0.0165885414065365,1.6898899878452e-40,3.07568227204472e-20
07,23513093,C,T,-0.0177057305607941,1.45893746715086e-32,3.08794519241633e-20
06,34589632,C,T,0.0385318643284555,7.71095044512022e-72,3.62013923874787e-61
06,109781301,T,TCA,-0.0154814200016443,6.18851305679874e-46,4.80876407516791e-20
12,46752872,C,CA,-0.0156079892026755,7.94028003588014e-48,5.76882716013689e-20
06,160767905,T,G,0.0151290814757351,9.32413886225489e-53,7.6908737660643e-20
01,176787749,C,CT,-0.0151762421702271,7.02756011653914e-50,1.00224119983218e-19
12,122820960,T,TAA,-0.017273966549598,3.85600319238786e-21,1.07640467030983e-19
12,122583781,A,G,0.0124487703064668,5.35338672988845e-25,7.06289339761822e-18
12,122353230,C,CA,0.0199916898377262,3.58233919364734e-11,5.91386817375171e-11
19,30286450,G,GA,0.0161541801115519,2.21067393655114e-37,1.67507713171949e-19
03,171969077,G,C,-0.0147407767632991,6.17341157501046e-33,2.00987307974073e-19
03,172121443,A,G,0.0137089496923917,1.07220018681521e-23,2.21124690005199e-16
03,50022069,G,A,0.0159253500982633,1.74370149280345e-50,8.84759825525723e-19
16,28632021,G,T,0.0149433516201967,4.06871999195236e-42,1.03730984744785e-18
11,2165576,G,A,-0.0184871222207045,1.44510094814813e-21,1.09702901744474e-18
11,2665357,A,G,-0.0170914434178879,2.46659234984228e-10,1.38290053734962e-09
11,2077271,C,T,-0.0122923452280799,1.29776961894052e-10,3.43017161645896e-10
02,211540507,C,A,0.0156178576355573,4.52707641699583e-34,1.65080250808102e-18
X,137050402,C,CT,-0.0178511270029771,2.58832070208412e-23,1.75824886956918e-18
01,11281051,G,GT,0.0162568879441188,2.64514983242652e-32,1.76689159102451e-18
19,8670147,C,T,-0.0402540705323023,8.53238987414036e-20,2.23987168118602e-18
12,116196316,CAA,C,-0.0183556553467045,3.26775024242981e-27,2.7136706645052e-18
05,168256240,G,A,-0.0178277951387479,4.47257458025949e-27,2.87383732456201e-18
19,2176403,G,A,0.0146796751423262,3.54656969863555e-41,2.89534436794743e-18
02,23896049,G,A,-0.0161789923255822,7.21986767901607e-31,3.03554012960135e-18
08,126498265,C,A,-0.0171796833866322,3.09240306117729e-29,3.15804386368152e-18
07,73037956,A,G,0.0212229290700477,1.27273579584396e-23,3.68047317998653e-18
11,43878485,G,A,0.0156761017059667,6.3683619689949e-31,1.65171835959742e-17
05,127357526,C,T,0.0163863222869175,4.3019294049939e-28,1.84735403345076e-17
05,36796830,A,G,-0.0142171825157174,7.00533210217828e-43,2.10923351080346e-17
05,139042547,A,G,0.0145589292013468,6.7599121464106e-36,3.45443288067472e-17
01,33774752,C,A,-0.0150756751541002,1.18421259879223e-31,4.19659074605828e-17
X,78792528,G,A,-0.0172290404131319,6.26563169463545e-64,1.03343789837514e-34
05,67596088,G,A,-0.0139472778521437,1.83484906457004e-43,4.44146250084634e-17
05,87694757,T,TA,-0.0177901010352255,2.46610479536349e-25,4.52384473501821e-17
03,9975386,C,G,-0.0178961160220302,1.23524244112543e-25,5.60396175648746e-17
05,176509193,T,C,-0.0160738935597578,2.19249439274366e-33,6.59166949573193e-17
17,59494574,T,C,0.0146177270046333,5.41485605217441e-32,8.1728718944942e-17
05,95728898,C,G,0.0155109256600139,8.21416058762213e-28,9.61310641312943e-17
19,10748073,G,C,0.0146029942176129,2.80473025173359e-32,1.00480222199533e-16
08,116631278,T,C,-0.0168136948288604,1.61565746282092e-24,1.58552090724546e-16
11,30443688,T,C,0.014864875176947,1.19634019000429e-29,1.64456822039075e-16
17,43223316,C,CAT,-0.0147069595783668,1.4747016075143e-30,1.77223985135134e-16
01,218609702,A,G,0.0151367321360854,1.62129523180656e-28,1.78489697219756e-16
16,4946794,C,A,0.0137543985772211,1.75117635977075e-38,2.30203877250623e-16
06,140623538,C,T,-0.0158233220935524,7.54168688976253e-26,2.37491190546017e-16
03,128992047,A,G,-0.0143117706299439,4.62440516119908e-19,2.56970079831328e-16
03,128966302,C,T,0.0194668064116397,7.7510147520051e-12,6.64840920254839e-14
05,77401374,TA,T,-0.0157089657699194,9.69843587647935e-26,3.00112684650429e-16
05,130378027,C,T,-0.0163280471056058,5.21025560536815e-25,3.20216816446063e-16
01,214638396,C,G,-0.0140933076913708,1.09938821889762e-36,3.69165483982121e-16
13,78474468,C,A,-0.0159554551234339,4.40550764044335e-25,3.99247222611184e-16
07,28174957,G,A,0.0148817800086903,8.8189836182661e-28,5.50596963699304e-16
12,120867798,A,G,-0.0344413387680745,4.40391413575029e-17,6.78718307758874e-16
07,76637391,A,G,0.0180543201117379,5.76389468835243e-22,7.00299558181313e-16
03,183976103,C,T,-0.0175624983613364,6.71765613758547e-22,7.9988574321916e-16
02,223960207,C,T,-0.0149169345493206,5.74618123809368e-27,8.89891979143782e-16
12,123759417,GAA,G,0.0161925732763376,9.93490299123511e-17,1.48382676858031e-15
12,123329101,A,G,-0.014166673094826,6.37382176449779e-12,4.99998491525539e-13
09,99106848,TA,T,0.01660525187905,1.31869172255139e-22,1.50200836801121e-15
12,991306,G,A,0.0161430560282127,5.27456881556944e-23,1.75656428257658e-15
16,783865,T,C,0.0155011036094974,1.61573581680723e-18,1.97167192801668e-15
16,1113847,G,T,0.0102929597514332,4.79215472327259e-16,1.43837051124301e-09
16,415135,A,G,-0.0169836986084061,1.59634770960734e-09,1.73268000284414e-09
01,205685352,T,C,0.0134414531431729,1.65218599248943e-33,1.9885201853954e-15
06,26207175,C,A,-0.0221271856682417,2.66442134552416e-53,7.16187641692771e-32
06,126090277,C,T,-0.0129779470473768,2.83318810944861e-34,2.04774941111526e-15
06,126572573,G,A,0.0154668094783149,2.31607253231214e-10,7.20007172279991e-10
01,201806106,T,C,0.013772281227979,6.4899423544361e-21,2.1023166114299e-15
01,202003987,A,C,-0.00972543219934609,2.62512269285821e-15,1.67287289231883e-09
20,34769811,A,G,0.0187130811601935,4.20205744082146e-31,5.36008304372159e-26
20,35529001,C,T,-0.0191750066648728,1.17687334156653e-18,2.26568375435759e-12
20,35002849,G,A,-0.0237562315717297,4.77012196704822e-17,4.25448363709433e-17
10,96026184,CA,C,0.013246981496956,2.64464096748098e-36,2.46800899307728e-15
14,23779877,C,A,0.0177474640029175,1.06279735106977e-20,2.47346251991382e-15
11,2813322,C,T,-0.0490976137230175,1.12197814983589e-15,3.29595541502027e-15
11,2696744,A,G,-0.0131440435879939,3.84444069963891e-14,5.16063589818728e-10
04,45182527,A,G,0.0131893745227928,2.60008589065603e-36,3.44659752344181e-15
01,172105257,T,C,0.0140110412964492,1.14395875539316e-27,3.47743726681974e-15
08,130721793,AATAG,A,-0.0164149641231769,2.34014943301559e-22,3.63032723795356e-15
01,51037660,G,GT,0.0231929598764906,9.8612390406326e-17,3.80293874751554e-15
01,50566266,T,C,0.010580664087437,1.28693323327469e-15,3.67051355778073e-09
04,122713863,A,C,0.0133576998673499,2.79803051008809e-33,3.95343721256614e-15
05,172779211,T,C,0.0132624139812807,2.30611421848493e-18,3.95924915531901e-15
05,172753555,T,G,0.016748703727902,2.05003298218402e-10,4.15677162875044e-12
12,56364321,A,G,-0.0135935188272083,1.76976839739344e-28,7.67330616274658e-15
02,71533300,C,T,0.0130062441073548,1.1918338571899e-34,9.40971317377234e-15
07,93258982,CT,C,0.012881927542949,1.43162343833569e-35,1.10494922756427e-14
04,82184234,A,G,0.0138538416088613,1.00239028743836e-26,1.21103684580431e-14
17,68153968,T,A,-0.0195401729072273,3.59082731027188e-18,1.58141041397147e-14
17,46989416,A,ATTT,0.0165931101973583,1.66824772917066e-20,1.88360433313516e-14
12,11880608,TAC,T,0.0133161948564703,9.1254447217417e-29,1.94369980573099e-14
04,88557753,G,A,0.0127702264629595,2.03277380364566e-38,1.95821686490888e-14
01,56602992,A,G,0.0150792858140143,5.33648206757314e-22,2.25465837352851e-14
13,30177474,TC,T,0.0142810279591758,8.60028454752443e-24,2.93693855025944e-14
04,1012300,T,C,-0.0295494232905085,1.4831063239187e-15,3.09743485215375e-14
12,103064247,A,G,-0.0126129932153309,8.6233195766326e-38,4.29219417087044e-14
10,104829102,G,A,0.0129422121405299,3.44502456020186e-29,4.95132103849998e-14
19,46182304,T,A,-0.0157911984906625,4.54386202112974e-20,5.22667263404325e-14
X,45634577,C,A,-0.0111726911457507,9.88755931558317e-23,5.29577330934554e-14
15,62274940,G,C,-0.0124917519684407,1.04809602893542e-34,5.71980949405341e-14
16,20002523,A,C,0.0144642914603427,2.35952822281185e-22,5.77650618557293e-14
05,131271022,G,T,-0.0135562665025779,4.28889626023659e-35,1.14583139360188e-15
07,127015083,G,A,0.0452909560846093,1.77965498892985e-14,6.27619445440325e-14
15,41970964,C,CA,0.019587422837109,6.03249020266202e-18,6.30900689976516e-14
14,24804088,A,T,0.0141719890918277,1.24598355708482e-22,6.48483477510521e-14
16,88804924,T,TC,-0.0135131588418848,1.4440092490804e-25,6.48499984033624e-14
16,88321027,C,T,-0.0279054588961619,2.09308644496756e-11,1.3517962740032e-10
13,54107352,G,A,0.0186817332819122,1.15038898177108e-17,6.52384427650384e-14
02,183247431,G,GA,0.0125823833774468,1.63606659435073e-32,7.55288655740863e-14
15,67007813,A,G,0.0143371461896927,1.15819319316408e-23,8.32182866355423e-14
15,67457698,A,G,0.0237267395226999,2.95819786611511e-12,7.95209365728e-11
06,80959985,TC,T,-0.0123628895810588,9.55357323248517e-24,8.56682447337415e-14
06,81360693,T,C,-0.0097713698629011,3.76681200922025e-12,7.02470115435689e-09
05,137603293,G,A,0.0150597628702486,2.07217148197225e-20,9.33424309073648e-14
10,79572587,T,C,-0.0458755464443181,3.62625151474743e-14,1.10105241800911e-13
03,85671119,C,T,0.0128987423339927,6.28400075992346e-27,1.41116451778167e-13
12,97792368,TG,T,0.0126615494800182,4.39960170029867e-25,1.42044441204841e-13
12,97604246,C,G,0.0122885663112184,9.21240880088759e-14,4.54756446292629e-09
X,53628625,AT,A,-0.0105879431048704,8.40920586044601e-30,1.85235212487587e-13
06,40369081,C,T,0.0129621827145228,8.93262097632113e-26,1.94954520761984e-13
07,46642308,T,C,0.011433557043898,6.76321166527866e-27,2.3645939770795e-13
07,46557704,G,A,-0.015228581090282,6.1547365224787e-13,1.20657816691901e-12
X,129251524,A,C,0.0102176500600701,1.36393303306077e-24,2.63361054666199e-13
07,121955981,G,T,0.0124537988710344,9.50394254696442e-28,2.66723896556832e-13
07,139749346,G,A,0.0156268221651931,1.21401666631162e-18,2.6875729389111e-13
01,184007119,C,T,0.0130711371138774,2.24833076594321e-24,2.7226140716605e-13
12,3338920,GCACAGCTGGGGCTGA,G,0.0134789400040954,4.05861587211924e-13,3.02061354249945e-13
12,3393100,C,T,0.0228605261159665,2.18993872527266e-11,8.44933654212122e-12
12,3295708,TTGTTTGTGTG,T,0.0108746741192426,3.48445772812084e-13,5.88564921428408e-09
18,56876563,A,G,-0.0161987881086039,7.00218453547493e-18,3.23028486963343e-13
20,21123431,CAAATAAAT,C,0.0131058688670369,3.28219558283875e-24,3.36035974425741e-13
17,29230520,GGT,G,-0.0237898288590651,1.56035445002303e-63,2.69985193587383e-37
02,25458100,C,A,-0.0127918127352304,8.44573712605044e-25,3.67812290713839e-13
03,85142871,G,A,-0.0125233646562386,2.56938059723486e-26,3.88767013866553e-13
10,124131176,A,G,-0.0121866279581084,1.19070963130457e-29,3.97075533644564e-13
08,13372120,G,A,-0.0250041863950134,8.45130648832055e-15,4.21748273107223e-13
09,103061366,A,G,0.0128691453215306,8.3480310942364e-24,4.4580955365274e-13
21,39673981,T,C,0.0120910532277192,2.31979483674478e-30,5.05565065261029e-13
07,50661670,CCTTT,C,0.0153265347099243,3.21133372413954e-19,5.06072843741185e-13
10,25178864,G,A,0.0163623017174669,6.10855900191132e-18,5.12553608562863e-13
06,19078274,A,G,0.0149800907143779,9.4906386279106e-19,5.17004630551875e-13
14,65520246,T,C,-0.0120992682302454,2.41387388910197e-33,5.39063330018206e-13
04,123832776,G,A,0.01515802658418,2.19215949079252e-18,5.76842263356663e-13
10,81136129,A,C,0.0119788753740809,1.12526842311947e-35,6.1936972434346e-13
12,28644895,G,GGT,-0.0129300640798779,1.90493243202589e-23,6.44231729050784e-13
02,233153745,A,G,-0.0188492959534206,2.44369270445513e-14,6.54061507139795e-13
02,233585299,G,T,-0.0112865108005988,9.8230041460674e-19,1.12838014024104e-10
06,36210480,T,TC,0.0305659097317905,5.38241944627459e-13,6.58870438512103e-13
06,35937373,C,CA,-0.0113778780788334,3.65597735155629e-15,4.80383802729069e-10
08,120456193,A,T,-0.0134404723465185,4.21642847158792e-20,1.05632544062916e-12
08,120596023,G,A,-0.021916214303246,4.20013642736917e-10,1.39273917173374e-09
06,34163292,G,A,0.118727909277205,-99,5.65224152532399e-13
06,34205465,GGAGCCC,G,0.0694641616743731,-99,1.39922585839679e-39
04,145839264,G,A,0.0293015660586409,-99,5.78899767598974e-32
01,155155608,A,G,-0.0259835699516004,-99,7.8087953374936e-19
