chrom,pos,major,minor,beta,p_value,gwas_p_value
16,53806453,A,G,0.0646498178164303,0,1.65293824197452e-152
18,57850927,GTCT,G,0.05062015751145,7.07681904630545e-113,3.66314452859782e-77
02,417167,T,C,-0.0983441568246133,4.87231618608824e-74,2.17116330484533e-65
02,628504,G,A,-0.0496072521767684,9.76604014237859e-75,4.0944130968485e-51
01,177889480,A,G,0.0458613884198408,7.05097100715118e-81,1.12625377342412e-53
11,27679916,C,T,-0.0338292518101058,5.70929315134281e-39,1.13860152801801e-40
11,27701365,G,A,0.0238717382611256,3.72312055850382e-29,4.20213730803214e-32
02,25158008,T,C,0.0316742275130155,6.47960551853637e-112,1.67890726735936e-39
06,50858235,T,A,0.0380001597456389,1.77319584650085e-44,6.76242066598552e-32
05,75003678,T,C,-0.0280197926091157,3.40901045900668e-66,8.54480075312097e-30
12,50263148,G,A,0.0277160716562832,5.52508513982974e-63,1.36906918753814e-28
04,45182527,A,G,0.02560893004829,3.98989826155973e-63,7.26282653869567e-26
19,47569003,A,G,-0.0266112357320209,2.8940297285726e-47,7.56412739227616e-25
06,34701981,C,CATTT,0.0233694400175389,9.93362141537618e-25,8.86631214264088e-25
06,34421820,T,TCTAA,0.0180383739998911,7.88828372729471e-11,2.38212911128085e-16
16,4015729,T,C,-0.0248431865203111,2.94165739611316e-41,1.57035465512836e-23
16,3647098,G,A,0.0170379408355709,1.01473880401398e-10,7.26825909319886e-09
19,46182304,T,A,-0.0302437335587439,1.75458549253006e-33,3.36381500680783e-23
03,50190346,G,A,0.0229354468607467,1.31137365210256e-49,5.78763883390992e-21
16,69551467,T,A,0.0229253651254492,1.07778053126835e-49,2.62054160029378e-20
16,28414341,T,TA,0.0248477260579575,2.18752685661754e-43,2.87611242437997e-20
01,72812324,A,G,-0.0222683021214614,1.31870015925688e-43,2.41541746526823e-19
14,25946443,T,C,-0.0232404854091814,5.77924430818211e-36,2.85471296409674e-19
07,76686511,G,A,0.034635001704179,3.58812647144567e-25,3.5139381294781e-19
03,185828465,T,C,-0.0278577892547476,3.12047515444781e-27,4.09735300625733e-19
11,47529947,C,A,0.02187359579849,3.17246025267635e-43,4.16680989368622e-19
01,201806106,T,C,0.0225407024854592,1.09129294298569e-36,8.7405871239279e-19
06,40363828,T,TAAG,0.0212949528771816,5.44883590629035e-46,1.76991790814743e-18
12,991306,G,A,0.0258031135018002,2.3242418621662e-27,2.25449216218454e-18
09,28410683,T,C,0.0224646675128298,5.62015396996448e-35,2.39328227938556e-18
08,10665444,A,C,0.0214721987668532,6.3211123691961e-42,2.79287514921868e-18
16,29935505,A,G,-0.0212608813329685,1.47855228555219e-44,4.66176912895742e-18
15,68085555,G,A,-0.0247719701200874,4.44287173490378e-27,9.26219455281736e-18
05,87969937,T,C,0.0303453472958363,7.88356002484225e-21,1.42318913865214e-17
05,87712913,G,A,-0.0216448994994318,2.4658760192809e-20,1.77181753831878e-14
01,78444764,C,CGGCCG,0.0314889932816257,2.02046313667359e-22,1.64593966488493e-17
16,19933600,C,T,-0.0257687359102704,5.01256157394198e-17,2.1551836001172e-17
16,20259934,AT,A,-0.0253461392367185,7.53998069017106e-13,7.84916126476789e-09
16,20002523,A,C,0.0192943385922144,2.82530006263843e-16,3.20276352348946e-14
02,58935282,G,T,0.0202079030502683,5.64089272444721e-27,3.31397398102945e-17
02,59297346,G,A,0.018556838213158,7.80785154272329e-20,1.51730506508206e-14
07,75095477,T,TA,-0.0208511506445911,2.33932606142811e-41,6.25463859771652e-17
X,109888230,G,GCCT,0.0171686851288111,3.27273710661878e-30,9.58382624523211e-17
01,110154688,T,C,0.0630929208851925,2.39278006786514e-17,1.87625049285563e-16
18,57945280,T,C,0.0321553654616943,4.35353622941258e-63,7.05909214894338e-40
11,43648786,AT,A,0.0212899122885756,1.90264165564986e-29,3.69009376104826e-16
20,6635266,A,G,-0.0201648009062319,1.3574035577459e-33,5.9446355697551e-16
X,31854782,G,C,0.0170070227584609,3.50941903750354e-26,8.79627711003331e-16
04,100239319,C,T,-0.065058851246006,3.81388507537131e-16,1.66023206144966e-15
11,13349477,C,T,-0.0201510481379372,5.69377807207956e-32,1.82063746122834e-15
13,54104968,C,T,0.0288741615948463,1.27837498788426e-19,1.8394328038414e-15
19,1856554,G,C,-0.0192950314029984,1.83238285434903e-39,2.05890574597152e-15
14,79890677,C,T,0.0232332466186463,8.77141243137669e-23,3.60341605910808e-15
04,25408838,G,A,-0.0224940223553287,1.80068065386776e-23,3.93773488303712e-15
12,123024476,G,T,-0.0340262567795589,7.36882003513876e-18,4.32333035142587e-15
08,116659731,C,T,-0.0234670887396729,3.76811823896455e-22,5.1028920203701e-15
03,85868529,T,C,-0.0195295721765443,3.14574277451753e-29,9.90965370837678e-15
09,15647348,G,T,-0.0188340072350337,1.39328663090881e-35,1.07614801254542e-14
13,79580919,A,G,-0.0192665850667309,2.7360234087085e-33,1.56034139233232e-14
20,50951298,A,G,-0.0236584913084516,9.90340311764642e-21,1.87645033776054e-14
19,45392254,C,T,-0.0244996587889946,9.2207931102365e-20,2.08074731354797e-14
08,73443198,T,G,0.0204837442100072,4.06344067109796e-25,2.24435813579402e-14
04,103188709,C,T,0.0295150554757452,2.12899455541732e-10,2.49650771955297e-14
04,102708997,C,A,0.0151347377683722,2.0980252917457e-19,1.25899213686012e-13
03,94034688,G,GAAA,0.0184476797160179,5.95361011716026e-34,3.08092439082844e-14
11,130817579,T,A,0.01835146728323,6.00093154296955e-39,3.75590164687456e-14
17,78757626,A,G,-0.0202047022532573,6.04869506283008e-22,4.30230558585961e-14
17,79067901,G,A,0.0172214020776917,5.27836914748501e-13,1.92062098312814e-09
12,103651399,G,GA,-0.0192793110684564,1.41883592466062e-25,8.75965897581692e-14
03,61253045,G,A,-0.0252764777522159,6.21328407250824e-18,1.18791492790726e-13
11,65639374,T,C,0.0184720650682139,5.95591226648713e-27,1.67499386501775e-13
22,40677499,A,AT,-0.0191726008182532,4.23768551135975e-25,2.03682756428096e-13
02,213414265,A,G,-0.0201070580511336,1.72400253510881e-22,2.16128239877994e-13
01,156049877,C,T,0.0260108482099682,6.15458490720299e-17,3.68329570923761e-13
07,103427228,T,G,0.0177732728405214,1.66913541295626e-30,3.89985805988258e-13
04,137083193,C,A,0.0174125731479767,1.6121952501353e-30,9.68826170531661e-13
13,96982541,T,G,0.0174597307182342,2.83481547777855e-28,1.21704390098029e-12
05,107478679,T,TATAATA,-0.0206424604880025,5.78988379393683e-20,1.83187254634926e-12
14,94028197,T,C,-0.0178109194801939,1.82488042424474e-24,1.99615324273226e-12
19,30272202,G,A,0.0181155996341551,2.5852080581934e-23,2.3590811558133e-12
07,77827064,G,GA,-0.0178520532206578,2.2585265241636e-24,2.4627854300031e-12
03,170734443,T,TA,0.019098915309489,1.25609718984933e-20,2.89030107453062e-12
03,49796509,T,TA,0.0185568804381896,6.99071195376698e-32,6.34101448422894e-16
03,49333171,C,A,0.0228895437033868,1.73969215415002e-11,2.91826385277621e-12
09,96395221,GCTGT,G,0.0181174958299719,1.66900228138303e-22,3.31885118554687e-12
21,46494995,C,T,0.0175098344726527,3.09104216827885e-24,3.32931814061292e-12
01,74977277,A,G,0.0172275351614689,3.955394193478e-27,3.35462162036959e-12
19,18888150,C,T,0.0314570085865007,5.00211485148839e-14,3.55810112093779e-12
17,1837168,T,TA,-0.0233252209424957,3.95701026334851e-16,3.91421135657035e-12
01,1590291,C,G,-0.0190614220318078,1.01828201284869e-19,5.08348757908736e-12
10,22058137,C,G,0.0186595421404811,1.57064227520725e-20,5.24150422117096e-12
05,153518766,A,G,0.0166883345774379,7.50664502903197e-29,5.65759583959361e-12
08,77225627,G,A,-0.0166286899400746,1.29680303745638e-27,8.24675572907391e-12
03,84113491,A,G,-0.0352832209554098,4.50774527337096e-13,8.80975156211371e-12
17,46270606,T,C,0.0330865256259949,1.91464067842858e-13,8.84407437280762e-12
05,139070398,G,C,0.0233361174518379,2.14807878457232e-15,9.19929181184301e-12
10,99980127,C,CT,-0.017844632515212,3.46411750047618e-21,1.00526822370239e-11
02,27859351,T,A,-0.0185915441913265,3.67416126171792e-19,1.06795268338959e-11
18,58035205,TTTC,T,-0.212476785148561,-99,5.80090953440104e-41
