chrom,pos,major,minor,beta,p_value,gwas_p_value
16,53806453,A,G,0.0646498178164303,0,1.65293824197452e-152
18,57850927,GTCT,G,0.05062015751145,7.07681904630545e-113,3.66314452859782e-77
02,417167,T,C,-0.0983441568246133,4.87231618608824e-74,2.17116330484533e-65
02,628504,G,A,-0.0496072521767684,9.76604014237859e-75,4.0944130968485e-51
01,177889480,A,G,0.0458613884198408,7.05097100715118e-81,1.12625377342412e-53
11,27679916,C,T,-0.0338292518101058,5.70929315134281e-39,1.13860152801801e-40
11,27701365,G,A,0.0238717382611256,3.72312055850382e-29,4.20213730803214e-32
02,25158008,T,C,0.0316742275130155,6.47960551853637e-112,1.67890726735936e-39
06,50858235,T,A,0.0380001597456389,1.77319584650085e-44,6.76242066598552e-32
05,75003678,T,C,-0.0280197926091157,3.40901045900668e-66,8.54480075312097e-30
12,50263148,G,A,0.0277160716562832,5.52508513982974e-63,1.36906918753814e-28
04,45182527,A,G,0.02560893004829,3.98989826155973e-63,7.26282653869567e-26
19,47569003,A,G,-0.0266112357320209,2.8940297285726e-47,7.56412739227616e-25
06,34701981,C,CATTT,0.0233694400175389,9.93362141537618e-25,8.86631214264088e-25
06,34421820,T,TCTAA,0.0180383739998911,7.88828372729471e-11,2.38212911128085e-16
16,4015729,T,C,-0.0248431865203111,2.94165739611316e-41,1.57035465512836e-23
16,3647098,G,A,0.0170379408355709,1.01473880401398e-10,7.26825909319886e-09
19,46182304,T,A,-0.0302437335587439,1.75458549253006e-33,3.36381500680783e-23
03,50190346,G,A,0.0230113179379558,4.38312948628218e-43,5.78763883390992e-21
03,50639492,A,C,-0.0208470804956814,9.89853309717918e-09,8.21001552946632e-08
16,69551467,T,A,0.0224808970989293,1.79894616197626e-46,2.62054160029378e-20
16,69202908,A,G,-0.0346080316895984,2.79211628598391e-07,8.69251624727211e-08
16,28414341,T,TA,0.0248477260579575,2.18752685661754e-43,2.87611242437997e-20
01,72812324,A,G,-0.0222683021214614,1.31870015925688e-43,2.41541746526823e-19
14,25946443,T,C,-0.0232404854091814,5.77924430818211e-36,2.85471296409674e-19
07,76686511,G,A,0.0336785416724816,2.69642369039904e-20,3.5139381294781e-19
07,77045957,G,A,0.0115129732111248,3.26967480681467e-10,3.36834621313788e-07
03,185828465,T,C,-0.0278577892547476,3.12047515444781e-27,4.09735300625733e-19
11,47529947,C,A,0.02187359579849,3.17246025267635e-43,4.16680989368622e-19
01,201806106,T,C,0.0221024730485673,6.45287689845026e-27,8.7405871239279e-19
01,202103802,G,A,-0.0114588198863419,1.67509163786156e-08,1.47460224856723e-06
06,40363828,T,TAAG,0.0211169312438547,1.70105287329207e-34,1.76991790814743e-18
06,40348004,C,G,-0.013175042152895,7.05337495339539e-08,9.40113384654039e-07
12,991306,G,A,0.0258031135018002,2.3242418621662e-27,2.25449216218454e-18
09,28410683,T,C,0.0224646675128298,5.62015396996448e-35,2.39328227938556e-18
08,10665444,A,C,0.0214721987668532,6.3211123691961e-42,2.79287514921868e-18
16,29935505,A,G,-0.0212608813329685,1.47855228555219e-44,4.66176912895742e-18
15,68085555,G,A,-0.0247719701200874,4.44287173490378e-27,9.26219455281736e-18
05,87969937,T,C,0.0303453472958363,7.88356002484225e-21,1.42318913865214e-17
05,87712913,G,A,-0.0216448994994318,2.4658760192809e-20,1.77181753831878e-14
01,78444764,C,CGGCCG,0.0314889932816257,2.02046313667359e-22,1.64593966488493e-17
16,19933600,C,T,-0.0257687359102704,5.01256157394198e-17,2.1551836001172e-17
16,20259934,AT,A,-0.0253461392367185,7.53998069017106e-13,7.84916126476789e-09
16,20002523,A,C,0.0192943385922144,2.82530006263843e-16,3.20276352348946e-14
02,58935282,G,T,0.0202079030502683,5.64089272444721e-27,3.31397398102945e-17
02,59297346,G,A,0.018556838213158,7.80785154272329e-20,1.51730506508206e-14
07,75095477,T,TA,-0.0208511506445911,2.33932606142811e-41,6.25463859771652e-17
X,109888230,G,GCCT,0.0171686851288111,3.27273710661878e-30,9.58382624523211e-17
01,110154688,T,C,0.0630929208851925,2.39278006786514e-17,1.87625049285563e-16
18,57945280,T,C,0.0345612443102473,6.8667112244699e-72,7.05909214894338e-40
18,57945602,C,T,0.0368615916157947,5.35029227485038e-11,1.76348068433199e-06
11,43648786,AT,A,0.0212072648935812,1.2634310451368e-20,3.69009376104826e-16
11,43551096,T,C,-0.0110636231991897,9.85631636075307e-11,4.52513960473092e-06
20,6635266,A,G,-0.0201648009062319,1.3574035577459e-33,5.9446355697551e-16
X,31854782,G,C,0.0170070227584609,3.50941903750354e-26,8.79627711003331e-16
04,100239319,C,T,-0.0673186475826496,8.93517531044489e-17,1.66023206144966e-15
04,100217127,C,T,0.0156269704539653,5.10970930892176e-09,7.31376869862645e-06
11,13349477,C,T,-0.0201510481379372,5.69377807207956e-32,1.82063746122834e-15
13,54104968,C,T,0.0315181193363534,1.33802521630151e-18,1.8394328038414e-15
13,53857042,CT,C,-0.0138233740357289,1.55139776967548e-18,4.3792889845898e-06
19,1856554,G,C,-0.0193087529471799,1.27074438153378e-30,2.05890574597152e-15
19,2230029,CTT,C,0.0285661262798676,2.13700494059652e-08,7.21724235672656e-08
19,1947776,C,T,-0.0147780011875144,9.69991236435148e-07,2.03683604730312e-06
14,79890677,C,T,0.0231330997979969,5.80050161222383e-18,3.60341605910808e-15
14,79618750,A,G,-0.011056137284942,6.75802607910647e-11,5.39889123805115e-06
04,25408838,G,A,-0.0224940223553287,1.80068065386776e-23,3.93773488303712e-15
12,123024476,G,T,-0.0302783531852462,2.14803007508972e-13,4.32333035142587e-15
12,123492112,C,T,0.0133507240218606,2.37076475636456e-14,7.24096810185992e-08
12,123159750,CT,C,0.0187637012285431,2.55089665835456e-08,2.38114905979564e-08
08,116659731,C,T,-0.0234670887396729,3.76811823896455e-22,5.1028920203701e-15
03,85868529,T,C,-0.0189849487184253,2.04801590979411e-19,9.90965370837678e-15
03,85379001,A,C,0.0133806981733312,2.71506873161578e-14,6.20888096933408e-09
09,15647348,G,T,-0.0188340072350337,1.39328663090881e-35,1.07614801254542e-14
13,79580919,A,G,-0.0192665850667309,2.7360234087085e-33,1.56034139233232e-14
20,50951298,A,G,-0.0236584913084516,9.90340311764642e-21,1.87645033776054e-14
19,45392254,C,T,-0.0224310813408819,4.05433109920051e-13,2.08074731354797e-14
19,45347911,C,A,-0.011413585077074,2.02326136996236e-10,1.84220623930767e-08
08,73443198,T,G,0.0204837442100072,4.06344067109796e-25,2.24435813579402e-14
04,103188709,C,T,0.0295150554757452,2.12899455541732e-10,2.49650771955297e-14
04,102708997,C,A,0.0151347377683722,2.0980252917457e-19,1.25899213686012e-13
03,94034688,G,GAAA,0.0184476797160179,5.95361011716026e-34,3.08092439082844e-14
11,130817579,T,A,0.01835146728323,6.00093154296955e-39,3.75590164687456e-14
17,78757626,A,G,-0.0185771629327852,1.72342959263727e-17,4.30230558585961e-14
17,79067901,G,A,0.0170266839011626,1.31695543057082e-11,1.92062098312814e-09
17,78448640,C,G,0.0140922460652962,1.05495849415305e-10,4.79044413480278e-10
12,103651399,G,GA,-0.0192793110684564,1.41883592466062e-25,8.75965897581692e-14
03,61253045,G,A,-0.0252764777522159,6.21328407250824e-18,1.18791492790726e-13
11,65639374,T,C,0.0184720650682139,5.95591226648713e-27,1.67499386501775e-13
22,40677499,A,AT,-0.0191726008182532,4.23768551135975e-25,2.03682756428096e-13
02,213414265,A,G,-0.0201070580511336,1.72400253510881e-22,2.16128239877994e-13
01,156049877,C,T,0.0251648721646806,4.25467033744132e-14,3.68329570923761e-13
01,156406381,C,G,-0.0132717837501582,1.1744216481157e-13,1.76170319200062e-08
01,155709299,A,T,-0.025622393182064,5.14674907434773e-07,8.56235956041077e-07
07,103427228,T,G,0.0177732728405214,1.66913541295626e-30,3.89985805988258e-13
04,137083193,C,A,0.0174125731479767,1.6121952501353e-30,9.68826170531661e-13
13,96982541,T,G,0.0174597307182342,2.83481547777855e-28,1.21704390098029e-12
05,107478679,T,TATAATA,-0.0206424604880025,5.78988379393683e-20,1.83187254634926e-12
14,94028197,T,C,-0.0178109194801939,1.82488042424474e-24,1.99615324273226e-12
19,30272202,G,A,0.0177790169568131,1.96051498030794e-15,2.3590811558133e-12
07,77827064,G,GA,-0.016964421950741,5.81611341610884e-16,2.4627854300031e-12
07,78122263,A,G,0.0193175729727791,1.05859204591572e-08,4.67300493886562e-08
07,77422583,A,G,0.0125961800515414,1.01474995992141e-10,5.00647606530997e-08
03,170734443,T,TA,0.019098915309489,1.25609718984933e-20,2.89030107453062e-12
03,49796509,T,TA,0.0185568804381896,6.99071195376698e-32,6.34101448422894e-16
03,49333171,C,A,0.0228895437033868,1.73969215415002e-11,2.91826385277621e-12
09,96395221,GCTGT,G,0.01581575929152,5.31373028892717e-16,3.31885118554687e-12
09,96631550,A,AGAGGGGACAAGGAGAAAGTT,0.0355917764196878,1.0460439652154e-06,1.58014467204748e-09
21,46494995,C,T,0.0154483092537701,5.73541423984417e-19,3.32931814061292e-12
21,46488959,G,A,-0.0247340044930233,1.25113518575372e-06,1.44356475099601e-08
01,74977277,A,G,0.0172275351614689,3.955394193478e-27,3.35462162036959e-12
19,18888150,C,T,0.0316568942670753,5.86373045546136e-13,3.55810112093779e-12
19,19380596,G,T,-0.0175540231451348,1.2511798114372e-08,1.13686499048194e-07
17,1837168,T,TA,-0.0233252209424957,3.95701026334851e-16,3.91421135657035e-12
01,1590291,C,G,-0.0192881034039284,6.47234648390909e-15,5.08348757908736e-12
01,1866376,A,G,-0.0145811183002509,3.00087475884494e-18,1.29075912508852e-08
10,22058137,C,G,0.0186595421404811,1.57064227520725e-20,5.24150422117096e-12
05,153518766,A,G,0.0166883345774379,7.50664502903197e-29,5.65759583959361e-12
08,77225627,G,A,-0.0166286899400746,1.29680303745638e-27,8.24675572907391e-12
03,84113491,A,G,-0.0352832209554098,4.50774527337096e-13,8.80975156211371e-12
17,46270606,T,C,0.0330865256259949,1.91464067842858e-13,8.84407437280762e-12
05,139070398,G,C,0.0233361174518379,2.14807878457232e-15,9.19929181184301e-12
10,99980127,C,CT,-0.017844632515212,3.46411750047618e-21,1.00526822370239e-11
02,27859351,T,A,-0.0185915441913265,3.67416126171792e-19,1.06795268338959e-11
10,102447647,C,A,-0.0261153218540002,5.5619580301597e-12,1.08270267437711e-11
10,102686838,GT,G,0.0118526643680854,2.48313610507054e-13,2.33871267765979e-07
05,87682877,C,G,-0.021981421026662,2.76474856182706e-19,3.66042394464559e-16
05,87943345,C,T,0.0262125343227295,3.33460082280727e-16,8.84071590671359e-16
06,31591918,T,A,-0.0147695564951872,1.68442607609523e-22,1.17427275984098e-11
06,31869734,G,GAC,0.0361849074845143,1.3337273765187e-07,2.09990336527718e-09
13,27984135,A,ATAGAATATTT,-0.0178886081203583,3.11084458397265e-21,1.20537344276211e-11
15,99517619,A,T,-0.0175926914908211,2.5591083135135e-18,1.3650162464797e-11
15,99222509,A,G,-0.016388269691652,1.32657948803242e-10,1.24344416940586e-08
03,85044736,A,G,-0.0172121409601696,1.02543105325697e-10,1.56827555204865e-11
03,85536789,AGAG,A,-0.0118819931715294,3.10570004100162e-09,1.4587671631853e-08
10,125220036,G,A,0.0186674218708295,1.62441535390103e-18,1.59632362234465e-11
17,47112109,C,A,-0.0177121847038439,6.60948633374746e-18,1.77487488532357e-11
17,46643389,G,A,-0.0120936723462026,6.32731763196198e-11,4.79570866331542e-06
03,131750352,C,T,0.0173955959158132,8.24782454157841e-21,1.81372084219397e-11
05,102167152,T,TAC,0.0168934379473091,7.04747003775974e-23,2.41766863989324e-11
09,37102413,C,T,0.0147878797310392,1.65775755936327e-18,2.41793629031363e-11
09,36992121,A,AC,-0.0127187538901349,5.32528715120118e-09,2.61917139710795e-08
X,53628625,AT,A,-0.013965994407348,9.94507385713853e-25,2.50246905989688e-11
01,190294726,C,T,0.0162127162798687,1.16553909215809e-26,2.68214765412579e-11
01,96940119,G,A,-0.0148606416559026,4.00191482187706e-13,2.72974997125878e-11
01,97409943,G,A,0.0131864629868602,2.76894615164975e-11,1.72278502188218e-08
01,96441899,CAG,C,-0.0136805148072473,4.84249400395682e-07,3.57397182463955e-07
13,33198176,A,T,-0.0167699877423447,2.60611772666852e-22,2.88560681593802e-11
05,80889270,C,G,-0.0167317265637924,2.22288374114323e-21,5.97477537779313e-11
02,181517642,C,T,-0.0163002045661435,5.35548929100214e-24,7.10490597538589e-11
01,49996959,A,G,0.0169847429898111,7.78676288310121e-20,7.13965422033684e-11
18,39531129,G,A,0.0241054978879392,1.59524990047414e-13,7.16975194098879e-11
02,67838685,C,G,-0.0161097238920957,8.60569546798568e-23,8.68185817827411e-11
X,137166980,G,C,-0.0197875399341304,1.30807258581656e-12,9.22812313812594e-11
08,67205241,A,C,-0.0178854256198542,2.94459125403396e-17,9.58051585658125e-11
16,4940994,G,A,0.0157205673546322,4.69348791319307e-25,1.01760349237369e-10
19,18217147,T,C,0.0162168800894179,1.37244521358981e-16,1.02867058480295e-10
16,69884619,A,T,0.0181085598076328,1.77493298481619e-23,5.4454131461049e-16
16,70514828,C,A,-0.0134013251315855,3.05964648556671e-13,2.28461016330599e-10
06,108888593,G,C,-0.0161369780071608,1.16652010160365e-21,1.03355682311007e-10
12,99547717,A,G,0.0163427244986355,2.13532015435296e-21,1.15748641311091e-10
13,112239671,G,A,0.0153851828836543,1.58762760014376e-15,1.16760328018429e-10
13,111959869,G,A,-0.0115058593761357,1.28462567495737e-09,6.80120189807451e-07
07,150668514,C,T,-0.0162974752836115,4.65869837835344e-21,1.24142942190215e-10
08,126506694,G,A,0.0161160568991972,7.98315794800699e-23,1.33654511663065e-10
09,16719445,C,T,0.0207897787489049,3.87100499064852e-14,1.53222940647906e-10
01,155133456,C,CA,-0.0144743816958864,1.18748921437779e-14,1.57091655881637e-10
01,154984363,G,A,0.0150750603897075,2.74862088465049e-11,2.31437721700414e-10
05,63967322,A,G,0.0164584807013124,7.13134815740613e-21,1.61490134680355e-10
06,51799902,T,G,0.0162466846399102,1.87437686658899e-13,1.87422682061352e-10
06,51480853,C,T,-0.0145392124019452,5.94611761543813e-13,2.31526401361378e-09
02,205375909,A,C,0.0290277617401505,5.64838895701877e-12,1.93298197505196e-10
03,47817007,T,G,0.0157466553528959,1.72946546536434e-23,1.9747269694573e-10
01,50263773,T,C,0.0168584989301284,9.11440924779227e-18,9.4563969079252e-11
01,50890047,GC,G,0.0225001689201304,6.53565416379162e-09,4.70270961271755e-08
07,71586049,T,C,-0.0161618358096334,1.97058670324605e-19,2.66032426596057e-10
01,174321997,G,A,0.0234162117092095,2.0313867111709e-11,2.70263556996256e-10
01,174717281,G,A,-0.0311497171941153,2.85272856243953e-06,1.04410782851544e-06
09,120687550,T,A,-0.014556041854382,2.44268882778229e-18,3.1397055858428e-10
09,120941957,C,T,-0.0182043148288255,2.14497452150515e-08,6.20227368007719e-09
X,117931358,A,G,0.0168776129701329,1.29727976487022e-12,3.39935040714618e-10
09,92131699,T,A,0.0179768734367606,4.73954090454304e-16,3.57099455766111e-10
03,52837282,T,TTTTA,-0.0154444379389685,2.08495794051845e-25,4.13282172493032e-10
06,119508871,C,T,-0.0157075564035701,4.85419826541311e-20,4.21757554842404e-10
16,31015998,TA,T,-0.0161434451080535,3.57330822782723e-24,4.28142634170877e-10
02,165558252,T,C,0.0183092021967197,1.77338020266764e-15,4.39690267841703e-10
05,88827090,G,T,0.0155565545272831,5.93756643625132e-20,5.18525462199998e-10
17,39261560,A,T,0.0162646272121833,1.17626290144173e-17,5.55545580247649e-10
05,122657199,G,A,-0.0151087560017126,1.9520549745664e-25,5.58885594781238e-10
15,41970964,C,CA,0.0235395953028359,1.05060137082337e-12,5.73787008435328e-10
03,20432033,G,A,-0.0167619869009927,1.26885129396636e-16,5.90502916325726e-10
16,72996162,G,A,-0.015953711798678,2.87760654158775e-21,5.91142223663133e-10
16,73426890,C,T,-0.0247783973055758,5.70643423267171e-09,8.5883598068148e-08
15,46586088,C,T,0.0150739404218809,7.5277808329922e-23,6.13960684379719e-10
14,91499131,G,GA,-0.0155673413116844,1.32401475118505e-21,6.26953069871964e-10
06,50787576,CGAGGTGGGA,C,0.0441273419410359,1.99526347185797e-43,1.19144299244106e-31
02,198950240,G,A,0.0150486137599716,1.06336880088498e-25,7.84498967832629e-10
11,118954265,G,A,0.0146714650198418,6.62858491929249e-20,8.57918487624406e-10
11,118526306,G,T,-0.0419805870817358,1.58370569227942e-06,7.56685633541848e-07
12,56364321,A,G,-0.015739154862634,1.39987889912225e-18,8.66907283435169e-10
01,62579891,G,T,-0.0237260314232464,8.8885705348567e-09,8.68473785409047e-10
01,62522284,T,C,-0.0111517159617516,1.21746336060855e-10,3.03149300651382e-07
11,30408061,T,A,0.0151770896811607,4.26047313291999e-20,9.99786373740512e-10
11,134518868,C,T,-0.0170123258726997,1.02852689987306e-09,1.00912496556841e-09
11,134601012,T,G,0.0163745103110868,3.95604982847295e-09,2.34043298383902e-09
14,33298731,CA,C,0.0149382582257002,1.05083618581546e-23,1.02503145074626e-09
01,66545889,C,T,-0.0148846913083185,2.11758755305547e-25,1.05689120520674e-09
08,77165846,G,T,0.0164977440469892,5.36091551177856e-19,1.10700432387202e-10
08,76532219,T,A,0.0144717332603331,1.99036903894437e-14,4.50722077870434e-08
12,89776845,C,CT,0.0134731601861938,4.82390105786031e-16,1.27407851202914e-09
12,90136912,G,A,-0.012978253282879,9.04072991405943e-08,9.39431854411895e-08
01,96291369,A,G,-0.0155002079134742,3.14397567210203e-16,1.38534764080658e-09
01,95837584,A,G,-0.0216702281088218,1.57110898339405e-06,2.37562696630279e-06
18,52525247,T,G,0.0180546614580848,6.08150769353935e-14,1.44994821448043e-09
18,56878180,C,T,-0.0193842218494881,9.22749968212311e-11,1.47121440183673e-09
18,56458986,C,G,0.0122505581903885,1.18269837678026e-12,4.29127043575431e-07
01,47690438,G,T,0.0147857645914923,4.01919553901495e-21,1.59131195202441e-09
09,94186973,C,A,-0.0163444954186892,1.03749217630972e-15,1.70049253927012e-09
09,27782517,C,T,0.0145728424530533,3.03231908026249e-25,1.73190079343323e-09
03,141298124,G,T,0.0321290582171104,1.81936456920464e-10,1.7333300522454e-09
01,195052937,T,C,-0.0150273015661042,3.05848983178749e-19,1.78212637464813e-09
05,170623391,G,A,-0.0156645109511761,6.6489293971111e-17,1.79496787284505e-09
20,32544327,T,C,0.0145094555701927,5.78247527381196e-25,1.86915919419009e-09
15,47791429,C,A,-0.0160827592192985,9.1878608482463e-16,2.08187054179913e-09
04,31015214,T,TACAC,0.0163127527073529,5.43711339750289e-16,2.30164742317401e-09
15,80991447,T,C,-0.0157071259510558,5.53374247087017e-16,2.47312920489425e-09
10,16774121,CAGG,C,-0.0159420342609858,4.23616482990612e-17,2.57236881627709e-09
05,43190861,TA,T,-0.0151446852763655,2.26331748530831e-21,2.64620488151462e-09
14,47303114,G,T,0.0143907685539541,1.79801840610133e-24,2.81709151319936e-09
06,25891131,C,G,-0.0146213388480623,3.33452926892853e-14,2.90156060355117e-09
06,25825547,G,GGACAAAAATTGAAA,0.0137525598567108,3.67364971703359e-08,7.51160789897887e-07
01,82404496,GTCTTC,G,0.0166278571975718,1.86111892486454e-14,2.9206857414733e-09
08,95685147,A,C,0.0134438523451455,4.21087663117602e-12,3.1271575089058e-09
08,95589914,C,CA,-0.0113254311855265,5.40420666836332e-09,2.76425077415682e-07
08,64720735,T,C,-0.0146257255557742,2.13236816710483e-23,3.12718751445908e-09
03,156379637,C,T,-0.0265098319036213,3.7837555487543e-10,3.21577374255314e-09
03,156856967,C,T,0.0142004193238829,1.72801104580417e-10,3.87888574256937e-07
19,51640330,C,G,-0.0249412855015513,1.47660120983031e-11,3.23848308352199e-09
09,103061366,A,G,0.0155249165796812,7.97818681323703e-17,3.36035940379232e-09
10,114772873,GTT,G,-0.0144842329378591,9.12628667243905e-22,3.50447925939222e-09
06,81134401,C,A,-0.0224071795738368,2.7896122743065e-11,3.55833464317818e-09
17,4869093,T,C,0.0182330400823174,9.63280214187463e-13,4.19218808027804e-09
07,72971728,C,A,0.0214648504340069,2.84769151194514e-11,4.21578523906548e-09
06,104763028,T,C,-0.0175466756949613,4.95435983899438e-13,4.3392475937813e-09
01,203491150,G,A,0.0190240489017167,3.12600707496157e-12,4.61355956379521e-09
05,95728898,C,G,0.0150289037300197,5.32210457234988e-10,4.81724216793723e-09
05,95850250,A,C,0.0129327137765819,8.78660421197783e-12,2.72923176367259e-08
20,54491755,G,T,-0.0142122541801247,6.08375799203859e-22,5.36750745616465e-09
08,118882739,C,CTGA,0.023987011015672,5.36071496123638e-11,5.87268921044931e-09
08,118771075,A,G,0.0149479252052213,2.88992878137549e-10,1.049580305491e-06
06,154304628,G,C,-0.0152927711974984,1.73157247014779e-15,5.92417997529691e-09
02,466003,G,A,-0.0945084772839664,6.55235150931277e-71,9.27820574564737e-60
02,632536,G,A,-0.0469115896978006,1.052172663488e-59,2.81822599141427e-51
02,554643,G,A,-0.0255556317443478,1.04734699928293e-07,5.11742821267828e-12
03,62687746,T,A,0.0148956419095534,1.3473909578208e-12,6.09227903241205e-09
03,62471282,T,C,-0.0126616568475027,6.06925449009152e-10,7.31484592481966e-07
02,105466651,C,T,0.0157929934398421,1.08195988739647e-14,6.56254322213162e-09
16,24518569,A,C,0.0143336436350457,1.65735186903048e-20,6.99637420668878e-09
16,24204380,A,T,0.0195734226306206,5.81300687400002e-09,8.93815226758035e-08
08,85527010,C,CT,-0.0160222091670639,9.42073286858692e-09,7.329970624717e-09
08,85095477,T,TC,-0.0123729456715813,4.52658763836179e-09,1.290751459001e-07
18,13182325,A,T,0.0181185619923585,3.144347287137e-12,7.70615198584165e-09
07,44784697,T,C,-0.0140615579696677,1.40548545621441e-20,7.84493300072874e-09
13,59257224,C,T,-0.0178319790083595,2.55476851964003e-12,8.40095027011683e-09
17,44262496,T,C,-0.015018785167195,2.78254323177805e-16,9.04580601105808e-09
15,74223118,C,G,0.0206682405913468,2.29545988983185e-09,9.05150566868124e-09
07,113035833,C,T,-0.0141473282565792,1.44171101628097e-19,9.13773881413203e-09
17,21251092,CTGTAAAGAAA,C,0.0145786546992217,5.64287511888462e-25,9.84818657550295e-09
01,108001307,A,G,-0.0161474565231769,2.15981915261173e-12,9.87838004976001e-09
01,107885018,C,G,0.0145183905238735,1.75763534124009e-07,4.16884684297436e-06
01,107514107,C,A,0.0118323278572257,1.03189598093437e-07,3.21599569646897e-06
03,158019780,G,GT,0.0142828741483379,1.27904395545146e-23,9.92435783253465e-09
03,88070354,AT,A,-0.0147332122639362,4.67343369200807e-16,1.03038806717483e-08
03,194855603,T,C,-0.020057288544455,5.97156563440653e-12,1.05920129001544e-08
01,151018861,G,A,0.0164188116674067,3.96180311191411e-13,1.06097904159095e-08
09,129424719,A,G,0.0139840313085417,5.5130817353402e-21,1.06502198323683e-08
18,60845884,T,C,0.014246384297448,1.66908867477165e-17,1.0772894041864e-08
04,145313641,G,T,0.0140925276555315,2.71439931458416e-18,1.20153469084636e-08
17,56109863,T,C,0.0255521556275805,6.19497308667461e-10,1.22414383246386e-08
04,18507692,A,C,0.0145501194128886,9.79765987298914e-16,1.33364703399265e-08
06,33516762,GGTA,G,0.0164561903997145,1.09761572961238e-13,1.37436801088329e-08
17,65800140,A,G,0.0151842826615512,1.62339944853944e-12,1.37712160797764e-08
17,65394209,CAA,C,-0.0145465330481462,8.06091530163112e-09,7.04828516204817e-07
11,8694073,G,C,-0.0144566504945894,3.42340491036949e-16,1.40414104854183e-08
22,42070374,A,C,-0.0232171722907724,4.36148282474486e-10,1.44646360167554e-08
13,31042452,G,T,-0.015508753725056,1.40375392579651e-13,1.59564924170525e-08
07,50578023,T,G,0.0136735612882293,3.34552115576733e-22,1.67394027949507e-08
12,14413931,G,C,-0.0154221983394155,9.92039532837049e-14,1.67558513103703e-08
20,25027526,A,G,-0.014188075832433,2.51794239427798e-16,1.67755477673628e-08
20,45489808,A,T,0.0138440036936753,3.54541968902134e-19,1.71764660746305e-08
14,42939471,T,A,0.0137814721833339,5.8921786255994e-19,1.745697358284e-08
11,69506234,CAA,C,-0.0142912536146599,9.34287260563555e-19,1.74785141440455e-08
20,25590744,G,A,-0.0381086500768839,5.3709111312944e-09,1.74854889394185e-08
12,124509177,A,G,0.0143752014974289,5.64824771797609e-16,1.79377647478486e-08
12,124055605,A,G,-0.018156072707602,3.04699408690421e-08,5.32747070308885e-07
12,121700858,G,A,0.0155797083695191,1.94259868734494e-13,1.82483743626576e-08
03,82696280,G,A,-0.0167713392197384,3.93669798451876e-12,1.83331825986895e-08
19,31000154,A,AAT,-0.0182923155234447,3.06646013597933e-09,1.86099997620307e-08
02,6234812,G,A,-0.0146073936887254,1.83417723437183e-14,1.93525230730455e-08
02,5978658,A,T,-0.0213714558006362,6.66589448014491e-09,7.40111406268155e-08
01,8546815,TAA,T,-0.0138834644043413,1.55968598117996e-19,1.95531963893244e-08
01,54724762,G,A,-0.0137373617087842,3.79294009945895e-19,1.95941131329207e-08
02,230847856,C,A,-0.0137145912903446,8.64732306010769e-19,1.96137372530047e-08
05,133861663,C,T,-0.0137433513713281,1.67334502426434e-18,2.00757205122554e-08
06,41734037,GGAAA,G,0.0146520303773224,3.65779422540906e-15,2.01328231431985e-08
19,18490284,G,A,-0.0264630540786269,-99,8.76498012124895e-08
19,30609964,G,A,0.0235295072389125,-99,6.6339280595339e-07
18,58035205,TTTC,T,-0.210298526052372,-99,5.80090953440104e-41
15,73765586,C,T,-0.0491930653770042,-99,1.54323501468306e-08
