chrom,pos,major,minor,beta,p_value,gwas_p_value
03,121976471,CTG,C,0.207184440983386,0,0
03,122016281,C,T,0.0613764094894983,2.17065426535057e-160,2.10371821210093e-19
10,9329035,AT,A,-0.0473747177452755,3.58175046924926e-112,7.2539176807658e-77
10,9321916,T,G,0.052574050648866,1.64793837236063e-34,5.77070027426284e-50
20,52731402,A,T,-0.0547997716670994,1.5120990497299e-125,3.55271222221239e-70
02,27730940,C,T,0.0481516929901073,2.85281260485998e-152,1.75954713903725e-67
02,234273242,A,G,0.0465332975520135,3.178141287326e-143,3.91760124078923e-63
06,74486371,C,T,0.0408404961061674,1.98715115146064e-143,4.30507173278661e-51
19,3121510,G,GC,0.0422731710534678,1.73563035625022e-57,7.6781604516033e-46
19,3094215,C,G,-0.0491189148472312,2.06858531625443e-37,6.82380711045009e-37
20,39344272,G,A,0.109200719655866,8.30589635661876e-62,8.46174880813629e-46
20,39352714,G,A,0.0237249846847353,1.4626096937954e-44,3.23280017526981e-08
03,121869537,C,T,0.0604477271842523,2.18684891595171e-99,3.38836621033646e-91
03,121890759,G,A,0.0511365853810413,1.77337654021351e-90,1.09130399055791e-41
03,121861064,T,C,0.169123118437462,7.11674098976472e-46,6.05318119645155e-70
19,35556659,G,A,-0.0689464884231257,1.81445915119045e-41,9.13244189956199e-45
19,35549122,C,T,0.0396199071263998,6.71848925415239e-40,1.13500548901385e-36
17,1618363,T,C,0.0488434646180002,9.5043277517268e-53,9.87339770204809e-45
17,1966920,T,C,0.0200624447743117,2.93886456241042e-25,3.78818350683358e-13
03,186332182,T,C,-0.0381821242366102,3.85897348676882e-77,1.08042152365731e-43
03,186650790,G,A,-0.029289928504808,5.99870033075604e-14,1.55862348134135e-14
04,3443931,G,A,0.0380902962729009,9.91811616590519e-92,1.18515609655439e-41
02,97463095,T,C,-0.0373683502434254,2.68456150691143e-92,4.87483458942202e-41
14,94844947,C,T,0.129958001757877,7.64396225061248e-43,7.63168233280948e-40
14,94847262,T,A,0.0456498259006615,2.74827048312464e-14,1.05565778499392e-11
12,123519112,G,A,-0.113101326932051,2.00365544213681e-40,1.49246663565078e-38
06,34204285,A,G,0.0482939824225809,2.88733913397456e-52,5.32223725438062e-38
04,103188709,C,T,-0.0649596753811134,5.42985513327441e-42,4.38830665700783e-36
11,13508384,T,C,-0.0279638153576674,6.23156204850646e-48,4.32776653757637e-35
11,13514053,G,T,0.027392454794183,1.10043592836551e-16,6.57532866783986e-26
01,51581471,C,T,0.107803902524901,7.45187618691976e-37,7.03676612332104e-35
16,88520452,A,C,-0.0329465450129833,4.4125031811735e-83,1.82735697402944e-33
01,43436051,G,A,0.0332658061084368,1.23369371415635e-76,3.06684908864996e-33
08,9181395,G,A,-0.0542073524681509,3.57966208604918e-40,4.60203519362417e-33
15,44028047,C,T,0.103837413029526,2.8092038290917e-33,9.33435032593165e-32
09,129294471,G,A,-0.0328000906648165,2.43344174645046e-64,8.04011789994656e-31
11,126227723,G,T,-0.0592921387364707,1.92435595130001e-33,1.81097377985359e-30
11,126586154,G,A,-0.0238358381109586,5.84269436522534e-10,7.59545856549774e-09
06,134518919,C,G,0.0313214759636579,1.52687243454931e-65,1.51623081678908e-29
04,40565469,C,A,-0.0409906290339622,1.78980467113904e-40,2.1271883244753e-29
09,80498559,C,G,0.031480262274004,2.40855279667596e-61,4.76749452188297e-29
07,65169466,GT,G,0.0303680365920756,3.97184277258664e-70,3.86729352262842e-28
09,97523154,A,G,-0.062233365046826,2.03125377947118e-31,5.29140112248943e-28
01,68268784,C,G,0.0852808657373051,7.68402320295988e-30,5.67539149492911e-28
19,50014977,G,A,-0.0413751654515389,3.26159440602178e-44,1.7512298574585e-26
19,50026735,G,A,-0.131807146641244,4.31272044902055e-24,1.23005353803746e-20
19,50025208,T,A,-0.118873957563673,3.06671681728021e-18,3.46862185382269e-15
02,61426820,A,G,0.0284389703578569,2.48493020851738e-59,5.06602052698943e-25
01,155164480,C,A,0.0201050554919344,1.68551595888415e-20,2.23796158278282e-24
01,155033308,G,A,0.0238237905141577,3.81888727081682e-09,3.2751373053437e-22
17,67081278,A,G,-0.0907379211472324,1.06107822700558e-24,1.17187897141835e-23
12,49106360,C,CT,-0.029103306640613,6.18165671518181e-45,1.26267136636991e-23
01,21820042,A,G,0.0266387828639745,2.58498454509226e-42,3.4419410259587e-23
01,21657819,C,A,-0.0324762466889017,2.22144078570685e-16,2.6423679986018e-16
16,73024276,C,T,0.0284027274957565,7.34201036655802e-46,4.65658635557332e-23
03,107218094,A,C,0.0453329447634898,3.23581292874608e-20,2.95649341482773e-22
03,107380821,G,A,-0.0161490074084821,1.29536540512717e-22,1.5559469469741e-13
12,4006794,G,A,0.116125928684965,9.00833559751711e-25,3.23032544148023e-20
12,3988288,C,A,0.0890993472360218,7.42433568721703e-11,2.91793406828116e-11
12,4061608,G,A,-0.021031971138506,3.21167439238818e-17,3.24448328892124e-07
15,69599125,A,C,-0.0257077188504033,1.34926642744034e-41,4.97746328771056e-20
17,37513075,A,AT,0.029773510232531,3.05024409767467e-31,1.10856515189695e-19
13,42551316,T,TC,-0.0339943546845946,9.24539224303251e-26,2.17585739187803e-19
03,12393125,C,G,-0.0408489576148818,3.90375064054364e-27,9.65144740356282e-19
03,12465488,C,A,-0.0175808260463728,8.43753620175439e-18,4.23604424141826e-06
01,217443843,TA,T,0.0241185997639873,6.12904185085065e-23,2.70941910172303e-18
01,217325016,C,T,-0.0199001013176698,2.32262141971075e-08,4.33926083018363e-08
01,216970866,A,T,-0.0122226183517967,1.54167764080007e-09,8.60046049614601e-06
02,121041314,G,A,0.0254426607714009,7.09049681354151e-34,3.40444420658663e-18
11,3006027,ACAG,A,-0.0220189755455725,6.03968359451326e-24,3.75253369217091e-17
11,2962443,G,T,0.021536760553873,3.22553607586626e-07,2.96441372058904e-10
19,38692949,C,T,-0.0719935721075856,2.17969696985508e-18,6.61310959988628e-17
19,38817628,G,A,-0.0893214392491394,1.04415790018408e-14,7.56376776952049e-14
03,135931586,A,G,0.0253582802590692,1.40829065841105e-28,6.76338037475517e-17
06,130376810,C,T,0.0238844105530308,1.13178779569656e-37,1.24264623794179e-16
01,1098421,T,C,-0.0235387581772097,2.02216103209192e-39,1.44222247477681e-16
02,97159993,G,C,-0.0250729052014094,4.47425786858864e-37,2.31831035841481e-21
02,96580405,T,C,0.0571656848687718,4.67809717893975e-11,1.50685156862258e-13
01,220085453,G,C,-0.0216202951177187,7.49736142426107e-22,4.73343281273198e-16
01,220039754,T,TG,-0.0141955810842375,6.60187015287956e-07,1.06137442978071e-07
07,77462498,T,C,-0.0240473693929325,1.99923881484131e-27,7.984260520815e-16
19,19756073,AGCC,A,0.0426530279153371,4.40177093713748e-18,1.0553597789209e-15
15,49358308,C,T,-0.0289324503752344,2.26692109799265e-21,1.32810027439718e-15
17,59483766,T,C,0.0245221042927146,1.21864090222866e-25,1.44055125195395e-15
14,92330413,C,T,-0.0289526320818425,4.42032733426273e-21,1.82900431823483e-15
02,9190346,A,G,0.0706446411711637,1.77764477182945e-15,2.07023655381035e-15
02,8984695,CGGGAGAT,C,-0.0294550566918108,3.87556060164351e-07,3.70001479530251e-07
10,8118677,C,T,-0.0249648036695079,3.83252884865859e-15,4.31536653106481e-15
10,8088654,C,G,0.0224414018005376,2.43431210648257e-15,1.52238964072279e-14
02,113977936,C,T,-0.0191875496300349,2.03311018880735e-19,4.5397201206279e-15
02,114475930,A,C,0.0163804427133056,5.4695910699317e-08,4.04687773931893e-09
02,113841030,A,G,-0.0126650012559822,1.0412631476304e-07,5.62680400859245e-07
06,125333797,T,C,-0.0229534243435492,2.5388929445436e-27,4.98149064518951e-15
10,80999929,CA,C,-0.0216759665338764,1.30980229365224e-34,5.83171288292158e-15
09,71467135,C,T,-0.0171501575997752,7.26196021578265e-20,1.03255727517364e-14
09,71344096,AAG,A,-0.0260025806612777,5.5059558298127e-10,1.12613274706235e-14
01,150989274,A,G,0.0327630449625711,1.21501554537491e-10,1.26532790417992e-14
01,150837359,CA,C,0.0163935363999457,2.60440375965556e-12,1.48892627866976e-11
02,9966820,A,T,0.0179501973917004,2.24586814983056e-19,1.29982984151259e-14
02,10108536,G,A,-0.0248574323318795,2.90511420100133e-15,1.74364033081422e-11
02,10162475,G,A,-0.0187235833437955,1.84971665701029e-14,2.76785955474085e-11
09,77472066,G,A,-0.0388641053901389,4.97168806179116e-17,1.30008192145089e-14
07,150497496,C,A,0.0322479916779447,4.36686520897925e-14,1.37426023430485e-14
07,150622162,T,C,-0.0198274420465367,9.06506699498128e-12,1.0281902210218e-07
07,150476673,G,C,0.014136929317774,6.50299345253985e-10,3.69951301205337e-07
17,55302265,T,C,0.0424851700232767,1.26735367295309e-16,1.68344249020695e-14
06,137275839,T,C,-0.0217664055454301,1.6848843364623e-30,2.34837072559626e-14
09,903778,T,C,0.0248399200415979,2.61716622595151e-22,2.96614701831737e-14
01,16513817,T,TAAA,-0.021053481308636,1.03994681966635e-31,3.28628606113785e-14
02,242403940,T,G,-0.0216084824867665,4.10087997147676e-35,3.49773284110611e-14
01,23747996,G,GA,-0.0230541012047922,1.93895674256537e-23,6.99344476025489e-14
09,96905219,T,G,0.0230028362986935,2.94052263382132e-33,1.79501672922278e-13
09,97124470,C,G,0.0326211837978246,2.91050509179364e-09,7.43614768146533e-06
09,97382156,C,CAAAAAAAAAAAAAA,-0.0356295273307589,5.36500195791167e-07,1.32691594306007e-07
11,47439444,A,G,-0.0213165016943686,3.06308175997473e-25,1.85468351241332e-13
10,50511149,G,A,0.01623709813007,5.58904960205506e-23,5.4262991404301e-13
10,50518174,G,A,-0.0277624584415979,8.02114484941019e-08,5.26951249622231e-11
07,107165998,C,CT,-0.0201434994526499,3.64709746620804e-33,6.31029657374253e-13
12,90166745,G,GTAGA,0.0237763125782616,8.89733921272351e-20,6.89422152598554e-13
16,89698078,A,G,0.0189485509213102,7.78753553465387e-11,7.62322641561341e-13
16,89719955,C,T,-0.0149771488587876,5.63763961973176e-13,4.30256239035383e-12
10,96039597,G,C,-0.0195653377655587,7.54968680039819e-30,9.10114619028811e-13
X,109766136,T,TAA,-0.0184976383350974,1.3306095639032e-20,1.17943086858501e-12
03,113300183,A,T,0.0196883709468985,8.22278154861729e-29,1.21456683474478e-12
08,23377604,A,C,0.0292883488887457,7.13600052368098e-14,2.03445710207236e-12
08,23715876,G,A,-0.0131753172729157,7.59759668572422e-10,4.68915620201127e-06
07,143092269,G,A,0.0431653860713138,1.44086915879769e-13,2.20671115275949e-12
14,105954705,C,T,-0.0223553765295556,8.58881044995411e-18,2.52217640986798e-12
14,105587644,C,T,-0.015897642871468,1.1150425183747e-08,2.58101793104727e-06
11,87891387,G,T,-0.0192404011925345,1.53247242283271e-28,2.58654857517568e-12
20,5548874,T,TAGTATATATATATATATACTA,0.0512686438541795,1.71395687217675e-11,3.30994171643155e-12
20,5543455,T,A,-0.0168840991187719,2.09524797547623e-10,1.27778946594709e-08
12,54723028,G,A,-0.018988918551014,3.27449489790962e-30,3.84723863005066e-12
06,32187721,A,T,-0.0190750096680632,1.5415835187729e-16,4.974375014907e-12
06,32006655,C,T,0.0152044082758807,3.2819599703804e-09,5.18840575716353e-08
13,110504964,C,T,0.0215757543038657,6.46738557028974e-19,5.93827278557997e-12
08,106572270,A,G,-0.0210584182288576,1.65537444720779e-19,6.825267804719e-12
19,52153000,C,G,0.0215677255046916,1.10649901435066e-19,7.75912148958688e-12
05,133904597,C,T,-0.0208799679765664,6.87232466206512e-20,8.08000114282872e-12
15,51003692,G,A,-0.0204411747809893,1.54699004145538e-11,9.01689608755256e-12
15,51494609,C,A,0.0147069369388232,4.66084409141128e-17,2.50692403689545e-10
02,97745496,G,A,0.0587055420965904,1.62399503816155e-13,1.9553864487127e-12
02,98599499,C,T,-0.0264180693842961,2.67376193219582e-07,1.87955318757954e-08
02,97874325,G,A,0.0193763729169884,1.53535793998166e-07,5.70160831845482e-06
16,54451747,C,T,-0.0222438679704261,2.04509923786746e-18,1.09098540123678e-11
01,199012478,C,A,-0.0206850623311966,2.45439911893306e-18,2.41849291300496e-11
05,76106442,T,C,0.0179925631483078,4.1128938204832e-17,3.39766088764201e-11
05,75722853,CA,C,0.0127796693086806,8.11795663397123e-10,2.97986797128097e-06
16,81566121,C,T,0.0181445303828606,2.54803578925354e-30,3.93822262650882e-11
07,16140077,G,A,0.0196314028725198,1.94772847594117e-19,4.39415678224473e-11
02,234144942,C,T,0.0291050671467089,7.95949891479411e-31,2.16224927226862e-32
02,233684402,G,A,0.0195645926463265,1.71256617860341e-16,5.7993841654957e-11
02,234180638,T,A,-0.0177504430461545,2.37612302880056e-11,5.60659567259648e-22
02,69690187,G,A,-0.0151112208470881,6.2848425741742e-17,6.03865310952773e-11
02,69545810,C,A,0.0255003249024752,6.10351062147821e-07,2.73807611977351e-09
17,17726648,G,A,0.0157093337504894,3.98754852664158e-14,6.69388960843289e-11
17,18091019,G,A,0.0178238836089902,6.01695579354392e-08,5.34332219637778e-10
04,106296085,T,G,0.0210638423968243,1.3096804645014e-16,6.86385411793995e-11
12,57977040,C,A,-0.0195772452056407,1.97878825130688e-18,6.90762637881087e-11
01,39792369,A,T,-0.0216694494791514,9.11576110363061e-16,8.4229895880479e-11
15,51051083,ATATCTATCTATC,A,-0.0219037331137908,7.79519260604614e-12,2.48682585517818e-11
15,51525173,C,T,0.0155770232105076,7.34842847994529e-14,5.60018525198806e-10
08,21942840,C,T,-0.0225096841891907,1.00400980692325e-17,9.77519891823737e-11
08,21727352,C,T,-0.0359761788531247,6.82695705558827e-08,2.3875218320069e-06
11,119039028,C,T,0.0308435336191847,1.22346046335701e-09,9.9406071918467e-11
11,118836606,C,G,0.0145916048793543,1.26135208350003e-10,2.89450040941053e-08
12,110714855,G,GC,-0.0183846921833149,6.31780171965611e-21,1.01538447944338e-10
17,6614859,TTTTGTGTGTGTG,T,0.0263709837538644,6.19701409078008e-14,1.08763759660045e-10
02,25539357,A,G,0.0177703491290226,1.21340808973019e-24,1.11812710212207e-10
11,68617048,C,CA,-0.0179812248122996,5.30661379055279e-25,1.17295421722689e-10
10,100162639,G,A,-0.0344526315724671,6.18876600588449e-12,1.41728640768451e-10
06,26025437,A,AT,0.0177033350895627,1.23331637057945e-24,1.62054906433664e-10
03,4629789,T,C,0.0217819173909733,5.46809226543864e-16,1.67877568083105e-10
03,4581548,A,G,-0.0222369729291501,1.40155433903599e-07,5.42976028035975e-06
03,156795468,A,G,0.0177666634925005,1.25845479486798e-22,1.75091925320782e-10
01,200447395,T,C,-0.0176530395726745,2.07233444282056e-22,1.77225012585242e-10
10,22394843,C,T,0.0202180695624763,2.59623830906105e-16,2.20141446415229e-10
05,174045907,C,G,0.0179413844303827,1.38597645985352e-20,2.5568874101025e-10
11,71831517,A,G,-0.0173079036062789,1.15547824454928e-27,2.84750556837631e-10
06,74547507,A,T,0.0348816947708729,5.49893833296306e-107,1.40915387335292e-37
06,116305917,TA,T,-0.0182084084558697,4.58351333040324e-23,4.1256555860659e-10
22,30756907,A,G,-0.0170712513866777,8.89947597086124e-24,4.3103247244451e-10
X,20044807,G,A,-0.0180707750381288,7.1097639839757e-13,4.53742118886443e-10
02,165610498,T,C,0.0173960589594325,3.95742866633698e-21,4.80817215025118e-10
02,112263474,C,T,-0.0176022893682212,4.44056555095033e-16,5.39691018541407e-10
02,112020816,C,G,-0.0201942748622244,9.22217317053356e-07,1.17699036388951e-06
10,115843840,A,G,-0.0165789304505063,1.13225138048257e-11,5.82517437272029e-10
10,115996139,CAAAAAAAA,C,0.0196345215374562,4.38074439640491e-08,5.22355387626496e-09
04,170918217,GACC,G,0.0439927368167123,1.34670668778671e-10,7.28298731338772e-10
14,90849408,T,G,0.0268052118116612,5.7868972571089e-12,7.38703487060116e-10
08,145010514,T,C,0.0169718844406538,4.39455370816789e-21,8.35999593398597e-10
17,47907641,T,C,-0.0194721360920703,2.55432080916046e-12,1.02123190644505e-09
17,47543906,A,G,-0.0203855211215006,2.28300057549905e-06,1.9733723734554e-06
05,137049448,T,C,0.0169140364919597,1.48942185349089e-20,1.07632225573259e-09
15,96666402,C,T,-0.0175285250707668,8.57653085806452e-18,1.10405224431376e-09
18,60192741,G,GTA,0.0182756235168628,2.2588804936534e-16,1.14947113122766e-09
10,94450233,G,T,0.0166367002960247,3.59040232709281e-22,1.28959359908511e-09
21,35888100,C,G,-0.0178722889093915,1.02804516094307e-16,1.31342331500328e-09
05,72389758,GT,G,0.0175331885447945,8.25791684676466e-18,1.32028342468301e-09
03,56849749,C,T,0.0168670662633279,1.52403585573166e-20,1.33493681013016e-09
01,221039630,A,AT,-0.021431610589174,2.65118998288557e-13,1.3974565159181e-09
11,69453044,G,A,0.0528563473510899,7.63066067139885e-10,1.54178843423503e-09
11,69347262,G,A,-0.013857090372073,1.18824348736929e-11,1.95583901729843e-06
08,72385003,A,G,0.018342449820211,1.15853011113936e-15,1.65587171561337e-09
05,176784512,G,A,0.0168986837182751,2.38489817008149e-11,1.78179306513121e-09
05,176420181,C,CAA,-0.0156406806766529,5.39840324315539e-09,1.44449644246892e-07
05,74587940,C,A,0.0180277166709859,3.03869222890146e-16,1.78389779300602e-09
02,191357694,A,T,0.0164149658483404,3.44741398254858e-22,1.91475817918754e-09
07,151413194,T,C,0.0180684660753975,1.02565222690159e-15,2.0296315737321e-09
15,60902397,TCACACA,T,-0.0155080555329665,8.22716077396957e-15,2.3439864504268e-09
15,60714879,CA,C,-0.0146544624836873,5.18078860145573e-08,9.87881078665204e-08
02,213735555,A,C,0.0241361351898999,9.92500488627041e-12,2.35840285943502e-09
12,4585428,T,C,0.0217322523384088,1.11809670291162e-11,2.51415627775985e-09
12,4384696,C,T,-0.0247339791104376,1.51581360019192e-07,7.01546139268191e-08
12,4376089,T,C,0.015345092687761,1.38092007825168e-07,5.12828338142808e-07
02,114033150,A,G,0.0191796627259658,1.15412510375378e-21,3.30164529123251e-14
02,114521687,G,T,0.0170823894541423,3.97059531576236e-08,2.55924906678318e-09
01,156783292,T,C,-0.0170305401022241,8.80062138108514e-18,3.10284401728467e-09
22,43118094,T,C,0.0170471803848329,7.21142694725966e-17,3.25034361739207e-09
13,31034442,TG,T,-0.0180922432894652,8.864796019355e-15,3.98791239832286e-09
07,92286980,C,T,-0.0179300002323127,1.14213811146496e-14,4.96873477940075e-09
06,34067732,AC,A,0.052408251793384,4.02362658883652e-13,2.03441354941616e-12
06,33574283,CAAAAA,C,0.0182370460536004,3.49166808591174e-08,7.06697076049867e-09
06,33519000,C,T,0.0146235027905074,2.46228356800606e-10,8.94573497076524e-09
14,35869867,T,C,-0.0164143596177164,1.86518912762491e-17,7.18610079186773e-09
16,83980529,C,G,-0.0158151421581067,3.81645358947936e-21,8.11005777460581e-09
01,153622220,A,G,-0.0156571319148757,1.95927059898415e-21,8.66988822970388e-09
04,115379445,G,T,0.0158611258715119,4.74987623878079e-19,8.81453707628925e-09
17,42278916,G,C,0.0185025886002054,3.19329128998946e-13,9.05289948361006e-09
08,63946542,T,TTA,-0.017206685735313,1.77347315178471e-15,9.13519846058833e-09
01,78554249,G,A,-0.0159678670234134,6.2719365316329e-18,1.08062776671502e-08
10,65497266,T,C,-0.0199542954238023,5.42471699446496e-10,1.11468473869472e-08
10,65151268,TCAA,T,0.0149401246368986,7.65840321265822e-14,6.90372715218663e-08
08,8296230,C,T,-0.0244981904581455,1.64829940258741e-10,1.25216722398418e-08
12,12205302,G,T,-0.0255367541153221,2.10820480808761e-10,1.41135842228452e-08
11,122504717,C,A,0.0157497272111232,1.3864465102811e-17,1.75234520934134e-08
11,47413733,A,G,-0.0205935546470421,3.00205304431882e-23,1.35343932612038e-12
10,63579189,C,A,-0.0154030552304916,5.38744607494988e-14,2.06091856059885e-08
10,63963101,A,AT,-0.0137408015131078,6.80999608673933e-08,4.47035566200775e-06
02,54727795,A,T,0.0194913867944323,1.28385680513619e-07,2.06871565547617e-08
02,54538771,T,A,0.0128928077541251,2.16341522217285e-10,2.19848382958254e-07
10,61886957,G,T,-0.0157320473889125,3.7002827158969e-17,2.23490876819941e-08
10,52874197,CTGTGTGTG,C,0.0218125734511642,2.0595224019886e-11,2.3732156377974e-08
10,52573772,C,T,0.0678714283109491,4.86805377127682e-07,1.62746807560014e-06
05,131143324,A,T,-0.0221626960196607,1.69770847588417e-10,2.4450100254782e-08
14,24869746,C,T,0.0162729954700358,2.69443903624392e-15,2.48415838066574e-08
09,22045317,T,C,-0.0152673093068678,1.26006386119948e-18,2.63716712974076e-08
02,232465159,G,C,0.01539332027916,3.33430526304076e-18,3.02676304411675e-08
02,44900755,T,C,-0.0634639232911042,1.43924002760839e-08,3.15933145088709e-08
04,75945702,TCC,TC,-0.0305971607110073,4.01082825747956e-09,3.99937509956898e-08
08,38299624,T,C,0.0175729311421039,3.36027230947163e-12,4.01170859295961e-08
22,25000461,C,T,0.0156827176838741,1.45886482774142e-15,4.03013897499141e-08
12,120867945,A,G,0.0164147018692776,1.77657226489667e-15,4.09038005425727e-08
04,3287655,A,G,0.0249288959916474,1.99017644859633e-35,1.84312190170793e-16
04,3273852,C,A,0.0790018738744098,1.05879490864418e-08,8.16443176252508e-07
04,45278469,AT,A,0.0333401988582845,4.88831035953749e-09,4.27230926917459e-08
17,35874936,G,A,0.0154675746838448,3.92657596364944e-13,4.35893996733458e-08
17,36073176,T,G,-0.0160772470155667,7.01468952548872e-08,1.45762208979838e-06
15,31726824,G,A,-0.016829125083661,6.90958408899339e-13,5.33768767308332e-08
01,116828633,G,T,0.0149717948476045,2.15002122979484e-17,5.53921693988185e-08
07,127495556,G,GT,0.0159308913155999,1.40995060459837e-14,5.71051554037791e-08
13,51067234,T,G,0.016171022398905,6.14034815454135e-11,6.42004414022905e-08
13,50707087,G,C,-0.0453907022188144,8.97708388339244e-07,2.90966849742591e-07
14,30208630,G,T,-0.0149044912713714,3.59101935312979e-18,6.63294739038535e-08
06,44061977,C,T,-0.0173542385248606,3.02832439601406e-12,7.04359990587249e-08
08,18262861,C,T,-0.0163979075732335,7.89304558422499e-13,7.26943904542641e-08
15,78312056,CCT,C,-0.0180084645879142,2.95460316820384e-11,7.27098760569333e-08
10,21758945,TC,T,0.0583884483489547,4.37181604402453e-08,7.40733859280184e-08
16,72101525,C,G,0.0188165125603684,7.82899603418968e-11,7.53037259166055e-08
01,53174253,A,T,0.0673702826759474,1.03816863720984e-09,2.43878061326774e-09
09,86694759,A,G,0.0177422602334921,1.31900749539945e-11,7.59574153402718e-08
11,116989710,CAA,C,0.0239150815976665,1.31981408004122e-09,7.60519659146081e-08
