chrom,pos,major,minor,beta,p_value,gwas_p_value
12,111884608,C,T,0.0407858708116809,1.90080400648808e-153,4.61090533153826e-55
04,81182554,T,C,0.0423950420972243,4.44347966976817e-89,2.05927200541927e-49
01,11880731,G,T,-0.0473183465199945,3.19236212635995e-56,7.75633127443448e-41
11,100610546,C,T,-0.0387337446266739,1.05255506120622e-68,1.32212483971108e-39
05,32831670,C,T,-0.0357825851127103,8.77794608005014e-94,3.74136541771729e-35
05,32886323,T,C,-0.0610315642003928,9.52580255570233e-15,1.3225999269393e-08
15,75114322,C,T,0.03374099270958,9.51946690541414e-60,2.63933221625743e-32
19,11526765,G,T,-0.0297537075813436,3.96825137138671e-80,5.23694680314155e-30
10,63511306,G,A,-0.0409621489277014,1.46659916087816e-37,1.78378715181812e-28
10,96009182,T,TA,-0.029069904172912,4.31563508772735e-65,1.92508417071585e-27
19,7257990,C,G,-0.041302240056528,2.67533884923871e-29,4.93388471549217e-27
19,7406066,A,G,-0.0156646570029801,9.23390086309749e-14,1.64980181231472e-09
04,103188709,C,T,-0.0525300857471283,3.62322599726153e-28,8.40553530709678e-26
04,103675108,G,C,-0.0152830970527595,9.57906478261854e-15,4.21867387024795e-08
20,57729434,G,A,0.043944958156395,5.14391834849108e-31,2.85386628624598e-25
07,150690176,C,T,0.0451012612688689,2.08669035495292e-23,3.45339479374545e-25
07,150704843,G,A,-0.020068477662152,1.31510678031578e-20,5.76777340524238e-20
07,150548598,G,A,0.0183744156281701,7.80506945402229e-08,6.66431911559143e-06
15,91428521,CT,C,0.0283910376407517,1.72839878105728e-46,1.98181720590615e-24
10,18727959,C,G,-0.0268148137500814,3.99647509046774e-31,8.79361902826321e-23
10,18435405,AT,A,0.019558033065323,2.16374151983132e-16,2.31321779324201e-13
02,26916844,G,C,0.026440891162435,2.46460663578138e-49,1.02656614018414e-22
10,115781527,C,T,-0.02946392637299,7.33064940306538e-29,1.42303650560989e-22
10,115722411,G,A,-0.0180680446669216,3.8184706710942e-15,3.15237777018713e-16
10,115746691,C,G,0.0393108634807479,5.55868231585241e-10,7.1311421146187e-09
12,115553115,C,T,-0.0269020157848285,3.76531212083481e-30,4.14872889369752e-22
12,115933575,T,C,-0.0161662923447052,3.75465756315408e-13,2.42761311358915e-09
12,115361972,C,T,0.0159148014128102,1.00047564228905e-11,1.20398268651081e-07
01,243463189,C,T,0.0269424887242382,4.47589568520465e-41,6.69277202396937e-22
03,41990829,C,A,0.033668211899133,1.46943090331589e-24,7.11167671523815e-22
03,41523455,G,T,-0.0124890422530305,9.65352146018765e-14,9.948371772182e-07
06,127098553,G,A,0.0252347215761151,1.31242521722948e-54,7.52582077775973e-22
01,10798552,T,C,0.026116414027836,4.69610901005408e-42,9.70769673637781e-22
01,10711603,A,AG,0.0229683380973931,1.19185550528628e-06,3.36819335840494e-06
20,10965998,G,A,0.0238473646940738,3.04057126255294e-31,1.3430095956098e-21
03,169190463,G,A,0.0262103952609203,1.04940544902995e-45,1.59405589550056e-21
03,168701648,G,A,-0.0208115992291314,6.51972023038019e-11,8.55554871128017e-10
03,169207524,T,A,0.0212074283269737,1.68114257066802e-08,3.05473351560743e-06
01,113044328,G,T,0.0401367835737033,6.389124189434e-17,3.20793428808564e-21
01,113046395,C,T,-0.0200536290091387,1.4466426898907e-13,6.83221997792643e-16
06,31351512,A,G,-0.0247412632849192,1.37246848226426e-49,8.30887426863134e-21
09,136522274,C,T,-0.0461375165066961,2.066589910801e-22,9.46018180423432e-21
09,136149709,AC,A,-0.0227896730811699,6.92841867643521e-15,2.23584342650188e-11
12,20159414,C,T,-0.0268884258887207,2.50473216657292e-26,1.63826530394589e-20
12,20351276,A,T,-0.0251596684627383,1.19760921250838e-29,4.99787835846844e-20
19,30314666,C,T,0.0248139179821453,5.0671198136129e-46,1.68984915146073e-20
11,61278246,T,C,-0.037809486514168,4.74339069974364e-25,4.03715405166713e-20
08,10198534,C,T,0.0182280328607792,8.91492106243062e-12,5.58981417672904e-20
08,10595502,C,G,0.0142516305112598,2.55682588573234e-08,8.79083146223016e-17
12,90090867,A,G,-0.0354427712759708,3.94214493778708e-31,1.5135502954914e-19
12,90223202,A,G,-0.0178052355949652,4.00485195148611e-17,5.43840450119575e-06
11,130273230,A,T,-0.0237833065470696,1.05956164891674e-38,1.36789706857418e-18
06,26118537,C,CTCAAAGATCAGTTTGG,0.0321904957680688,1.93850121632203e-27,6.5490312086296e-18
06,26093141,G,A,0.0365398783673512,1.73501754522791e-15,1.42876169711313e-12
05,173356752,G,C,-0.0245089000949517,5.01306277604127e-32,7.16484230050021e-18
10,104873252,TA,T,-0.0395789793307146,3.03978785618684e-18,9.81510725012665e-18
10,104977603,C,T,0.0174859264491882,1.3252541205575e-07,5.27295684162152e-08
16,20392332,G,A,-0.0284048854170431,2.64167663386912e-20,1.16378556457463e-17
16,20887755,G,GA,0.0157817581568213,2.15233399289686e-13,3.51660666148974e-08
16,20008346,C,T,0.0151586389042452,2.01620687033369e-07,1.46673180370199e-06
11,65405600,G,T,-0.0272287085655586,1.78150108640865e-25,2.90819214711536e-17
15,69583434,C,T,-0.0746785562353629,4.20716517578094e-18,3.13612699056818e-17
11,1887806,A,T,-0.021872238437485,1.0871035847169e-34,3.15033396633203e-17
11,1483177,C,T,0.0323387334172909,4.58879798320626e-09,4.44463008867351e-09
11,1702117,G,T,-0.0472649253205936,2.95347757091737e-06,2.77379662258965e-07
02,165085324,GAGGAAGGA,G,-0.0251795841265126,2.37906847869344e-28,5.43219106650008e-17
02,183211443,A,G,0.0265637052456309,3.55467673606047e-32,1.14402904511008e-16
02,182996099,G,C,-0.0227829146105189,1.93259051999595e-13,3.77636410983064e-07
15,95312071,T,C,0.0231884882933668,1.43026422148379e-30,1.81841092103104e-16
17,47454507,C,T,0.0235339249094809,3.24603746739495e-24,2.21526702697703e-16
17,47026976,C,CTT,-0.0177696711528884,4.06767345797114e-18,1.64647150201787e-09
01,230844273,T,C,0.0217856598386234,7.10331865640631e-36,3.32431156026217e-16
20,10962381,C,CT,0.0210477865630459,9.01697683813328e-21,2.39561231983378e-19
04,156661063,C,A,-0.028190913589736,4.05642327609771e-21,2.03704447177876e-15
04,156513518,T,C,-0.0205236175139317,3.34217976228902e-10,1.94709896697254e-09
04,156503399,G,C,0.0219233007559937,7.64802909118947e-07,1.28716220559619e-06
07,27229119,A,G,-0.0396091176829914,1.55079287030247e-17,2.59321988813113e-15
02,145712376,C,G,0.022517147549556,9.05443286408706e-27,3.63209729108038e-15
12,50554087,C,CA,0.020442849075526,3.44474375621026e-25,3.65870278559989e-15
12,50823485,G,C,-0.0360769721139939,2.30468458304438e-08,2.96201532684514e-10
01,3329384,C,T,0.029702041885911,2.57542959398969e-19,5.21851327126805e-15
15,79070000,C,T,-0.0227603627188858,8.23861942597339e-26,6.53919790661275e-15
06,28457484,G,T,-0.0210574095314872,1.20064742422276e-33,6.72813565972043e-15
10,64561506,A,G,-0.0204196416615813,9.11735855891072e-39,7.46803169105822e-15
11,10354910,G,A,0.0203628022518848,1.5633347925442e-27,1.11758300762684e-14
11,10674044,G,C,0.0213115927190418,2.48718454561208e-18,6.82058520441866e-14
05,148357999,C,T,-0.0249189846173122,5.09449842175223e-21,2.04786638792387e-14
06,79518638,C,CCA,0.0204889453290854,7.45647941415735e-29,6.27648330546213e-14
01,201735913,C,T,-0.0207304378695741,3.28730712802481e-26,8.28306203027967e-14
11,122528352,A,C,0.0225117722022387,7.43869752669234e-22,9.48891314340884e-14
11,48115837,C,T,-0.0198040486354758,8.0060234868006e-10,1.22246841559561e-13
11,47676170,G,A,-0.0126170382675475,2.7374427494443e-11,1.63514619467706e-10
15,41460307,G,GGCT,0.0179533819471648,5.14052347254426e-20,1.62782648176873e-13
15,41907905,A,C,-0.0139682352423596,1.70560240034699e-12,1.48426495885633e-09
03,49811413,A,AAC,-0.0198179940351435,9.47433976266881e-36,1.85447982441415e-13
03,48178576,ATA,A,-0.0209256819840454,9.05609719637152e-29,3.40048254600439e-13
07,151413124,T,C,0.0210608273751325,2.47381598092656e-22,3.81898195957455e-13
07,129663496,C,T,-0.0194701742205884,4.5911063433071e-28,3.82844137827148e-13
15,81010249,A,G,0.0190466428028655,1.02999420804296e-31,4.26413128674597e-13
11,10193521,C,T,0.0226335127794611,1.15271813132057e-13,1.07831279856061e-13
11,9944120,C,CT,-0.0259545377747844,1.6382943078007e-13,1.77879913572671e-06
11,9769562,G,C,-0.01768187865788,5.25610571810295e-19,1.05306637812338e-10
06,150998847,G,GA,-0.0364506869238472,1.48635296052003e-14,8.16666284088108e-13
15,96637443,C,T,0.0198809236456778,1.73284732635953e-23,1.07428083662435e-12
05,61941653,G,A,0.0370205989266777,5.1538564507566e-14,1.96645140915018e-12
01,115831202,G,A,0.0700238071690944,8.76022891306151e-13,2.18147920671802e-12
17,7576501,G,A,0.0388126051372179,4.71610892306289e-12,2.34239965364514e-12
17,7571752,T,G,0.0772468244911524,8.86377555284172e-11,9.64253594105448e-11
17,7171356,T,C,-0.0153454526240856,2.86520266501858e-20,1.20017701367288e-11
21,39819830,C,T,0.0195080154956608,3.26858229489842e-16,2.62503159146347e-12
21,39973669,C,G,0.0151117826157392,5.5165183284627e-15,3.24911045372628e-11
21,39983448,C,T,-0.0559609571766299,1.16761655189576e-07,1.97598961237307e-08
02,179721046,G,A,0.0319169587819491,2.71998532406419e-14,3.28050931787172e-12
05,122921103,G,A,0.0178143315642964,9.74906496442679e-14,3.4978769671188e-12
05,122637182,G,A,0.0142987852964457,9.69982092828211e-09,1.51848667634577e-10
05,122450771,G,A,0.0190683796471246,5.57617034609354e-07,3.51368227677683e-10
05,157850214,CT,C,-0.0190836969001575,3.74024570132713e-22,4.16319031688141e-12
05,157494859,C,T,0.0155940267955527,2.30958846205989e-10,1.15470369260775e-08
05,158232531,G,A,-0.0416363796993045,7.46110626345457e-07,2.24314391709056e-06
11,16272201,A,T,0.0222145014681984,1.01692166516733e-17,5.1767432018177e-12
01,43917409,T,C,0.0182218347317361,1.53604981744182e-27,5.74040970667643e-12
08,120413592,G,C,-0.0216374826687776,5.94025142728011e-18,6.27108320676392e-12
20,47420709,T,C,-0.0287110157962093,1.10805337240341e-18,6.64202219691195e-12
20,47346225,C,T,-0.0200054094216576,3.29457444439537e-17,2.62869242695693e-08
07,45960645,G,C,0.0183562089852401,9.27495896275051e-26,7.72565672279093e-12
16,81602264,A,G,-0.0168406592606411,1.29181891716689e-15,9.06050113888219e-12
16,81510742,C,T,-0.01520267238697,2.58898911860277e-08,7.56610871655936e-09
16,81914851,G,GT,-0.013097907399179,1.48466660841734e-07,4.75365274129176e-06
10,102611920,T,TCACA,-0.025544544921756,6.58099266968059e-14,1.04372394456755e-11
10,102127764,C,G,0.0251706066902113,1.46201598883718e-06,1.39547723531071e-06
08,96017323,T,A,0.0255340810656913,5.68022892001264e-15,1.25659901882992e-11
12,53441262,AGGGCGCG,A,-0.0195006095446574,8.84205216016017e-20,1.37620930945932e-11
08,25930846,A,G,-0.0194050551400615,2.92062060310117e-14,1.52204064434914e-11
08,26400135,G,C,0.0152410385830783,7.27451564067408e-09,8.85782943613912e-08
08,26027751,A,G,0.0201752240705242,2.27217682091994e-07,7.81292708814679e-08
06,51834297,A,G,0.0159387751187271,6.79202672714494e-13,1.99712806952617e-11
06,51669151,C,A,-0.0155744516438266,1.39299699262171e-11,1.4995803530739e-08
15,71587373,A,G,-0.0179818402051526,9.75783093831344e-24,2.33395626679071e-11
03,57924605,A,C,-0.019260207242446,1.17837606078018e-19,2.34741745612401e-11
05,127870190,T,C,0.0176328502649072,5.35008027488357e-29,2.4617289012966e-11
17,57384444,G,A,-0.0185621505874655,9.82457634055142e-22,2.66749061467887e-11
11,13299895,G,A,-0.0188618931219185,2.42924472898713e-19,4.00182071749397e-11
12,123703440,T,TTTTG,-0.0200804830864392,2.10431034437452e-17,4.24271024526576e-11
03,14891798,C,T,0.0157058639024601,2.59993803840221e-10,4.91060663094079e-11
03,14436414,G,A,0.0148321368870997,1.24854959997114e-08,5.52055493152818e-07
03,14966995,T,C,-0.0164658984547393,1.38107883020689e-08,3.23491646704265e-10
14,50655357,G,C,-0.0820148046041491,3.11817919295546e-11,5.31009094724742e-11
03,158232890,C,A,0.0196840321580037,8.19359923644844e-19,5.38552819517871e-11
02,96793969,C,CA,0.0191373550724017,2.847669728852e-20,5.97887083090743e-11
08,23404016,A,G,0.0203393479503123,6.17234172990648e-17,6.50098812944489e-11
17,43173273,C,T,0.0173044257112437,8.19332583287821e-25,6.51709140108604e-11
02,43397160,A,G,0.0159206557141914,1.58014737935831e-13,6.85004341802744e-11
02,43196694,A,T,-0.0269087272555826,1.93656326567197e-09,9.17489537245466e-10
02,43752382,T,C,-0.0156365720005115,6.96218826604663e-14,9.66993596522755e-11
01,153662423,G,A,0.0650411891143094,3.21343840751845e-11,6.93932113720515e-11
20,62714025,T,C,0.0176865051237355,6.32152339887763e-09,7.40903237502674e-11
20,62529923,A,G,0.0136321103167839,6.92079689292484e-10,1.0803621672764e-10
20,62393134,C,CAA,0.0142471823854516,2.37187309306864e-08,1.77754853702723e-08
06,26005023,A,T,0.0354159955430083,3.43543825457019e-23,1.45367183226152e-15
06,26072992,C,T,0.0388386603590639,2.58106842732178e-17,6.04642386123772e-12
17,79375625,ACT,A,0.0180470914564426,7.11903294932531e-21,8.0529011051892e-11
04,103292422,T,C,-0.0348551787882848,2.64051345539501e-13,7.48357386669188e-12
04,103720989,TG,T,-0.0182068638487144,4.01834542801869e-22,9.42786733049272e-11
11,95308854,T,A,-0.0223664004341125,1.67690102541693e-14,1.07347343925238e-10
07,7264082,A,G,0.0230791015638649,3.85062425743117e-14,1.15522218534697e-10
05,158470063,T,C,-0.0153566212553854,3.8169429187924e-14,1.266265074214e-10
05,157972178,G,A,-0.0148504478009693,4.74503123838593e-12,2.87872846658146e-07
05,158412406,G,T,-0.0374912689033887,1.80256429519209e-06,8.96397164682887e-09
11,77853655,ATC,A,0.0174939078623157,5.18477828737479e-18,1.55675487342986e-10
11,77919551,G,A,-0.0162404163505314,6.92086219479723e-09,3.0946139338908e-07
19,17219105,G,A,0.0153598825883107,7.39146882103015e-11,1.59303669211357e-10
19,17210041,G,A,-0.0162405951140153,1.80871689334429e-09,2.93318000245465e-10
03,7489614,A,G,0.0169831449874032,3.61817819556767e-28,1.82942639303064e-10
05,87969929,T,A,0.0248227832173249,1.03054474780429e-12,1.96277223274541e-10
05,87497612,T,C,-0.0215362064699299,1.56630274790542e-12,1.05966157784246e-09
07,89730295,C,T,-0.0166621047495472,3.51588208713652e-28,2.28323291322299e-10
07,100517687,T,C,0.0169317519339061,5.10822740457669e-22,2.71107695039849e-10
06,50774397,C,CAT,0.0246739599715478,5.0938017327633e-12,2.96909718096261e-10
06,51250827,G,C,0.0165268583299672,7.75112180156329e-09,2.80978987408858e-07
06,166162335,C,T,0.0170205935847611,1.83576646274602e-20,3.31139017051902e-10
13,72364022,C,A,0.031235014859567,1.23978974425191e-11,3.35108325536057e-10
04,111351224,A,G,0.0231220240940418,1.29699610493914e-14,3.40392982525404e-10
04,111431444,G,A,0.0623498465725249,6.9149094900326e-08,5.02567167546717e-07
15,40321351,A,C,-0.0165203000993444,8.29743863231013e-26,3.49294255344474e-10
09,37127678,C,T,-0.0172226338961936,1.07172833572947e-19,3.4963919022463e-10
05,87375218,A,ATG,-0.0253878214233015,2.45553519969607e-13,3.83781842565095e-10
02,218680529,G,T,0.0168744535546062,6.2306014581456e-18,4.56754948859636e-10
02,218806161,T,G,0.0133026561143081,5.51792248533546e-08,7.27253682821517e-06
05,114431917,G,A,0.016291069560117,4.36995483981115e-27,4.69451279878372e-10
03,133976138,C,T,-0.0167491134939648,2.04771551996855e-14,4.8335482843777e-10
03,134078566,C,G,0.013596682432926,7.4019162542248e-10,4.3443725557788e-07
03,53553923,G,T,-0.0197226321562664,2.14029768094266e-14,4.83723879379649e-10
03,53656638,T,G,0.0168005580384745,1.05533136271089e-12,4.91149709053465e-08
16,66800187,GA,G,0.0401014855732315,9.94295951781005e-11,5.79311992048245e-10
19,45745607,T,C,0.0194478045472412,7.60021231856941e-17,6.09874220379467e-10
19,46141692,G,A,-0.0440680156598529,5.19889163222312e-07,4.66309840595512e-06
07,1195692,A,G,-0.0461693482581755,1.73164241480247e-10,6.2245608424975e-10
08,143992864,A,C,0.0156567161856798,8.73850439988596e-17,6.58342091366305e-10
08,143518289,T,C,-0.0133879357790968,2.17249983325555e-08,5.41588232314801e-07
13,51106788,G,A,0.0179734598906391,2.25855612153144e-16,6.67693327833806e-10
01,25022314,G,A,0.0183705943057154,1.67104382973285e-11,6.70772327459375e-10
01,25328748,C,T,-0.0124895369078442,1.90497455021583e-11,3.09776687535879e-06
15,42086340,G,C,0.0151658018583931,2.18643644929154e-11,6.8767712243107e-10
15,41654617,CT,C,0.0137744550033781,3.40310614939285e-09,2.28617997069978e-08
02,135755616,T,C,-0.0235965196661122,1.31045315136655e-12,6.88946605572508e-10
06,29180314,A,C,-0.0196341039166107,4.79199610585454e-16,2.16056723568863e-10
06,118717331,CCT,C,0.0164574819065727,1.20597898058631e-26,8.26019164663167e-10
07,75168900,A,T,-0.0161015246923609,1.63846969825405e-22,1.05920966785254e-09
07,22156538,C,G,0.0174791179669161,4.17243698997508e-17,1.10272165480819e-09
13,25273157,A,G,0.0183744688999269,2.43205087958705e-15,1.17251464286646e-09
04,106910958,T,C,-0.0186351351078438,6.35613991128783e-15,1.18360126339178e-09
09,139519819,T,C,0.0161316604213744,7.24962999918208e-21,1.34560944311932e-09
02,651407,T,C,-0.0229691692214333,2.80346151834609e-11,1.4556808895479e-09
02,430975,C,T,-0.0374590019560081,1.08156789588008e-07,3.88585350216098e-07
02,248037,G,A,0.0130063060045276,6.64603664545263e-09,9.97686138142858e-06
02,237756550,T,G,-0.0168861718243871,7.12353005936242e-18,1.47146500162025e-09
03,41843024,T,TA,0.0338338563085617,3.42738421254998e-24,8.5045465929542e-21
03,41308348,T,C,0.015577311510534,1.48708487740025e-19,1.15205768925455e-08
01,228191075,T,A,0.0159390861477051,1.55379858224127e-24,1.61087629222316e-09
04,26785356,A,T,0.0160928847737745,1.27639542927214e-20,1.70574349940647e-09
08,6360289,G,T,-0.046392300117209,8.63414541061479e-12,1.93931992528463e-09
08,6355321,G,A,-0.0197433296127942,3.18919601680456e-14,4.1601106463588e-08
07,131185995,C,A,0.0163837377717637,3.03141459530157e-20,2.04902792619081e-09
07,131323710,A,G,0.0299650445135868,1.93133016920158e-06,7.89169626173134e-06
X,48763481,G,A,-0.013558786209585,3.47328659002311e-16,2.25319906218851e-09
07,35526024,A,T,0.0196757267088833,6.73139021302502e-11,2.44587777841054e-09
07,35105062,G,A,-0.01543383737944,1.666846954039e-17,6.7978157153501e-09
10,22027644,A,G,0.0150965686464302,4.6901438782841e-17,2.5044043415133e-09
10,22344310,T,G,-0.0503040768020137,2.21806350074797e-06,3.35866183724651e-07
03,141152168,G,GT,0.0345794431066251,3.21879627005067e-10,2.74724860496268e-09
20,8616588,A,G,-0.0161637447758764,3.95423998359197e-18,2.82043351303058e-09
11,107128909,A,G,-0.0156717847554004,3.30302587800437e-21,2.90232005550645e-09
19,1822668,T,C,-0.018745790848971,1.17818661648853e-10,2.93827027705042e-09
19,2226676,G,A,0.0135278428416009,1.62376176541827e-13,1.54304904863646e-07
16,30444998,T,TA,-0.025374641626934,4.15646178159487e-09,3.20310210420945e-09
16,30909706,C,G,0.0158073838987912,8.8892498130863e-12,7.44386990520044e-09
05,96223880,G,T,0.0160027642749591,4.11648154131888e-20,3.28166801219663e-09
05,96132795,G,A,0.0187014398106937,2.61751895904036e-07,3.70086198674274e-06
04,120509279,T,C,0.0155268983866233,3.17964235904602e-23,3.93610189440644e-09
16,31134213,T,A,0.01733489134395,2.72039702306153e-15,4.10195844134364e-09
07,25964280,AT,A,0.015563464927542,1.84742848785011e-20,4.20966677041988e-09
02,112746937,C,CT,-0.0172138701331055,7.93711032764553e-16,4.70261644285927e-09
06,80919852,C,CAAA,-0.0153535393855846,1.20699774386944e-23,4.71111439662396e-09
18,42202927,G,A,0.0173251191642797,1.23555675289984e-14,4.86970303174179e-09
17,61545779,T,C,0.015075789154404,2.12090379259433e-16,4.94349013483146e-09
17,61298602,G,A,-0.0664131194114035,8.56692269900948e-07,1.84426777055512e-07
02,159394064,C,G,-0.0169247757901606,3.39933461528654e-15,5.2951933515041e-09
15,66941084,G,A,0.0169384448290233,3.4367653448534e-15,5.81779800666976e-09
01,8473336,G,A,0.016056829573417,9.74634394628462e-17,6.1268903544583e-09
02,69088302,C,G,0.0158040269310012,5.10801871889972e-18,6.22483585897214e-09
07,1947342,G,A,0.0158227380957473,1.53555918494598e-17,6.48505062860013e-09
13,111014826,G,A,-0.0155348790446807,6.89909785502752e-12,6.51563730630203e-09
13,110872409,G,C,0.0138780157742711,7.18483726012417e-09,3.22266876192675e-08
13,110959705,C,T,0.0130875895724013,6.82053626180259e-09,2.88569434144187e-07
01,113186876,A,G,0.051879978131106,1.29562498353995e-14,1.3706185402894e-17
01,113247713,G,A,-0.0234302763572954,3.82174860673427e-13,5.77551219089945e-13
21,35593827,G,A,0.0227937286443124,3.09205256362139e-11,7.46358561418566e-09
20,30117956,T,G,-0.0479215153278051,2.48537431663119e-09,7.76253249080744e-09
04,144074431,T,C,0.0156365759973815,7.51341908744922e-19,9.36803463258632e-09
03,48145224,A,G,-0.0169390266504325,5.34841992784599e-19,6.76402824980042e-10
04,138381043,T,C,0.0242819852293895,1.46751774538138e-10,9.70471608748508e-09
15,67965102,G,A,-0.015389586198616,1.25025597908007e-18,9.95969202299434e-09
17,76766437,G,GA,0.0151969575543793,1.29405083141265e-19,1.04969611578602e-08
17,76445231,G,C,-0.0210656675768204,4.40654848525009e-07,1.69410174663651e-06
01,217737629,C,T,0.0177020838095553,4.72233898297532e-13,1.10391693653973e-08
12,69966756,G,A,0.0202101780057397,3.3844692684218e-08,1.30582727163255e-08
12,70441524,A,C,0.0125292958525026,6.14818937254357e-10,3.62064876254736e-07
06,22138153,GA,G,0.0152800231292382,2.47251671666507e-18,1.33210129877474e-08
16,83045790,A,G,0.0171398450459176,1.65829141682211e-13,1.45643999815563e-08
09,140205269,C,T,-0.0156928655810598,7.81824831493145e-16,1.47571627982078e-08
16,69329590,G,A,-0.0169005498298439,1.59399334004431e-13,1.47769804874875e-08
01,175129691,G,T,0.0156259207726594,7.09963139524488e-16,1.52233630637312e-08
13,50044585,G,T,-0.0148501420540993,1.68448552380702e-19,1.67869534474149e-08
16,4020732,C,T,-0.0170282709774944,2.19825045288462e-09,1.69010693061888e-08
16,3539896,A,AC,0.0153589075346796,1.65859518610804e-10,1.90712914493715e-08
18,48147127,A,G,-0.0173398997186801,5.73391462719801e-13,1.75432223392047e-08
06,121813835,A,G,0.0537037944511929,3.72316547503638e-09,1.90940405453873e-08
06,122114451,A,G,0.0221759917846459,2.68392295074701e-08,1.01336639860044e-06
07,140240862,T,C,-0.0148731110883834,1.38883791702222e-18,1.9162134925369e-08
12,120827541,G,A,0.0335228247742021,2.37459235102323e-09,1.92288979162987e-08
06,51669230,G,A,-0.0158555071387591,2.26487035355692e-11,4.10628077849273e-08
06,50832369,CT,C,0.0191611521081849,4.14582686896078e-06,5.24925257822633e-07
11,69075538,C,T,-0.0235936063568228,3.99598359336481e-10,2.02594123265999e-08
08,142367246,G,A,-0.0378347837748504,4.94715542769367e-09,2.03170366471896e-08
03,121696035,T,C,-0.0141052739377161,1.64674520207773e-14,2.06066020596782e-08
03,122185952,CTTG,C,-0.0154805938737506,4.80603790749974e-08,1.3942628480119e-07
02,55829392,C,G,-0.0147304927920577,3.87402488327804e-19,2.19992975232204e-08
07,99650429,C,T,0.0161453328184869,6.70638542277136e-14,2.24964103572664e-08
08,144981488,G,A,-0.0355236895160905,4.85660302939299e-09,2.4736639438561e-08
11,77770232,G,C,-0.0124760215700916,1.95920784730315e-13,7.24727462498988e-09
11,77628365,C,CT,0.0193406895742167,1.98187350145899e-07,7.27358493548635e-09
09,35942521,T,C,0.0154459272917174,1.10603364839675e-15,2.60715014327911e-08
04,102084331,T,C,-0.0153099469396392,2.030894919024e-15,2.76928364711196e-08
20,10624190,A,G,-0.0444516943941099,-99,3.41237251884533e-19
20,10743612,A,T,-0.050991328452022,-99,1.04845730333808e-20
06,51415907,T,C,0.0334114681614276,-99,1.02174364028638e-10
01,113431786,A,G,-0.0288951207287425,-99,2.19171247818586e-09
