chrom,pos,major,minor,beta,p_value,gwas_p_value
12,21331549,T,C,0.134912183741,0,0
12,21344313,GA,G,-0.128918996423103,2.98424489042148e-258,1.98745680196403e-83
2,234144942,C,T,-0.0403249801859134,1.36300632350489e-30,0
2,234148737,G,A,-0.0407138796917434,2.45714715974047e-31,0
19,45412079,C,T,0.083061166401056,2.40449230294294e-70,9.06811417998261e-70
19,45411941,T,C,-0.0375307752414426,2.8269630195875e-30,9.66142984304534e-33
10,71094504,T,C,0.0683231259361266,7.60997917297593e-68,1.60243074241431e-54
3,135925191,A,T,0.0468663805481788,2.76834273431758e-72,4.55735112047202e-46
19,19379549,C,T,0.0721244390503733,1.20519797950868e-50,5.8243879620445e-42
19,19380513,A,G,0.100606518405237,3.6753959273401e-16,4.51993189055416e-14
6,26098474,T,C,0.0671761199039966,1.38331354381015e-45,8.19183492140103e-33
6,26036092,C,T,0.0456736707552071,3.17093585545411e-34,7.58154322860089e-21
10,94839642,G,A,0.0317673799725817,2.91616062191524e-77,2.69356617849015e-30
12,111865049,G,C,0.0300156699261943,1.88417903577438e-75,5.4957756537617e-27
11,2942593,A,G,0.0502477113529312,8.34545569600395e-31,1.58539073712588e-24
11,3051206,A,T,0.0730292735728517,9.06187544055514e-14,8.28512966990935e-12
10,65336207,T,C,-0.0265745929568565,7.83529091839523e-61,8.42161903938016e-22
7,17284577,C,T,0.0274705152140497,4.4712410735408e-45,1.02541638925346e-21
8,126500031,C,G,0.0263876500720544,4.74473055822943e-49,1.34478106097198e-20
20,43042364,C,T,0.0726448075127287,9.79618333812195e-22,1.76468531437314e-20
10,101595065,C,T,-0.0539029212486248,6.27295419269335e-21,6.60138037036315e-19
6,160564476,C,G,-0.0355107110918637,2.57380085487262e-33,7.56503373964959e-19
6,160551486,C,T,-0.0479102506933644,1.11761631457435e-20,8.91839820242832e-14
2,21286057,C,T,0.0316882468862526,3.33132526785701e-26,1.24643044113447e-18
12,21323338,TG,T,0.124807924756396,6.00837631290079e-239,5.19675500711101e-236
12,21323272,A,G,-0.178381618449828,5.69602899565849e-254,5.68421691242806e-32
19,11189298,CG,C,0.0372611811612243,8.94142202498854e-22,1.77131581370336e-17
8,41542093,G,A,0.0588603785585305,5.55962195683686e-16,2.98461408443759e-17
8,41630447,G,A,-0.0220149766337126,5.69437278930318e-17,1.78284762553259e-13
4,87996745,G,A,-0.0237720527290715,1.05695085314387e-37,3.34341425346017e-17
9,91480141,G,C,0.0486039691766552,2.36263075527928e-19,3.50878481510825e-17
9,136138765,GCGCCCACCACTA,G,-0.0300352434781666,1.41983371415831e-23,8.85315647698213e-17
9,93968640,C,T,0.0293354658432788,1.56540344402934e-22,3.87844680013033e-16
1,158586277,G,A,-0.0245491614654458,1.04431973547379e-24,4.83336892593881e-15
11,75455021,C,A,0.0296915900367049,5.3019714223331e-20,5.21761074931667e-15
15,60883281,A,C,0.0218177603452332,5.99511793635659e-31,1.42134837322065e-14
1,109818306,T,G,0.0251980838412455,1.35766229921846e-21,2.83186565641044e-14
2,44075483,T,C,0.0411134901942414,3.90748731188437e-15,1.87415335288524e-13
6,31888367,T,C,0.0284598931465535,1.16311272579764e-17,2.1335788212948e-13
10,122859270,G,A,-0.0467107047516097,1.6209925831459e-14,2.76449666176159e-13
2,233969889,A,G,0.0767550552843501,5.88885599983073e-36,3.01920738490502e-33
2,233945802,A,G,-0.0230377954206333,1.14917594484709e-33,2.69769354644429e-11
2,233646728,T,A,0.0467904077048157,3.12227831954129e-14,4.83548709132338e-17
20,39179822,G,C,-0.0582420252079193,1.79445974062539e-13,9.94550354697877e-13
19,12429782,G,A,-0.0866336388555437,5.61542573061975e-13,1.17169777928868e-12
12,121403724,A,G,-0.0197009259318106,4.19307761754532e-27,2.72284670882544e-12
4,69588052,C,T,-0.0212244487811154,1.32825778622777e-20,4.27209015147838e-12
12,21364289,G,T,0.142700922929221,0,0
12,21402741,C,T,-0.125769757074297,1.4227799638445e-53,5.15902735943972e-69
12,21437223,G,A,-0.144050982131988,1.84826996735591e-37,2.52377491367985e-46
2,234692617,C,T,0.457146678069047,0,0
2,234691428,G,A,0.027319487815888,1.13365669941833e-09,0
19,17255734,T,C,-0.0191860321046669,1.39414592077263e-24,1.38076392945526e-11
17,48752600,C,T,-0.018900683013288,1.39574199919565e-22,3.95550699157834e-11
16,88858646,G,T,0.018698310362726,3.06310500827311e-25,5.11945036628383e-11
12,21062570,T,G,0.367358663336256,-99,2.40021888168968e-104
2,234340967,T,C,-0.318483126923633,-99,0
2,234490058,T,C,0.708881715143235,-99,0
