chrom,pos,major,minor,beta,p_value,gwas_p_value
02,56106928,C,T,-0.0433380299063349,4.97129674360717e-133,1.94724924186668e-84
11,66899619,A,G,-0.0488386436013179,6.86214820654582e-57,2.42395136074205e-48
17,43810896,C,T,-0.0314222536170339,2.49959672864693e-70,6.60370300039127e-45
19,8670147,C,T,-0.0724445509490762,2.15657111968325e-48,9.69223304345891e-45
12,66376202,C,G,0.0267316743099341,3.33191555272478e-101,2.30357173885908e-43
13,50565104,ACT,A,0.0809997467711249,9.77567881434863e-31,3.33645015673178e-43
13,50581301,G,A,0.0161914618468484,2.03699894314749e-20,6.14859090607685e-26
06,34205465,GGAGCCC,G,0.0433262855179192,2.55739370135558e-52,4.13510200997517e-42
06,34163292,G,A,0.0595759414742162,4.02292202037899e-14,1.0729869298389e-12
06,34618184,TTTTATTTATTTATTTA,T,-0.0201762802050625,2.590919022931e-15,1.87852003591304e-12
06,126851160,T,C,-0.0248596171913309,5.02296513450568e-120,5.37564684232874e-41
06,32080146,C,A,0.0295102990013426,1.2138412050195e-38,2.47842049735461e-37
06,32522072,C,T,-0.0152658688822418,1.60669601427332e-18,1.54860939561004e-19
04,17980202,C,CAAA,-0.0314447831000286,2.46264254062227e-38,4.39604151688436e-37
04,17941795,G,GTA,0.0188129132065483,1.82538677114323e-32,1.0525432826544e-26
15,74225388,C,A,0.0241771644462292,6.50064623062916e-68,1.34434744333168e-36
15,74336633,T,C,0.0152186004274122,1.02745609436447e-25,4.15963798147959e-14
04,145599908,A,G,-0.0231570204548154,2.00339934858294e-96,1.23089431201416e-35
01,17306029,A,C,-0.0230881495698638,6.57748738215163e-98,2.73623492598169e-35
09,98264942,A,C,0.0370762129251892,1.66816224061087e-37,3.30927126225606e-35
09,98256235,T,G,-0.0228348410415415,1.94044500497577e-14,2.3391140616074e-16
15,100692953,G,A,-0.0358623861786786,6.296089476485e-39,2.45967206936039e-34
15,100800819,C,CAA,0.0140138763410219,2.14004916858565e-20,5.72963864458437e-12
16,69867835,A,G,-0.0226343236010125,1.02176174333156e-88,4.52738439847038e-34
08,57138676,T,G,-0.0328392218256241,2.16918433331905e-34,7.08053899171554e-33
08,57087545,G,C,0.0185270366391496,2.23816280120709e-15,4.1327958512166e-17
06,142661114,T,A,-0.0244132459608016,9.36520026779434e-48,2.17110394438031e-32
06,142563242,C,G,-0.0163292757797857,3.37113671515494e-17,3.07401288463286e-13
06,130349119,T,C,0.0189492165077385,7.30187809317074e-28,8.60003559048062e-29
06,130341235,T,C,-0.0153521191596306,7.20536900262627e-21,2.24642515232907e-24
05,77454314,GCTAA,G,-0.0238274507521915,1.24603826222387e-43,1.09894860240625e-27
01,41509674,C,T,0.0211111674795613,2.12698306461999e-59,7.26045638630073e-27
02,25176277,A,T,0.017865490099795,5.8616525271948e-46,1.22254470699663e-26
02,25458100,C,A,-0.0126242129825635,5.49317835328022e-15,1.40718649174967e-15
12,4384844,T,G,0.0755338203074827,1.02541055925107e-27,2.20329281917602e-26
03,185548663,G,A,0.0298147875772274,8.85789451357468e-34,2.33576303093279e-26
09,139110654,C,T,-0.0207275046406477,9.56753729702202e-48,1.88135286852115e-25
20,47755162,C,T,0.0223510747724325,2.97389266322752e-41,2.75810898476574e-25
17,61987405,A,T,0.0161123198881311,8.74608695576191e-19,1.80412276863149e-24
17,62016727,CACACATATAT,C,-0.0194714160157791,9.45650107212914e-50,1.90068452868444e-15
17,61996273,T,C,-0.0277389913146822,2.78808099222127e-23,7.05550038763434e-12
01,218616014,C,T,0.0214661665215575,1.10585679957097e-27,2.92954079964344e-23
01,218841311,G,A,-0.0172272532340764,3.03215084702072e-33,7.21780231201765e-17
01,218491068,CTT,C,0.0193789130382933,2.85175520221198e-18,3.12130860212319e-20
20,45532434,G,A,0.0197178880365081,2.98741801297124e-44,3.1859928837046e-23
03,158173566,C,G,-0.0184679485483243,2.73947850842126e-61,4.08045161295561e-23
03,141106954,A,T,0.0186490180704544,7.2837614796688e-56,4.94487622315513e-23
06,109723017,T,TCC,-0.0186934702326299,3.85282490021274e-52,1.42475490775691e-22
15,84591575,G,A,-0.0181223045305414,1.05783298626225e-60,2.0610955860295e-22
07,23591862,G,A,-0.0202375210014207,1.15780342090503e-37,3.28492093239159e-22
12,93994827,A,C,0.0201204414621279,2.10028942127823e-35,2.24037644252972e-21
X,78657693,C,T,-0.0150417551308261,1.53508215916431e-36,4.19104643850205e-21
06,27607111,T,TA,-0.0215475538184439,7.5749255058997e-31,1.03236000998833e-20
03,98801671,C,T,-0.0190326393852108,2.52665226944141e-37,1.22611140395495e-20
02,23964130,A,C,0.0173066667958603,1.47081493695919e-51,2.11799758266866e-20
04,106127121,C,T,-0.0163872104508092,8.60344095123683e-35,1.36692561548233e-19
04,106575269,A,G,0.026198019332789,7.34695045566111e-13,5.06694988799464e-14
01,172227532,A,G,0.0224110281860813,5.36769632472538e-27,1.75073072176889e-19
01,150587279,G,GTTTTTTTTTTTTTTTTTTTTTTT,0.0130111878630635,3.36370273497409e-28,2.75619372114761e-19
01,150192450,T,C,0.0314425686545447,6.90134290422476e-10,2.34485223627224e-13
06,35395010,T,C,-0.0207213285794671,7.98201544565575e-29,2.80629198319138e-19
08,130719718,A,T,-0.0207402207022227,4.00389954586709e-28,4.44902340241071e-19
07,92283098,G,T,0.0176925949390087,1.74289570296153e-35,6.07046943310288e-19
10,124230612,C,A,-0.0261447367149879,1.45243347972458e-22,1.86248438927167e-18
03,128992047,A,G,-0.0195274158298457,6.53725992503016e-28,2.78274712222667e-18
02,242498497,G,A,-0.0162790354180113,3.0161551526213e-46,3.08912207038904e-18
01,26819053,GGTT,G,-0.0185526527578714,1.65232820457696e-29,3.37016195342064e-18
15,89388905,C,T,-0.0394774511244872,1.74393680917328e-12,1.00851440627375e-17
15,89415247,C,G,-0.0147520007970187,1.07468713719451e-18,2.71169956478327e-17
05,170855335,C,T,-0.0187348347038413,7.68784728398211e-23,1.14155587937984e-17
05,171180432,C,CA,0.0138482997280932,4.7369551338351e-17,1.05651548037469e-11
15,99194896,C,G,-0.0250372803269961,3.75055259580974e-22,1.24477919126531e-17
17,62727872,C,CAAAAA,0.0206127805168436,1.55858596256772e-24,2.6707955697358e-17
03,172211875,C,T,0.0173371486847695,2.4884946941577e-30,2.70819564629935e-17
01,204558070,G,T,-0.0165805450389589,2.22811136014634e-33,2.83822823091366e-17
01,2183056,G,A,-0.0305501619696186,9.88400797907852e-20,2.99061808053748e-17
14,93098339,G,C,0.0201863527824505,2.04845287132936e-24,3.23644249244365e-17
18,50762061,A,ATT,-0.0163182548194384,4.8032139482224e-35,3.42201414292748e-17
02,241845397,T,C,-0.0163440712442819,1.94208436638488e-34,4.60638193937347e-17
05,176586898,T,A,0.0162845190777893,5.76577635841036e-35,8.65215736322488e-17
02,199713344,T,C,-0.016021661000724,3.73651725085731e-40,1.31679662277254e-16
06,7231843,G,A,-0.0247466860026168,9.59135731356167e-21,1.43433304422612e-16
06,81052297,A,G,0.0197357734770349,2.53345528554609e-17,2.17149519280571e-16
06,81457547,C,A,0.0256748404706501,1.39124389850057e-13,1.54818554629215e-14
06,116723086,TA,T,-0.0177552137530757,1.04316191310783e-27,3.15986165471475e-16
14,74817418,G,A,0.0154192273809826,1.05983287910365e-35,4.82696552880343e-16
04,106812282,A,AG,0.0283859504127093,7.18588789364079e-16,6.87355670597407e-16
04,106843958,G,C,-0.018597334293946,2.50716746372146e-11,3.15951619618877e-11
22,30549071,A,C,0.0156968100906937,6.54405208748664e-35,7.79145782320211e-16
09,78510823,C,A,-0.0229869775609402,7.96904412497481e-20,8.08090217789774e-16
08,135577008,T,G,-0.0129127585724317,1.03400766288417e-18,1.40565368580712e-15
08,135649848,G,A,-0.0139927674639925,2.35178020740967e-12,8.79336650859235e-15
20,32287917,C,T,-0.0166876610382343,4.44444737744352e-26,1.93363468960477e-15
19,4954455,G,A,-0.018534503635501,2.35951683547832e-22,2.14989635454806e-15
17,79934194,C,A,-0.0131580788998753,9.05782448983159e-19,3.32277364367242e-15
17,79979460,CGTG,C,0.0186222312747273,6.92560228843421e-12,1.70204557846671e-14
12,116196316,CAA,C,-0.0184640139687665,2.56217479987705e-22,4.38813665730058e-15
07,46577056,G,A,0.0146697134421729,4.23681347824758e-36,4.75011050868712e-15
07,140747728,CCCTT,C,0.0164101274329208,8.13232196215833e-26,4.95658904506384e-15
12,66371880,T,G,0.0265791560955494,1.43166617421511e-100,2.7280620320427e-43
08,120596023,G,A,-0.0340124734842756,1.49890025708998e-18,8.14018388543045e-15
08,120542085,G,A,-0.0156138816030582,9.74152858930726e-20,1.05532421956484e-10
14,24835500,T,C,0.0283919875948968,1.69874170402373e-16,1.45037370390721e-14
19,55995841,C,G,-0.0531163547392675,4.63612651375382e-15,1.69233574123414e-14
01,150570985,G,T,0.0158011664956796,1.01430499161486e-28,5.61046827746248e-17
01,149906413,T,C,0.0148454790522024,4.21735241055921e-24,4.5129272342985e-14
17,60720058,T,G,0.0148277673459253,5.02900833671733e-29,3.38755463709992e-14
12,28488991,C,CT,-0.013290877085738,3.84029852133924e-19,5.40782370458023e-14
12,28073172,A,T,-0.0119663515100832,8.86412221145639e-15,9.46080267611616e-12
05,158386181,C,A,-0.0152299254982791,2.07545113264097e-25,5.4553282667038e-14
16,75211347,G,C,-0.0143546532618284,2.49986090742103e-31,8.11993651150486e-14
19,10793749,G,A,0.0146490190170853,3.38562879303269e-26,9.3649932682167e-14
02,227368066,C,T,-0.054955556295187,3.91925610347519e-14,1.05327603722567e-13
11,47840864,C,CA,-0.0152702583463974,3.37752258404631e-26,1.17999180957069e-13
02,36770643,TA,T,-0.0148250628807112,8.86572731493746e-25,1.52137526926154e-13
12,46783217,G,GACAC,-0.0148358898149564,5.36287157159347e-24,1.78801964028998e-13
09,96907452,T,C,-0.0151557361583151,3.02778628457351e-17,1.88160208222886e-13
09,96937049,T,G,0.0318673839138689,2.54569545124868e-10,1.08472268252261e-11
06,158875640,C,CT,0.0159075983805777,7.68401598145315e-22,2.38440239161627e-13
17,64315084,AT,A,-0.0140146158853576,5.38414336644669e-35,3.05941068407584e-13
07,19062775,G,A,0.0137604029662649,1.05070695309454e-14,3.38448853727817e-13
07,18891259,G,A,-0.0132182671900412,6.62632416702994e-17,8.15654096449641e-11
07,19021073,G,A,-0.0134739534132707,2.67853069792152e-11,2.87480976393803e-10
20,21242161,A,T,0.0147878512985578,2.38372198537259e-23,3.45442591330638e-13
12,1513526,A,T,-0.0198478282509632,3.27155346784469e-17,3.46823488794236e-13
05,133929998,T,C,-0.0211492465717919,3.56146917676144e-16,3.74756444056254e-13
10,62177839,A,G,-0.0136181433582456,4.53948166577134e-31,3.76291344613061e-13
02,218694153,G,A,-0.0135779973351698,2.44505460111294e-31,4.57983409276995e-13
13,71635266,G,A,-0.014126941349795,2.78477913873632e-25,4.92636805666253e-13
07,2757867,A,C,-0.0145903155070046,6.91678849582416e-23,6.05390313895947e-13
08,78105153,C,A,0.0147622302741093,4.90776699002635e-22,6.32644495275128e-13
09,16986112,C,G,0.0143348055146296,6.12796934628575e-25,6.45600720186623e-13
01,155155608,A,G,-0.0133570085919987,3.62227185694255e-31,8.20712179112689e-13
X,133855423,C,A,0.0124290515355062,2.2528142444697e-14,9.08082353450565e-13
X,133690880,G,A,-0.0112958221002863,4.65825248836389e-15,9.38579822018908e-12
X,133578403,A,C,-0.0141441998700219,1.22428563391236e-09,8.11489746855985e-09
15,75824479,C,T,0.0204565174411894,9.30776656060176e-16,1.02150844284718e-12
09,15733836,G,A,0.0132859067975219,5.2123240140964e-31,1.0401587360616e-12
11,45239959,T,G,0.0188900562941615,2.24394836841869e-16,1.08801794285362e-12
04,3469826,A,T,-0.015177307741255,7.15074962129614e-21,1.11382742265883e-12
12,115500691,A,T,-0.0146323522848826,1.23296177338325e-21,1.19347407115589e-12
16,3695354,G,A,-0.0162282136171304,1.74119962501148e-18,1.19570097921132e-12
12,20827579,G,A,0.0136872272444509,1.56925348031081e-25,1.41096026921028e-12
03,169297333,C,G,-0.0182037744871529,1.67991519047249e-16,1.6055520325041e-12
06,144867081,A,G,0.015547363347919,5.77294551767331e-19,1.84753963025617e-12
01,51227064,G,T,0.0228056538369714,1.61407495574472e-14,2.22392354708741e-12
05,64392906,T,C,-0.0138430456253513,1.84921434008173e-23,2.29756976557523e-12
12,3351932,C,T,0.0239941071116095,2.11981982827208e-15,2.30013440894756e-12
12,3394588,C,CTTTG,0.0570271599433994,1.69882360653501e-12,2.03503539993699e-11
05,88394669,G,A,-0.0133724719078888,5.66147017054653e-26,2.47697676204586e-12
05,108182857,CT,C,0.0222326322713116,9.6071565531129e-13,3.63699881710557e-12
05,108191383,G,A,-0.0200296897981074,1.25215645727173e-10,1.76344125146048e-10
06,152129077,T,C,0.0128599064110823,1.39450425770289e-22,4.21974700711727e-12
06,152596878,A,AT,-0.0122614393102351,4.69089313715807e-12,1.57099802003408e-09
01,9440198,A,C,0.0130402993312829,4.36768082056395e-28,4.96202591761745e-12
12,122995468,G,GA,-0.0145698196203717,1.23699955172109e-19,5.03575032516963e-12
12,30917965,GA,G,0.0130155741673494,2.45242472588469e-33,5.28691207256961e-12
06,105468219,A,AT,-0.0191800137962683,2.26826795157672e-16,5.84578039703288e-12
03,196956367,A,G,0.0136348520787041,3.22569420978451e-21,9.44824642288507e-12
03,32939573,G,C,-0.0129995822875071,2.85121885651453e-19,9.51564244948108e-12
03,33260422,C,T,0.0201367670823336,8.49060691153026e-11,1.64316540163862e-10
17,7571752,T,G,0.0583436032833552,5.25428357050873e-12,9.77651678613593e-12
20,33320571,T,C,0.0162751965380455,2.50887187629277e-16,1.18035993471689e-11
01,180909061,C,T,0.0138164295051658,2.71239866073789e-20,1.26845420400934e-11
03,13806135,A,G,0.0127176244699305,4.55338410224106e-26,1.31795141970369e-11
14,60957171,A,G,0.0129363204497128,8.91369337862085e-28,1.34538978326831e-11
06,22056923,A,C,-0.01348003593269,6.75011882800429e-21,1.4126193978746e-11
10,12256559,G,A,-0.012743883106592,2.09111701272619e-25,1.60003058077293e-11
18,8800830,G,A,-0.0155174315751716,1.30355920784388e-16,1.70040337771143e-11
02,172375786,C,T,-0.0159696533927067,3.87920637626521e-16,1.72891003509646e-11
15,67487549,C,G,-0.0148618266998675,1.57893430907844e-17,1.85077077720025e-11
06,129811074,T,TA,-0.0140725784097806,3.09604807173286e-19,1.85294144642333e-11
07,150542515,G,T,0.0133230751749289,1.99678478611588e-21,1.95743168714828e-11
02,47002473,C,T,-0.0126062244491475,1.58808851844153e-28,1.99371817063173e-11
19,41108975,A,C,0.0125246980785569,8.91505183612712e-27,2.04754351279545e-11
11,89350820,T,G,-0.0129938996003154,1.71956528248309e-22,2.27286244990671e-11
01,22441865,T,C,0.0127242006892956,5.73101597876562e-20,2.99708580017381e-11
01,22653884,C,T,-0.011736573035624,5.72666983853547e-12,9.14470106860967e-09
01,227570005,T,C,-0.0164196390016218,2.73482345343369e-15,3.05044159245924e-11
02,178210268,A,T,-0.0163948839705338,6.71967920267841e-13,3.211870929095e-11
02,178565913,T,C,0.0278888668874635,5.30339960675127e-10,1.38258655516687e-10
20,34025756,A,G,0.0134214807972371,4.64215287599453e-19,3.48219765675944e-11
20,33611933,C,CT,-0.0143609790592062,1.20835807466463e-14,1.32790049178077e-09
05,127357526,C,T,0.0141914472882996,1.98095390519634e-17,4.53887222733242e-11
05,122681834,C,T,-0.012293754492942,5.69661442169959e-26,4.664013788303e-11
14,94844947,C,T,0.0432932209425418,2.21261578033187e-11,5.46935767172119e-11
04,77659090,C,T,-0.0121598054348189,4.86306515458949e-29,5.84184658741297e-11
04,124888059,G,A,-0.0161154753528123,7.54664002449443e-15,6.09500404330484e-11
03,72397279,A,G,-0.0124975713782948,2.33201098426185e-24,6.18960638373785e-11
17,43525166,C,CT,-0.031430284476325,6.27573874597872e-56,2.0901052117347e-38
04,25408838,G,A,0.0143600236470394,1.07768169671303e-16,7.0010275006771e-11
17,38259103,A,G,0.0144557181785801,1.51613224019899e-16,7.89136429354119e-11
09,92177897,G,A,0.0122928110527983,1.91598184514392e-29,8.62505841215666e-11
14,101202816,G,A,-0.0188967199608677,3.48609720686652e-13,9.07053678263645e-11
02,161767255,G,GA,-0.0150998311792126,1.6482112680493e-16,9.6345424270244e-11
X,30422589,GCTCTCTCT,G,-0.0110115357794635,5.43459474746387e-17,9.77265667911374e-11
12,58450409,G,A,0.0299062476877112,1.4572628530075e-11,1.01638645350214e-10
02,70223101,T,C,-0.0123638576521704,8.91421387838814e-22,1.0778027530239e-10
04,13179078,A,G,0.0130091637278686,9.83347022607179e-19,1.10643646135806e-10
10,95725628,T,C,-0.0138297812974827,5.24277436731013e-18,1.13697003645514e-10
12,102663792,CTAT,C,0.020373539600467,6.8551551001406e-13,1.23163555708072e-10
16,88795044,A,C,-0.0218306499570291,8.75575768137978e-13,1.46903552105067e-10
08,123986649,A,G,0.0119506595077302,6.74317750200901e-25,1.52280471417923e-10
20,10614435,G,A,0.0121432358650097,2.05526307204511e-23,1.54335991714142e-10
06,140733439,G,A,0.0141956484465398,6.73289422595516e-16,1.57083358266073e-10
03,64416021,A,AC,-0.0119461016356526,9.51091291068448e-28,1.61137257523352e-10
18,20727611,T,C,-0.0143776554755891,1.72422536968364e-15,1.6486318145664e-10
05,42803824,C,T,0.0263416123862918,9.86067058296031e-12,1.69887579060785e-10
11,2163110,T,G,0.011993011360919,3.27413069516042e-26,1.72062701521265e-10
21,36063851,G,GA,-0.0124314891214279,4.80161046982842e-21,1.78434352173881e-10
11,62381808,G,C,0.0123430721439452,5.00157545307793e-21,1.80660527742496e-10
10,93043858,T,C,0.0143581865105063,1.80762940729095e-15,1.80802569847358e-10
05,56008916,T,C,-0.0147116273453671,1.93903453494311e-15,1.84545487974691e-10
17,1663847,A,T,0.0131499907746362,2.27195199179724e-20,2.13260095316815e-10
06,169626065,T,C,0.0146446857293466,6.81022546618372e-15,2.27104090604015e-10
09,136323754,G,A,-0.0173187922560916,2.77081569078018e-13,2.30321234394383e-10
20,62343956,G,T,0.0125313173097352,1.77702664460009e-19,2.42860146483496e-10
06,131272424,G,A,0.0131572084301031,1.80046628534974e-17,2.53317193145702e-10
03,8586441,A,G,-0.0117976979768262,1.83183754940219e-26,2.60961538092529e-10
07,139712347,T,C,0.0128096468928239,2.01171151518284e-18,2.65165842541461e-10
05,129036035,A,C,0.0210425133341281,5.57578800671441e-12,2.78121125437989e-10
06,34094919,A,G,0.0397840319663147,5.69049929375983e-16,7.35543299529749e-16
06,33621055,C,CT,-0.0120798252957376,6.242706708352e-27,2.96691725740155e-10
06,116981285,T,G,-0.024567023382805,1.044838764532e-12,3.17530246399647e-11
17,27967374,G,GT,0.0116927613031325,8.76730007926155e-26,3.5017669735739e-10
11,14819828,T,A,0.0258398592495634,2.60709300539353e-11,3.67760866832409e-10
11,68415513,CTT,C,-0.0161183312564893,1.64071182271336e-13,4.42067675203641e-10
09,108989399,G,A,-0.0117517100570791,8.90972339979366e-26,4.5805011455639e-10
01,151068398,A,C,0.0364304739125907,5.92472913680659e-14,2.74403232358036e-12
01,151047648,C,T,0.0518810978816572,7.46515290539433e-13,7.81575391877269e-12
04,57823457,A,G,-0.01153450442855,6.13700258049262e-25,5.92775465573362e-10
10,104791594,GC,G,0.0121436566543581,9.22224851432021e-20,6.13533793384003e-10
01,221152299,C,T,0.012777732557856,1.45339837950339e-16,7.57044586886715e-10
20,6883596,G,A,0.0124012154179895,4.4506351874219e-17,8.55916178174047e-10
09,119122342,T,C,-0.0124719140704052,2.38845794058989e-15,9.37016261189383e-10
09,119430547,T,C,0.0183834915517968,1.02888688597341e-09,6.85923196656472e-09
03,71684707,C,A,0.0116351198422847,1.80821307712681e-21,1.02775199784169e-09
09,113758531,T,C,-0.041152974936732,4.65917708438214e-10,1.10785363083415e-09
03,67456125,A,T,-0.0126812692989225,1.70347429489257e-16,1.12487074667126e-09
05,115041970,C,CT,0.0128057365295761,7.12059361547535e-16,1.23379974104191e-09
02,71534161,C,G,0.0114665706761578,1.0223469058966e-20,1.29335703966053e-09
16,89679868,C,CCTCTCTCCCTCCTG,0.0118325807110044,6.93784925707944e-26,1.41295313393354e-09
12,66022450,A,T,-0.0461201942544458,-99,2.59976693134451e-20
01,150425376,C,A,0.106979278331291,-99,7.064110117045e-16
