chrom,pos,major,minor,beta,p_value,gwas_p_value
02,56106928,C,T,-0.0433380299063349,4.97129674360717e-133,1.94724924186668e-84
11,66899619,A,G,-0.0488386436013179,6.86214820654582e-57,2.42395136074205e-48
17,43810896,C,T,-0.0314222536170339,2.49959672864693e-70,6.60370300039127e-45
19,8670147,C,T,-0.0724445509490762,2.15657111968325e-48,9.69223304345891e-45
12,66376202,C,G,0.0267316743099341,3.33191555272478e-101,2.30357173885908e-43
13,50565104,ACT,A,0.0809997467711249,9.77567881434863e-31,3.33645015673178e-43
13,50581301,G,A,0.0161914618468484,2.03699894314749e-20,6.14859090607685e-26
06,34205465,GGAGCCC,G,0.0433262855179192,2.55739370135558e-52,4.13510200997517e-42
06,34163292,G,A,0.0595759414742162,4.02292202037899e-14,1.0729869298389e-12
06,34618184,TTTTATTTATTTATTTA,T,-0.0201762802050625,2.590919022931e-15,1.87852003591304e-12
06,126851160,T,C,-0.0248596171913309,5.02296513450568e-120,5.37564684232874e-41
06,32080146,C,A,0.0312231542848796,5.87742751618968e-43,2.47842049735461e-37
06,32522072,C,T,-0.0147993135099424,8.89279130346388e-17,1.54860939561004e-19
06,31634570,A,C,0.0234191611703301,2.02263591653164e-10,6.41280558293745e-07
04,17980202,C,CAAA,-0.0314447831000286,2.46264254062227e-38,4.39604151688436e-37
04,17941795,G,GTA,0.0188129132065483,1.82538677114323e-32,1.0525432826544e-26
15,74225388,C,A,0.0241771644462292,6.50064623062916e-68,1.34434744333168e-36
15,74336633,T,C,0.0152186004274122,1.02745609436447e-25,4.15963798147959e-14
04,145599908,A,G,-0.0231570204548154,2.00339934858294e-96,1.23089431201416e-35
01,17306029,A,C,-0.0230881495698638,6.57748738215163e-98,2.73623492598169e-35
09,98264942,A,C,0.0370762129251892,1.66816224061087e-37,3.30927126225606e-35
09,98256235,T,G,-0.0228348410415415,1.94044500497577e-14,2.3391140616074e-16
15,100692953,G,A,-0.0375989538417048,6.24587765779141e-42,2.45967206936039e-34
15,100800819,C,CAA,0.0145224379650295,3.27919273892904e-17,5.72963864458437e-12
15,100514063,T,C,-0.0131629838347454,1.16088934083927e-16,8.30329994075133e-08
16,69867835,A,G,-0.0226343236010125,1.02176174333156e-88,4.52738439847038e-34
08,57138676,T,G,-0.0328392218256241,2.16918433331905e-34,7.08053899171554e-33
08,57087545,G,C,0.0185270366391496,2.23816280120709e-15,4.1327958512166e-17
06,142661114,T,A,-0.0244132459608016,9.36520026779434e-48,2.17110394438031e-32
06,142563242,C,G,-0.0163292757797857,3.37113671515494e-17,3.07401288463286e-13
06,130349119,T,C,0.0189492165077385,7.30187809317074e-28,8.60003559048062e-29
06,130341235,T,C,-0.0153521191596306,7.20536900262627e-21,2.24642515232907e-24
05,77454314,GCTAA,G,-0.0238274507521915,1.24603826222387e-43,1.09894860240625e-27
01,41509674,C,T,0.0211111674795613,2.12698306461999e-59,7.26045638630073e-27
02,25176277,A,T,0.0127865427241342,8.46594533000448e-24,1.22254470699663e-26
02,25458100,C,A,-0.0134242905656688,6.34491713481755e-15,1.40718649174967e-15
02,25052177,T,C,-0.0149939496777622,5.05382025873287e-16,2.85102434475429e-22
12,4384844,T,G,0.0761019569859426,4.9113135965789e-28,2.20329281917602e-26
12,4033760,G,A,0.0226620677944441,3.91019184200991e-08,3.91899056424088e-07
03,185548663,G,A,0.0298147875772274,8.85789451357468e-34,2.33576303093279e-26
09,139110654,C,T,-0.0207275046406477,9.56753729702202e-48,1.88135286852115e-25
20,47755162,C,T,0.0223510747724325,2.97389266322752e-41,2.75810898476574e-25
17,61987405,A,T,0.0161123198881311,8.74608695576191e-19,1.80412276863149e-24
17,62016727,CACACATATAT,C,-0.0194714160157791,9.45650107212914e-50,1.90068452868444e-15
17,61996273,T,C,-0.0277389913146822,2.78808099222127e-23,7.05550038763434e-12
01,218616014,C,T,0.0214661665215575,1.10585679957097e-27,2.92954079964344e-23
01,218841311,G,A,-0.0172272532340764,3.03215084702072e-33,7.21780231201765e-17
01,218491068,CTT,C,0.0193789130382933,2.85175520221198e-18,3.12130860212319e-20
20,45532434,G,A,0.0197178880365081,2.98741801297124e-44,3.1859928837046e-23
03,158173566,C,G,-0.0184679485483243,2.73947850842126e-61,4.08045161295561e-23
03,141106954,A,T,0.0186490180704544,7.2837614796688e-56,4.94487622315513e-23
06,109723017,T,TCC,-0.0186934702326299,3.85282490021274e-52,1.42475490775691e-22
15,84591575,G,A,-0.0178565536095253,5.4360279141203e-46,2.0610955860295e-22
15,84839013,A,C,-0.0129618970800131,1.71268481754643e-07,2.6047935369532e-07
07,23591862,G,A,-0.0196220603389054,7.99709860627345e-34,3.28492093239159e-22
07,23648542,G,T,0.0172777175783127,2.35615274552391e-08,7.66905367677914e-09
12,93994827,A,C,0.0198305834235331,4.87841217063556e-25,2.24037644252972e-21
12,94207802,A,G,0.0104343103195094,2.44119441969713e-16,4.57422421724572e-09
X,78657693,C,T,-0.0150417551308261,1.53508215916431e-36,4.19104643850205e-21
06,27607111,T,TA,-0.0196373771443815,1.59370160843619e-25,1.03236000998833e-20
06,27122444,A,G,0.0174034309509305,1.24534722003651e-08,8.33430357811737e-11
03,98801671,C,T,-0.0190326393852108,2.52665226944141e-37,1.22611140395495e-20
02,23964130,A,C,0.017346973916064,6.79313406093194e-51,2.11799758266866e-20
02,23567339,G,A,0.0425482035201653,2.25530154102591e-06,3.21864724103664e-06
04,106127121,C,T,-0.0143554583838429,1.09385339606127e-24,1.36692561548233e-19
04,106575269,A,G,0.0259619726414808,1.17775421720299e-12,5.06694988799464e-14
04,106200635,A,G,-0.028974046560394,1.71675831672014e-06,1.84151796257853e-11
01,172227532,A,G,0.0224110281860813,5.36769632472538e-27,1.75073072176889e-19
01,150587279,G,GTTTTTTTTTTTTTTTTTTTTTTT,0.0170868687015822,2.37197930870438e-47,2.75619372114761e-19
01,150354210,A,G,0.0185119524528864,2.07542646220284e-13,6.50368478891171e-07
06,35395010,T,C,-0.0196766663180493,2.41437078312415e-21,2.80629198319138e-19
06,35687249,T,G,-0.01158437176333,8.11115829854648e-12,2.81695239385586e-10
08,130719718,A,T,-0.0207402207022227,4.00389954586709e-28,4.44902340241071e-19
07,92283098,G,T,0.0176925949390087,1.74289570296153e-35,6.07046943310288e-19
10,124230612,C,A,-0.0261447367149879,1.45243347972458e-22,1.86248438927167e-18
03,128992047,A,G,-0.0195274158298457,6.53725992503016e-28,2.78274712222667e-18
02,242498497,G,A,-0.0144941999170887,1.74816148892584e-29,3.08912207038904e-18
02,242059907,C,CAAAAAAAAA,0.0239215512473625,5.21915161623677e-07,2.03147651466166e-07
01,26819053,GGTT,G,-0.0175040804932083,1.41458516917008e-24,3.37016195342064e-18
01,26434379,T,A,0.0149680836455912,6.52454939351468e-10,5.42173458066955e-10
15,89388905,C,T,-0.0380793887946147,1.01785069021642e-11,1.00851440627375e-17
15,89415247,C,G,-0.0146489873912232,2.6076821794953e-14,2.71169956478327e-17
15,89349539,G,A,0.00839394143744704,5.46937266010077e-11,3.88466891538322e-07
05,170855335,C,T,-0.018647232382794,6.71539683278839e-21,1.14155587937984e-17
05,171180432,C,CA,0.0137915031727151,8.6637279413234e-15,1.05651548037469e-11
05,171317318,G,A,0.0107067970263877,2.3287613578534e-10,6.2290987687735e-08
15,99194896,C,G,-0.0208346064218906,2.85204165112012e-15,1.24477919126531e-17
15,99177660,C,A,0.00999839541406945,7.7600267578017e-16,7.70711409666248e-13
17,62727872,C,CAAAAA,0.020655220315264,3.01578733157059e-24,2.6707955697358e-17
17,62497964,C,T,-0.0288526932234108,3.67064782043299e-07,6.90491898972785e-07
03,172211875,C,T,0.0173371486847695,2.4884946941577e-30,2.70819564629935e-17
01,204558070,G,T,-0.0165805450389589,2.22811136014634e-33,2.83822823091366e-17
01,2183056,G,A,-0.0265312396029858,1.28449622018932e-14,2.99061808053748e-17
01,2246513,G,A,-0.0110647478323342,5.30346400899372e-08,1.1177069022131e-07
01,2157948,T,C,0.0094279348998579,4.66467557855635e-13,2.59660750677889e-13
14,93098339,G,C,0.0207010805593277,2.05377823691374e-21,3.23644249244365e-17
14,93407535,G,A,-0.0102661123478965,1.46128286250045e-10,8.89854300028996e-08
14,93517265,C,T,-0.0181672821600494,8.71025436247976e-07,4.7825902598763e-07
18,50762061,A,ATT,-0.0163182548194384,4.8032139482224e-35,3.42201414292748e-17
02,241845397,T,C,-0.0155463326402287,1.55357105120511e-25,4.60638193937347e-17
02,242053599,G,C,0.0187341151655675,1.69846809070203e-08,1.76229044506087e-08
05,176586898,T,A,0.0117465573464384,4.30658840335302e-17,8.65215736322488e-17
05,176509193,T,C,-0.0119301198104252,4.93349929556197e-14,7.07911579924214e-16
02,199713344,T,C,-0.0156662903066875,5.05899601900333e-30,1.31679662277254e-16
02,199229308,G,T,-0.0118903003473226,1.21807246469792e-08,3.73162638882715e-08
06,7231843,G,A,-0.0246456771712716,5.8221093988887e-18,1.43433304422612e-16
06,7563232,T,G,-0.0082602108277459,2.09693377569471e-11,7.2590552996062e-06
06,81052297,A,G,0.0197357734770349,2.53345528554609e-17,2.17149519280571e-16
06,116723086,TA,T,-0.0177552137530757,1.04316191310783e-27,3.15986165471475e-16
14,74817418,G,A,0.0154192273809826,1.05983287910365e-35,4.82696552880343e-16
04,106812282,A,AG,0.0266843752092798,9.05347774842703e-14,6.87355670597407e-16
04,106843958,G,C,-0.0185251602453853,2.9247107452187e-10,3.15951619618877e-11
04,106312813,T,C,-0.0100096803507454,2.17716642087812e-12,3.99358989240642e-09
22,30549071,A,C,0.0156968100906937,6.54405208748664e-35,7.79145782320211e-16
09,78510823,C,A,-0.0234930157070502,5.0629257661467e-20,8.08090217789774e-16
09,78759705,T,A,0.0238175588623259,7.67924561693564e-10,1.57480007292413e-08
08,135577008,T,G,-0.0129127585724317,1.03400766288417e-18,1.40565368580712e-15
08,135649848,G,A,-0.0139927674639925,2.35178020740967e-12,8.79336650859235e-15
20,32287917,C,T,-0.0166876610382343,4.44444737744352e-26,1.93363468960477e-15
19,4954455,G,A,-0.018534503635501,2.35951683547832e-22,2.14989635454806e-15
17,79934194,C,A,-0.0131580788998753,9.05782448983159e-19,3.32277364367242e-15
17,79979460,CGTG,C,0.0186222312747273,6.92560228843421e-12,1.70204557846671e-14
12,116196316,CAA,C,-0.0184640139687665,2.56217479987705e-22,4.38813665730058e-15
07,46577056,G,A,0.0146697134421729,4.23681347824758e-36,4.75011050868712e-15
07,140747728,CCCTT,C,0.0164101274329208,8.13232196215833e-26,4.95658904506384e-15
12,66371880,T,G,0.0263356127991655,4.72716456955548e-86,2.7280620320427e-43
12,66120654,T,C,0.0149375385048649,3.65690152715403e-09,7.33420775338373e-12
08,120596023,G,A,-0.0340124734842756,1.49890025708998e-18,8.14018388543045e-15
08,120542085,G,A,-0.0156138816030582,9.74152858930726e-20,1.05532421956484e-10
14,24835500,T,C,0.0283919875948968,1.69874170402373e-16,1.45037370390721e-14
19,55995841,C,G,-0.0531163547392675,4.63612651375382e-15,1.69233574123414e-14
01,150570985,G,T,0.0158011664956796,1.01430499161486e-28,5.61046827746248e-17
01,149906413,T,C,0.0148454790522024,4.21735241055921e-24,4.5129272342985e-14
17,60720058,T,G,0.0148277673459253,5.02900833671733e-29,3.38755463709992e-14
12,28488991,C,CT,-0.0116432035942667,2.02695261138341e-12,5.40782370458023e-14
12,28073172,A,T,-0.0141207788369497,6.68906416870317e-20,9.46080267611616e-12
12,28008769,G,T,-0.0125368670276033,4.48152523854179e-10,9.6966207602291e-08
05,158386181,C,A,-0.0152299254982791,2.07545113264097e-25,5.4553282667038e-14
16,75211347,G,C,-0.0143546532618284,2.49986090742103e-31,8.11993651150486e-14
19,10793749,G,A,0.0146490190170853,3.38562879303269e-26,9.3649932682167e-14
02,227368066,C,T,-0.054955556295187,3.91925610347519e-14,1.05327603722567e-13
11,47840864,C,CA,-0.0152702583463974,3.37752258404631e-26,1.17999180957069e-13
02,36770643,TA,T,-0.014686813959835,1.27929507093151e-23,1.52137526926154e-13
02,36589575,A,G,-0.0252259973064398,2.37624564399314e-06,1.98809969668349e-06
12,46783217,G,GACAC,-0.0142175772058601,1.50224838024594e-21,1.78801964028998e-13
12,46429309,T,C,0.023247624373587,3.99265684764554e-08,1.16355975163799e-08
09,96907452,T,C,-0.0151557361583151,3.02778628457351e-17,1.88160208222886e-13
09,96937049,T,G,0.0318673839138689,2.54569545124868e-10,1.08472268252261e-11
06,158875640,C,CT,0.0142644286381878,1.11188145676228e-17,2.38440239161627e-13
06,158882320,G,A,-0.020720126339351,4.26508888795225e-08,7.27807451937489e-10
17,64315084,AT,A,-0.0140146158853576,5.38414336644669e-35,3.05941068407584e-13
07,19062775,G,A,0.0137604029662649,1.05070695309454e-14,3.38448853727817e-13
07,18891259,G,A,-0.0132182671900412,6.62632416702994e-17,8.15654096449641e-11
07,19021073,G,A,-0.0134739534132707,2.67853069792152e-11,2.87480976393803e-10
20,21242161,A,T,0.0147878512985578,2.38372198537259e-23,3.45442591330638e-13
12,1513526,A,T,-0.0198478282509632,3.27155346784469e-17,3.46823488794236e-13
05,133929998,T,C,-0.0188443767478135,6.57819003742624e-12,3.74756444056254e-13
05,134422299,C,G,-0.00954547028297472,8.75430960223692e-09,3.96582201315864e-07
05,133850622,G,A,0.00941539775030196,1.6187756898998e-09,3.00672276336841e-10
10,62177839,A,G,-0.0136367049401593,2.22287094547103e-27,3.76291344613061e-13
10,61707378,T,C,0.0136757464589158,6.97516238538981e-07,2.50219925740293e-06
02,218694153,G,A,-0.0130365063660406,1.79809923087256e-16,4.57983409276995e-13
02,219115386,C,CA,0.0106715106906302,9.5935563549005e-13,7.35316227160414e-08
02,218604356,A,G,-0.0114907131962315,1.41447482465461e-07,9.97227103158044e-08
13,71635266,G,A,-0.014126941349795,2.78477913873632e-25,4.92636805666253e-13
07,2757867,A,C,-0.0145903155070046,6.91678849582416e-23,6.05390313895947e-13
08,78105153,C,A,0.0147622302741093,4.90776699002635e-22,6.32644495275128e-13
09,16986112,C,G,0.0144691187344042,2.19931972771213e-21,6.45600720186623e-13
09,16507720,T,C,0.0272947177044197,3.40106820853426e-08,4.78254264451207e-07
09,16492011,C,T,0.013498246176126,4.51016342454755e-09,2.6924180277169e-06
01,155155608,A,G,-0.0133570085919987,3.62227185694255e-31,8.20712179112689e-13
X,133855423,C,A,0.0124290515355062,2.2528142444697e-14,9.08082353450565e-13
X,133690880,G,A,-0.0112958221002863,4.65825248836389e-15,9.38579822018908e-12
X,133578403,A,C,-0.0141441998700219,1.22428563391236e-09,8.11489746855985e-09
15,75824479,C,T,0.0204565174411894,9.30776656060176e-16,1.02150844284718e-12
09,15733836,G,A,0.0132859067975219,5.2123240140964e-31,1.0401587360616e-12
11,45239959,T,G,0.0188900562941615,2.24394836841869e-16,1.08801794285362e-12
04,3469826,A,T,-0.015177307741255,7.15074962129614e-21,1.11382742265883e-12
12,115500691,A,T,-0.0146323522848826,1.23296177338325e-21,1.19347407115589e-12
16,3695354,G,A,-0.0162282136171304,1.74119962501148e-18,1.19570097921132e-12
12,20827579,G,A,0.0136044408447048,2.2718443051064e-19,1.41096026921028e-12
12,20590695,A,G,-0.00989805681292915,1.09776861888024e-08,1.31340062877727e-06
03,169297333,C,G,-0.0169909721647737,2.50065340408537e-12,1.6055520325041e-12
03,169152230,G,GT,0.010790354621631,9.23585317829323e-09,3.32186267918645e-07
03,168911663,T,C,-0.00919757104326223,3.36268232203845e-08,3.09461756704922e-06
06,144867081,A,G,0.015547363347919,5.77294551767331e-19,1.84753963025617e-12
01,51227064,G,T,0.0228056538369714,1.61407495574472e-14,2.22392354708741e-12
05,64392906,T,C,-0.0138430456253513,1.84921434008173e-23,2.29756976557523e-12
12,3351932,C,T,0.0239941071116095,2.11981982827208e-15,2.30013440894756e-12
12,3394588,C,CTTTG,0.0570271599433994,1.69882360653501e-12,2.03503539993699e-11
05,88394669,G,A,-0.0133724719078888,5.66147017054653e-26,2.47697676204586e-12
05,108182857,CT,C,0.0222326322713116,9.6071565531129e-13,3.63699881710557e-12
05,108191383,G,A,-0.0200296897981074,1.25215645727173e-10,1.76344125146048e-10
06,152129077,T,C,0.0125260749757521,2.08484565868366e-18,4.21974700711727e-12
06,152596878,A,AT,-0.0124358565240963,8.52832672960348e-12,1.57099802003408e-09
06,152345162,G,A,0.0100193949100682,1.78796150830441e-07,6.78210150442796e-07
01,9440198,A,C,0.0123141365370771,2.94637406980177e-21,4.96202591761745e-12
01,9339467,C,T,0.0151685287425547,1.37855757086065e-08,3.07041982886718e-09
12,122995468,G,GA,-0.0133921184118037,8.05142112886807e-16,5.03575032516963e-12
12,123339117,C,T,-0.025378302201467,2.56950596119098e-07,5.93719763089942e-09
12,30917965,GA,G,0.0130155741673494,2.45242472588469e-33,5.28691207256961e-12
06,105468219,A,AT,-0.0167954337379574,1.52842826558267e-12,5.84578039703288e-12
06,105401013,T,G,0.0118176649120801,8.2651400425105e-09,3.27129439686308e-09
03,196956367,A,G,0.0136348520787041,3.22569420978451e-21,9.44824642288507e-12
03,32939573,G,C,-0.0140647863034223,3.4657636374317e-18,9.51564244948108e-12
03,33260422,C,T,0.0208342948573775,6.67834015261722e-11,1.64316540163862e-10
03,33194990,C,A,-0.0116347219739783,1.78980465001979e-15,1.49612145441638e-07
17,7571752,T,G,0.0583436032833552,5.25428357050873e-12,9.77651678613593e-12
20,33320571,T,C,0.0162751965380455,2.50887187629277e-16,1.18035993471689e-11
01,180909061,C,T,0.0138164295051658,2.71239866073789e-20,1.26845420400934e-11
03,13806135,A,G,0.0121431378696355,1.89530543077536e-23,1.31795141970369e-11
03,14259894,A,G,-0.0255535969242972,2.54710335333713e-06,4.68036997369474e-07
14,60957171,A,G,0.0129363204497128,8.91369337862085e-28,1.34538978326831e-11
06,22056923,A,C,-0.01348003593269,6.75011882800429e-21,1.4126193978746e-11
10,12256559,G,A,-0.012743883106592,2.09111701272619e-25,1.60003058077293e-11
18,8800830,G,A,-0.0155174315751716,1.30355920784388e-16,1.70040337771143e-11
02,172375786,C,T,-0.0154340405130825,1.42801617414063e-12,1.72891003509646e-11
02,171952307,A,T,-0.00901668989651781,1.4638016946856e-09,7.59916496289256e-07
15,67487549,C,G,-0.0142062535463707,2.73600714501254e-13,1.85077077720025e-11
15,67457698,A,G,0.0211196677146858,3.92562304097964e-08,7.7091999413321e-09
15,67034812,G,A,-0.00907637866272877,2.57593334436798e-09,2.7065911615434e-06
06,129811074,T,TA,-0.0144298198851986,1.72713339241929e-18,1.85294144642333e-11
06,129521296,C,T,0.0182161374306625,1.33215595886686e-07,1.67038772992515e-06
07,150542515,G,T,0.0133230751749289,1.99678478611588e-21,1.95743168714828e-11
02,47002473,C,T,-0.0126062244491475,1.58808851844153e-28,1.99371817063173e-11
19,41108975,A,C,0.0116577308145689,2.44139184313392e-23,2.04754351279545e-11
19,41117300,G,A,-0.0378743113651547,3.98262705642514e-06,2.02638932338675e-07
11,89350820,T,G,-0.0129938996003154,1.71956528248309e-22,2.27286244990671e-11
01,22441865,T,C,0.0106446000451411,1.603228165247e-10,2.99708580017381e-11
01,22653884,C,T,-0.011410146740267,5.25624510659278e-11,9.14470106860967e-09
01,22542023,C,CT,0.00936868671395374,4.37829465669967e-07,5.11676261785608e-10
01,227570005,T,C,-0.0164196390016218,2.73482345343369e-15,3.05044159245924e-11
02,178210268,A,T,-0.0163948839705338,6.71967920267841e-13,3.211870929095e-11
02,178565913,T,C,0.0278888668874635,5.30339960675127e-10,1.38258655516687e-10
20,34025756,A,G,0.0153989234851308,9.65630156551235e-27,3.48219765675944e-11
20,33672527,ATATGTG,A,-0.0200436129948593,1.09206745048115e-13,1.89249531216004e-08
05,127357526,C,T,0.0141914472882996,1.98095390519634e-17,4.53887222733242e-11
05,122681834,C,T,-0.0117947685194422,1.10564008018041e-15,4.664013788303e-11
05,122373399,T,A,-0.00936033628469581,3.32878973288262e-09,1.43374150742017e-07
14,94844947,C,T,0.0432932209425418,2.21261578033187e-11,5.46935767172119e-11
04,77659090,C,T,-0.0121598054348189,4.86306515458949e-29,5.84184658741297e-11
04,124888059,G,A,-0.0161154753528123,7.54664002449443e-15,6.09500404330484e-11
03,72397279,A,G,-0.0124975713782948,2.33201098426185e-24,6.18960638373785e-11
17,43525166,C,CT,-0.0320182044423566,2.18138891021009e-50,2.0901052117347e-38
17,43223292,G,A,-0.0109700270381242,1.10985797195002e-12,9.34770870384339e-07
04,25408838,G,A,0.0143600236470394,1.07768169671303e-16,7.0010275006771e-11
17,38259103,A,G,0.0127103332981568,1.45698562743366e-11,7.89136429354119e-11
17,38597611,CA,C,-0.0104638157599598,6.91018502955402e-12,3.82966696743193e-09
09,92177897,G,A,0.0122928110527983,1.91598184514392e-29,8.62505841215666e-11
14,101202816,G,A,-0.0195537355647874,7.01536834993823e-13,9.07053678263645e-11
14,101592359,C,T,-0.00962154941914341,9.64822355812778e-10,3.70830601383094e-06
14,101349454,G,T,-0.0268593315304041,2.12768886969746e-06,7.51328112716312e-06
02,161767255,G,GA,-0.0150998311792126,1.6482112680493e-16,9.6345424270244e-11
X,30422589,GCTCTCTCT,G,-0.0110115357794635,5.43459474746387e-17,9.77265667911374e-11
12,58450409,G,A,0.0269655935682131,1.49559125527492e-09,1.01638645350214e-10
12,58009202,T,C,-0.0100454698932244,6.52538279850516e-13,6.02726827611482e-09
02,70223101,T,C,-0.0123638576521704,8.91421387838814e-22,1.0778027530239e-10
04,13179078,A,G,0.0130091637278686,9.83347022607179e-19,1.10643646135806e-10
10,95725628,T,C,-0.0138297812974827,5.24277436731013e-18,1.13697003645514e-10
12,102663792,CTAT,C,0.0193362172010853,3.90808562192618e-11,1.23163555708072e-10
12,103008249,A,G,-0.0126014556492893,1.58434763881075e-08,1.81073874951398e-07
12,102295834,G,A,-0.0127750090534542,2.78127093865988e-07,5.01877663085284e-07
16,88795044,A,C,-0.0218306499570291,8.75575768137978e-13,1.46903552105067e-10
08,123986649,A,G,0.0119506595077302,6.74317750200901e-25,1.52280471417923e-10
20,10614435,G,A,0.0121432358650097,2.05526307204511e-23,1.54335991714142e-10
06,140733439,G,A,0.0147614845387592,5.14752157068398e-17,1.57083358266073e-10
06,141233206,T,C,0.0473714705499708,7.0469755510387e-08,5.44700441771233e-07
03,64416021,A,AC,-0.0119461016356526,9.51091291068448e-28,1.61137257523352e-10
18,20727611,T,C,-0.0143776554755891,1.72422536968364e-15,1.6486318145664e-10
05,42803824,C,T,0.0263416123862918,9.86067058296031e-12,1.69887579060785e-10
11,2163110,T,G,0.0125313319084548,8.82701199721571e-24,1.72062701521265e-10
11,2021830,T,C,0.0114366701415775,1.15306963537646e-07,9.61742614388235e-06
21,36063851,G,GA,-0.0121994939702469,1.01251799535854e-14,1.78434352173881e-10
21,36223906,T,C,-0.00989492408753684,4.61235532776696e-09,7.40349584024953e-07
11,62381808,G,C,0.0123430721439452,5.00157545307793e-21,1.80660527742496e-10
10,93043858,T,C,0.0143581865105063,1.80762940729095e-15,1.80802569847358e-10
05,56008916,T,C,-0.0147116273453671,1.93903453494311e-15,1.84545487974691e-10
17,1663847,A,T,0.012951585852622,1.58553609153219e-17,2.13260095316815e-10
17,1966252,A,G,-0.0132407739845847,5.59089905842433e-08,3.20881515940237e-07
06,169626065,T,C,0.013053326727413,4.91808028725992e-12,2.27104090604015e-10
06,169616097,T,C,-0.0230411988288967,7.00129160215196e-09,6.92090028418497e-10
09,136323754,G,A,-0.0166716584043942,3.70836734109248e-12,2.30321234394383e-10
09,136386723,C,T,0.0167683854642613,1.27950991492304e-07,2.2379081241743e-07
20,62343956,G,T,0.0125313173097352,1.77702664460009e-19,2.42860146483496e-10
06,131272424,G,A,0.0131572084301031,1.80046628534974e-17,2.53317193145702e-10
03,8586441,A,G,-0.0117976979768262,1.83183754940219e-26,2.60961538092529e-10
07,139712347,T,C,0.0128096468928239,2.01171151518284e-18,2.65165842541461e-10
05,129036035,A,C,0.018707420764444,1.92309449574554e-09,2.78121125437989e-10
05,129336285,CT,C,-0.0111362286943777,1.70724702788056e-14,4.12134768402931e-10
06,34094919,A,G,0.0398638730336529,4.97942080026027e-16,7.35543299529749e-16
06,33621055,C,CT,-0.0122986287801369,2.44018421268886e-27,2.96691725740155e-10
06,33981907,C,T,0.0419447343011898,4.56483562583528e-07,1.40103749249166e-06
06,116981285,T,G,-0.0220695987016053,2.39814963051166e-09,3.17530246399647e-11
06,117469671,GA,G,-0.00922899649133674,1.05821465464915e-12,1.11299927721928e-08
17,27967374,G,GT,0.0116927613031325,8.76730007926155e-26,3.5017669735739e-10
11,14819828,T,A,0.0258398592495634,2.60709300539353e-11,3.67760866832409e-10
11,68415513,CTT,C,-0.0161183312564893,1.64071182271336e-13,4.42067675203641e-10
09,108989399,G,A,-0.0117517100570791,8.90972339979366e-26,4.5805011455639e-10
01,151068398,A,C,0.0352198658585385,4.62700566964313e-13,2.74403232358036e-12
01,151047648,C,T,0.0507200883416099,2.57941906392311e-12,7.81575391877269e-12
01,151643345,T,C,-0.0150782593328849,1.1466415244418e-08,1.91227561335778e-08
04,57823457,A,G,-0.01153450442855,6.13700258049262e-25,5.92775465573362e-10
10,104791594,GC,G,0.0121436566543581,9.22224851432021e-20,6.13533793384003e-10
01,221152299,C,T,0.0132774132539658,4.55958069043659e-13,7.57044586886715e-10
01,221607568,A,G,-0.00944789370768742,1.83797753628236e-10,8.53554787290576e-06
20,6883596,G,A,0.0124012154179895,4.4506351874219e-17,8.55916178174047e-10
09,119122342,T,C,-0.0124719140704052,2.38845794058989e-15,9.37016261189383e-10
09,119430547,T,C,0.0183834915517968,1.02888688597341e-09,6.85923196656472e-09
03,71684707,C,A,0.0116351198422847,1.80821307712681e-21,1.02775199784169e-09
09,113758531,T,C,-0.039385564473844,3.36677080454423e-09,1.10785363083415e-09
09,113830547,C,T,0.00943324056985819,1.25250752324298e-10,9.37115574603576e-07
09,113485746,CAG,C,0.0138676657263844,1.88478497736097e-06,6.45602414962153e-06
03,67456125,A,T,-0.0126812692989225,1.70347429489257e-16,1.12487074667126e-09
05,115041970,C,CT,0.0128057365295761,7.12059361547535e-16,1.23379974104191e-09
02,71534161,C,G,0.0114665706761578,1.0223469058966e-20,1.29335703966053e-09
16,89679868,C,CCTCTCTCCCTCCTG,0.00891423176229828,4.38825000863717e-10,1.41295313393354e-09
16,89278727,T,C,-0.012632690252211,3.34257927106902e-07,1.17348569855172e-08
16,89571309,C,CT,-0.00989167947354511,6.2072107285695e-11,1.46352365562523e-09
01,78450517,C,A,0.0212575910785029,5.393680634411e-17,1.48455689149131e-09
01,78075766,T,C,0.0143832431151415,7.19721261145129e-17,3.66930437421523e-07
11,116970632,A,T,0.0156807452097361,1.49371672184251e-10,1.53082214802415e-09
11,116701833,G,A,-0.0229640828025016,2.38458487117967e-08,8.51153678423883e-09
04,166346502,T,C,0.0125395461103613,2.03334576892424e-16,1.57835182645963e-09
11,30490453,G,C,-0.0112567001328076,8.23410695212368e-23,1.62050475246881e-09
06,19842497,C,T,0.0112163759223969,1.9995089422054e-22,1.83283288489999e-09
X,49043608,G,C,-0.025437426536772,2.35346534405422e-09,1.91957145598646e-09
X,48880808,C,T,0.0189005270298768,1.18730158235633e-06,9.15518092998235e-07
10,131441249,G,A,-0.0125515562756819,8.08238640074848e-16,1.9214877010337e-09
06,81913276,G,A,-0.00919946839798006,2.20297516290117e-14,6.07532784339792e-08
07,19656653,C,G,0.0376591353541773,8.00200992293295e-10,2.0380244499474e-09
X,101007257,G,GATGA,0.010786503571986,1.67449569597787e-13,2.05127690758098e-09
17,79779264,T,C,-0.0113466627723278,5.62993086259048e-13,4.82349396015394e-10
17,79365179,A,G,0.0109298944466444,1.66207748814099e-10,2.0905488208001e-09
17,79184231,A,G,-0.00888657506822913,2.62147055773308e-08,1.08431115239604e-06
04,144390602,C,T,0.0162061853644008,1.63196002942985e-10,2.32042457613309e-09
04,144359490,C,T,-0.0303237503150888,1.79901564530054e-07,5.82042209949957e-08
02,225445598,AT,A,0.0105379604955619,4.0189443306872e-16,2.34548409078481e-09
02,225107638,A,G,-0.0140848925904964,3.08417338266529e-08,1.09608113792842e-08
06,141719928,T,C,0.0135532643073928,1.59418259919921e-08,2.4140531400332e-09
06,141804925,G,A,-0.0095099492270943,2.79718101376301e-10,9.15497512042009e-09
13,78474468,C,A,-0.0131068855978119,3.19167580649016e-14,2.52801003590529e-09
10,29501507,C,G,0.0131300536815294,3.47521615297191e-14,2.86957758475617e-09
12,66022450,A,T,-0.044737880245689,-99,2.59976693134451e-20
06,81457547,C,A,0.0525872220973217,-99,1.54818554629215e-14
01,150425376,C,A,0.106447443832448,-99,7.064110117045e-16
02,242152658,G,A,0.0234428376299878,-99,8.23174600014187e-10
