chrom,pos,major,minor,beta,p_value,gwas_p_value
04,145445694,A,T,-0.0291466983587339,1.36613333387529e-140,1.48368151988858e-52
04,106819053,G,A,-0.02919088720164,3.16011945497427e-67,3.58493235898185e-49
04,106810547,A,G,0.0344583199933621,4.68352797976318e-22,2.0393699295485e-28
02,56096892,A,G,-0.0334858296437469,2.30325812151354e-76,1.01468817240572e-48
17,43810896,C,T,-0.0316126464020726,2.02923176811076e-67,4.73773601463263e-43
12,66371880,T,G,0.025188130144446,1.06233705394471e-84,9.6257760594249e-37
12,65962636,G,T,-0.0204146680153565,9.02025210560097e-20,6.18709605773931e-15
15,84274591,G,A,0.0236676061104143,6.23826771715506e-100,2.79400736854055e-35
11,66899619,A,G,-0.0425311612274541,2.5910442473322e-41,3.60141380832952e-35
13,50565104,ACT,A,0.0763257662250797,2.38492239934125e-27,2.22866165467121e-32
13,50507737,C,A,0.0161230953191545,7.93961819793873e-21,1.02549056235091e-17
06,34183026,T,C,0.0305156958490001,4.01160129376004e-40,2.30145939001385e-32
06,34163292,G,A,0.0633751838582149,6.96653897770264e-15,3.04466585474429e-12
06,33784140,C,T,0.0149402068499535,7.20864715379727e-24,3.83695183810065e-14
15,100692953,G,A,-0.0360689553574735,3.20553676823576e-37,3.06185983539931e-32
15,100781430,G,C,0.0134480845423219,2.74558032193625e-16,1.81025329535829e-09
04,17931318,T,C,-0.0274443392741225,2.60843010983596e-32,1.11835550451276e-30
04,17941795,G,GTA,0.0163984015647933,9.8665412905546e-24,2.9588199412064e-20
10,12252217,A,G,-0.0220516357224745,2.04853357641369e-82,1.28352742598536e-30
06,32553740,C,G,0.0300387778122638,1.05251444082193e-43,1.81246206397214e-30
19,8670147,C,T,-0.0607189785733339,9.76708783794246e-33,2.55646229098267e-30
04,106066982,C,T,-0.0205548400315103,2.8709077907413e-51,6.76301672581311e-29
04,106564290,G,GTT,0.0359471191958424,2.71706727283916e-21,3.4797062437336e-23
06,27607111,T,TA,-0.0254428560552275,3.82552832214348e-40,8.33325023390346e-27
06,35395010,T,C,-0.0229461572520355,5.36669819440919e-27,2.36227426241256e-24
06,35687249,T,G,-0.0130521911138991,6.76410089866169e-14,3.61337669732279e-12
15,74234902,T,C,-0.0193184218815527,1.90478602588759e-66,4.15128147047949e-24
01,218597297,C,G,0.0235426734076045,4.21396742011008e-34,7.00456194231654e-24
01,218844022,C,A,-0.017907053135289,2.08914947274727e-36,5.08506516816995e-16
06,130341235,T,C,-0.0169024188114954,1.08089037030065e-23,7.93199816389897e-24
06,130349119,T,C,0.0151517186550127,1.75084430238205e-17,6.7053320027022e-21
05,147856232,T,C,0.0191080523316899,6.67414531065637e-59,2.08572355298958e-23
16,69867835,A,G,-0.0189273345507141,2.53564286131026e-59,4.27547590451554e-23
06,109723017,T,TCC,-0.0184594514046605,8.47359462990621e-39,8.29751576350501e-23
06,31605976,T,TA,0.0221842594124072,7.56905917947648e-21,3.67073410667042e-25
06,31275289,A,C,-0.0149993361657659,2.39700876591599e-31,9.89066057966425e-23
06,126851160,T,C,-0.0187005052310047,3.80029627651731e-65,1.02141248245477e-22
08,57138676,T,G,-0.0268090006566798,2.73546283609864e-22,5.30635026256538e-22
08,57087545,G,C,0.0182540380635229,3.05217061706903e-14,5.38247406728319e-15
06,140256669,A,G,-0.0205029272082711,3.79698417939346e-32,4.06450470403323e-20
02,23964130,A,C,0.0172807440159725,9.88997203047458e-49,2.40814328350897e-19
03,98801671,C,T,-0.0188540421062349,9.00353141690707e-35,2.6813263085902e-19
05,77396400,T,G,-0.0197856707593448,5.25546181298112e-30,5.64363474108093e-19
01,41509674,C,T,0.017974075747338,2.71552047482339e-41,6.31860631681709e-19
12,93994827,A,C,0.0192112471484587,9.11268996648784e-31,1.18538299085142e-18
22,30591254,CA,C,0.0288345289917274,4.31301309259071e-22,1.85530874653261e-18
09,139097773,A,C,-0.0177744867840861,1.11201417870281e-34,2.71249480371104e-18
17,61996255,C,A,-0.0172327380907121,1.21829385505403e-33,5.85196829219449e-18
17,62483931,C,T,0.0246996906715881,1.42881295305774e-12,7.9890651569075e-12
02,218683154,G,A,-0.0168074871293707,2.75161814348993e-39,5.99043104727365e-18
01,26819053,GGTT,G,-0.0188553464878613,7.1562211283416e-29,7.91866838799679e-18
20,45486817,C,T,0.0184282363693722,1.45421443901128e-29,1.66871980795915e-17
03,185490184,A,G,0.0260591161960217,1.40306600693481e-21,1.77899571332465e-17
03,169297333,C,G,-0.0219699791119196,4.45222900443485e-20,2.97196176681249e-17
03,168834886,T,C,-0.0173387223863129,4.33647215803728e-18,4.25713122280994e-14
14,93116351,T,C,0.0203477126975872,4.16811598405956e-23,8.20871035492397e-17
14,93503386,T,C,-0.01941354993092,2.79509161870773e-13,4.70090914928532e-11
07,156127246,G,A,-0.0159737735918466,9.64197905532491e-41,1.04758288746761e-16
02,25176277,A,T,0.0156463282148194,6.60636712182094e-45,2.29018102807911e-16
01,2176561,C,T,-0.0304684366164661,9.65707482540607e-19,2.38156758001214e-16
07,23591862,G,A,-0.0168796467667843,3.55276914281693e-24,2.41271015483999e-16
07,23648542,G,T,0.0203556350215594,1.57462091354694e-10,1.08109941619351e-10
18,8801351,G,A,-0.0180035039786622,1.4815440696469e-26,2.46122555232764e-16
03,158175538,T,G,-0.0173367798193612,5.62176774223703e-30,2.97251555578303e-16
03,169261384,C,T,-0.0205999558787609,1.08768750341081e-18,1.66271272096105e-16
03,168782421,G,A,-0.017817321812547,4.05514186845215e-21,3.73068584835834e-16
15,89415247,C,G,-0.0175389804749783,1.01163507045842e-26,3.95331431021256e-16
07,19062775,G,A,0.0173007960628119,1.47096769436886e-28,4.38129573532753e-16
17,79959703,G,C,-0.0172650734944811,4.45839153962945e-27,5.50867228323301e-16
10,78315224,G,A,0.0154739593033833,3.09320477296317e-45,6.33691005327022e-16
09,4125010,A,G,-0.0156763740703914,7.22204391080144e-36,8.90579827030597e-16
12,4384844,T,G,0.0584441873609634,2.19901098657435e-16,1.33488305010826e-15
17,69185195,T,G,-0.0151564222158677,3.94836182697995e-42,1.80542923781412e-15
20,47755162,C,T,0.0175541465186435,9.02790709209283e-25,1.92617168841136e-15
06,142560307,T,C,0.0167936541979306,1.09229419552775e-25,3.86636271685718e-15
02,242498497,G,A,-0.0150995189945326,5.76940633498937e-38,3.91076064754178e-15
X,78657693,C,T,-0.0126991182276887,3.49948360540378e-25,9.83352106783587e-15
09,23589354,G,C,0.0149300359786979,3.73203106734051e-39,1.20236231173988e-14
02,100564025,GAGAA,G,-0.0235042754176662,3.23883825732912e-18,1.86344430211469e-14
11,45244903,G,C,0.0208115128830761,1.39724469767138e-18,2.3403873518257e-14
09,119295104,G,A,-0.0146182082016542,2.76803091528541e-35,2.87324282238483e-14
04,124921046,T,C,-0.0194553369764696,3.16554719880558e-19,3.45317861782018e-14
01,150587279,G,GTTTTTTTTTTTTTTTTTTTTTTT,0.01453813154907,3.55372548475583e-38,5.58064541713411e-14
03,128992047,A,G,-0.0173065217025291,3.71856410816128e-21,5.62201199547534e-14
05,156926442,T,C,-0.0151690366752077,2.24478981676723e-26,6.46928704425285e-14
03,172168507,T,A,0.015818187824959,4.25999107264811e-24,6.72871315849729e-14
03,57882601,C,T,0.0166394174667679,7.18634058771348e-22,6.94566535223006e-14
11,62370155,G,A,0.0148085827919202,1.31092015520907e-28,7.19469330522771e-14
12,56396768,G,C,-0.0150435010345102,1.30405004859785e-26,7.36397569591905e-14
06,109653825,C,T,-0.0181906220207748,8.06247505967525e-33,2.54325252776842e-21
18,50762061,A,ATT,-0.0148465027048641,8.31366815931791e-28,8.54379698477395e-14
02,239872704,C,T,0.0178705918074876,5.24066743277202e-18,1.23885487298422e-13
02,239429671,A,ATGG,0.0159292268989781,1.25489673660051e-13,1.65184078534985e-10
07,92283098,G,T,0.0151662747312058,3.55733462793359e-25,1.23942526246332e-13
02,15906778,C,T,-0.0141241801660098,1.39127919013489e-36,1.40090981432715e-13
06,116723086,TA,T,-0.0164978711014032,6.25936707159932e-23,1.47307983562956e-13
14,24835500,T,C,0.027945865210436,3.01923606562218e-15,1.85058471597403e-13
19,10819967,T,C,0.0142077197572261,1.76532077229535e-32,1.95835412258841e-13
06,105468219,A,AT,-0.021018292398918,2.18172205215307e-18,2.18909547625375e-13
09,96986078,C,T,0.0295476452549406,6.81771427011547e-15,2.38399318564295e-13
02,227368066,C,T,-0.0555936343014644,9.91219425612909e-14,2.5824227373981e-13
01,51450144,A,G,0.0245260455752466,1.40574645295213e-15,2.73144202329649e-13
09,16986112,C,G,0.0154621665757165,5.79309335510467e-20,4.51332083463515e-13
09,16619009,C,T,0.0121145001676977,1.343436197644e-17,3.58699620421e-09
01,172227532,A,G,0.0183824308601434,9.20883291273266e-18,5.9259893557522e-13
06,109266255,T,C,-0.0457766150335701,-99,1.96040113238551e-22
