chrom,pos,major,minor,beta,p_value,gwas_p_value
22,24985736,GCC,G,-0.0596697402347807,8.82066003929976e-44,0
22,24992266,T,C,0.216570633541291,0,0
22,25029782,A,C,-0.275130967835782,0,0
12,121380544,C,T,-0.0989226482231236,0,0
14,103563195,G,A,0.0937767994685129,0,0
01,16505320,G,A,-0.0811140993238722,0,7.88634975438067e-242
04,146821410,C,A,0.103981626056889,2.41599987197582e-299,3.53203462319918e-218
22,18440026,C,T,-0.0730374627379278,3.37727059138908e-234,1.98457907599929e-145
15,60883281,A,C,-0.0590004912767773,4.71461743056873e-280,1.68693019514109e-125
18,56084054,C,T,0.0711577826729499,3.16278935774048e-184,5.11907147313842e-123
02,27730940,C,T,0.0576331381789621,2.45690784229568e-274,9.12235431898993e-121
10,79680434,A,T,0.0625684104984236,2.00608035205299e-187,9.47630240791038e-113
01,155086571,C,T,-0.05439675248322,1.71873268790106e-279,1.0855615622517e-110
05,31021358,A,G,-0.0565193306580051,7.45785240716419e-174,2.63648914021337e-98
07,73026378,C,T,-0.0605713175002061,2.02954205269083e-105,1.73049625905039e-76
19,49227443,T,C,-0.0439096107183264,6.41089387433651e-196,5.13274367611132e-73
22,24806282,G,A,0.151004424481135,1.28611022915889e-65,1.05020707394469e-79
22,24336531,A,C,0.0384829184494565,2.73914937866032e-128,3.6316144516256e-71
22,24698898,CGAT,C,-0.105431159416946,8.32017124514086e-52,3.23962040656325e-57
16,80497341,C,G,0.0482895537741664,2.74831602085406e-122,6.52478599793674e-71
03,170727739,T,A,0.0623600597646766,1.00067601522861e-79,9.37518300582837e-63
05,52193125,A,G,0.0718334555197184,1.07272818518258e-63,6.23665787176168e-55
17,79480686,T,C,0.0381955379557234,2.25548211912232e-131,8.48205366852552e-55
08,21918089,A,C,0.0477680462950785,3.25095470194582e-72,6.34362063601111e-51
02,192112652,A,G,0.0377646512555628,1.24319587934487e-94,7.88693376002497e-49
11,62200176,C,T,-0.0354628979035681,1.16269038437897e-39,1.3659467955782e-47
11,62201458,G,A,0.0222530566109634,5.90859992422618e-40,1.16961327669893e-38
15,73979507,C,T,0.0352678482568854,4.74262290656453e-115,2.34922212250342e-47
06,21926992,G,A,-0.0381930242970187,3.57407335548732e-85,3.26269169724877e-47
13,28440007,G,A,0.0345597006594183,4.44750906006606e-115,8.40820236785022e-45
06,53902843,A,G,0.0365756903289599,6.84029907919913e-83,3.1388060177133e-44
11,12072213,C,G,-0.0377608216349266,2.61187947233087e-68,8.78858630418044e-42
12,21046951,G,A,0.0454751470872526,1.6770651352209e-54,8.52014016452307e-41
19,807442,C,G,-0.0326567610235574,2.16502693835545e-90,4.28809052784602e-40
08,126500031,C,G,-0.0326976848599575,2.57430198965478e-96,6.08752362056918e-40
07,26022414,C,A,-0.0395105252928315,1.22112752131143e-59,1.80479046972722e-39
09,131465481,C,G,-0.0444928487404769,1.77403393098365e-51,9.715321011241e-39
08,55440068,C,T,0.0386446030254748,1.69664895193125e-58,1.25478874541133e-38
19,33887160,A,C,-0.0292057094161795,1.88631643891157e-91,6.20410925369826e-34
19,33524604,G,A,0.0506868374216749,1.35876419761017e-18,2.38794299927412e-18
09,136149709,AC,A,0.0384506634310311,1.33291156453165e-47,1.88337113698096e-33
03,37024256,T,C,-0.0287238292367672,2.58034687389669e-84,2.21173406262561e-32
17,70074148,C,T,-0.0306324556180485,2.23042059005021e-62,3.40037222541573e-32
04,69533221,A,T,-0.0309724536027528,3.30483912407678e-57,3.69155550006335e-32
04,69491284,A,T,-0.0280836653223521,6.9095644857294e-27,2.77038101269747e-16
04,69988453,T,C,-0.0216386548306667,1.47158484346026e-30,1.84745397954291e-09
05,106878792,G,C,-0.0378499401547531,1.87649266067142e-37,5.07785642125799e-32
05,106626406,C,T,-0.0342304558027145,1.09542267869493e-20,3.2837441690498e-16
05,106888783,C,A,0.023994813440709,9.82614836061721e-19,1.06371808616126e-19
18,55319030,AT,A,-0.0426421426267866,7.34522654176996e-40,2.1890915148091e-31
12,111515020,G,C,0.0559648933506875,2.29252280036131e-35,4.38139079899645e-31
01,178572978,C,T,-0.0277384800895943,1.24761356419499e-80,3.43064791071045e-30
03,172294500,G,A,0.0828888579340636,3.95759951102699e-32,4.22519927077925e-30
01,89146852,G,A,-0.0276439603854839,6.13603232567245e-74,4.99038499215157e-30
17,36077099,G,A,0.033109527901874,4.16768155870917e-45,1.27601853753073e-29
04,3443931,G,A,0.0282309865991767,2.79022070947169e-64,1.96292349198076e-29
10,101603522,T,C,-0.0501123404950126,1.28817471967679e-23,2.56385806574965e-29
10,101686064,C,T,0.0188831633981685,2.80951208390392e-38,7.47755639919227e-23
02,233509851,C,T,-0.0269937825477177,1.10669198199569e-58,2.19210015734941e-27
16,58098724,CA,C,-0.029114448574714,3.03005938358344e-40,1.4832183767606e-26
16,58075235,C,T,0.0585585156011847,2.07691408979209e-08,4.25052441403582e-10
19,18223350,A,G,0.0285381955059954,3.92162376716716e-35,1.78637159876142e-26
19,17862267,TC,T,0.0248588972073106,4.12465812787948e-46,8.02921965046981e-24
20,39656342,A,G,0.0257589299923022,9.76759005012916e-71,2.65496090897154e-26
01,82264317,T,G,-0.0290005161469307,3.04646196920566e-44,4.91044743076919e-26
01,161653480,C,CCTT,0.0349651806301873,1.06440421002474e-19,2.02849314468896e-25
01,161614490,G,T,-0.0159063717221594,1.31455994479069e-24,1.04250611535051e-15
01,161648542,C,T,-0.0447311451862118,7.76552999835125e-08,1.22436906431587e-06
01,101620526,A,G,0.0299982909712233,1.3857559316001e-39,2.02990758398667e-25
20,3692345,T,C,0.120436312927695,1.57832557328757e-26,4.99683092218998e-25
20,3679928,G,A,0.0384747478417153,1.82829600285093e-16,9.43098271309516e-14
03,124341806,T,C,-0.0248054694730965,9.34820934218085e-69,1.21952207337782e-24
06,32607140,T,C,-0.030471477566304,2.32031177117616e-38,1.29415412992629e-24
08,9173209,G,A,0.0246731874671426,2.09027685279893e-65,3.78189462810575e-24
03,160066896,A,AT,0.0277588986796615,2.84719016594847e-40,5.70335826651709e-24
02,169902917,C,A,-0.0219890120815663,1.06100463867797e-46,1.84459306838045e-23
02,169876963,T,TA,0.0437930506446498,3.21601591047043e-12,4.12135913968267e-16
22,39096602,T,C,0.0246516930170396,1.02114524867695e-51,2.31692053874662e-23
01,150618632,C,A,-0.0233148089909735,3.43438786934808e-30,4.05887199105285e-23
01,150292561,C,T,-0.0595882846597868,1.18738926291261e-09,6.18316595836158e-15
16,51436882,A,G,0.045311517352315,1.20111271606996e-26,1.93574055850349e-22
16,51170026,G,T,0.039365594757377,2.54098839332461e-12,1.22496258256686e-10
05,166830170,AT,A,0.021166883919806,2.04781907294006e-25,3.78557224153904e-22
05,166830787,G,A,-0.0160142662635917,4.88161241186406e-11,1.23568969698738e-15
16,2154537,G,A,-0.0936553724379113,1.61280113505e-23,4.10517070500938e-22
16,2153765,G,A,-0.0911597981439637,1.04904937050989e-14,8.19071087302144e-14
05,156709342,A,G,-0.0509670208444349,1.74452604539917e-24,4.38282528641385e-22
10,52642500,C,T,0.0194312704711912,7.33574610571322e-30,9.11141383799047e-22
10,52582768,G,A,0.0564806001760084,7.22082018087319e-09,1.47912993230689e-21
10,52709541,A,G,0.0599454933156982,3.70612483076744e-08,3.03675395303213e-18
07,116409675,CT,C,0.0247153450452155,1.6062544629763e-42,9.24119826165872e-22
20,14670904,T,TTTA,-0.0196751398405181,3.53266268953462e-19,1.68810922982286e-21
20,14677650,A,G,0.0165435845310787,2.293941663339e-17,1.49518731510497e-19
01,23747996,G,GA,-0.0258453509319956,2.93176482361698e-36,3.74858051910565e-21
08,10571491,A,C,0.016933215473033,8.23611446483517e-22,4.67891237876281e-21
08,10663120,C,T,-0.0146237453547407,1.02444930533116e-16,1.25373288023995e-18
03,12396588,A,G,0.0175717520279662,1.70297639953213e-29,4.81814372115866e-21
03,12393125,C,G,-0.0253718703994843,2.42358305635208e-14,3.38756877035319e-20
02,64909796,TAG,T,-0.0255884969960721,3.60343586531148e-34,1.69725530489048e-20
02,27836605,C,T,0.0505379273320511,9.78299997038921e-97,1.08272901462351e-63
02,27847642,C,G,0.0393010947684878,3.14420852235435e-23,2.26043061045906e-10
02,28636740,A,G,-0.0119921728535666,3.35282306978686e-12,3.33962005390599e-13
12,109167803,T,C,-0.0243072109203546,1.19259437936998e-36,3.03721798102348e-20
19,41825191,C,T,0.0295460836048998,1.00526053214916e-27,3.86848691704234e-20
03,4758244,T,G,-0.0157070214937968,5.59022970841999e-25,6.51944107747612e-20
03,4909440,T,C,0.0226322144406787,1.44867451643226e-09,1.02585407808112e-08
03,4776094,C,T,0.019989362969446,3.04265123831932e-12,4.85680251575788e-18
02,133193729,GAGC,G,-0.0236318904639345,2.08837220803598e-37,8.34688718414997e-20
16,11644842,A,G,0.0238413327850053,1.14723466878426e-36,1.13736927607168e-19
03,136243345,A,G,0.0231303016852933,1.76610077120526e-38,1.14933693975193e-19
03,47091287,CTA,C,-0.0229505547846763,1.77272514233349e-45,1.4271238097112e-19
16,30538419,G,A,0.022253532618153,3.87197516954331e-44,1.67775902904992e-19
13,27784873,T,A,0.0405650197589975,1.26817870460781e-22,2.09699794793588e-19
07,143092269,G,A,0.0467316837349633,2.98688912038688e-19,2.50220002024138e-19
07,143095153,C,T,-0.0446386898641916,9.80080038752008e-08,1.29171550503189e-07
07,143107026,C,T,-0.0215624860523032,6.30949975914702e-07,6.42253950679858e-07
06,34622561,AG,A,-0.0325139791673549,6.22616994987198e-22,6.78707503866692e-19
06,34177853,G,A,0.0326111147796007,6.90946189881732e-09,2.33861176781641e-09
10,94839724,G,T,-0.0213491822232649,4.18261284526063e-30,1.81812552591306e-18
10,95333063,A,G,-0.0196179565803434,4.71711264051641e-12,4.81806125235222e-09
10,94942676,G,T,0.0110200491000753,3.32647589519858e-08,5.32810372785285e-07
17,65880537,CT,C,0.0271678689637321,5.0798281918536e-27,1.93987225786695e-18
21,46271452,T,C,0.021090419789459,1.12870149119844e-47,2.7759545429905e-18
05,55861464,C,T,0.0260758860769978,5.07504641837594e-25,1.80193959419642e-17
X,20217046,C,T,-0.0234173357706678,1.80004712465969e-21,2.37729572860239e-17
01,107619244,C,T,0.0215962817089643,1.40750987798513e-34,2.84182190026955e-17
12,121115227,TCTCA,T,-0.0578749320654553,4.17258758518542e-81,2.60341529412661e-110
12,121230332,G,A,0.0609716103883106,1.4260949972966e-76,4.3939908787014e-56
12,121309442,C,G,0.0512427462107509,2.31459090054135e-88,8.31547632748238e-62
08,95830969,A,C,0.0259122370672949,1.26980292541048e-18,7.13026250166064e-17
08,96311217,C,G,0.0132570335840236,5.59301735490841e-08,2.780590352768e-08
08,96139235,C,T,-0.0222577932126189,2.05283704228437e-06,9.60731934673557e-06
02,3640142,T,C,0.0263025048601384,1.97616238702166e-23,1.08691284967134e-16
07,1019249,G,A,-0.0252075959617135,6.15114633119236e-24,1.5145035594406e-16
07,1515133,A,C,0.0447528620371455,1.40616670431072e-11,9.44432981538172e-11
17,75376455,T,C,-0.021879815538023,1.99518484512193e-29,1.56182269657192e-16
06,158413426,C,G,0.0229235204383231,7.11570703005473e-22,1.88218328800634e-16
06,158684821,G,A,-0.0178274742521067,5.06841780991802e-10,1.96077466386118e-09
05,132388960,G,A,-0.022693665300283,2.00719558101887e-26,2.69969813794321e-16
10,60314554,A,AT,0.0200581091968003,9.52011775655519e-41,2.70417451644286e-16
04,79544527,C,A,0.020187654382105,1.03758232859949e-36,7.06088441818398e-16
20,43042364,C,T,0.0505565100444833,5.39656542836842e-14,1.07794244114524e-15
20,43045798,GC,G,-0.011571371730476,6.2397349703012e-13,1.21956495490554e-08
08,59392324,A,G,0.0176301333294831,2.2366162447937e-17,1.38412542941882e-15
08,59215080,C,A,-0.0162170765767323,3.5824105424372e-22,5.50536955071773e-15
22,28856760,C,T,-0.0203923199483955,6.0769801960964e-30,1.42222708623166e-15
03,119568897,G,GATGTATGT,0.0156945437305037,6.33471099479466e-17,1.49274864655827e-15
03,119529113,T,G,0.0253331728826791,1.06281378872838e-06,7.78392032471648e-13
06,7242605,T,C,0.0288997938843946,1.85639213929345e-19,2.04734358673003e-15
11,78600114,G,T,0.0205947591974632,9.51062579896865e-19,2.0680997394006e-15
11,78871554,C,T,0.0176669204670687,5.90778558019099e-21,5.35684661505687e-13
11,78659145,A,T,-0.0400767189151461,3.6822356688944e-07,4.59815569144048e-09
11,58376276,C,T,-0.0224715377464709,4.07529203219998e-24,2.22666653122911e-15
11,34653771,T,G,-0.0313101487955385,1.0926975383467e-18,2.39364784351952e-15
X,117637212,C,T,-0.0168134474150983,1.82426179667556e-24,2.70000911040695e-15
01,120529750,A,C,0.0305409128909681,2.47925329960744e-18,4.53322708688231e-15
01,27204183,T,C,-0.0270256967083177,6.87270466404471e-21,4.65903242754407e-15
01,27304568,G,A,-0.0153704573955972,1.18409063022174e-10,3.99569393170412e-06
12,95858208,C,CT,-0.020582603900493,4.54291444037808e-33,4.81983827176397e-15
01,155527235,G,T,-0.0280781534974775,7.78915187604203e-66,2.75896982456279e-16
01,155586780,T,G,0.0568313514243753,1.12440518245299e-18,2.22793164344886e-10
01,155848688,A,T,0.0579792203955191,2.69403171629653e-12,1.42246228206679e-06
06,153043035,G,A,0.0242136918679506,4.30183137114262e-21,6.31680378166464e-15
17,29476307,T,C,-0.0204713127935795,7.72050420898124e-31,6.79257802988985e-15
13,41652040,C,CA,-0.0360994048116622,3.86737327912304e-17,6.82291177215852e-15
06,159232907,CAAAAA,C,0.0203063430340096,1.19438878884799e-28,7.17567179358054e-15
06,158770597,C,T,-0.0217994843604123,2.44304814149513e-11,5.09073006770621e-09
01,99982603,T,C,-0.0274475138829205,6.26860333268238e-19,1.0972035057069e-14
04,88089908,G,A,-0.0222092498248471,2.08714967245231e-22,1.14088617999922e-14
02,219121528,G,A,0.0187895030499117,5.79414626102766e-35,1.23938964564732e-14
07,28946965,A,G,0.0480272920967945,3.27945423117416e-13,1.28097266421644e-14
07,28931762,G,A,-0.0228825274658202,1.74529789478643e-11,3.87024845186754e-11
07,28756479,T,C,0.0238185144663635,4.29570885057126e-09,4.41238257627131e-09
07,77318769,A,ACAAAGCCTAAAATATTTACAAATATTTTAGGTCTG,-0.0185797326197275,8.25908173602802e-21,1.28710141767286e-14
07,77055836,T,C,-0.0113097164284917,3.18909166189405e-09,3.91613688515069e-07
10,35023778,C,G,-0.0207989932748417,8.79059038462025e-25,1.31566357607951e-14
10,64904071,A,G,0.0137774722997545,8.63586976263425e-21,1.65231535113856e-14
10,65273534,G,A,-0.0208357235740385,3.23481707892418e-10,1.95949362277291e-14
03,29359952,T,C,0.0193493761045463,7.5635640173418e-30,1.66201868108385e-14
01,51087836,C,CA,-0.019849143966999,1.49582276311767e-29,1.86282819053393e-14
01,111721354,G,T,-0.0295807860528006,1.65437484063287e-17,2.37209350465175e-14
02,227088577,A,C,0.0184235685172521,7.08683297564494e-39,2.47102083737631e-14
12,106427084,CCT,C,0.0264997332082231,2.44228233220119e-18,3.69975273179371e-14
02,48716878,C,G,-0.0183278413791497,2.33469161184676e-35,4.54072708684831e-14
05,53276301,A,G,-0.0201524707748673,2.36790406114037e-25,5.33508055243573e-14
05,52780143,G,C,0.0434976091713905,9.60525034756076e-09,6.10744715037747e-08
01,200256649,C,G,-0.0244480132490085,8.51238079860059e-16,5.59485083484443e-14
01,200020422,C,CATT,0.0174392165215616,1.77068027456619e-16,2.53464733109769e-11
X,99979453,A,G,0.0152337444155155,7.8630839926124e-27,5.8975552382662e-14
12,21314973,T,A,0.0210625247318825,4.56716070412428e-16,1.51831972095417e-27
12,21707103,G,A,0.0160069826806301,8.44665829654803e-09,6.66591110181264e-14
12,21387931,A,AG,0.0345965040987983,5.78746348946641e-08,1.0526095557513e-19
02,121306440,G,A,0.0163976113420757,2.240935790803e-20,6.74338535668795e-14
02,121347612,G,C,-0.0184422925178427,3.68734400577138e-15,1.33295643336913e-13
12,115527503,A,G,0.0222542325375085,1.97549340793038e-16,6.9945162672926e-14
12,115898565,A,C,-0.0124615871772665,2.688316125721e-14,4.58404012032626e-07
12,6885076,A,G,0.0186261269984005,5.53911065225604e-19,7.899263316672e-14
12,7181774,TAA,T,-0.020387401046897,2.48056820484238e-09,1.60892666390869e-08
12,6490879,A,G,0.0129257705481291,9.11462887655618e-11,6.06695166708363e-08
02,62955387,A,G,0.0190255029210399,8.65948705306456e-28,8.22610696087829e-14
06,130374102,A,C,-0.019162383722843,1.21765910309979e-25,8.46695561775328e-14
15,96708291,T,C,0.0202371569974944,3.76726870256679e-23,8.87442808707378e-14
12,120162346,G,A,0.0177910192326408,3.04354752784975e-16,1.0209456739383e-13
12,120418530,C,CATTTTATTTT,0.0385730778843203,2.47720091276686e-09,7.49737000553229e-09
12,120626562,G,A,0.0199659895276769,9.00769858154292e-07,4.41444840684874e-07
12,124857763,A,G,-0.0183843099343839,2.71869819330605e-29,1.08256988026492e-13
12,89874816,CAGGGCCTAATTGTT,C,0.0195244791658042,4.17961505367284e-26,1.11064295333187e-13
08,76465909,C,T,-0.0180006294099943,3.81442800602514e-32,1.43167282892991e-13
20,62384972,G,A,0.0227054435803294,1.77488455593711e-18,2.17972269214869e-13
20,62196807,C,T,-0.0321515809720041,6.25274364803605e-10,1.97248222868963e-09
02,165513091,T,C,-0.0180096628303327,1.49663066740497e-29,2.4024473564197e-13
01,232810976,A,G,-0.018533509456465,3.03201007776955e-32,2.42189361672959e-13
01,232812003,C,T,-0.0204041546536199,3.55055384292098e-08,2.87461564014458e-06
21,42882671,C,T,-0.020535257472186,4.58357066182884e-21,3.26841713376525e-13
13,110940361,T,TGGGAGGCTGAG,-0.0215970913494975,7.81449343798677e-15,4.35948579748989e-13
13,111022559,GAA,G,0.0152728703547397,9.77461159962975e-15,4.05988352288159e-10
13,111352073,C,T,-0.0165827453805548,2.03511800845951e-08,4.74927124402778e-08
07,72056815,ATTTTTT,A,-0.062238307310075,6.02229908762768e-16,4.46946480075788e-13
07,72430305,A,G,-0.027095538725197,9.66105445625703e-17,9.67074589290187e-11
07,72325539,A,C,-0.0535938120462502,1.4376050623408e-08,7.0447503910586e-07
07,75061419,G,A,-0.0177671927188695,8.088243450122e-30,5.53463792619546e-13
01,151804907,T,C,0.0269914040489551,3.24926299107264e-16,8.07862164807441e-13
01,151784547,G,A,0.0158605067696354,2.19281031188784e-23,4.82081484747032e-10
01,151404926,C,A,-0.0540901460640465,1.87629379980648e-06,2.64144474198016e-08
15,72239624,GAA,G,-0.0193525944144967,5.56695264642333e-25,8.18695745816022e-13
12,53275709,A,AT,0.0182237949393089,3.42680943921227e-25,9.23834894554137e-13
21,30105525,C,T,0.0182574616715102,5.73283037756918e-15,1.18337161741143e-12
21,30531356,C,T,-0.0239092095652417,2.31210492139608e-11,4.71200855051903e-12
03,149211512,A,G,-0.0168442032491078,4.38670192030668e-20,1.20160690084406e-12
03,149105289,C,A,0.0135666891901474,1.85220528647398e-11,1.45252276981896e-08
01,225874471,CAA,C,0.0178540207374776,5.46503904029568e-27,1.26561650610493e-12
07,134576840,A,G,0.0197183918120883,2.19040553020148e-18,1.41075517185199e-12
07,135073047,T,C,0.013511543186848,2.9819964875854e-13,2.46267735201736e-07
15,50910813,C,T,-0.0176664496970349,3.59251183302997e-27,1.70783228633473e-12
12,121431225,G,A,-0.112530143040149,0,0
12,121435536,A,G,-0.0935685980748984,1.11380561085046e-47,4.65498213938577e-18
12,121486644,C,T,-0.0763206357462158,5.07098373239041e-26,4.28783878015765e-08
05,75705131,G,A,0.017915127403946,1.06382311616945e-23,2.48145070678456e-12
01,150472831,C,T,-0.0752858441764928,2.07976042020428e-14,4.9224043482491e-15
01,150234657,G,T,-0.0153255961920013,1.18409103383681e-07,1.29576492241897e-07
01,150531380,C,T,0.0114215082850268,3.47236245575789e-12,1.55472376841071e-10
08,18272377,T,C,0.0202075490796712,3.25678389310574e-18,3.61988021924236e-12
15,63781143,G,A,0.016810503845498,1.63269672304213e-15,4.02592937172524e-12
15,63329128,A,AC,0.0188072824849528,6.10179604514343e-11,5.73662493716412e-11
03,123518876,G,T,-0.019817407821047,2.22080437424897e-19,4.3111057258018e-12
12,51800511,C,T,-0.0167430074349836,6.10811487318794e-30,5.50941671180332e-12
08,30322735,G,T,0.0166922501241454,1.31150289481705e-32,5.80092657619179e-12
14,94844947,C,T,0.056468469711866,2.05834555185746e-11,7.07611589426658e-12
14,94783793,G,A,-0.0184470538178445,1.0306024091485e-09,1.64738532926259e-08
06,168136250,A,G,-0.0167073286567121,1.69372799856895e-13,7.69722627988212e-12
06,168128175,A,G,0.0203389712603722,1.34619239481816e-09,4.2154053256547e-11
11,57488479,GT,G,0.0166822035928437,8.22030244440214e-30,8.67257604413972e-12
21,30123335,A,G,0.0179831573787121,1.53409777392721e-15,2.19271876078258e-12
21,30610621,G,A,-0.0235239358546505,1.19136374050177e-11,8.70590979860351e-12
15,43757184,T,C,-0.0547610452296145,2.38184056572465e-12,9.10362553765303e-12
01,46214641,C,CA,-0.0185079488637229,3.09028123993042e-20,1.07144206056241e-11
09,112110943,C,T,-0.022611566962441,5.7640949602627e-15,1.13609216861122e-11
09,112220342,G,A,-0.0416280058735592,7.47223309246868e-09,2.01505972329881e-08
09,111940665,C,T,-0.0119935331591647,8.75467968575949e-10,6.66383663583838e-06
14,50440474,G,A,-0.0167451715061971,4.26630402512041e-15,1.17364049200374e-11
14,50853744,CAAAAAGAA,C,0.0134163117781608,2.91432818829395e-14,3.8738836326787e-08
02,27598097,C,T,0.0557170920252033,4.38185498513045e-255,1.31481041120284e-111
01,47679486,A,G,0.0163647176062581,1.51162021838879e-28,1.3571093862529e-11
04,1692532,C,T,0.0207890661262926,3.9307426600665e-16,1.83103318738863e-11
15,57870866,G,T,0.0160701721807264,2.08800891648843e-18,1.97547042162518e-11
15,57408432,C,T,0.0228804800790949,5.9090615296644e-07,1.15116215606463e-06
15,57688532,G,A,0.0114078621359389,3.24098583527392e-08,7.76030326181152e-06
16,422516,T,G,0.0323893584529806,5.57002999157128e-13,1.99223705172735e-11
02,85823476,TA,T,-0.0219685454335526,3.98688680851354e-15,2.55204204538459e-11
14,103599490,T,C,0.0747893804118865,1.14235816722157e-97,6.47713630399104e-70
14,103609273,G,A,0.119314467360244,1.52983288666022e-32,4.95064264480852e-26
14,103597204,C,G,0.0688812740890071,2.84139604678254e-21,5.69222499196395e-15
03,126060315,C,T,0.0189538210367188,1.94219257594372e-17,2.74100279187477e-11
