chrom,pos,major,minor,beta,p_value,gwas_p_value
2,169753415,T,C,-0.142456281470163,0,0
7,44223721,G,A,0.107931902363963,6.97662093672422e-299,1.81613383907321e-209
3,170733076,G,A,-0.0646967481363295,4.29381440465524e-192,2.28272279969857e-106
10,114758349,C,T,0.0508611375392555,9.91623353869613e-120,7.65866138389018e-67
3,123065778,A,G,-0.0491348488788856,7.97134127874675e-92,2.27310221858256e-56
8,118204020,C,T,-0.0452270375164755,3.25484331135093e-101,2.25315603123425e-54
7,15051789,T,G,-0.0394577031589015,1.45847931328339e-107,2.92545958062786e-49
7,14898282,C,T,0.0353004125493445,9.80224907500713e-27,8.9459775608901e-24
2,27730940,C,T,-0.0383610584681628,5.24457379972956e-100,1.26339448283039e-44
11,47312689,A,G,-0.0334813827132044,8.46095407730156e-49,1.07621296550994e-28
1,214145731,G,C,-0.0252101290442745,1.22780898666857e-41,2.17293703950578e-25
1,214150821,G,C,0.0648258710829316,4.40118761793699e-20,1.2085709889203e-24
13,28499962,G,A,0.0331907857904535,1.18760567490001e-37,1.18934339445379e-24
13,33554773,C,G,0.0368453101484904,6.26210301034951e-34,1.29600280598861e-24
10,113018433,A,ACTGCCTC,-0.0481300001794739,3.35579738804214e-29,1.63715848232619e-24
10,113104032,A,T,-0.0325000474151233,2.00580510376808e-09,3.1833640202733e-08
8,9183358,G,A,0.0431088139359847,3.53310845052797e-23,5.11239994684711e-24
8,9226095,C,T,-0.0150382503311013,7.73037467635712e-18,6.01785266037178e-12
5,95719667,G,C,-0.0295037539816338,9.50640061117187e-41,2.90232726586573e-23
14,90048934,C,T,0.0275878565591881,2.03548884630589e-47,5.38122868384853e-23
12,4384844,T,G,-0.103196872968172,4.44603616893191e-25,1.127059410763e-22
12,4384669,C,T,-0.0300683609238596,7.09502303886069e-10,2.02605079794085e-07
2,45192080,G,C,0.0334869792755211,1.27529040808489e-28,1.26625668236865e-20
6,20686573,C,A,0.0279889653491642,1.86229384564875e-33,3.77953581992874e-20
6,39046794,G,A,-0.0983481573641303,1.58872703061138e-20,6.28979982036886e-20
2,43602932,T,G,-0.0390370988603166,2.80919027825313e-22,1.75671572191544e-18
9,136141870,C,T,0.030449562189511,3.42128515801906e-26,1.91803050572173e-18
11,2181060,G,T,0.0258945746051818,3.93754853149988e-32,2.56829305055127e-18
6,7236663,C,T,-0.036317066999298,8.82137267150949e-35,3.15857370463609e-18
6,7231843,G,A,-0.0422306847982917,6.67626341431358e-28,1.05935254403463e-15
10,12307894,C,T,0.0282837941525035,3.00511022506534e-26,9.98510884487431e-18
9,22132729,A,G,-0.0285166488810335,2.32228725463411e-20,1.82959570919515e-17
9,22136440,G,C,0.0201944104553876,9.43969057802891e-16,2.08989560802358e-12
11,8255408,C,A,-0.0234330791116521,3.16499423222741e-28,3.52502494117425e-15
11,61604814,C,A,-0.0220304009885076,4.84605900519771e-30,3.70949104130126e-15
9,4290085,G,C,0.0202262025838027,8.83425504587529e-22,4.85592812953082e-15
9,4297953,A,AGGCGGG,-0.0161870033015269,2.1580566592362e-08,2.00296974682047e-08
9,3898271,T,G,0.0154364665930645,9.56779085191007e-07,4.3599714231533e-06
16,302032,C,CT,-0.0287664553548644,2.97196763563818e-19,1.42622333280858e-14
13,26808255,A,T,0.0247276602726764,7.42248699951407e-23,1.58994886789238e-14
3,141155344,G,T,-0.0484482746371065,6.97260510271711e-16,1.80561756335026e-14
12,97864143,C,T,-0.0432611149210303,9.02191105073682e-16,3.4567549675893e-14
17,27880124,T,A,-0.0294568987442791,1.30908258670298e-19,5.37584195516493e-14
4,185715685,T,C,-0.0292665385484703,4.78626655240257e-18,6.30979250135175e-14
1,118144332,A,G,-0.0192255249938548,2.31044850565915e-14,8.06262800856285e-14
1,118166877,C,T,0.0137509977516924,1.72522973520547e-11,8.88663373613133e-11
20,22562311,G,A,-0.0511039199289244,4.97362464118893e-14,4.06414765035127e-13
6,117274999,T,A,-0.0250131773323976,2.61579545294654e-18,4.70553120369091e-13
9,139246739,A,G,-0.0211967668132887,1.88319811865452e-21,2.15781498283807e-12
3,169194244,A,T,0.0465039734285598,3.39936888197209e-13,2.9971630941863e-12
1,229672955,A,G,0.0193408142831645,2.09994374597843e-24,4.38410068337078e-12
11,14540311,C,T,0.0637931827255517,4.33825576090815e-12,1.23186967130738e-11
1,100922196,TA,T,0.0239583229408284,7.0002363184977e-16,1.41303556778682e-11
17,66449122,A,G,0.0214237337810826,1.70791674851961e-17,1.64764612233794e-11
3,187740523,C,T,-0.0185194677621616,2.63112472117925e-24,1.86492818854631e-11
2,161265910,C,T,0.0169292489932971,4.37036301214711e-14,2.53572316881281e-11
2,161450696,G,C,0.0139029656886698,1.46947736537993e-07,6.61720730308573e-08
15,62368895,T,C,-0.0175351302609559,1.34387918209405e-27,6.32905014968658e-11
11,17384498,C,T,0.018003379781981,1.36959841612992e-22,6.99550767055111e-11
7,50760220,A,G,0.0186881660299421,2.02989425890172e-12,8.03279049237192e-11
7,51023566,C,T,0.0351731717073302,3.45840634403593e-08,6.11076224005613e-10
10,52643078,G,A,-0.0190853193919451,8.89378067171844e-19,8.69942556559785e-11
10,26524374,G,A,-0.0225788096342491,8.95479277464784e-15,1.06420496308565e-10
17,62204047,G,GA,0.0246600666539716,1.19588944313406e-13,1.23171548443144e-10
7,44245853,A,T,0.0943124758349854,1.03543978068951e-102,4.85764186694611e-207
7,44258964,T,G,0.0280404901453258,8.29620649961218e-22,4.51324242487665e-140
7,44261876,C,T,0.0242521190692975,5.73935514175138e-07,1.19625445629565e-07
6,127412057,G,A,-0.0186777173568135,7.20441307959167e-18,2.09946261592963e-10
10,89379732,A,C,-0.0175847609264466,9.59244492971127e-21,2.55885343070348e-10
7,100329614,TGACAGAGCGA,T,-0.0255528988004178,1.07223636790657e-13,2.76626225154011e-10
11,2857297,A,G,0.0176383509227002,8.32184906638659e-16,2.98110885528647e-10
11,2691471,G,A,-0.0167590941602514,8.92740502205142e-16,1.59643566854501e-09
13,80757310,G,A,-0.0170783534602788,1.41515177671932e-23,3.01102978035475e-10
6,43818942,C,T,0.0173662152870158,1.34812469780581e-13,4.11783483429103e-10
6,43801654,C,T,0.0177794328210446,1.95336191178277e-07,1.78833662919265e-07
15,64038340,T,A,-0.0181889117977758,8.79126519681762e-18,4.6203285342571e-10
6,31940897,A,G,0.0245142170335766,1.01168711070829e-12,4.71041588293706e-10
2,27598097,C,T,-0.0371723124302627,1.72559728585856e-93,1.76602498522765e-41
5,76435004,A,G,0.0177621780135322,6.64434865655018e-18,6.35198849827087e-10
4,106196829,T,G,0.0246847599662849,3.86070207823088e-12,8.24945131880287e-10
6,153415217,C,CT,0.0185302777140015,2.37005531704902e-16,9.76178652171594e-10
20,43536455,C,T,-0.0182363496599816,6.40126890598219e-13,1.16824014646063e-09
20,43329838,C,T,-0.0136895165684831,8.84423101007189e-08,5.18474169956389e-06
6,33515191,G,C,-0.018398572699564,1.77508951068496e-15,1.5007592645113e-09
3,100220307,A,G,0.0161528261357813,1.26136237607738e-24,1.94576061806723e-09
12,27919145,T,C,-0.0190780301363063,2.49917736451655e-14,1.96061752611265e-09
11,72470915,GGTTT,G,-0.0226755806703978,3.00917713589795e-12,2.20753655215409e-09
9,111776195,C,T,-0.0508380910481313,9.48922847818276e-10,2.49340667021798e-09
9,33373189,G,GGGA,-0.0220160149772142,2.10792212749531e-12,3.03086086713845e-09
3,152529560,CTATT,C,-0.0382874106211898,1.60386731762977e-08,3.64244358380187e-09
3,152175307,T,G,-0.0212207724773696,6.3980144332344e-07,4.68820884957989e-06
3,152507863,T,A,0.0134209362264529,1.83281710367967e-09,7.11280712794494e-07
5,148120006,T,C,0.0158773096969844,6.50469985088591e-23,3.94610230045778e-09
19,46179043,G,A,-0.0199159619982373,8.79403195376191e-13,4.16631697546982e-09
2,27811722,A,G,-0.0300625440860025,1.67785862897812e-36,2.00415104208385e-22
16,53798622,G,T,0.0158340822022786,6.78511480478219e-21,5.38074417706736e-09
10,113354675,T,A,-0.0401595009036162,4.05983736110851e-11,2.95083029015245e-10
8,95891356,A,C,0.0155962860202494,3.28030243136147e-22,6.09861239669333e-09
11,11806317,T,C,-0.0216305735223833,2.13528386021254e-11,8.79184512456279e-09
4,6302199,T,C,-0.0156344972806079,5.80883356062236e-19,1.00334264199759e-08
15,77782335,G,A,-0.017001008526979,1.37313025114276e-14,1.09954967591624e-08
