chrom,pos,major,minor,beta,p_value,gwas_p_value
10,71086822,G,A,-0.143467016140981,7.08155228811097e-217,0
10,71091648,T,A,-0.104919693725036,8.946926882014e-186,0
10,71118821,AAG,A,-0.224231049765561,1.22831487265633e-216,0
02,169763148,C,T,-0.10391829053132,0,0
07,44240407,C,T,0.10583364320546,0,9.21588621785946e-242
01,158612548,T,A,0.0772412309892037,2.87587000911719e-296,1.15580972429237e-172
08,41630447,G,A,0.0724308005429657,1.74420315556284e-213,5.79888390087119e-164
08,41543675,G,A,-0.129016845660611,4.17098965254949e-88,1.07715756783931e-99
08,41589736,T,G,-0.167451618226893,4.39435910939608e-45,2.81077616051093e-50
17,76124865,C,G,0.0859752864999348,1.94027183586688e-240,1.35300993849789e-163
06,26093141,G,A,-0.139374675632049,5.09049870503174e-240,2.04460663095983e-163
06,26104632,G,T,-0.093159130677914,1.68507822394626e-220,5.78350105698245e-122
17,80690014,G,A,0.0698728785943558,7.05461566265574e-293,1.86541988686164e-154
22,37462936,G,A,0.0636054922382725,0,6.86202485805376e-146
10,114754071,T,C,0.0681108703558773,3.60849620772767e-255,5.3885399189237e-141
12,48499131,T,G,-0.0608502081204306,0,4.65942779359797e-136
11,92708710,C,G,0.0638114317909294,2.10535071801553e-210,1.31222954406e-120
16,88856084,G,C,-0.0575672203937454,7.41372888310727e-286,9.61023056085499e-106
16,88752602,C,T,-0.217971195236404,9.97296210459196e-64,2.83724277718949e-52
08,118184783,C,T,-0.053582075510661,2.13633897562374e-172,1.92047616210901e-91
12,4384844,T,G,-0.187328657285746,1.31396014483881e-93,5.12651809868847e-89
04,144945184,G,T,0.0480243401310105,4.47199555950377e-137,1.42680075591492e-88
04,145026126,C,T,-0.105384821904635,5.84675345050505e-59,1.71245129887481e-70
09,91392686,TTC,T,-0.108868909016686,9.91771880383049e-97,1.45922189881684e-86
19,17252151,T,C,0.0380838939668703,1.53707143095621e-114,7.26180016876831e-76
19,17252041,G,A,-0.052766402877836,8.93361950500091e-41,2.73738463107389e-59
03,123065778,A,G,-0.0521243011180688,8.83798134038088e-123,6.63446463373315e-75
13,113352916,A,G,0.076890761752294,2.35974787313027e-80,1.4521808507872e-74
13,113479820,G,A,-0.0266538239791247,3.61886040294384e-36,1.07892211148457e-25
03,170733076,G,A,-0.0432374745295984,1.56760276477954e-103,8.36143120951252e-58
09,136146597,C,T,0.0455388075045689,4.92787753047822e-94,8.98559658609316e-57
09,135861502,C,A,0.0485757327863793,5.31915211100464e-23,3.02609492895139e-19
03,12268570,A,AG,-0.0387149491767947,1.569832567979e-131,1.11875446275851e-54
06,20686573,C,A,0.0431337727741524,5.64626062551048e-92,2.13646752754053e-54
09,22134068,G,A,-0.0483309013447709,4.23755250591207e-65,2.6857429697741e-54
09,22136440,G,C,0.0230366221243125,7.07652214900269e-24,2.01593818905162e-20
02,43532524,C,T,-0.0538932325589144,1.77224863635281e-67,9.94129530538294e-52
06,135419636,C,T,-0.0419185754893257,3.52250736012825e-85,1.45161414114844e-50
13,114551993,T,C,0.036111695996501,2.40337455155057e-71,1.89384787007178e-47
13,114599514,C,G,-0.0323809854649672,2.97247340395184e-36,1.38309134582755e-31
08,42400679,A,G,0.0349085080078995,1.66674639876079e-104,8.11341866082241e-45
11,100460037,G,A,-0.0577793554240271,1.32818862736452e-53,2.00059795696788e-44
01,3691528,A,G,-0.0409272118304494,7.78312970375824e-70,7.39111476060901e-44
06,32592582,T,C,0.0366498859315871,5.04855687382492e-49,1.45716639634755e-41
06,32112626,G,A,-0.0296739285149731,1.71115869879228e-23,3.58796124341101e-28
01,214145731,G,C,-0.0294803548696488,3.63280519829269e-67,2.31975668152843e-40
01,214150821,G,C,0.0749897554833733,6.32824166772506e-31,2.9561092357569e-38
02,175261148,T,C,0.0348983684880852,3.14301411376967e-77,2.45809238789313e-40
11,9769562,G,C,0.0339578288693315,1.12419571966603e-82,2.87329162640258e-40
02,24209968,G,GA,0.04209325227313,1.03850892561118e-39,4.00906382578326e-40
02,23933356,G,A,-0.0205139087173688,4.1466654822553e-22,3.85303646590398e-23
02,27742603,C,T,-0.032982987359196,1.49380229478062e-85,3.03053834162689e-39
12,111865049,G,C,-0.031128880151679,2.8925676997207e-102,1.31669442806705e-36
11,234451,T,G,-0.030283149853176,2.06610048718802e-90,8.1019555655689e-35
03,49355005,T,C,0.0315855874301205,3.93661317060022e-29,2.40114861240387e-34
03,49760431,G,C,0.0579492951154308,5.85188861180942e-12,4.04687626127897e-16
03,49650935,T,A,-0.0199929595367544,1.46176389047484e-22,1.18936833415285e-26
10,71002040,TG,T,0.0530374433341236,8.4983840805712e-239,2.54047180168927e-157
10,71013976,G,A,-0.134128112423621,4.26015945827984e-76,1.0115296831494e-90
10,71014798,G,A,-0.0986376122977098,5.77271269885186e-71,1.13210938764554e-89
10,12316768,C,T,0.0375540804407027,8.14505646308563e-48,4.93648112975134e-33
09,140100317,C,G,-0.0431167846407463,6.54225306048593e-42,1.70084104044068e-32
09,79977312,A,G,0.0358381810629893,8.26288019997086e-46,2.15731417546485e-31
17,17751478,G,A,0.0308904293364509,2.19268340301898e-59,2.50827576277242e-31
13,28459876,T,A,0.0347788634542594,1.29001794384212e-48,3.32160715602952e-31
09,139245460,C,T,-0.0321394190100076,2.36415078044228e-52,6.1816660034073e-31
06,31178644,CA,C,0.0274079833119788,4.410690079608e-60,9.57170119207264e-37
06,30921417,G,GA,-0.034511695177976,1.85912073170263e-23,9.00039511032516e-31
10,50248924,G,A,-0.0323667735813417,1.37096346603133e-46,3.32089222350575e-29
03,171778354,T,C,-0.0276812321142682,6.66317436846107e-56,5.02468320570259e-29
03,171522584,T,C,0.026762318779086,1.54897808949509e-19,4.37299647325272e-17
17,7549681,T,C,0.0271388834562888,5.1007134049489e-67,2.24932399876818e-28
17,7629068,A,AT,0.0773993841774821,1.96955134927324e-09,3.96630236304143e-10
11,2856658,C,G,0.0280893544960887,5.99803427529147e-41,2.37913889173186e-28
11,2691471,G,A,-0.0210623033429018,2.20540895293828e-30,3.27404428081111e-17
07,123423923,G,A,-0.0492995169678545,2.38266572838294e-32,8.70640165047707e-28
19,33081333,A,G,-0.0294217517629405,7.42924950639816e-48,5.70699595181741e-27
10,94467287,C,T,-0.0267062975239373,7.25966416606481e-37,1.08101039070866e-26
10,94839642,G,A,-0.0149292892950141,2.10434207900361e-15,2.988841413539e-10
08,126500031,C,G,0.0264862554225249,3.60442955690175e-62,4.31606456665393e-26
22,43113793,C,A,-0.0256430951497167,3.82262434256121e-68,1.36042534227807e-25
01,25657076,AT,A,0.0218793030437828,1.60692768181952e-14,2.52690778178869e-25
01,25677605,G,A,-0.0345408131381387,1.19125753821832e-25,5.36063038789353e-16
01,25600747,C,A,-0.0211325078006622,5.30390139424246e-35,5.72624859165447e-13
04,144884690,C,T,0.0500593727709748,4.03200978355974e-152,4.99047430668669e-88
04,144592286,G,A,-0.0830011410108543,9.77389744519836e-24,2.04173788598678e-31
16,31404571,T,C,-0.0284795882421558,6.53851127624275e-58,7.62460590682847e-25
16,31418975,C,T,0.0504516706102094,1.30658960757289e-11,8.84920539711076e-09
16,30936081,G,A,0.0176242607516121,1.00639203586129e-11,1.01902407505825e-13
07,28198677,C,T,-0.0251641617526904,3.0835843501709e-71,7.98177757525218e-25
07,15065300,T,C,-0.0251027320185034,1.08163797243326e-50,3.41199912824109e-24
07,14898282,C,T,0.0266535683708383,9.25809770505064e-19,2.59247987137769e-16
03,187741842,G,A,-0.0253789383994096,1.63342353414496e-52,7.22313947506747e-24
09,110530324,G,A,0.0262950898291149,9.11211481508253e-34,1.12095884687207e-23
09,110913154,G,T,-0.0201821433755997,3.70326612701643e-14,2.40109518082746e-12
20,55991637,A,G,0.0245971290402378,1.7121851763499e-65,1.29745339354335e-23
11,47293799,G,C,-0.0277173013166767,2.78625894599412e-39,1.74543123618805e-23
11,10493321,G,T,0.0328553856124603,2.55811953771083e-27,2.48421928888647e-23
11,10286755,A,C,0.0264521588288209,1.04284664717702e-17,7.85332408245617e-17
11,10510046,G,A,0.0159018975948565,4.381178201739e-17,1.54704095629245e-13
17,57504920,G,A,-0.027402629764086,3.16647838532428e-29,3.82224363685915e-23
22,30238074,A,G,-0.024164735669403,2.14039757650208e-62,7.28235069867692e-23
17,27098024,A,T,-0.0293220437890665,6.59459861062311e-34,1.18606683187765e-22
19,51728477,C,T,-0.02854964758324,1.73535712635835e-40,2.2365944184549e-22
19,51729103,CCCGG,C,-0.0647961548464931,7.44536630989345e-22,1.26510055880437e-15
19,52132020,CGT,C,-0.0174878808942649,4.36647502001356e-15,1.38051359860498e-10
11,2177369,C,T,0.0281556710556831,3.34664513469647e-35,2.83291397737078e-22
01,150937405,C,T,-0.0296478873656963,1.90841271063345e-36,3.72669269249064e-22
01,150972959,A,T,-0.0700633260351951,5.35628462522082e-11,4.74295461274692e-09
01,248039451,C,T,0.0231800715095514,1.35124276825555e-35,4.56033083767532e-22
01,248018210,G,T,-0.0371204578150633,1.02196328949334e-12,9.30015941071365e-15
11,72470915,GGTTT,G,-0.0346282611538335,8.57994119991228e-28,5.37937274071531e-22
11,72946140,G,C,0.0216931409103763,1.25707786102611e-19,1.24018044556138e-12
15,77782335,G,A,-0.0257827318741776,2.22258151417846e-37,1.69359568138896e-21
19,13000550,G,C,-0.0237632491375458,1.06011318350711e-46,2.05819187419063e-21
06,7249460,G,A,-0.0364699983265932,9.37356973081017e-42,2.36347570063914e-21
06,7231843,G,A,-0.0349725146050861,4.59845400926293e-23,2.00928775616521e-11
06,7143859,C,A,-0.0706561785220646,1.97403723251644e-12,3.86249598693907e-09
05,76435004,A,G,0.0248966456747321,7.03114756501576e-40,3.03148628668653e-21
06,110762453,A,T,-0.0274101208543096,1.90630333970571e-33,3.33706258868208e-21
14,65272857,G,A,0.0223956290036449,1.17965815638501e-33,6.18750196367086e-21
14,65107216,AT,A,-0.0380164617785195,1.56593692497387e-13,2.85853318755966e-15
01,118141511,CCT,C,0.024905985565554,8.37146925174701e-39,9.02602026035215e-21
11,17418477,A,C,0.0237730194261423,5.40734288105644e-42,1.67091723751502e-20
17,8158273,G,A,0.0282798289511846,1.56108790456265e-29,2.66646202585368e-20
13,33554773,C,G,0.0303165093774697,7.53096848139595e-28,2.80957278843218e-20
11,61581368,A,G,-0.0242295990185102,1.66279313213312e-36,5.48674694659887e-20
04,185713595,A,AT,-0.0334612033317491,9.39684433870168e-26,6.45118261377595e-20
16,68796746,A,G,0.0238949919113016,3.51624423712579e-35,2.42429783611115e-19
19,46164672,T,C,-0.0231813977086057,1.60818945735576e-40,2.66210682681328e-19
01,229672955,A,G,0.0227860081350627,1.73059560473885e-39,3.91415743896157e-19
16,295795,T,C,-0.0284081189015143,2.99849298010459e-24,4.74567444812798e-19
16,281299,A,G,-0.0190749305759887,2.38220614891667e-12,1.15067455296319e-09
06,43757896,C,A,0.022871452935533,5.50064773095566e-31,7.47358760344484e-19
06,43736537,TG,T,-0.0179791701077199,7.82306458484737e-21,1.27761130023215e-11
16,84582965,C,T,0.026142791843493,6.94243937874139e-29,8.10674437687653e-19
03,49322027,T,A,0.0330107559273533,1.39111844112222e-32,4.16871605600604e-34
03,49260646,C,T,-0.0206741397700032,4.70732287303055e-22,2.27189890209967e-24
03,196504902,G,C,-0.0219054298473719,5.37035110053425e-44,1.12077509654012e-18
19,45416478,G,A,0.022082369410922,2.35430753375558e-27,1.55729910754053e-18
19,45448465,T,G,-0.0156139280582788,3.41134273768259e-14,1.66135519743763e-10
02,8563029,T,A,0.0265838231721976,5.9444359630159e-27,3.07415441526021e-18
12,51073523,G,A,0.0227195330214503,6.55064316960328e-33,6.20983487630964e-18
16,30800551,C,CA,0.0253798120360416,5.04780133777191e-29,6.49179072429575e-18
01,149996474,CCTT,C,-0.036585247766168,3.71550622463894e-21,9.84387583384632e-18
05,156373637,C,G,-0.0217544243950345,1.33882685805415e-35,1.8452898720846e-17
20,8604593,A,G,0.0208270500341396,2.12561443319099e-48,1.90900301097559e-17
16,11383519,C,T,0.0220780525204703,7.23468574120993e-33,2.24669405302213e-17
08,10571591,C,G,-0.0223110094266143,9.93862364111074e-32,3.23355431927057e-17
09,4844265,T,C,-0.0254669489611034,2.03200149796742e-25,4.05708791589111e-17
17,21206440,C,T,-0.0243804718225784,2.03841726023686e-27,7.02926182926779e-17
21,45746102,T,C,0.0978938948575821,1.92034193166944e-18,1.20434446086037e-16
21,45721710,T,C,0.0191573781990965,2.68023170967904e-19,1.39786160061884e-10
03,138077176,C,CTCA,0.0262173466289848,1.20421628577987e-23,1.21881072240785e-16
03,141102560,G,A,-0.0473284459653828,3.44063473071949e-18,1.55931681033776e-16
07,89864930,CA,C,-0.0205350559170777,1.26303407458485e-41,1.6995543223171e-16
06,109858630,A,T,-0.0221962711961038,5.99888639840112e-29,2.02004955144094e-16
15,66012444,G,T,0.0202128576923806,5.61412253208219e-38,2.24887840847519e-16
08,116667539,G,T,-0.0222628717176306,3.6735849222044e-28,2.42600060105962e-16
12,54698408,G,A,-0.0337505585793364,1.03608141633723e-19,2.43864295131636e-16
X,152904739,C,T,-0.0201835306802082,5.63382169634317e-22,2.73172003482667e-16
14,90046070,A,G,0.0209971653525422,1.79528006907251e-32,2.83185203878774e-16
06,25526319,C,T,-0.0850172390064422,1.00579132817562e-117,2.00790646232538e-88
06,25528452,A,G,-0.0515675078339884,2.109683566295e-16,3.18797853257032e-10
06,25431665,C,G,-0.0565268898877821,2.83878897202184e-14,1.29964771637879e-09
18,43802778,G,A,-0.0230589402428205,2.86433693838327e-26,3.02064076069726e-16
09,124093997,G,C,0.0501992038346576,1.65107703190486e-17,3.07411611505807e-16
12,27955071,C,CT,-0.0249411301741474,1.18905759359542e-23,3.29469235332114e-16
02,60725451,G,C,-0.0201060516739324,3.26173915546989e-38,3.87825325372206e-16
01,51205760,T,C,-0.0348452631139249,6.38869972438074e-19,4.48177934418153e-16
15,90448376,C,T,0.0221432961703522,1.02335629700944e-19,5.07495005659789e-16
15,90658366,C,T,0.0153514708643485,2.26070227905006e-17,7.65525122006103e-10
16,28513403,A,G,0.0211128557487781,1.34202876350041e-30,5.22474847964718e-16
01,207231751,T,A,-0.0199895390860375,1.13699167909905e-40,6.20819600570757e-16
15,52576408,A,T,-0.0471214416049723,1.82153165467951e-17,6.29422028419604e-16
12,48712932,T,A,-0.0466524943533555,1.78289070009388e-180,2.35941603772277e-114
12,48567979,G,A,0.0294334953354552,2.53832989631556e-21,1.47330019622484e-42
12,48542993,G,A,0.0330680622061736,1.00947461080155e-13,5.21390734086194e-20
X,40811712,G,A,0.0166404029376875,1.90466258123079e-31,8.79551778193587e-16
12,7154363,G,A,0.0368953535905237,4.12264650990793e-18,1.47484671949958e-15
11,14802481,G,T,0.0543637921144553,1.06600108551443e-16,1.49833452843967e-15
01,203649423,C,T,-0.0338280585947661,1.32384724403201e-18,1.53003118435415e-15
06,126717064,G,A,-0.0195390642820181,5.56768687252318e-44,1.71346596159529e-15
03,185512426,C,CTTT,0.0219917141673321,6.40799021945556e-27,2.26673305248926e-15
07,73020337,C,G,0.0288353513115728,1.96550510764226e-19,2.45453424957004e-15
07,98975258,T,C,0.049275537450358,5.99056853464996e-16,3.03980033162495e-15
07,98841021,C,T,-0.0763186304916676,5.10865750844526e-09,3.76562967113928e-09
03,152388733,A,AAACT,0.0207776939763037,1.49851306991938e-26,3.72787685255749e-15
03,152040390,A,C,-0.0241164683963214,3.1529884842993e-10,3.91926747212935e-09
14,38789023,ATAGT,A,-0.022053321291509,9.95667678389906e-25,4.35170075790464e-15
03,186649103,G,A,0.0214640058477514,1.69246316676982e-25,4.99852465588542e-15
06,139835418,T,G,0.0195476048954119,1.80354012158815e-33,5.04115980488172e-15
22,30506372,CT,C,0.0230825408882903,7.13180691554423e-49,1.13855588028071e-19
22,30887555,C,T,-0.0689232547676409,2.00966503658564e-15,5.71740515352072e-15
01,46602844,A,G,-0.0202993540507091,2.08041832786296e-28,6.35453542671745e-15
02,45192080,G,C,0.025584360756913,1.69840655406648e-20,7.23901764805672e-15
12,118734094,G,A,0.0208735138010939,1.76242166026014e-25,1.16032330545993e-14
02,219160749,C,T,-0.0189930172380341,6.81454754015592e-35,1.39030778104792e-14
12,97860592,G,A,-0.0400430102259694,3.47811825754621e-16,1.47585241489102e-14
17,2203167,T,G,0.0204473087331539,8.37006192355413e-26,1.53292098339117e-14
04,106115708,A,G,0.0288005336533511,3.15834870079832e-18,1.5824324671072e-14
05,14798600,AT,A,0.0173682102532723,1.87215784287495e-32,1.70516329766327e-14
05,14786749,T,C,-0.0762427711378744,6.00838448080669e-12,4.05765123760855e-14
05,1104938,T,C,-0.0188311478791686,1.73904850572899e-32,3.09636585787924e-14
04,146016257,T,C,-0.0304907454341633,4.06927871691587e-17,4.42556740482558e-14
X,129249132,T,TCC,0.0152341385264358,3.46571879479962e-30,5.45037103169155e-14
10,89726745,T,C,-0.0188159322399504,9.14447592893132e-30,6.79775455507153e-14
03,195910628,A,G,0.0245895566524261,1.30043668452876e-13,7.85541463293499e-14
03,195838613,C,T,-0.0146715957146156,1.56645096676378e-20,3.07265957036364e-11
09,131882540,G,GA,-0.0200998398029787,2.55613845129558e-24,1.01481514275311e-13
09,4292083,G,A,0.0184859209654157,1.07096643200074e-25,1.43321775220854e-13
09,4764332,G,C,-0.0217321641264798,1.23318752096355e-10,1.47817093607725e-09
14,20939589,G,T,0.0207801416523589,5.41889509554967e-22,1.69222086257742e-13
05,131821558,A,G,0.0194383951635328,2.92154792604098e-25,1.75335597450853e-13
20,32188142,C,T,0.0250492274305949,5.62691622063224e-18,1.83585568400242e-13
14,23495048,T,C,0.0201491610993167,9.51568548430459e-23,2.23919229823771e-13
11,45207183,G,T,-0.0280151487770613,3.35093733875801e-16,3.31215277053385e-13
09,91497782,C,T,-0.104264105398391,5.7451645232695e-93,3.3370111976692e-83
10,79664904,C,A,0.0193230811790593,2.16038214674679e-25,3.89005209520663e-13
04,89039082,A,G,0.0282601124967228,2.62217737256317e-16,4.03771704991447e-13
11,118971251,A,G,-0.0178555224193533,3.59803188298319e-30,5.32036055795518e-13
22,32339185,A,G,-0.0294996812853131,7.51834420485655e-16,5.3513644538877e-13
02,227083411,G,A,-0.0185495950879492,3.50084473165876e-25,5.65081443023206e-13
11,78127914,A,G,-0.0236261069140331,1.58334959372161e-17,6.55773579567126e-13
07,80303700,AGCACAAATAAAGCACT,A,-0.0261955573282037,3.88084635254068e-17,7.3662109904651e-13
02,37132112,CT,C,-0.0179130904862612,4.03306580140152e-29,9.28025737938429e-13
15,86252892,T,TTTTATTTTATTTTAC,-0.0205630664765936,1.12021579514568e-20,1.09211869158155e-12
21,35098664,CA,C,0.0183994229964097,9.74563034801673e-25,1.09804718580325e-12
01,39615407,CGATAT,C,0.0188884024008724,2.04953855367477e-22,1.26512213888107e-12
02,48283779,T,C,0.018831124394102,7.07418818293279e-22,1.77483789849883e-12
19,41755238,T,G,-0.0240023386744316,2.27635511748998e-16,2.06582842634331e-12
14,100793431,G,A,-0.0214313514924285,7.52455126497899e-18,2.17018850510963e-12
14,101162047,A,G,0.0189719389639337,6.51293026033646e-17,1.3556897850675e-10
16,16130524,C,G,0.019591770209578,2.01317897722837e-24,2.34608588045141e-12
16,16259596,G,A,0.0467925016923026,1.9477486376033e-10,8.47816532721408e-09
01,155197462,T,C,-0.0171730419877564,1.14459294758063e-33,2.35689955235239e-12
01,42368339,C,G,-0.0173413504609667,1.44880288331179e-29,2.4092332736814e-12
12,49399132,G,C,-0.0492126256782662,7.23909896380899e-15,1.84450918872536e-13
12,49213791,C,T,-0.0686422306437528,1.49111869320384e-09,6.16856197905995e-09
X,74452661,C,A,0.0313401670177614,2.57014846689327e-13,2.63002108174856e-12
16,53822169,AT,A,0.0181093025575421,8.80650477782679e-24,2.67423399858303e-12
X,73369060,T,A,0.0167548221009374,8.08005212915907e-17,2.77830589006959e-12
X,73797412,G,A,0.0302348969049301,1.9873088070819e-12,6.34259284779444e-12
01,224616444,C,CA,0.0217429610193265,4.36515376974955e-19,2.79775108069723e-12
01,6604607,A,C,0.0242299201160822,1.93551572698516e-17,2.91967878397106e-12
01,154428283,A,G,-0.0173297629876668,4.06677735592097e-27,3.08276591056272e-12
17,44623789,C,T,0.0206712497788884,1.66550823213926e-20,3.2982502334137e-12
11,64004643,C,G,0.0405025581857902,2.9451117777714e-13,4.62433496056884e-12
02,234305095,CCAAAGTTTCAAT,C,-0.0172440410780233,1.46829460778944e-28,4.85712215060206e-12
13,80708732,C,T,-0.0187373651050269,1.03972033823132e-20,5.05495513707157e-12
12,123188364,A,G,0.0219828298799744,1.41610145767472e-16,6.08319303588618e-12
03,160154747,G,A,0.0169189785476455,1.18514558668111e-30,6.32573686028113e-12
03,47087837,T,A,0.0172258528818218,5.16065022594166e-26,6.9924981965343e-12
17,57992145,TATC,T,0.0422584385168876,-99,2.73861167335323e-13
