chrom,pos,major,minor,beta,p_value,gwas_p_value
10,71094504,T,C,0.111003668505575,9.46100415262219e-308,2.31020285514616e-247
06,135421176,C,T,-0.0639079416586022,8.11855683071237e-276,4.36978663042729e-162
02,46353166,A,G,-0.0567528088624017,4.21074984612732e-297,1.67187897909104e-148
22,37462936,G,A,-0.0527517554135289,0,1.47966501737806e-140
06,26093141,G,A,0.107008544979145,2.43827523232317e-198,7.84346194299697e-140
06,26104632,G,T,0.0618440714238744,7.15783261636605e-137,2.70762635244835e-72
07,151414329,T,C,-0.0523034022123502,4.10319282282707e-209,1.11929124500279e-116
12,111932800,T,C,0.0462783192018109,0,4.1645258275066e-111
09,136139907,GAAACTGCC,G,-0.0516332451855862,6.87912497935057e-174,6.62670286621996e-104
07,100317298,A,C,0.0283697933881807,3.48136316410995e-94,2.3246018053804e-57
04,55408875,A,T,-0.0381773114105666,8.26214182784265e-94,9.33066301584835e-57
11,10195282,G,T,-0.0384382960341363,1.41897884621593e-88,2.90294077885275e-55
17,43669491,A,G,0.0389757655194926,3.10354115999864e-84,1.30604656249581e-53
06,44030011,G,A,-0.0514878739503127,5.70915909014603e-56,1.1116369665916e-52
06,43805362,A,T,-0.0319971130240636,4.21446096018587e-56,3.22776242349084e-40
06,43737486,T,C,0.0281199798937972,2.17129092384307e-75,7.07940971449568e-36
X,8913826,T,C,0.0274223847642003,5.43116438798354e-68,6.93589511896439e-46
01,214176797,G,C,0.0335807337610418,5.08365817715745e-65,7.29516398023233e-46
01,213966887,T,C,0.0195283178645865,2.2144267685058e-23,1.02339252117811e-15
12,48712932,T,A,0.0291512312370258,1.45452447120729e-107,2.32017854636889e-44
01,155178782,T,A,-0.0273967505853305,1.60166931981354e-82,1.51371537116578e-41
01,154976518,A,G,-0.0456967061050599,1.4585801943438e-13,6.78126698889364e-17
15,76298132,G,A,0.0241758153245242,3.67791784346737e-82,8.47462859897539e-39
15,76142291,C,A,0.053221026854012,1.13651087031556e-15,9.62682665604737e-24
01,231562228,A,G,0.0876775089114007,2.01961441271405e-33,5.62197221178489e-38
06,32611406,A,G,-0.030576098105909,4.17206156174577e-57,1.72982242310968e-36
06,32164869,G,C,0.0158350924789586,2.19011446837971e-14,1.6173835879196e-09
22,46364161,G,A,0.0252302360632448,9.06492814017927e-35,4.66204165129052e-36
22,46004023,C,T,-0.0185819238022578,8.42541071755302e-30,1.24536700066126e-19
22,46325744,C,CCATTCATA,0.0185177275115582,3.02755693372848e-19,1.31310910786474e-23
06,27858421,A,G,-0.025539014834591,2.21017704594151e-32,4.87125475754319e-35
06,27712526,A,AT,0.0421577036812717,2.47340558589774e-34,1.0182141748059e-34
06,27575802,A,G,0.0436295127226388,3.21575047425201e-15,4.98607984157498e-15
07,100264825,CT,C,0.0265242149312563,2.4457509684236e-88,1.71493615451818e-51
19,41305138,G,T,-0.0816927330397314,3.47997824925871e-32,7.06665201383795e-32
19,41306650,C,T,-0.0625265723642066,7.69219603309795e-14,1.2500901575277e-13
19,41147134,C,CT,0.0213599080145752,1.44815383426694e-14,3.36732272035807e-14
19,2159571,T,C,0.0243991246174555,3.63875599109942e-70,8.48803115900897e-31
06,29840185,T,TC,0.0211339657737335,1.21138774771586e-48,1.28859891058127e-29
06,29911356,G,A,-0.0170938702080072,2.39214706831228e-14,1.06106395348616e-16
06,30172385,A,C,0.0177787661222482,2.11980029120296e-10,5.00355578597255e-07
16,88858646,G,T,0.0239830476123609,6.90501548512019e-64,3.97522428314418e-29
16,88568896,T,G,0.0194519756888581,8.58789407963078e-09,8.44062038049484e-08
21,16793057,G,GC,-0.0243268709943977,3.38170873986385e-37,6.79182731369157e-28
21,16576783,G,A,-0.0213157450421919,1.52887317552333e-33,3.62012633870555e-23
07,1286567,T,G,0.025219004984854,1.55373938529315e-52,1.1070305928093e-27
03,56780003,C,T,-0.0235503735903987,1.21651790593374e-47,1.50584461407676e-25
15,78535437,C,G,-0.0221399416046961,5.62379949319688e-57,1.55089992632778e-25
01,46497500,T,A,-0.0199516334215636,1.12256080622055e-43,3.15931924225765e-24
01,45998579,T,G,0.0130889874777539,1.18534538365454e-09,2.45763700530296e-10
02,176974104,T,G,-0.0223305092358039,4.1737857154892e-50,5.09988103451809e-24
04,77373079,C,T,0.0207727593507597,1.50681423587731e-68,8.83071923037949e-24
09,130628500,C,T,0.0330433668966263,1.80960257112075e-29,1.02270700301876e-23
09,13976285,G,A,-0.0224565389830685,4.55645076015212e-42,4.83341201301057e-23
12,2489183,C,T,0.0213097470895395,2.75946771973131e-44,1.10616438518912e-22
12,2908330,C,A,-0.0290718272958639,5.92174664450156e-07,1.15885802065686e-06
15,43726625,A,C,-0.0652649842003563,1.28136779866314e-23,1.46326790603084e-22
07,671593,CA,C,-0.0208406035981323,9.04489607020625e-53,2.66747318236369e-22
19,807442,C,G,-0.0160484614422316,4.07755694895964e-30,3.08750245092129e-22
19,814680,G,T,0.0219486521975344,1.66197240128072e-14,3.56445797438126e-20
08,96072196,A,T,0.0263595258920893,7.23665264162226e-31,5.08405795532512e-22
08,95986927,G,A,0.0127450198552991,5.24664105768158e-13,8.61999022480393e-07
02,219523433,G,T,-0.0200080975474182,4.16062089839107e-52,9.65847451846044e-22
06,2050791,G,A,0.020093542837138,1.28531841110255e-36,2.89247270398457e-21
06,2522808,G,A,0.0149327994150063,3.89378797026644e-11,3.3241831895384e-09
06,1728526,A,T,-0.0121482559444607,1.44841539564238e-08,8.13449398175257e-07
11,8866146,A,AAAT,0.0196553006712605,2.639639027302e-21,5.50489740742128e-21
11,8736695,T,C,-0.0128267392583703,7.13484623620633e-22,2.6306558010683e-15
04,103188709,C,T,0.036913116389932,4.03135336085268e-24,7.76042603633849e-21
02,113975104,T,G,0.023559423677079,8.57812723059894e-31,2.18695125822953e-20
02,121985759,C,T,0.0274224280095776,3.52920260866901e-26,4.5199274118183e-20
04,87984331,A,G,0.0179743265880408,1.82051880510391e-23,4.79654416517623e-20
04,88160252,A,G,0.0122650991830271,2.45941401414007e-11,8.1965848786128e-12
22,43114551,G,A,0.0189568853825379,9.14955272351354e-53,5.1544041673044e-20
05,176788570,T,C,0.0198618681281959,1.27176849706007e-37,1.30207849542021e-19
12,13046211,C,T,-0.0259164271223912,5.39947802585574e-22,1.33306056697088e-19
12,12604777,A,G,0.0100729558347908,8.61546141765819e-13,7.39806831635491e-07
16,89717211,C,CA,0.0212405047477961,1.67709954277546e-52,2.48330041804193e-19
16,89236329,C,T,0.0336353246272337,4.29201772914561e-11,6.78956568583064e-07
20,43042364,C,T,0.0496010681140874,1.39524486619819e-17,3.98886368473057e-19
20,42542602,GTT,G,0.0118502441285158,8.27648759012186e-09,3.03031929297754e-07
20,43034468,G,A,-0.0104126193602452,1.24269364740366e-11,6.17072306000342e-09
11,30951674,T,C,-0.0110200965871698,6.32860708154287e-10,6.4865802544118e-19
11,30749171,GTTCCCGCTCTGTAACTTATCAAC,G,-0.0522642363355604,9.77169728875284e-21,6.39821615569522e-17
11,30749090,T,C,0.0203678844789442,4.52426430752653e-43,3.79032104943682e-18
17,59450441,C,T,0.0243222248319157,3.57196581829856e-23,1.21933580637736e-18
21,35346855,T,TA,0.0193286345341519,2.36243602644442e-32,1.37049223326475e-18
21,35356814,T,G,-0.0143679509042663,1.36780085058354e-14,1.49973883998132e-09
16,67812039,G,C,0.030629807087519,9.79496897857198e-22,3.38642097915527e-18
06,7229619,G,A,0.0195883130935778,4.29207136958262e-32,4.69216786940568e-18
X,152892836,G,A,0.0167458988477577,1.1388552000568e-21,5.0724346071527e-18
X,152590964,C,T,0.0087297212447033,1.25514018239639e-11,2.93762457718667e-07
03,12395958,G,A,-0.0195996881072806,1.0002258253866e-17,1.21705692571544e-17
03,12598839,G,C,-0.0135770996548412,1.06618836169382e-17,9.20520343745454e-10
03,12294202,A,G,-0.0108399724195246,9.20522172634901e-11,1.45226479223111e-06
20,49087012,G,A,0.0168244500081205,3.92177320497679e-24,1.34788424030074e-17
20,49232359,A,G,0.0126716325304342,3.24555182540017e-10,1.32074838445195e-10
01,172140548,C,T,-0.0178382962968466,1.30190247385617e-40,1.71687093505314e-17
02,27730940,C,T,-0.0151928294032086,1.78531127520625e-24,1.93556408759857e-17
02,27989909,C,T,0.0119931318510845,6.09055750141155e-10,4.29887436679648e-12
11,61557803,T,C,0.0183673990670572,1.33295217956976e-34,2.02958391129368e-17
17,67081278,A,G,0.058393264157579,3.94328465432296e-18,2.21778022420747e-17
01,161612578,T,C,0.0192378475753766,1.69584784369849e-38,2.58255433439026e-17
01,161507924,A,G,0.0132314597916417,2.02292602320475e-12,2.79646234645652e-07
19,45734751,A,G,0.0172368505112508,2.6575566405079e-24,2.71387877793849e-17
19,46219958,CA,C,-0.0103808247822752,2.30727945838767e-11,2.71063110036324e-08
21,37834258,C,T,-0.0210966583174881,1.38231363063091e-22,2.91256230736013e-17
21,38065224,C,G,-0.0197069009145638,3.02626991009159e-24,9.35792400734829e-17
21,38168446,T,C,-0.0236537331682122,1.79474594101478e-11,5.19253388781397e-09
01,217440700,G,T,0.0247248675371783,1.35425492608574e-21,3.83058831508279e-17
01,217009230,G,T,0.0122161480010032,2.49080011890041e-08,7.28975471021441e-06
09,4118111,T,G,0.018008152096134,3.64250255512829e-38,3.8605804723699e-17
02,145881714,T,TTGG,0.0181155798466723,1.70167052457541e-32,1.36673289399457e-16
06,130379852,G,A,-0.0183042144798962,8.22531477208353e-30,2.32642930518193e-16
14,64703593,G,T,-0.0169029292917537,8.17723430432574e-43,3.28466877071082e-16
01,48022107,C,T,-0.0305411770544892,4.74205547101051e-20,3.47985022247205e-16
01,47933363,G,A,-0.0137137724381901,1.28689136494966e-12,2.29203248074329e-06
01,48116939,TAA,T,0.0106090742001049,2.87697144678796e-10,2.51788286892174e-08
22,44324727,C,G,0.0201786858793846,3.24196782286194e-23,4.09929658574419e-16
22,44046168,G,A,-0.0246426205621527,3.53556180940338e-06,2.97354450539025e-06
03,69841906,T,A,0.0170767841102736,1.72173645402269e-37,5.38938059031564e-16
03,194681871,C,A,0.017078988987412,8.07092350373736e-25,7.03155714437235e-16
03,194506427,A,G,-0.0144974558145776,9.11313629266046e-18,2.16424319179285e-11
16,51187951,G,GA,0.016889578459331,1.25100086552417e-25,9.25780124916289e-16
16,51170026,G,T,-0.0275572523656179,1.16816234145187e-08,4.26962867029528e-11
16,51436882,A,G,-0.0204023482478586,1.02053249254062e-07,9.34601108947169e-06
06,127446610,G,C,0.0154577164672893,5.00118725326185e-24,1.03876588902529e-15
06,126951510,C,T,-0.00935236214648378,1.15221613690446e-09,6.15557361398102e-08
02,12891476,A,C,0.0169525157024968,6.58902967132681e-36,1.04743145287088e-15
01,16375210,G,A,0.0167574481190689,1.9303173315219e-21,1.04853065056614e-15
01,15913121,A,G,-0.00969693776064528,2.32200424914598e-10,2.77009568684213e-07
09,116294658,AAG,A,-0.027913621032349,6.16601727636772e-19,1.07549108907912e-15
19,33754548,C,T,0.0271712788311713,5.76471723217593e-14,1.43715364852119e-15
19,33360369,A,C,-0.0144063825190023,1.74354674996617e-20,1.46898224378517e-13
19,33751129,C,T,-0.0204524344713846,4.67454994835709e-10,5.83251196381199e-13
12,121431300,C,T,0.0194743435417197,1.26699778983891e-29,1.69318818698381e-15
12,121375558,A,T,0.0200139357085836,3.95336562078534e-09,4.53872094310566e-06
09,2622134,C,T,0.0173869171672391,2.88225112180326e-33,2.16277396380057e-15
06,37027232,T,C,0.016359243435359,2.25399429731488e-30,2.63740909627392e-15
06,36552310,CT,C,-0.0127229156619753,9.53003486156137e-10,4.11114865448733e-08
16,30103160,C,A,0.0166547693940736,1.18054614063132e-33,2.78496557103058e-15
19,50051561,T,TTTGG,0.0228468944028046,2.93304932972467e-26,2.92869266566966e-15
19,50035161,C,T,0.0722291461458789,5.18947207854578e-12,3.19568041284445e-10
19,50026735,G,A,0.0551012197893607,2.48905754004126e-08,6.7817767658922e-07
03,58340872,AAG,A,-0.0168274786687915,4.30224495012561e-32,3.76525767372517e-15
12,110697448,T,G,-0.0154296192131126,9.51953386771954e-26,4.51282863069897e-15
12,111048047,C,T,0.0214467592312133,2.59659364160738e-07,4.18772265125974e-09
17,8161149,C,T,-0.0165337584770388,3.44759638266193e-24,4.81976533136488e-15
17,7794202,C,G,0.0165264567786923,1.39149409405714e-19,2.7083394368043e-14
17,7692588,G,T,-0.0113704799048823,1.787494937503e-08,1.50739014893698e-06
13,29230581,A,G,-0.0169549070138399,4.58345920921533e-30,5.85665039624155e-15
08,116557955,G,C,-0.0154778930208538,2.52140367939011e-24,7.18131341070538e-15
08,116672747,G,T,0.010804543985174,1.37360714684938e-09,3.83864480489052e-08
19,33231025,A,G,-0.0233927200798805,4.70062350463968e-20,1.24219553489327e-14
01,53320865,G,GTAGTCTTGTTT,-0.0161775272559294,4.09985191447772e-32,1.52560563308236e-14
18,46460903,G,C,0.0161853355795637,2.15377328419155e-38,3.56033651446723e-14
18,46207268,G,A,-0.0391786737774867,1.49321978407862e-11,1.14393465103579e-10
03,37987856,C,A,0.0261582032548598,6.83298288137891e-17,4.65889849182639e-14
02,208010353,G,C,0.0166002045978628,1.49258499479709e-26,5.75680860484929e-14
01,147290790,G,A,0.0213656192319577,1.26357187225623e-18,6.61787808981895e-14
06,39151425,G,T,-0.0187004139439204,1.36201625781979e-20,8.28925721388568e-14
17,57938041,G,A,0.0155051245450948,8.85336135225633e-36,1.02219816667474e-13
17,58535915,T,G,0.0321049865630075,3.33120225835693e-06,2.98582206973234e-06
01,10483167,G,A,0.0228778119292121,5.71798861586125e-17,1.15055013547916e-13
01,10000476,A,T,-0.0463465965198398,1.2770947658589e-06,4.15642091630903e-07
17,61940804,A,G,0.0159317140384111,1.10980121738791e-29,1.33102158381175e-13
05,34504382,A,G,-0.0165182995140816,8.74296511367039e-26,1.35432893712624e-13
05,34661066,T,C,-0.0135469008782044,3.09265120712383e-17,2.27790972715962e-09
X,56908295,C,CAA,0.0160913381203415,5.58765453697564e-18,1.595607197766e-13
19,47596073,CAATA,C,0.0169252502507465,1.11333104385905e-22,2.11286682917168e-13
X,149024124,C,A,-0.0640291532864653,6.11931701421648e-14,2.43816702462066e-13
X,149312528,T,C,-0.0108592419459112,5.23335045348409e-09,1.25093608985555e-06
06,52665977,T,C,-0.0152414771946194,8.74041630318755e-31,2.65224873576367e-13
20,56137807,A,G,0.0145584630248631,2.59465813469791e-19,2.78751129126759e-13
20,55990405,T,C,0.010420600245586,4.02833286705846e-10,6.50363201351642e-08
06,25526319,C,T,0.0621496479092945,5.99130048079324e-88,5.6338937026015e-74
06,25466943,T,C,0.0292508147191833,3.40486126276134e-15,1.43622471556313e-10
06,25514179,G,A,-0.0267693525389398,1.35874617946972e-15,6.86123659573582e-23
10,44858681,C,A,0.0171112374442581,1.68828015573298e-22,3.12281000526041e-13
18,42807859,T,TAAATTTC,0.0228546381227954,1.30782193891097e-15,3.1491054422163e-13
18,43086180,G,C,-0.024889661381369,1.28887315530076e-14,5.16341258630813e-13
02,43441169,T,C,-0.015150165896695,5.10802848560904e-35,4.24461471210343e-13
17,46683800,C,T,-0.0201016390964204,1.39260147855089e-17,5.12923300151978e-13
09,32450187,T,C,0.015558665661422,8.74061965573053e-27,6.68184714907463e-13
04,81181072,A,T,0.0162989062272106,3.91719449606187e-22,8.92523387748438e-13
05,76478418,C,T,0.0229962588055162,7.12177761974295e-16,9.83403610558294e-13
05,76000873,G,A,0.0113457042705821,2.73748053674814e-11,3.21880505714615e-06
03,169096900,C,T,-0.0148713448272073,3.33314387070131e-19,1.03814876223049e-12
03,168948035,G,GA,0.00964077937596042,2.5290387578948e-09,5.50531842934962e-06
14,34646269,T,C,-0.0168482505279795,9.3315845794564e-18,1.10152745410528e-12
14,34278781,T,G,0.0134829325776218,1.1097068139208e-13,2.62734191033964e-10
14,34741677,T,C,0.0122528646551873,6.00756634813029e-09,5.68418319238396e-07
22,29338656,G,C,-0.0202696504188872,8.96606679130405e-17,1.41430397052751e-12
02,47030363,A,G,0.0153498767821979,1.1113927962384e-24,1.49126643017519e-12
02,46567276,G,T,0.0128442089197449,8.51494634037616e-13,2.31794188186503e-08
07,100751970,C,T,-0.146608477416252,2.10274452237093e-50,2.07919055315871e-49
07,100492412,C,T,0.0256035226238356,7.36931902888192e-25,2.34079971115976e-20
07,100660113,G,C,-0.0406787055643542,1.49875675198319e-11,5.51272560490528e-11
06,22130601,C,T,0.0143801627536296,1.97614152964641e-18,1.57121760126416e-12
06,22375648,T,A,0.00996986541733135,2.44648467232747e-09,9.9479204929601e-07
13,114541617,C,G,0.0152047419888872,1.47917185390492e-25,1.75104992045447e-12
03,141091595,T,A,0.0132771051781022,3.76189941784823e-20,1.82842968774495e-12
03,141248515,A,G,-0.0208338987499356,3.36137407947758e-08,3.85775818451985e-10
06,136198594,T,C,0.0136953434881201,2.49574453537187e-29,1.91680494258399e-12
06,136087922,G,A,-0.0404510098270547,2.3253331609079e-06,1.09010089679277e-07
17,37552849,C,CAA,0.0252851564944399,2.38461990890024e-15,2.06674509851834e-12
15,72108307,G,T,-0.0169828446577232,4.03997330143823e-18,5.76874068879021e-12
02,23897725,G,A,0.0235555647402212,2.35184947340274e-14,6.70059245867172e-12
05,477634,G,A,0.0144790923765314,1.83317233609857e-25,9.45016529943503e-12
06,139839960,C,T,0.0128327121206238,2.93621961673254e-15,9.98807985319691e-12
06,140153194,G,C,0.0159033453105435,2.17641538530592e-07,8.76521041408891e-09
06,139688467,G,A,0.01033358523892,4.46314942164504e-09,8.47960255239541e-07
18,12857002,T,G,0.0142960381500862,3.19407613252962e-26,1.00554090034557e-11
18,12546603,G,C,-0.0204855282641883,8.7339710447483e-09,4.65596162328338e-08
19,32585186,C,T,0.0154135688799511,3.66898218627065e-17,1.15361510316948e-11
19,33079964,A,G,0.0122198293664966,5.4123031186966e-10,2.31319630518895e-07
16,86356582,G,A,-0.0250181533186002,1.10814738142874e-13,1.32136344851324e-11
17,17007351,AG,A,0.0154047032129884,1.32335155271049e-16,1.34333741362493e-11
17,16875636,C,A,-0.0138513874428058,3.54011457988176e-07,1.02395147308324e-06
01,43761651,T,C,0.0146493710485835,1.19751598259231e-24,1.62701303244194e-11
15,58723426,A,G,-0.0171237953027407,7.33771129146808e-15,1.74323282133815e-11
15,58674308,G,A,-0.01151894083459,2.06689526041795e-12,2.35251355599004e-07
09,109618474,T,C,0.0211097627892263,2.36261900368045e-14,1.82869097202663e-11
07,91820987,A,G,-0.0138552949834655,2.77720212015819e-29,2.13944970802816e-11
06,12294258,G,A,0.0211921925926534,2.77768692666264e-14,2.32947726946243e-11
12,4330068,TTC,T,-0.0169056319258168,1.09715007897465e-16,2.45049551827732e-11
02,242644728,C,T,0.0138545929397933,7.2109479339972e-28,2.48182948399554e-11
15,67166007,C,A,0.0671775044033897,1.02242370874417e-11,2.49208830731095e-11
15,66948197,G,A,-0.0166560300430003,1.01330119931111e-11,3.5979443088903e-10
15,66999615,C,CT,0.014198403756631,2.29809924863398e-12,2.79814679671679e-08
06,126707845,CT,C,-0.0139893311428539,2.46542070157979e-17,2.82235706327261e-11
06,126223944,G,A,0.010213434842866,1.79994143199036e-10,1.27519395059376e-06
17,43573061,T,C,0.0369652258980464,8.21368122650439e-79,5.00704505865646e-50
16,55311471,C,T,-0.0137202030947476,4.57798321956785e-29,3.1170822818989e-11
05,127255127,A,ACTC,-0.017887455638134,6.81519083523178e-16,3.25628593666841e-11
10,82049603,A,G,-0.0207390474957989,4.52283267107048e-14,3.25762617381948e-11
06,109562589,T,C,-0.0137783842714138,2.2300278562038e-25,4.14132461125254e-11
19,4366219,A,G,-0.0146825052267594,7.95944966447287e-16,4.26971102464602e-11
19,4068824,AT,A,0.0130509996765511,4.48058025067606e-09,2.93424266796157e-07
15,33324519,T,C,0.0177444951609374,2.86984664515842e-15,4.43389527438156e-11
07,44790988,A,G,-0.0137649839719265,2.1176619276328e-26,4.53344447071122e-11
12,46330198,T,C,0.0135600196405237,3.31893896311772e-30,5.17808502494442e-11
02,112247747,T,A,-0.0209935653883291,2.17406811325774e-12,5.86228489830997e-11
02,112587099,C,T,0.0125731890314269,6.22867394228586e-12,9.76475277354634e-09
02,111931421,T,C,0.0134145190364586,7.85776059203633e-09,9.23432055869338e-07
16,69693035,T,A,0.0144501815267205,5.6547030729196e-19,7.32374813786051e-11
16,69437951,G,A,-0.0264753301016109,3.135837781579e-07,4.00793383304413e-07
07,150497496,C,A,-0.0214134219363376,8.54326645524859e-12,8.88083349992168e-11
07,150947689,C,A,-0.0205130895719003,3.95579564871823e-11,3.93292886455253e-10
07,150491084,G,T,0.0108621258231659,1.34465919132721e-13,2.77965526361682e-08
03,52567617,G,A,0.0133932243483572,1.16853971575091e-26,1.0673175998268e-10
04,23744268,C,T,-0.0149588518669222,1.52657346708953e-09,1.11182714044446e-10
04,23888619,A,G,-0.0130174092676,5.36724101755356e-20,2.97954671631289e-10
04,23747377,A,G,0.0251960532639075,1.62884532033781e-07,2.53872499886285e-08
01,198994619,T,C,0.014920589996609,6.29937791810117e-18,1.12957086176304e-10
02,27779565,T,A,0.0194717997611055,1.81115156891358e-17,1.94733627725563e-12
18,55313997,C,T,-0.0200926907718575,2.88316524444139e-13,1.25522638336933e-10
20,61038214,C,T,-0.0228110946465984,1.80866065106543e-09,1.3212071297368e-10
20,61030580,T,A,0.0116576286017116,1.07270026368513e-11,2.47207358781188e-09
03,41877473,C,CAAA,0.0195242557411777,6.064984679578e-14,1.38633863952359e-10
15,75930300,ATAATAAG,A,-0.0155481418707597,4.94319284293799e-14,2.92505398600877e-11
15,75187612,G,A,0.0148897857202842,3.59629365765092e-15,1.39983378521809e-09
15,75753810,A,G,0.0343909099783018,2.79592014253371e-06,1.66082335854852e-06
01,3318435,G,A,0.0122382042680774,4.30110422932751e-11,1.75066422539046e-10
01,3332212,C,T,0.0329786827377032,7.2427137741861e-08,5.84539728956202e-10
01,3684107,T,A,0.0110272184389676,1.40424482288532e-12,1.70003655179404e-07
22,21911220,G,A,-0.0185892879511979,2.00934400496852e-14,1.9179249889935e-10
08,126506694,G,A,0.0136323114681277,2.55217389606102e-22,1.93186148029421e-10
14,21542766,A,G,-0.0175371294138723,4.60629785354851e-14,2.00644240723483e-10
08,42367068,T,C,-0.0134535247692583,1.22664211970443e-21,2.17215822814238e-10
20,10609594,C,T,-0.0141252776409049,3.48153360802752e-19,2.32489543267038e-10
20,11000640,C,T,-0.0252750343366852,1.81738349891423e-07,7.48485577024798e-07
09,114900718,G,A,-0.0156893268236496,2.43781388521577e-15,2.45092035328355e-10
11,75448805,A,T,0.0163329596070772,2.04359007907404e-12,2.49202872470809e-10
11,75806513,C,T,-0.0320347720395357,3.21786068136197e-07,6.28616422873601e-08
01,12663329,A,G,-0.0173898860873529,4.66154420245041e-14,2.62636141850945e-10
02,25950158,CT,C,0.0135585111158849,3.85134717973749e-14,2.86444505385233e-10
02,25513316,T,C,0.0140866386272235,9.00363680727142e-09,3.3826470421465e-08
06,143142313,A,C,0.0137412126845855,6.54308822305503e-20,3.23823826028713e-10
01,29486128,C,T,0.0285023910342226,4.46851035703585e-11,4.32695305566548e-10
10,60329166,A,G,0.0130176211602936,3.16129223640431e-25,4.81263646235949e-10
02,204357497,C,CT,0.0140818538710778,4.98503499079752e-18,5.53273965945661e-10
14,36099366,C,T,-0.0225060608426311,1.32669543651729e-11,5.84170052587491e-10
14,76588486,T,C,0.0129669096716593,7.27324341427095e-25,5.999663858805e-10
16,72009121,A,AT,-0.0105240846663226,4.79739949773606e-09,6.25761236735821e-10
16,72052957,C,T,-0.0269845239438481,2.27392498935665e-08,8.93563745047902e-07
16,72114002,C,T,-0.0130566889796267,1.0960621682492e-06,7.13463550811521e-09
01,213079400,A,G,-0.0136801883587934,8.0384208802017e-18,6.29188080170156e-10
03,23395310,ATT,A,0.014815429616208,1.25541082712285e-15,6.5552428195852e-10
13,33748748,C,G,0.014108344468698,8.12297646662591e-17,6.90348402269632e-10
05,150036119,A,G,-0.0420598106508686,2.22078513421953e-10,7.2896187073e-10
17,45921906,C,T,0.0109798923265458,1.44676136838759e-17,7.79660303306781e-10
17,46044544,C,A,-0.0266609559376061,9.32378801034714e-08,1.4141646232311e-09
03,172294500,G,A,-0.0382945911391554,1.9094433144324e-10,8.20359118286268e-10
01,231469014,G,A,0.0918979902130619,1.08812197863772e-20,3.98102660355386e-23
01,231037165,A,AT,-0.0138144071698164,8.66076242102353e-16,8.21430726316575e-10
10,45406608,C,T,0.0133116209506388,1.10489628465531e-22,9.01092654142627e-10
20,8629588,TA,T,-0.0150580112917575,2.30165596464674e-15,9.09591128508035e-10
06,157313129,A,G,0.0142515610907682,6.49712158172766e-16,9.40777656843676e-10
14,73393391,G,A,0.0141731088982512,1.74899442248608e-08,1.0302408816266e-09
14,73882705,C,T,0.0099514984158456,3.6523167777223e-11,2.62778181922031e-08
11,13335926,C,T,0.0129588963667928,7.19430732201355e-20,1.04176796753719e-09
05,111304403,C,A,-0.0237485502637254,1.44860334559142e-09,1.04614333949679e-09
05,111244895,C,T,0.0168444124853369,5.36507563998405e-08,6.60936981532834e-08
10,126610909,A,T,0.0130321160381915,1.49771054625447e-21,1.13741975028946e-09
14,66136163,C,A,-0.0174641950337568,1.37176258594104e-12,1.21480923357832e-09
03,30181399,A,AG,0.0133021940213049,1.72181591198653e-21,1.56163171640057e-09
21,30722440,G,A,0.0124659910822828,7.82103317644389e-25,1.62986918065536e-09
08,61175880,TA,T,0.0126910046555766,1.44916379110467e-21,1.64772447464019e-09
10,77932816,T,TA,0.0148363284555326,1.2677179436899e-14,2.00036295447343e-09
03,132057834,G,A,-0.0290084436146492,2.84038749894449e-10,2.00206162482673e-09
X,19957543,C,T,0.0140044714476404,1.73317740834157e-11,2.12582927957441e-09
06,44615861,C,T,0.0136363358496865,3.67209013764331e-15,2.15902807508882e-09
06,44123947,G,A,-0.0163020156103179,4.91596514136316e-08,4.67380503870709e-07
17,59242764,A,T,-0.0421939299311846,-99,1.50380060783003e-15
07,100205706,G,C,-0.266885152723538,-99,6.19617907420235e-55
07,100265347,C,G,-0.25537672251534,-99,1.92361439861948e-40
01,231521149,A,T,-0.0440761324755227,-99,7.14054904161626e-30
