chrom,pos,major,minor,beta,p_value,gwas_p_value
20,34025756,A,G,0.0222379697430586,1.43299888258183e-80,2.16495218627964e-35
12,15045203,A,G,-0.0187027087598271,1.56953931717599e-53,6.37026783517864e-25
10,130837274,C,T,0.0180203726589933,2.02233130141142e-49,4.58879623598121e-23
11,74300441,T,A,-0.0147742765531627,4.2364818682252e-36,3.0935342500262e-22
11,74398574,G,A,0.0178247904165667,8.06672079540063e-12,3.44900388892173e-16
01,176799143,A,G,-0.0161415350173401,3.57191322502263e-32,3.96676692965825e-19
01,176449472,A,G,0.00887767062113111,2.54028577908156e-09,3.75155318924901e-06
06,32337150,ATT,A,0.0123255711550552,1.95558204788351e-22,7.67381441682935e-18
11,67024534,C,T,-0.026577657602495,1.15339221999955e-19,7.29264884717826e-17
04,17924734,T,C,-0.019857615850319,1.05699809180148e-22,1.10624174680358e-16
01,54072471,A,G,-0.0148035458910878,4.76437238142021e-38,1.46227644859479e-16
13,51101573,ACTGAAATTCTCTGGCCTTG,A,-0.0177871642011464,9.94337050545145e-25,1.49014614421764e-16
06,130374461,A,T,0.0163693742962115,3.99859919270448e-27,2.02292334248362e-16
17,36899560,C,G,0.0151898251443582,5.94585639793801e-30,7.39039527882937e-16
01,205714372,C,T,-0.0142821144553244,1.32109955704845e-37,9.72953016625808e-16
05,131564636,C,T,0.0141491726369737,1.01072512527084e-39,1.3441434010988e-15
18,20727611,T,C,-0.0169474794537471,4.22544303448011e-23,1.94950088922406e-15
20,33894463,A,G,0.0193913828116303,1.12892311503204e-46,6.30779092979313e-28
20,33411871,A,G,0.0134844992748252,3.1627870710418e-08,3.17870257503458e-09
15,99194896,C,G,-0.0183856538063294,1.33660729946018e-13,4.34963203074711e-15
15,99180244,G,A,0.00974549315993264,5.33641826740362e-12,3.81799309833996e-11
02,25041620,T,C,-0.0157042281742508,1.08025914035826e-23,9.62202436457782e-15
16,2141318,AGG,A,-0.0175642509274691,1.39248241602621e-18,1.34334147369862e-13
18,53273614,A,G,0.02294087605998,1.42255331332482e-15,2.62509039673408e-13
16,53910261,A,C,-0.0130135345007777,3.62579691857221e-31,2.74001563148458e-13
15,74222202,C,T,-0.0125168711097884,3.35254592801061e-16,4.24070803869671e-13
15,74336633,T,C,0.0104249777689831,6.95905165537061e-13,9.49282339111294e-10
15,74472199,T,C,-0.00886761372137901,3.74354916611279e-07,2.40882443843427e-10
04,103146888,A,C,-0.0235318344122268,4.82838813816423e-15,8.75395351792477e-13
10,104127171,A,G,-0.0124210322268892,3.15381709454725e-17,2.38584975682262e-12
10,104508202,A,G,0.00931398033273966,1.55602710575723e-12,6.61967075838104e-08
05,130618866,C,T,-0.016740550084611,2.64863861542185e-16,3.28723280943333e-12
17,43008905,C,A,0.0132396846830047,3.82763421438914e-11,7.44645479308038e-12
17,43460181,G,A,-0.0136926079562323,2.31963338153177e-09,5.6672914555323e-09
17,43216281,C,T,-0.0098711756742319,1.04965557091612e-11,2.79700549745928e-08
06,18404133,A,C,0.0124555325540575,9.45268415386714e-26,1.26573581213174e-11
02,70714793,C,T,-0.0119553915133133,4.63550262434007e-30,1.38544169912316e-11
17,46676460,A,G,-0.0132131157587102,3.42077913129743e-19,1.6863323874351e-11
07,19019880,A,G,0.0146040932177575,6.79547370309636e-17,1.78388697800073e-11
09,119416704,C,T,0.012629341750139,9.79827328784146e-21,1.95931119602877e-11
19,2163771,T,G,0.0118560110121024,2.5753890772067e-29,1.98681234176377e-11
17,44330105,A,G,-0.0153537603580237,1.10527958350973e-16,2.13929978841e-11
19,52220077,T,C,-0.0126992357132404,5.70404000460094e-19,5.08100392050823e-11
16,84867404,A,G,0.0122058615752741,1.13516866972895e-20,5.48132914481065e-11
02,44150511,G,C,-0.0116155415676495,3.82782385555033e-26,5.97357778988201e-11
X,75994583,TCA,T,-0.0111614569845372,2.1811330540072e-16,8.62346208805929e-11
16,24848471,A,G,-0.0142384373019087,2.20888068524996e-15,1.05729530963918e-10
01,227721627,A,T,-0.0145142051923732,7.00928571238013e-15,1.22027355251453e-10
X,78647467,A,G,-0.00973886915932283,2.69954804553649e-21,1.32469742635729e-10
07,150542515,G,T,0.0120962968443838,8.99022736553789e-20,1.44666283675611e-10
02,199235664,C,A,0.0112990213026384,1.57034106033646e-25,3.10177229423443e-10
16,69896527,A,G,-0.011208768732437,1.09746197609507e-23,3.3172055776401e-10
15,58327654,ATT,A,-0.0117506999264001,8.2548697202147e-26,4.08626723001431e-10
01,10525914,T,A,0.0117935900986394,2.27185844951583e-18,4.15397753750977e-10
12,79592680,T,C,0.0111041143916051,2.58191255035581e-23,4.35842576337038e-10
02,135607853,TC,T,0.0118735381873034,1.25326662429954e-19,5.27273391839088e-10
17,61986027,G,A,-0.0117198191148365,3.63546510282879e-18,5.31810687631671e-10
07,2830498,C,T,-0.0110896699196355,2.69807145654242e-22,5.715780353694e-10
05,171195033,A,C,0.0112656970650116,1.57046553385757e-17,5.83479527535744e-10
05,171020891,C,T,-0.0111006911185917,4.96609743748523e-11,2.48485203041836e-08
05,53130488,C,A,-0.01110719608328,2.68610145755792e-21,6.76184599714966e-10
17,63556290,G,A,-0.0121747707865099,1.94427443012523e-16,6.98312820978535e-10
05,102461890,T,C,-0.0258372674040953,3.51140443754627e-11,8.45721454229613e-10
05,101966291,C,A,-0.0316893267865839,1.36627178870346e-06,5.42342577747697e-06
01,160160801,T,C,-0.0304286084596684,2.35112001876036e-10,8.54246419584311e-10
12,124405871,G,A,-0.0116826495552245,1.94261885591522e-17,8.81259067465526e-10
02,40400312,A,G,0.0135342001071214,5.04350135210735e-13,9.27806185449229e-10
02,40680149,T,G,-0.0106881990026771,7.49137536222281e-10,6.27924611062483e-07
05,88371167,C,T,-0.0118527033444204,5.76395267833848e-19,1.31682523826528e-09
10,133977098,T,C,0.0106552531156045,5.19979032750127e-22,1.81212468987481e-09
05,179718970,C,CCCG,-0.011203641930563,5.01824740242119e-19,1.84093618549401e-09
15,96887277,G,A,0.00981359066041441,1.56989803520149e-07,1.85696829727606e-09
15,96898502,A,G,0.00873102619602412,2.72858277701054e-08,4.81275724746018e-09
11,47530227,A,AAC,0.0111066077045315,7.97697101310301e-26,1.86785471085503e-09
15,57230839,CT,C,-0.0130447644510626,1.18651642920361e-14,2.01428479658645e-09
20,47531154,G,C,0.0110628504231973,6.08121540421269e-18,2.15277899196712e-09
06,7719065,T,C,0.0105361935799273,1.83451119789295e-24,2.42866267578425e-09
12,115094260,A,G,-0.0105325467267868,3.32150379187916e-22,2.57228452308961e-09
06,32382861,TAAATA,T,0.0111710741860087,6.06010544641625e-21,1.82583399958408e-16
12,57525756,G,A,-0.0105689506404046,6.15189355758115e-21,2.62252246364652e-09
09,119314851,C,T,0.0112222648250671,2.33380732531374e-16,1.99374829640282e-10
09,118816815,A,AAAAATAAAATAAAATAAAATAAAAT,-0.0144192475372519,3.86087786990583e-11,2.70760297705874e-09
09,119124535,T,TAA,-0.0097456605579976,8.85787688642186e-07,1.60071928039038e-06
X,118640330,AT,A,-0.00955760731248268,1.17672094963457e-14,3.47906702684988e-09
06,32560771,G,A,-0.0289933057639018,-99,2.11287270119376e-15
