chrom,pos,major,minor,beta,p_value,gwas_p_value
16,56985156,G,A,-0.103478102960817,0,0
16,56985514,G,A,0.180312024947403,0,0
16,56997656,G,C,0.171843592645796,1.61326697017704e-285,8.28108660568182e-27
08,19815256,A,T,0.0869701369842937,2.55134885777378e-74,0
08,19813529,A,G,-0.248995148120932,1.99526950101595e-184,6.8173617701745e-207
08,19823648,A,T,0.0868182267684698,6.60028751968685e-283,0
15,58671765,T,G,0.101610903495866,0,0
15,58722590,G,GC,0.120190112356566,0,0
11,116648917,C,G,-0.130995012275088,0,5.65746014528434e-213
18,47109955,A,G,0.285932309964755,2.72578712103541e-178,2.88177071048254e-179
18,47167214,C,T,-0.0826982747987792,6.51862561936816e-231,2.29500700511389e-166
09,107661742,A,C,-0.0710616830755074,1.62241433601082e-230,1.24602320273757e-167
09,107589744,C,T,0.062892157241066,8.73560685971395e-100,2.61639579206632e-83
09,107647019,C,T,0.0686122509518256,1.3667355371276e-82,5.54924209462164e-71
17,41926126,C,T,-0.17308879428382,2.20198171881887e-157,9.42832098455239e-148
01,230295076,T,TCTTAAAGTGTTCAGCACTCCC,-0.0611782233814846,0,6.19149931382823e-142
19,8429323,G,A,0.200779681419822,1.76712947997403e-129,1.5816852461644e-124
11,61551356,T,C,-0.0583417051008393,2.51579248849462e-256,8.00059649320895e-124
19,45411941,T,C,-0.0730095018618136,2.49037158017499e-127,5.09786477618532e-115
19,45448465,T,G,0.0455344740647569,3.88827644186513e-121,1.36369600305337e-64
19,45413233,G,T,0.0549530930210738,5.91732429791031e-40,1.11783101121822e-55
08,9183358,G,A,-0.0757860950216045,3.57961403113261e-90,1.55252149041698e-109
08,9173358,G,A,0.0291221104754774,1.49896957279586e-92,1.88184865111255e-70
02,21226560,G,A,0.0636886680842831,4.29827618050883e-159,8.09078938350884e-106
20,44551855,T,C,-0.0638397614342299,1.22176008622534e-154,6.19171787448969e-104
20,43042364,C,T,-0.141644152897617,1.08554645231471e-104,2.31869113501175e-98
11,47337383,CTTT,C,0.0475175357567942,3.29386465929595e-146,2.84404899107502e-77
16,67972194,A,AT,0.0634745202178418,1.51813968903391e-80,5.08631385854511e-70
16,67976320,A,T,-0.0718117124954846,5.13137667963498e-31,7.00231935664192e-35
11,116660686,A,G,-0.117251509979581,3.6017317404443e-153,4.43967418710994e-126
11,116662407,G,C,-0.156453060441558,3.55603726831848e-192,1.17341814004618e-83
12,125265201,A,G,0.041172950808429,3.08801693202492e-96,3.357621124985e-61
12,125325010,C,G,-0.045675028492099,1.78034709040409e-43,3.94695592620622e-50
12,125380232,A,G,0.0428960957162631,4.03711560699324e-38,1.72304162342777e-39
04,103188709,C,T,-0.0692490571428644,1.39380511585002e-62,4.31910238413105e-54
02,227100490,G,A,0.0375069610113116,5.46011830971967e-108,1.28027754915701e-52
19,11350488,C,T,-0.0972531294685096,1.56005118831802e-54,6.60156971098605e-51
09,15304782,A,C,-0.050065837110505,2.65693456191865e-65,1.47775267664282e-49
19,54800500,A,G,0.0416473394024322,1.5755936497998e-78,2.34195952138417e-49
06,161005388,G,A,-0.0550987065498438,4.54244034913718e-58,3.47752901653674e-47
12,124409502,G,A,0.0316621008349187,2.39297063675344e-42,3.6403847781665e-47
12,124506631,T,C,0.022621448781649,3.99684083992437e-29,8.74751947344666e-33
10,113940329,C,T,0.0377185173205658,5.39133500963878e-65,4.12110819280037e-46
10,114026046,GTGTGTGTGTGTA,G,-0.0249731582955013,2.37984382684131e-26,1.77291996299715e-18
08,126480367,T,C,-0.0347655779305277,4.40063841321159e-77,1.21497018825781e-45
08,126645018,C,T,-0.026756455369276,4.10655349591878e-19,2.28240274896538e-17
06,43757896,C,A,-0.0331488249553355,2.78171924483795e-125,9.40988262355257e-45
01,40003410,C,T,-0.038745099218905,3.53790245419461e-68,2.05987373508306e-43
X,14893175,G,A,0.0535762669330668,3.92841409934689e-44,1.57716694785127e-40
16,56876845,T,G,-0.108529966716788,8.08543740898896e-193,4.51690820994467e-185
16,56905432,C,T,-0.0692870828577193,2.36317943380778e-144,4.96260175316916e-63
16,56911640,A,G,0.0505798145563257,1.84756944979774e-174,1.40541692773877e-128
16,81534790,C,T,-0.0285065721252206,1.50374744359163e-50,7.35115245693789e-38
16,81527741,T,G,0.0238393763911345,8.91154639216362e-15,3.98327769793245e-22
07,130442603,CT,C,-0.0307472573774783,1.16563064944947e-100,1.44473636116195e-37
08,116597117,A,G,-0.0303747633598512,3.47346918890114e-93,1.70471142467173e-37
08,144306379,A,G,0.0387942206117667,3.23106574114735e-54,2.02921710340553e-37
17,76406184,AAAAAC,A,0.0306986499497789,9.09633286969508e-101,1.24885717877756e-36
01,220970028,G,A,-0.0322549239258828,3.18353243487188e-65,3.50723135156361e-36
12,123188475,G,T,0.0301783584509703,2.21656020090831e-34,2.04973401742039e-35
12,122948907,T,C,-0.0323149679886899,8.85554338820816e-18,5.65933163804155e-22
12,123414349,T,C,0.0301616694873661,2.20043107198416e-15,1.63807564584859e-18
01,110232983,G,A,-0.0313886475973993,7.50599474551929e-47,1.12039165298529e-34
01,110470764,G,A,-0.0311281775534828,2.191135601105e-24,4.2870936237435e-19
01,109818530,T,C,0.0252162892548991,1.24144352340103e-24,2.4003673564825e-23
15,43726625,A,C,-0.0908598133118898,1.14506154740598e-34,5.06697515198773e-33
07,17920253,G,C,-0.0279910032471114,3.07444537064851e-70,2.91901495583925e-31
22,21922456,C,G,-0.0348442961817308,8.69661489554572e-45,5.31740686556596e-31
11,75452486,A,ACTC,-0.0375199935535566,2.80152624109076e-42,5.78784971471215e-31
01,93837780,A,AAAAC,0.0280942967630293,5.61424341887342e-65,8.14554645662818e-31
12,109871179,G,A,-0.027063196283516,1.42784062465958e-83,8.99358017963505e-31
11,122514403,C,T,0.0273832042418356,1.0351593158313e-63,1.47461859976316e-29
17,37830447,A,T,-0.0338436033931931,3.48145824115387e-69,2.72036539377173e-29
17,37815304,G,C,0.06784980562074,1.92648949906281e-18,4.21580964688529e-09
06,31300286,A,G,-0.025394303492005,6.93192908751017e-30,6.8551620930637e-29
06,30997692,C,G,-0.0149139873323471,1.18572771225089e-11,3.41706584678188e-15
12,57839173,G,T,0.0251599296320282,1.99215183884069e-30,2.21019025911215e-28
12,57753811,C,T,-0.0183011705222402,4.27997301168104e-17,2.69700776991824e-20
10,46022005,G,A,0.0302702139406447,1.0870635498798e-44,5.27213214322782e-28
06,34689725,ATT,A,-0.0254331916646692,1.13076816489495e-46,1.16441037924491e-27
01,27180088,A,C,-0.0832653442652129,1.69576198032787e-27,2.95489229511278e-26
12,123796238,C,T,0.0511594012778867,1.29534410768543e-32,3.49530282250691e-26
12,123697258,CA,C,-0.0242907051541114,6.70008839731544e-19,2.32641023342777e-11
12,124274758,CT,C,-0.0188737045447438,1.80169911495156e-24,1.90911159453099e-15
14,105258892,T,C,0.0255364757389755,3.00871340893576e-56,5.16118616263218e-26
07,73039406,C,G,0.0302503728425331,3.30712665388527e-37,5.31270107530771e-25
02,165552353,GA,G,0.0371627372633759,5.75190747019111e-31,1.14526326638478e-24
11,56078402,C,T,0.0434694579614775,3.12767329177571e-44,1.03122511672288e-34
05,55857025,G,GT,-0.0339265456811754,1.50166721586751e-34,6.60185872420107e-23
05,55808342,T,C,0.0275989190629054,3.66027330388103e-32,7.16041633467814e-18
06,34595543,T,C,-0.0246868357698135,6.47418138767059e-45,2.96488609673087e-27
19,46384830,C,T,-0.0351571671309387,7.43203776871866e-28,3.54988075995231e-22
03,185822353,T,G,-0.0349312565721744,7.7462404093827e-29,4.01599333808883e-22
03,185880200,C,T,-0.0178459380417836,1.78545771152188e-23,1.05995591430277e-10
16,66971780,C,T,-0.052101150817976,1.4615771777347e-20,4.82767718421628e-22
16,67229019,A,G,0.0419510501571982,1.09578496630326e-20,3.97782458385919e-19
16,67368296,C,T,0.0603359681245106,5.01431341556851e-15,3.43612790197704e-14
17,66879927,C,T,-0.0472900963822591,1.32291946628015e-24,6.0182900533976e-22
12,111884608,C,T,-0.0226409594718725,1.46602988359787e-59,7.19722475485151e-22
07,6461310,C,T,0.0255644924855508,7.83405478372345e-36,1.69338720231518e-21
19,33896432,C,A,-0.023392534718233,2.23588729107222e-40,6.87254529382854e-21
10,115786611,G,T,0.0326839897256318,2.21271538809371e-26,1.14148043010236e-20
20,46340974,A,G,-0.0298097796969424,3.82140903918277e-35,2.43692282847433e-20
20,46417544,T,C,0.0597217063904,1.98911878322513e-20,1.05158973858578e-15
12,20473758,C,A,0.0214103227349205,3.69639393785474e-43,3.9684951090221e-20
12,20592624,G,A,-0.0304453275507891,4.43436688043994e-12,4.34205401895605e-12
07,1066297,A,G,-0.021593323241187,7.54097692684586e-46,1.94617447184947e-19
01,182145545,C,T,-0.0219030542065555,2.24277498872643e-35,1.90841080731373e-18
01,150961542,G,A,0.0336951362220614,3.08115643692353e-15,3.24386057379552e-18
01,150926002,C,CA,-0.0170753143051559,2.37356331027355e-21,5.17570051604877e-16
11,64018104,A,AC,-0.0484276268057756,1.04228670775126e-19,4.90172741376703e-18
04,87976359,A,T,-0.0208159805527437,7.30578436225121e-40,5.36213066338136e-18
19,52341757,T,A,-0.0213915566214353,3.5760266211958e-35,5.86183240853396e-18
11,68616074,GCACACA,G,-0.021872619227979,2.13334097401247e-33,7.59775627231069e-18
03,156798732,A,G,0.0205986040746376,8.05663739367539e-39,1.10807591324918e-17
04,100270960,TTCTG,T,-0.0204318036132746,9.94360362060993e-41,1.11517497783163e-17
02,20371772,G,A,-0.0202619692284649,2.66264680968884e-46,1.15026865831455e-17
10,94823343,T,C,0.0201958427623712,1.11631585940983e-38,2.95787106547008e-17
06,42915021,A,G,-0.0196221322595575,4.54133167333475e-43,9.68634286668331e-17
05,75003678,T,C,0.0199839813914539,3.15953998219828e-36,1.09601415965642e-16
18,57863634,C,CG,-0.0221255782225967,6.82423077632114e-28,1.12894202861794e-16
16,15160493,TA,T,0.0214339910485836,5.2521831738e-30,1.17273811935456e-16
03,135880410,A,T,0.0246927388528052,1.21739432334136e-23,1.77325161488687e-16
01,234853268,C,A,-0.019356824105772,9.06727695472894e-44,2.32604075884189e-16
11,46482959,T,C,0.0448636252171826,6.80310457930569e-30,4.35181682883853e-23
11,46385672,G,A,0.064353374583655,2.3459365025736e-23,1.52912607243244e-19
12,9095905,T,TAC,0.0197376691644015,7.09339294130279e-34,4.40423124300744e-16
04,89730074,C,T,-0.0189703096091668,4.39872516533428e-40,1.00236948899736e-15
02,3639909,G,C,0.0247603087755104,2.7826888796358e-22,1.19666624875002e-15
06,109641874,C,CA,-0.0189065237338233,5.64886920981643e-40,4.05505763582732e-15
08,121867780,C,T,0.0213592701254645,1.73386789477032e-31,4.19559993343007e-15
08,121857366,C,T,0.0649843173452671,2.67719054297694e-12,6.63819409011207e-10
06,139843787,A,G,-0.0195782050423912,1.18178812235725e-28,5.01984832203962e-15
02,211540507,C,A,-0.0197273027582139,2.88772347704195e-27,6.01955998321929e-15
22,38599857,C,G,0.0185988396255087,3.32908038094916e-34,6.57175513643362e-15
06,41992518,T,C,-0.0214462201334725,1.45121031838198e-23,7.48780566235049e-15
17,41571268,G,C,-0.0964569596119594,5.78504946131403e-22,2.13686563139917e-21
21,46271452,T,C,0.0182072599074988,9.75396819495209e-38,1.21417811638041e-14
03,12376427,A,G,-0.0533645596427679,3.65198129637851e-13,1.52352318125832e-14
03,12589896,A,G,0.0147150155727132,1.2180740232932e-22,7.08158974794467e-11
03,12194628,C,T,0.0219074853140849,5.83640630936334e-10,1.04287630729692e-10
15,63344167,A,G,-0.0198489177872285,5.93046531988978e-26,1.77141550827323e-14
07,150210213,GGCT,G,-0.0212785285182449,3.10533416223724e-22,2.9981200954053e-14
04,110569620,C,T,-0.0628979458427067,9.47379660633887e-15,3.37277489271268e-14
06,34192036,C,A,-0.104006562503056,-99,1.46763066156502e-23
11,116705278,C,T,0.156910626672388,-99,7.08688407269396e-51
