chrom,pos,major,minor,beta,p_value,gwas_p_value
16,56985156,G,A,-0.103478102960806,0,0
16,56985514,G,A,0.180312024947408,0,0
16,56997656,G,C,0.171843592645801,1.61326697011978e-285,8.28108660568182e-27
08,19815256,A,T,0.0869701369842797,2.55134885791197e-74,0
08,19813529,A,G,-0.248995148120911,1.99526950116278e-184,6.8173617701745e-207
08,19823648,A,T,0.0868182267684757,6.6002875191274e-283,0
15,58671765,T,G,0.101610903495854,0,0
15,58722590,G,GC,0.120190112356561,0,0
11,116648917,C,G,-0.130995012275146,0,5.65746014528434e-213
18,47109955,A,G,0.285932309964897,2.72578711993955e-178,2.88177071048254e-179
18,47167214,C,T,-0.0826982747987863,6.51862561878141e-231,2.29500700511389e-166
09,107661742,A,C,-0.0710616830754995,1.62241433620468e-230,1.24602320273757e-167
09,107589744,C,T,0.0628921572410742,8.73560685920086e-100,2.61639579206632e-83
09,107647019,C,T,0.0686122509518246,1.36673553713624e-82,5.54924209462164e-71
17,41926126,C,T,-0.17308879428372,2.20198171972347e-157,9.42832098455239e-148
01,230295076,T,TCTTAAAGTGTTCAGCACTCCC,-0.0611782233814724,0,6.19149931382823e-142
19,8429323,G,A,0.200779681419901,1.76712947956672e-129,1.5816852461644e-124
11,61551356,T,C,-0.0583417051008608,2.51579248741057e-256,8.00059649320895e-124
19,45411941,T,C,-0.0730095018617646,2.49037158113786e-127,5.09786477618532e-115
19,45448465,T,G,0.0455344740647518,3.88827644210515e-121,1.36369600305337e-64
19,45413233,G,T,0.0549530930210702,5.91732429797991e-40,1.11783101121822e-55
08,9183358,G,A,-0.075786095021622,3.57961403079788e-90,1.55252149041698e-109
08,9173358,G,A,0.0291221104754814,1.49896957270981e-92,1.88184865111255e-70
02,21226560,G,A,0.0636886680842961,4.29827617987612e-159,8.09078938350884e-106
20,44551855,T,C,-0.0638397614342171,1.22176008639782e-154,6.19171787448969e-104
20,43042364,C,T,-0.141644152897503,1.0855464527271e-104,2.31869113501175e-98
11,47337383,CTTT,C,0.0475175357567926,3.29386465936983e-146,2.84404899107502e-77
16,67972194,A,AT,0.0634745202178209,1.51813968921373e-80,5.08631385854511e-70
16,67976320,A,T,-0.0718117124955043,5.13137667944487e-31,7.00231935664192e-35
11,116660686,A,G,-0.117251509979647,3.60173173903391e-153,4.43967418710994e-126
11,116662407,G,C,-0.15645306044154,3.55603726868659e-192,1.17341814004618e-83
12,125265201,A,G,0.0411729508084204,3.08801693230413e-96,3.357621124985e-61
12,125325010,C,G,-0.0456750284920974,1.78034709041597e-43,3.94695592620622e-50
12,125380232,A,G,0.0428960957162624,4.03711560700403e-38,1.72304162342777e-39
04,103188709,C,T,-0.0692490571428533,1.39380511591199e-62,4.31910238413105e-54
02,227100490,G,A,0.0375069610113026,5.46011831036081e-108,1.28027754915701e-52
19,11350488,C,T,-0.0972531294684509,1.56005118854653e-54,6.60156971098605e-51
09,15304782,A,C,-0.0500658371105065,2.65693456189471e-65,1.47775267664282e-49
19,54800500,A,G,0.04164733940244,1.57559364969647e-78,2.34195952138417e-49
06,161005388,G,A,-0.0550987065498213,4.54244034961826e-58,3.47752901653674e-47
12,124409502,G,A,0.0316621008349277,2.39297063662637e-42,3.6403847781665e-47
12,124506631,T,C,0.0226214487816498,3.99684083990548e-29,8.74751947344666e-33
10,113940329,C,T,0.0377185173205622,5.391335009787e-65,4.12110819280037e-46
10,114026046,GTGTGTGTGTGTA,G,-0.0249731582955007,2.3798438268481e-26,1.77291996299715e-18
08,126480367,T,C,-0.0347655779305167,4.40063841369338e-77,1.21497018825781e-45
08,126645018,C,T,-0.0267564553692712,4.10655349597915e-19,2.28240274896538e-17
06,43757896,C,A,-0.0331488249553374,2.78171924474528e-125,9.40988262355257e-45
01,40003410,C,T,-0.0387450992189061,3.53790245416293e-68,2.05987373508306e-43
X,14893175,G,A,0.0535762669330391,3.92841409974371e-44,1.57716694785127e-40
16,56876845,T,G,-0.108529966716815,8.08543740726486e-193,4.51690820994467e-185
16,56905432,C,T,-0.0692870828577285,2.36317943360032e-144,4.96260175316916e-63
16,56911640,A,G,0.050579814556326,1.84756944978775e-174,1.40541692773877e-128
16,81534790,C,T,-0.0285065721252159,1.50374744364711e-50,7.35115245693789e-38
16,81527741,T,G,0.023839376391139,8.91154639206132e-15,3.98327769793245e-22
07,130442603,CT,C,-0.030747257377474,1.16563064952397e-100,1.44473636116195e-37
08,116597117,A,G,-0.033171734789921,9.66008051608548e-80,1.70471142467173e-37
08,116961980,T,C,-0.0168258561598236,1.3740650400579e-20,2.94302102001189e-06
08,144306379,A,G,0.0387942206117638,3.23106574120521e-54,2.02921710340553e-37
17,76406184,AAAAAC,A,0.0306986499497763,9.09633287003969e-101,1.24885717877756e-36
01,220970028,G,A,-0.0322549239258775,3.18353243502495e-65,3.50723135156361e-36
12,123188475,G,T,0.0301783584509609,2.21656020101269e-34,2.04973401742039e-35
12,122948907,T,C,-0.0323149679886875,8.85554338825769e-18,5.65933163804155e-22
12,123414349,T,C,0.0301616694873591,2.20043107201676e-15,1.63807564584859e-18
01,110232983,G,A,-0.0313886475974085,7.50599474506186e-47,1.12039165298529e-34
01,110470764,G,A,-0.031128177553489,2.19113560105974e-24,4.2870936237435e-19
01,109818530,T,C,0.0252162892548975,1.24144352340913e-24,2.4003673564825e-23
15,43726625,A,C,-0.0908598133119204,1.14506154734738e-34,5.06697515198773e-33
07,17920253,G,C,-0.0279910032471083,3.07444537075501e-70,2.91901495583925e-31
22,21922456,C,G,-0.0348442961817198,8.69661489609173e-45,5.31740686556596e-31
11,75452486,A,ACTC,-0.0375199935535681,2.80152624093138e-42,5.78784971471215e-31
01,93837780,A,AAAAC,0.0280942967630387,5.61424341832615e-65,8.14554645662818e-31
12,109871179,G,A,-0.0270631962835163,1.42784062465392e-83,8.99358017963505e-31
11,122514403,C,T,0.0273832042418313,1.03515931587668e-63,1.47461859976316e-29
17,37830447,A,T,-0.0338436033932143,3.48145824047865e-69,2.72036539377173e-29
17,37815304,G,C,0.0678498056207464,1.92648949904878e-18,4.21580964688529e-09
06,31300286,A,G,-0.025394303492003,6.93192908758094e-30,6.8551620930637e-29
06,30997692,C,G,-0.014913987332348,1.18572771224746e-11,3.41706584678188e-15
12,57839173,G,T,0.0251599296320262,1.99215183886242e-30,2.21019025911215e-28
12,57753811,C,T,-0.0183011705222394,4.27997301169325e-17,2.69700776991824e-20
10,46022005,G,A,0.0302702139406423,1.08706354989712e-44,5.27213214322782e-28
06,34689725,ATT,A,-0.0258855152317562,1.52852791322863e-40,1.16441037924491e-27
06,35160122,C,A,0.016550112659794,2.70177384232317e-09,8.24452599462552e-09
01,27180088,A,C,-0.0832653442651641,1.69576198044611e-27,2.95489229511278e-26
12,123796238,C,T,0.0511594012778851,1.29534410769125e-32,3.49530282250691e-26
12,123697258,CA,C,-0.0242907051541116,6.7000883973112e-19,2.32641023342777e-11
12,124274758,CT,C,-0.0188737045447435,1.80169911495447e-24,1.90911159453099e-15
14,105258892,T,C,0.0255364757389731,3.00871340900388e-56,5.16118616263218e-26
07,73039406,C,G,0.0302503728425388,3.30712665378333e-37,5.31270107530771e-25
02,165552353,GA,G,0.0371627372633623,5.75190747047609e-31,1.14526326638478e-24
11,56078402,C,T,0.0400125348832401,4.8108092004067e-37,1.03122511672288e-34
11,56350564,GA,G,-0.018508580813511,4.41571058902691e-11,7.61876730917609e-14
05,55857025,G,GT,-0.0339265456811789,1.50166721584461e-34,6.60185872420107e-23
05,55808342,T,C,0.0275989190629032,3.66027330392309e-32,7.16041633467814e-18
06,34595543,T,C,-0.0246868357698143,6.47418138762556e-45,2.96488609673087e-27
19,46384830,C,T,-0.0351799176100178,7.45143735234731e-25,3.54988075995231e-22
19,46167469,A,G,0.0124458112447415,3.27670927593144e-12,4.90189993704937e-07
03,185822353,T,G,-0.0345674982691517,1.56845895351541e-27,4.01599333808883e-22
03,185880200,C,T,-0.0182763116686323,1.01839749450844e-20,1.05995591430277e-10
03,185931174,T,C,0.0149053111757483,4.07212352021456e-09,1.18136894418092e-07
16,66971780,C,T,-0.0521011508179812,1.46157717772209e-20,4.82767718421628e-22
16,67229019,A,G,0.0419510501571864,1.09578496633019e-20,3.97782458385919e-19
16,67368296,C,T,0.0603359681245212,5.01431341551337e-15,3.43612790197704e-14
17,66879927,C,T,-0.0383004254639626,1.69908545853511e-13,6.0182900533976e-22
17,66862759,C,T,-0.0137206131658243,4.14512411858876e-13,3.7987183312688e-16
12,111884608,C,T,-0.0226409594718684,1.46602988366797e-59,7.19722475485151e-22
07,6461310,C,T,0.0255644924855393,7.83405478427331e-36,1.69338720231518e-21
19,33896432,C,A,-0.0225182503611973,1.2273593098414e-28,6.87254529382854e-21
19,33786208,C,T,-0.0268057641534536,2.64406818921623e-18,1.91847655531605e-07
19,33784657,T,C,-0.0296585649270673,1.03614384556653e-09,1.31676815590085e-16
10,115786611,G,T,0.0278205032962897,3.89515639824642e-19,1.14148043010236e-20
10,115798895,G,A,-0.0158985135693873,1.28952338061157e-14,6.51425635631672e-15
20,46340974,A,G,-0.0313703686551857,8.60072382329788e-32,2.43692282847433e-20
20,46417544,T,C,0.0595449135141509,3.59593279548465e-20,1.05158973858578e-15
20,46290250,T,C,0.0146225417760483,3.79825009413709e-12,1.39343353438814e-06
12,20473758,C,A,0.0211910634369675,2.2969286483605e-34,3.9684951090221e-20
12,20592624,G,A,-0.0286681416502928,7.32021739869521e-11,4.34205401895605e-12
12,20579392,G,C,0.0154555234995995,8.11276308097277e-09,3.09616437934541e-09
07,1066297,A,G,-0.0193022083250026,2.29312200307077e-36,1.94617447184947e-19
07,1127045,G,T,0.0263956797515791,1.23764591674436e-07,4.63582124095035e-11
01,182145545,C,T,-0.0219030542065525,2.24277498877358e-35,1.90841080731373e-18
01,150961542,G,A,0.0336951362220668,3.08115643689219e-15,3.24386057379552e-18
01,150926002,C,CA,-0.0170753143051573,2.37356331025667e-21,5.17570051604877e-16
11,64018104,A,AC,-0.0421501449583602,4.18567081755896e-15,4.90172741376703e-18
11,64046641,C,T,0.0125103084822418,4.92410992033263e-19,5.24189315440814e-12
04,87976359,A,T,-0.0208159805527504,7.30578436183994e-40,5.36213066338136e-18
19,52341757,T,A,-0.0213915566214262,3.57602662143281e-35,5.86183240853396e-18
11,68616074,GCACACA,G,-0.0218726192279823,2.13334097396647e-33,7.59775627231069e-18
03,156798732,A,G,0.0205986040746362,8.05663739377085e-39,1.10807591324918e-17
04,100270960,TTCTG,T,-0.0203620450967265,1.1374881569137e-30,1.11517497783163e-17
04,99782705,C,A,0.0142971414697919,9.20982084564755e-10,7.52560905875271e-08
02,20371772,G,A,-0.0202619692284592,2.66264680984143e-46,1.15026865831455e-17
10,94823343,T,C,0.019524314686952,2.93471097396514e-31,2.95787106547008e-17
10,95313452,T,TTG,-0.0154764066000053,8.00426314005316e-08,8.91226287960956e-08
06,42915021,A,G,-0.0196221322595593,4.5413316732543e-43,9.68634286668331e-17
05,75003678,T,C,0.0199839813914482,3.15953998234151e-36,1.09601415965642e-16
18,57863634,C,CG,-0.0211561911448779,1.64180731604456e-25,1.12894202861794e-16
18,58030420,AAGAT,A,0.0421492994839692,6.07077801852468e-07,4.04515466274665e-08
16,15160493,TA,T,0.0214339910485895,5.25218317360965e-30,1.17273811935456e-16
03,135880410,A,T,0.0246927388528139,1.21739432329764e-23,1.77325161488687e-16
01,234853268,C,A,-0.019811426361681,7.47973592451527e-36,2.32604075884189e-16
01,235107864,C,T,-0.0184435254905754,1.02897608935991e-07,1.61708701559712e-07
01,235033935,G,A,-0.0162011795135109,5.74702834466557e-07,2.20748545817705e-06
11,46482959,T,C,0.0431108620540454,1.22400186681987e-27,4.35181682883853e-23
11,46385672,G,A,0.0626304175389298,3.53982703099034e-22,1.52912607243244e-19
11,46474963,G,A,-0.0270738091932143,6.58170131086677e-08,2.58975000421938e-10
12,9095905,T,TAC,0.0166417936603798,4.9527849449052e-24,4.40423124300744e-16
12,9119414,A,T,-0.0222364541440654,1.26468447972562e-08,4.84050142855851e-12
04,89730074,C,T,-0.0189703096091697,4.39872516521371e-40,1.00236948899736e-15
02,3639909,G,C,0.0247603087755107,2.7826888796329e-22,1.19666624875002e-15
06,109641874,C,CA,-0.016783583450973,1.27555397083149e-27,4.05505763582732e-15
06,109257061,G,A,0.0181980946240061,9.20647551929692e-11,7.98795371147928e-12
08,121867780,C,T,0.021359270125467,1.73386789474325e-31,4.19559993343007e-15
08,121857366,C,T,0.0649843173452692,2.67719054297255e-12,6.63819409011207e-10
06,139843787,A,G,-0.0196016046916467,2.02379804740594e-20,5.01984832203962e-15
06,139347894,C,T,0.0121196734733155,1.6635953025519e-11,4.88480079459667e-07
02,211540507,C,A,-0.0197273027582124,2.88772347706764e-27,6.01955998321929e-15
22,38599857,C,G,0.0186494620715479,7.28693655763998e-26,6.57175513643362e-15
22,39041101,AAAT,A,-0.0149059702939196,3.84208479658423e-10,6.11531544889754e-08
06,41992518,T,C,-0.0214462201334669,1.4512103184202e-23,7.48780566235049e-15
17,41571268,G,C,-0.096965506610639,6.01874780916035e-22,2.13686563139917e-21
17,40812065,G,A,-0.0130983207621012,4.56225094864491e-12,5.91157880879763e-07
21,46271452,T,C,0.0182072599074998,9.75396819485936e-38,1.21417811638041e-14
03,12376427,A,G,-0.0597772781822148,3.91840667659512e-16,1.52352318125832e-14
03,12589896,A,G,0.0151673362338367,3.81009567013727e-20,7.08158974794467e-11
03,12180090,G,C,-0.0160012879298501,2.16607543135401e-11,2.15448018437584e-07
15,63344167,A,G,-0.018599481034392,3.19006534110384e-17,1.77141550827323e-14
15,63831984,A,G,-0.0117844410509618,1.30292734367975e-07,1.02602898024918e-07
07,150210213,GGCT,G,-0.0200329044993373,1.26522474740071e-15,2.9981200954053e-14
07,150540196,C,T,-0.0139663942384718,6.61265767576472e-12,1.08353373016869e-09
04,110569620,C,T,-0.0628979458426825,9.47379660656142e-15,3.37277489271268e-14
07,26397239,A,C,-0.0166290297521256,5.25354239123821e-26,3.98457400588411e-14
07,26160458,A,G,0.0133932788136504,1.74294971050575e-07,6.50210958814466e-08
12,122781897,G,A,-0.0307309745554739,3.77530082723102e-16,1.08635274315688e-18
12,122334755,AG,A,-0.0155573264416331,6.23099731665016e-24,6.87755302252572e-14
X,153583894,T,C,0.0228948619977141,5.01270222495962e-16,7.78222659381415e-14
20,32911606,T,TCTAG,-0.0176739367082767,1.4831103661235e-37,8.51431593470522e-14
04,970112,A,G,0.0176828130375547,5.28632156943306e-35,8.94637840506559e-14
12,121420263,G,A,0.0190056084495924,1.97994844713551e-30,1.27946906300276e-13
12,121906358,C,T,-0.0402528190730419,1.12531903477825e-07,2.25725742412048e-06
15,41886714,C,T,0.0191670691706455,5.70668867776252e-24,1.30742986007037e-13
01,178630827,T,TAA,0.0181678675308726,9.06141561906933e-28,2.04272847634219e-13
04,26050450,AC,A,-0.0239879791962289,1.15139803489824e-18,2.79300276927129e-13
04,26275447,T,C,-0.0236659001445183,1.30230686494054e-07,3.31921481877469e-06
09,136151579,TGGTGCAGGCGCAGGAAAAAATTGTGGCAATTCCTCA,T,0.0220822694610117,2.05146643375666e-18,3.88572209753124e-13
14,74250126,T,C,0.0193728581302971,1.9981925125673e-22,4.32651523972115e-13
06,35386872,C,T,-0.0254354271872688,9.49684993649427e-13,8.06352856239911e-13
06,34951567,AT,A,-0.0156783046234776,1.43507409858195e-10,2.97011867885454e-08
06,35381099,A,C,0.019259075726055,4.7514188958911e-08,2.41389259804811e-10
06,127454893,G,A,-0.0328815958380658,3.20813483577093e-10,8.64448575852269e-13
06,127452581,C,T,0.012081632319049,8.29511082725705e-18,1.02832518390253e-10
02,48962291,G,T,-0.0196895419583769,9.15215192519398e-20,1.08221710049931e-12
03,52350745,G,A,0.0221610057313756,1.29537540667632e-16,1.16033584409504e-12
03,51926817,C,A,0.0144201651180921,4.55569685430018e-09,3.11776862845853e-06
03,160191236,C,A,-0.0167701024593625,1.14414691956825e-33,1.36156003531423e-12
11,65118587,C,T,0.0308723261497594,4.45958864069155e-09,1.94174665730385e-12
11,64799894,C,A,-0.016192563178027,5.10121596407286e-14,1.01762718621939e-11
11,65351074,G,A,0.0124520063789248,1.6552164862689e-08,1.86609039209395e-10
05,180477253,AC,A,-0.0739840053453427,1.27412422208057e-12,2.40427862592751e-12
11,118949331,C,T,-0.0166379273443781,4.21727136823475e-27,3.19495086231712e-12
08,9199305,T,C,-0.0779792976068472,2.76210734453579e-113,8.49535017363393e-64
08,9392011,C,G,0.0486787529428369,7.17654802987666e-21,1.72845235380769e-12
08,9229689,T,C,-0.0219380096176287,9.7789889285228e-44,5.52391478576347e-06
14,81635888,T,C,0.016402459678219,1.34955088596299e-31,3.96403644462158e-12
05,157999141,A,AAT,-0.020507407865295,4.4472572566096e-18,4.44994641420668e-12
05,158249127,T,C,-0.0211064827542539,4.37744601743382e-07,5.58929464950693e-06
01,66073952,C,T,0.0170962140107848,3.1835263682369e-23,5.50237349558068e-12
16,56995236,C,A,0.162834744245117,0,0
16,56999258,A,C,-0.133489356397933,0,0
16,57007652,A,G,0.171728908699546,4.37767466092118e-140,1.91906684724225e-62
08,71338185,T,C,-0.0165625151678637,1.41095789889459e-26,6.20084242916552e-12
10,33647091,A,G,-0.017354690722503,6.73562814314832e-15,6.22892202745161e-12
10,33970319,T,C,-0.0168040611228,2.00058795450595e-08,5.10471676551134e-07
10,33448764,G,T,-0.0248044765231899,6.53458721145947e-07,3.83490515975286e-08
02,136616754,T,C,0.0192420571744733,7.98725308235542e-19,6.63488442858391e-12
11,126225876,C,G,-0.0285509311377632,1.65761450618701e-10,8.97741800070767e-12
11,126316025,A,G,-0.0132401956533163,1.63165103688969e-10,2.02675941451552e-08
11,2941324,GGT,G,-0.0276145710082669,6.22807188896107e-14,1.21290562994786e-11
06,26798796,G,T,-0.02541796190409,2.73669827744302e-14,1.63720149336642e-11
10,17265447,T,C,0.0160369050613935,7.27806608711273e-26,1.75993695742333e-11
03,52849262,CT,C,0.02346598507662,2.60470477944019e-15,1.68090309026738e-11
09,107571208,A,G,-0.0468812337897422,6.20646567185611e-39,2.10999399035022e-33
09,107568705,C,T,0.039310219258876,4.27625614538759e-23,6.70516020282677e-28
09,107552939,A,G,-0.0207010473110296,1.26611064949168e-10,1.30299925718889e-07
02,203570761,G,C,-0.0171823723100875,1.52170269316119e-19,2.80711300546128e-11
11,14882466,T,TAC,0.0135853393507097,5.85437571006351e-21,3.30503586720403e-11
11,14561945,G,C,0.0397227753498997,2.29873829816728e-08,3.5014359589968e-11
20,17596155,C,A,-0.0214847613767268,1.03720664111875e-14,3.59957032003826e-11
03,133478557,G,T,0.0156272684030609,5.71949330839629e-28,3.95525644614678e-11
03,50159679,G,A,0.0193786390156355,5.11867073433832e-14,5.03717554015266e-11
03,50208756,G,A,-0.0578378554810594,3.62004648982595e-08,8.36398505076237e-09
03,48632756,A,C,-0.0642435879592586,2.37880782431481e-11,5.54093333407539e-11
X,122845051,G,T,-0.0144714416352053,3.68573627347089e-16,6.23133998429675e-11
07,36178753,A,G,-0.0171017199371216,3.03932300822108e-19,8.22339673631679e-11
07,36255830,G,A,0.0142546203658151,3.4581539681678e-12,4.56816597128376e-07
12,6715593,A,G,-0.0199942928806535,7.37956784331956e-15,9.94652973078355e-11
17,7439739,T,C,-0.0144925694993399,4.17653199010948e-16,1.0236186454065e-10
17,7571752,T,G,-0.050841773345406,3.73701048107049e-06,4.38781058640382e-08
19,47559273,C,T,0.0175917316636828,2.61309443370253e-17,1.06632581236421e-10
04,104358654,A,ATATAT,-0.0168583447451288,1.26174415227497e-22,1.13921097314076e-10
08,25464656,C,T,0.0161106298294758,4.07861685516743e-25,1.29827223834286e-10
01,219727779,T,C,0.0161731371844391,3.55363905755963e-19,1.62645522188041e-10
10,101912064,T,C,0.0150869988296964,8.85385829244016e-29,1.77596717422913e-10
06,153465230,C,A,0.0151658356953536,1.39232471910219e-23,2.08801302236303e-10
11,10376420,A,G,-0.0202054521582908,6.47309673500165e-14,2.24997695314365e-10
05,153358226,G,A,0.0168500583545168,6.11561420590036e-17,2.4247037670504e-10
15,64165974,C,G,-0.016354193178823,4.10607492558454e-17,3.53724529193833e-10
09,117146043,C,G,0.0148636936267536,6.91310861940042e-27,3.54975239201768e-10
22,30835790,G,GA,0.0186317751856112,1.34232925482312e-10,4.22784007091896e-10
22,30507358,C,G,-0.0117666407230099,3.41798652391245e-12,5.07497949878378e-08
08,105959223,CT,C,-0.0187188312741741,3.9759225791949e-14,5.15275335082971e-10
04,69373407,T,C,0.0168251960547822,4.98264132613703e-11,5.56493696312859e-10
04,69537915,T,C,0.012180516566158,1.19671319005561e-13,6.73912767705298e-08
15,31637569,G,C,-0.0194057400693566,1.77300720209837e-13,5.79299962568105e-10
21,46899279,A,G,-0.0170382791866714,5.30302915546218e-16,6.40716385714077e-10
08,10644101,G,C,-0.0171945657254697,2.97530996304995e-13,6.45400203288465e-10
08,10209024,A,C,0.0368981939816694,4.05215939180964e-06,1.22694395589922e-06
11,66066993,G,T,0.0128109623062898,1.15916158503001e-15,6.72676056203572e-10
11,65644363,G,A,-0.0123178045210599,1.83109016491978e-09,5.35554940728118e-09
11,110012143,T,G,0.0168524590485735,2.25441273198299e-15,7.55436419738058e-10
05,132426851,GTT,G,0.0249981042646301,1.43725543985037e-11,7.64882829555664e-10
14,69273090,A,G,0.0165637680590498,8.29773942457055e-14,8.35017380976247e-10
14,69149372,A,G,0.0248107144718531,2.16040560720911e-08,3.44970598644068e-08
02,219291481,C,T,-0.0332432191138939,5.79478449674259e-10,9.43365660208853e-10
02,219337181,ATC,A,0.0334149553957936,1.34957420584818e-07,9.23821421739777e-08
03,150097635,G,C,-0.0284204825233285,4.64929528572663e-11,9.81625321822825e-10
09,35754500,A,G,0.015132283056031,2.84591462255262e-18,1.02189986793224e-09
17,17538289,C,G,-0.0310900160563602,8.85002201034792e-11,1.18527496897325e-09
16,88004092,A,G,-0.0143632405127253,1.75040850654512e-23,1.29032110000494e-09
05,118729286,C,T,0.0160837855196731,1.10352421742982e-15,1.43225337038209e-09
17,42984085,C,T,-0.0629074158062596,8.38187809664742e-10,1.44339975452748e-09
02,163110536,G,A,0.0144865659733874,1.00508194642505e-19,1.76984879469367e-09
06,34192036,C,A,-0.10176306665361,-99,1.46763066156502e-23
11,116705278,C,T,0.156910626672371,-99,7.08688407269396e-51
