chrom,pos,major,minor,beta,p_value,gwas_p_value
7,120962164,A,G,0.158809149576751,0,9.0251996132233e-291
6,127459552,G,C,0.0786692054327731,3.82942104369158e-209,3.18585421406963e-75
2,54683711,C,T,0.075835880718791,1.7582637552489e-104,6.72195432765009e-64
2,54804693,G,A,-0.0484678778725088,1.12588854885879e-30,4.7273694862688e-23
22,19677948,CG,C,-0.110905442350672,1.79847654559323e-68,1.2406087708307e-54
6,151907958,T,C,-0.0675960024896557,1.31454705285481e-64,3.38783581474359e-54
6,152010370,AT,A,0.0543643992748279,1.43840122629867e-67,1.00229845502803e-43
19,33538900,A,G,0.107733237124313,1.46230339646362e-56,9.79583969625665e-45
19,33567565,T,C,0.041072694306601,1.2940682207109e-16,2.33074945777659e-09
11,112437007,G,A,0.0606236246691887,6.64629570731472e-104,1.14720811841864e-43
10,54431185,C,T,-0.11210304254366,5.63583699914565e-69,1.53317944235667e-43
10,54413909,A,G,-0.0456886840674599,1.23736704986436e-42,4.46782340181304e-10
2,119510493,G,GC,0.284707804412514,2.57425706650812e-34,2.07483965827775e-43
2,119161638,A,C,0.0484872748210416,6.14785666156888e-27,2.63788708389782e-26
2,119611026,T,C,0.0380370213222672,4.59583797316428e-21,5.39219103494881e-21
6,133575048,G,A,0.0468876111390955,6.46391206205801e-41,3.55107001555871e-35
6,133339485,G,GA,0.0300688506232945,2.10650556506924e-12,1.18869726565198e-19
11,86868033,C,T,-0.0565469504029742,1.33057827819314e-63,2.66360907476045e-34
1,240586695,C,T,0.0635801463335525,9.28702165781887e-46,2.07403912435809e-31
14,54419106,A,C,0.0525061912645268,1.7878415947735e-73,3.03661251484581e-31
20,6383527,A,G,0.0517804455258838,1.63277955644955e-61,1.07634974110887e-30
10,31054186,G,A,0.0483280218803306,4.15637611721194e-81,3.29851287764464e-29
17,2026417,G,GA,-0.0500261158378984,3.66383497876295e-51,2.63340421492228e-27
8,9086392,T,A,-0.0441801821131007,4.54988556220707e-72,7.68689511243598e-25
2,202832130,C,T,-0.0534397216545086,7.03555369117955e-31,9.69914133719613e-25
2,202954983,GA,G,0.0266742210120197,3.82101088704407e-16,4.9657654742837e-09
4,994414,G,A,-0.0609691131618898,4.80077385163263e-32,2.55383271422471e-24
4,1217078,C,G,-0.0783371275096999,8.38412383156251e-16,1.11996588200164e-12
4,997488,G,T,0.062273720045247,2.57769082208253e-12,4.05881737147373e-16
7,38099909,CT,C,-0.0487808823087026,1.85311080190946e-43,9.51959879555631e-24
7,37946958,A,T,0.0423804990891309,2.24210776233735e-16,4.1047149423299e-11
7,96135291,T,TTGTCAA,-0.0453328971417167,1.85023896614568e-45,2.81507622649774e-23
20,10984360,T,C,0.0438977188805564,9.16299059733612e-54,6.32079636683822e-23
20,10629525,T,C,-0.0675696432277948,2.98287557126279e-19,3.02570782172455e-19
20,11150594,T,C,-0.0670742461203577,9.04927332560203e-10,8.76475041805672e-10
18,13688383,G,A,-0.0423564348176774,4.37919659901663e-43,3.44290913756402e-21
12,90533915,C,T,0.0410554859978194,1.68877456214232e-46,9.86484975004584e-21
22,29478760,C,T,0.041692099997088,9.32253571942473e-41,1.80000500247588e-20
3,41118450,G,T,-0.0391653841360418,7.39290192532739e-48,1.20646091430417e-19
7,120932447,A,G,0.140233550371239,0,6.39623033952274e-219
12,13298965,A,G,0.119134222382312,4.94864367205776e-20,5.69575097917608e-19
6,45386202,T,C,-0.0848777211062873,3.51812809327904e-20,2.41426216808702e-18
1,68664755,GAC,G,-0.0399892825808522,1.72475499656824e-50,2.94888415677561e-18
17,41825112,G,A,0.0667207166498243,2.02025294141129e-19,4.07058282202614e-18
17,42162694,C,CT,0.0388553802434797,1.60146320752881e-20,9.93919905488825e-14
4,88831249,A,G,0.0397430739018351,2.60326227201391e-33,7.29627751183837e-18
14,103881561,TAACA,T,-0.0376354075728597,7.54121739098609e-33,8.62562934403734e-17
11,68243038,C,T,-0.0411479810213155,1.2856204888568e-27,1.05693261851841e-16
12,49379537,G,T,-0.162925524466097,6.31155151188792e-17,1.50082619902638e-16
16,51903981,C,A,-0.0615879228721124,6.38890628545644e-14,1.59512836837248e-16
16,51906257,CA,C,0.0273715092166378,7.62538336523264e-27,1.07539142898523e-13
11,27307178,T,C,0.0368224516121442,1.08045034507163e-33,1.70623303968628e-16
