chrom,pos,major,minor,beta,p_value,gwas_p_value
07,120954908,G,T,0.1709436382946,0,0
06,127459552,G,C,0.0869605342820235,1.57863250707454e-246,1.59510008040404e-88
06,151907958,T,C,-0.0797796191257795,2.13696513008621e-86,7.14597092850432e-72
06,152010370,AT,A,0.0615036536506878,3.14048965394192e-83,4.0995888421246e-54
10,54424184,A,G,-0.135677256643675,8.82432059526206e-88,2.98266122819606e-61
10,54413909,A,G,-0.0551162962694557,1.06317812959276e-43,1.02004362256428e-12
10,54467180,A,G,-0.0377188264777782,3.3006928225425e-28,4.99962301592756e-17
02,54659707,G,C,0.0752953847950959,1.31323153485104e-107,7.23187407906286e-61
02,54839276,G,A,-0.0502426645504905,3.02450370393148e-31,5.07671480462512e-22
02,119510493,G,GC,0.340245899825858,8.81154736404989e-47,4.14553454208228e-59
02,119611026,T,C,0.0453707879919667,2.14718552669261e-28,3.06297435545321e-28
22,19677948,CG,C,-0.113631223851887,1.87170250206499e-69,2.24304890908238e-55
01,240586695,C,T,0.0796294206584916,1.92040541383967e-68,9.06937371181618e-47
11,86868033,C,T,-0.0653334770750878,1.57100855229058e-81,9.82341014038797e-44
11,112437007,G,A,0.0601546276157521,5.72756967621772e-99,1.2168028750226e-41
14,54419106,A,C,0.0613742990546801,2.01364136103737e-96,9.13418005185257e-41
19,33538783,A,G,0.100621243750569,5.53182865926322e-49,1.02481701563941e-40
07,38123628,G,A,0.0536926436558866,5.7915853672708e-38,1.05167841403152e-35
07,37954468,A,G,0.0459059393834749,5.20543276964507e-20,1.2917804486315e-15
07,38142840,A,G,-0.0382585422857697,9.62703822132382e-30,1.91936342990408e-25
06,133575048,G,A,0.0541896255686325,3.75147176657922e-91,4.70559467756179e-35
10,31054186,G,A,0.0509015202896086,7.91897464717557e-87,3.3590207866131e-31
13,42973283,T,TA,-0.050014234546641,6.4578905066367e-84,3.78004644127048e-30
04,994414,G,A,-0.0696054037969242,5.9671174928297e-40,8.74702832252033e-30
04,1012300,T,C,-0.0894619602592175,1.73179740641743e-19,2.6363502037213e-15
04,997488,G,T,0.0675737598768795,8.01920161747646e-14,1.27861479155064e-18
02,202832130,C,T,-0.0594528039136314,1.30411736631983e-36,2.9580173747512e-29
02,202954983,GA,G,0.0289694025868707,3.43628539912546e-18,4.57332559263667e-10
12,90533915,C,T,0.0486336533221376,2.01279432059064e-62,1.36179416831684e-27
17,2026417,G,GA,-0.0508879487215123,3.65315576229056e-51,2.61787324233483e-27
06,45386202,T,C,-0.105348522858711,2.84051846419267e-29,1.51170692240009e-26
07,96135291,T,TTGTCAA,-0.0473456066631128,7.7774297600076e-48,2.02160796071277e-24
11,27306238,G,A,0.0460642525058512,4.60270916337021e-50,3.84738113645055e-24
03,41114867,C,T,-0.0463912747775922,3.6143378356847e-49,7.85941898596234e-24
03,40936591,A,AC,-0.0277902959880146,3.44508714821521e-10,4.90231276715576e-06
11,68243369,G,A,-0.0368135509855336,3.95893951377502e-18,7.61973080578287e-23
11,68174189,G,A,-0.0661996100749788,4.43220705763959e-10,7.16646244591505e-21
22,29478760,C,T,0.0448024896537844,2.84214826142593e-45,1.13780322164556e-22
20,10984360,T,C,0.0429944175451055,5.58410987943407e-50,2.07132931430593e-21
20,10629525,T,C,-0.0675260028290256,1.21750373458228e-18,1.33758192348483e-18
20,11150594,T,C,-0.0724520000810837,7.77786383661147e-11,7.86678500653845e-11
17,41825112,G,A,0.0737845016874676,1.14655104584196e-22,4.28281410012943e-21
17,42162694,C,CT,0.0390306685278243,4.66077903848506e-20,1.72062393572978e-13
20,6383527,A,G,0.0430776503576862,9.70495891006352e-42,4.56571041888082e-21
08,9090902,A,G,-0.0406081123612239,4.28464444339289e-59,1.39003535498691e-20
21,40350120,G,A,0.0444994103816199,4.24148487519672e-29,5.17510597462877e-20
21,40051447,G,A,-0.023817049802101,4.96476661724778e-08,2.72371079154145e-06
01,22710877,G,C,0.0406555808003438,1.455851796838e-16,2.59299519961087e-19
01,22531542,G,A,-0.0534476308038025,5.99232083356519e-11,2.81023727370812e-13
01,22668771,C,T,-0.0335023017313037,1.79862539092818e-14,9.45442076718831e-18
12,13328208,C,T,0.121697973202704,2.29856607161627e-21,3.81944056538482e-19
12,13333283,G,A,0.04560036015291,1.68404370280997e-08,1.70731303449292e-06
07,120932447,A,G,0.168886734020628,0,1.53377690435791e-251
07,120927109,C,A,-0.0394141719985977,7.95799314999854e-08,2.15048714275961e-45
12,49379537,G,T,-0.177297600883447,3.81801370579081e-19,1.06190718725639e-18
04,88831249,A,G,0.0419911440923898,1.89135339645208e-24,1.75086798445748e-18
04,88645344,T,C,-0.0243517056677016,1.06768732986174e-14,1.32922282196583e-07
02,119423996,G,A,0.076725521625588,7.8938988066464e-08,2.38689464737916e-06
02,119350062,T,A,0.048223089615991,5.01144851627294e-08,1.59894127495079e-11
18,13651137,C,T,-0.0401421221389687,9.14115644048209e-32,2.04336476677474e-17
11,115044850,C,A,0.0375108084972382,2.3668164695175e-27,2.1568174687672e-17
11,115491436,A,AT,-0.0228244111141258,3.99187646006936e-09,1.38837720331061e-06
16,410178,G,A,-0.0858106393175718,1.76709518349158e-15,2.28570518520493e-17
16,359953,G,A,0.024808044756995,5.32079152689989e-14,3.20808221379915e-11
14,103881561,TAACA,T,-0.0389216504185237,6.73973443650276e-34,2.64071978609228e-17
17,59001198,C,G,0.0512113818352755,3.00433682948182e-23,2.95078158490189e-17
01,68658267,A,C,-0.0239004143316128,3.73822257794071e-16,4.5544385230379e-17
01,68589282,G,T,0.0312883183498312,7.81615403530343e-15,5.42713962807463e-15
01,68725907,A,C,0.0344181934196204,4.49596415252415e-10,3.59354675945339e-10
13,22812173,A,G,-0.0401627146859467,1.37739344853569e-29,1.39457301602104e-16
13,22983760,G,T,-0.0279574587646884,1.5638639247092e-10,1.23758229814332e-06
15,51516055,C,A,0.0407710356586207,9.68531449896798e-22,1.86799424261804e-16
15,51628119,T,A,0.0239069551757041,7.88496468857133e-09,6.13723983679084e-07
02,42267135,C,CA,0.042714616930422,1.49851041532953e-25,2.22386008224969e-16
12,1637130,T,G,-0.0586696340663874,4.47954953280474e-14,1.30461536973224e-15
12,1638214,A,ACCCT,0.0308796474702191,3.59724027795401e-14,1.60232571811056e-12
08,116663898,G,A,0.0386370533659454,1.22205235576611e-26,1.55577480835143e-15
17,926740,G,A,-0.0371264402946907,1.44142921814163e-27,3.07126763827514e-15
13,99536215,T,C,0.0387088749994967,7.60989959973713e-25,4.95300708542527e-15
11,62201239,T,C,-0.107959327554276,8.60029790016752e-16,5.24090372781713e-15
07,30955539,G,T,-0.0402298447445386,1.34951389084282e-22,1.06608627838448e-14
03,156552785,G,A,-0.0391624365119374,1.62406720182875e-16,4.58078040778666e-14
03,156795414,G,T,-0.0267531038859559,2.08651168074535e-15,1.01625471118674e-09
11,47119875,T,A,0.0353435371646402,3.77836250199526e-26,4.85456565354936e-14
05,80277353,C,T,0.0345721344123228,7.2953269042406e-25,1.63526621758291e-13
19,1163596,A,G,-0.0342374144393479,1.49732842464716e-24,3.70106912700593e-13
07,28751655,G,A,0.039237960525386,1.34670101968606e-16,3.71184981737915e-13
07,28609388,C,A,0.0279198969809956,3.24848829686514e-10,4.91955627054781e-08
16,51903981,C,A,-0.0541885850771257,8.72865782050259e-11,6.08146613740866e-13
16,51906257,CA,C,0.0256151367908522,5.6619646018962e-23,1.30208919698981e-11
09,110920807,G,A,-0.0373071874321684,5.17765642293433e-18,7.60805210880665e-13
09,110749505,T,TA,0.0319611467570732,7.35780646275901e-07,2.89976047845935e-06
01,113075948,A,AT,0.0385476634062457,5.13270458902333e-19,7.64549043880186e-13
11,15243059,G,A,0.0585891764127378,2.77223983191108e-14,1.61534677173135e-12
15,67432460,C,CA,0.0313864539860758,5.8991842451071e-32,1.82966159873159e-12
20,39832628,T,C,-0.0381109829461302,1.18568249951132e-17,2.81116581545438e-12
03,56169965,A,T,0.0433090596457646,4.01320905525648e-12,2.91346436345782e-12
03,56235770,A,G,-0.0220308463146875,1.39438013701739e-13,1.32060137787534e-08
07,15726373,T,C,-0.0318120954699671,2.10618043349484e-24,3.56022436026183e-12
01,119451543,T,TCA,0.027378358864011,1.0681666645658e-13,7.84173526269886e-12
01,119415147,GAAAT,G,0.0206042414168646,1.45934148237609e-07,1.9396477166509e-08
11,59960726,C,CTT,-0.029810167322294,1.19923060648798e-17,8.83043938240812e-12
11,60165352,A,ATT,0.023675890762842,1.03749879889517e-10,4.55003855666786e-08
15,85621779,CAAAAAAAAAAAA,C,-0.0552640638951454,5.15843497411008e-13,2.95670535714148e-11
07,20052543,G,A,-0.0305377019216532,2.30163209999422e-16,3.44365839791255e-11
07,19609722,A,G,0.02471413210995,2.80076028366992e-10,1.65745290663142e-07
08,72217903,A,T,-0.031872659496544,1.70620789888272e-13,5.05826923166606e-11
10,27887685,T,C,0.0286712143988986,2.29829964949408e-29,5.38076775899918e-11
14,91467567,A,C,0.0376000561815556,6.56489071620349e-15,6.22416726802854e-11
20,7551554,G,A,-0.0302868466635643,6.11493079682669e-16,6.58373010062112e-11
20,7147515,A,C,-0.0255617232151886,1.15458973012063e-09,1.17199875824705e-07
11,68365212,C,T,-0.048121943892277,7.03068871693588e-29,2.30878711836797e-22
11,68855363,G,A,0.0288927852931108,2.99808589522241e-18,8.33095413076271e-11
06,131321291,C,CT,0.0336830842693562,1.62835525913143e-16,8.40733614462313e-11
04,57907587,C,T,0.0293425008156764,8.82965388331066e-22,1.24594390197348e-10
07,27970454,A,T,0.030988056290634,2.91075765525207e-18,1.28880945046169e-10
02,200454560,G,A,-0.0370999787230793,1.97711608638971e-14,1.32572528594054e-10
06,29923248,C,G,0.0282556780756599,7.22816845757247e-28,1.58256634829243e-10
20,45603836,C,T,-0.0322176276124147,1.19423327852108e-16,1.7717290270862e-10
11,16672348,G,GA,0.030845299598712,7.27226260568836e-18,1.77850598210817e-10
02,40636240,A,G,-0.0344958627882838,2.6400321123767e-15,1.79553258267195e-10
06,55604708,T,C,0.05668401442284,1.22241528486436e-12,1.84926571224173e-10
06,56036382,G,A,0.0489186532853062,3.41882311521473e-08,9.72474868029587e-07
10,114722621,G,A,-0.0370015639840041,1.44115527903223e-13,1.88613917048296e-10
10,115166770,G,A,0.028899232094361,4.63326851547326e-09,7.21623664738498e-08
10,114767771,G,A,0.0230326904514225,1.12593564707196e-08,3.64235044288708e-06
10,20379812,T,C,0.0280020312281689,1.18910712003023e-22,2.18291828997205e-10
10,20143109,C,T,-0.0298495698107084,1.53910407848501e-07,1.15622069185511e-06
16,86714715,G,C,-0.0355773085377526,1.61497766933038e-14,2.33232262716769e-10
X,43877175,T,C,0.0251421479589363,1.53137596556495e-15,2.57186997385101e-10
04,38373506,ACCTGTC,A,0.0465622506430563,2.44929056430633e-12,2.82119470193412e-10
01,220189734,G,GA,0.0357848652674358,3.79958747913981e-12,3.40851502134381e-10
01,219969844,TTA,T,-0.0275007478485357,2.33923886450024e-18,4.14387839579873e-09
04,146174631,C,T,-0.0368986859499401,1.6408471294784e-13,4.119311134965e-10
16,51025468,G,A,0.0407967065297571,5.93978807293158e-13,4.8606618805109e-10
16,51178081,A,G,0.0352974646544581,9.32087120035873e-10,6.48146790809034e-08
07,27218468,C,T,0.0464238485311029,3.62657151697067e-11,5.05539915182953e-10
07,27715092,C,T,-0.0317004515235653,7.63244874814196e-10,2.24695451293355e-07
07,27221227,C,T,-0.0730496468533864,7.93664106448963e-07,1.76861502395851e-07
17,54263286,GA,G,0.0273888562839228,4.14607663981386e-21,7.17492787438234e-10
16,67322118,G,C,-0.0812202494685064,8.63187175067191e-10,7.82006573195385e-10
16,67005609,C,T,0.0289063979153072,1.4839213259566e-08,4.41224502724116e-07
11,35097298,T,A,-0.0267043586544556,3.10069454001744e-24,1.02762025335065e-09
01,2921939,AC,A,-0.108774252017765,5.1163689972801e-10,1.06036275824672e-09
X,56784753,G,A,0.0267735943493446,2.37008671227297e-13,1.106474697529e-09
01,22355978,G,A,-0.0334509741115256,8.08833995969518e-13,4.71853544803885e-11
01,21943136,C,T,-0.025525327875524,4.98791093100866e-12,9.77922441539821e-09
07,25711262,T,C,-0.0309953696306886,7.45465419565338e-15,1.32459643253247e-09
20,33586193,C,T,0.0344104799589371,4.38971432904032e-13,1.59997668539025e-09
06,127281547,C,T,-0.0346353602634344,1.92206235302641e-27,6.4671283108076e-18
06,127117533,CAA,C,-0.0393175455571451,3.98391733128216e-06,1.02532498092745e-09
11,113062881,G,A,-0.099421369423887,8.68098355445219e-10,2.0900312638258e-09
07,105494963,A,G,0.0279330651092721,2.88249119648035e-17,2.11633891397408e-09
12,12299769,G,A,0.0364307309708054,3.07698516183888e-12,2.32278985218013e-09
11,65326154,G,A,0.0384823445815844,4.7586305765978e-16,2.41873648897749e-09
11,65417434,G,A,0.0300319372810168,6.91023919091533e-19,6.22503527515584e-08
04,87976359,A,T,0.0226504770595149,4.16668863376411e-14,2.96583637222103e-09
04,88159671,C,T,-0.0329677779413766,2.24510659103422e-07,1.34371397437992e-08
09,118756890,T,G,0.0483125469107905,1.43858822366949e-10,3.06699247656891e-09
03,49889919,T,C,0.0273953077277987,2.67910939491659e-16,4.7870988689726e-09
06,74481076,G,A,-0.0255560989763401,9.20336514311169e-23,5.23768638619071e-09
22,41617318,C,G,-0.0266930736689683,5.44714530692895e-17,6.1832233651827e-09
17,58266649,G,A,0.0804330247454411,3.11387488854339e-09,7.94063106189044e-09
01,8440400,C,CT,-0.028649276968911,2.48603000468168e-16,8.55640805293591e-09
01,201597947,T,C,-0.0317003824430489,3.13168863897445e-12,1.03067229500557e-08
03,148472975,G,A,0.0377298154006644,1.06378042964949e-10,1.24012405024944e-08
03,150066540,T,A,0.0539108941270216,1.39642240202198e-09,1.31717595209815e-08
05,39436552,TA,T,-0.0271384588831145,1.05165668898964e-14,1.56631516099511e-08
01,170680145,A,T,0.024717207977204,1.06601107339632e-20,1.81350905905379e-08
17,63549979,A,G,-0.0255321352419201,2.0306158711198e-16,1.84479409689895e-08
12,588944,G,T,0.0249834678925595,1.4306651892395e-19,1.8923405797098e-08
02,54881621,C,T,-0.0303528422687601,6.69379124102042e-13,4.89564927802069e-23
02,54982893,G,A,0.0464398578586335,9.68030818190528e-11,1.00846655490018e-15
02,54745110,A,G,-0.0359474416869913,6.26696927192854e-09,2.36325015633469e-20
08,70199014,T,A,-0.0295607142825634,2.58785314658082e-12,2.50373855449585e-08
01,221474264,C,CT,-0.0249357499572598,6.79405703500715e-19,2.57171076382359e-08
08,119917642,T,C,0.0925047954666733,1.46523980420775e-08,2.69109065787004e-08
10,28463950,T,C,-0.0337849686112528,1.22921845977813e-09,2.77873850628581e-08
10,28042127,C,T,-0.0338271838819444,1.59009197893725e-06,3.85864260962811e-06
16,55059130,A,G,0.0264113891718885,2.84558597232971e-14,2.85372019990184e-08
15,70594071,G,T,-0.025215351323093,6.68118830430018e-19,3.38828901001803e-08
15,70399191,G,A,0.0482736931467419,1.28366243461671e-07,8.02759436307603e-07
21,28774023,G,A,0.024370725350443,5.04615327832938e-19,3.69954712973517e-08
14,54785867,T,C,0.0336434540068184,4.66944194876767e-09,2.11375513546272e-08
14,55106743,T,TA,-0.0261057515663738,5.16221723013306e-14,3.73639790606039e-08
15,91054223,T,C,-0.0243714853393825,5.33677475335599e-20,3.73688306970424e-08
10,123685402,T,TA,-0.0370130862424153,1.79518144705014e-10,3.73702775131523e-08
17,27948844,C,T,-0.0243871377337445,5.81626485337899e-19,3.81726867714299e-08
02,64865804,T,C,-0.0240999919909965,2.57940002907372e-19,3.98882139462603e-08
06,83717672,TA,T,0.0262476150303498,5.32400959092203e-14,4.13876424631637e-08
06,7050935,G,C,0.0775447186929275,7.17721351511015e-08,4.53470854532942e-08
06,7231843,G,A,-0.031317526651462,5.05661327078766e-07,2.77934140990124e-06
08,96700543,A,G,0.0287360527692283,5.48271695829725e-12,5.06013696295772e-08
22,28390438,GT,G,-0.0327381774655336,7.97184053688795e-12,5.07481676946006e-08
11,118515579,T,G,-0.0275659811598814,2.39134406891572e-12,5.27711700253144e-08
09,98252847,G,A,-0.0248757794427581,3.03003789859089e-15,5.79305722582675e-08
12,26461145,C,A,0.0281670118527298,4.47739864038339e-12,6.01126261886325e-08
19,2513914,AC,A,-0.0260622961141273,3.53808891894638e-15,6.44950062661758e-08
04,186663336,T,G,0.0244875613127162,2.30578385443146e-16,6.72433045448935e-08
19,59018016,C,CT,0.0305645091434629,1.04180159746203e-11,7.25310824780592e-08
01,16087260,C,T,0.0318354225752013,1.68562588722964e-10,7.69016924788384e-08
02,160003445,TA,T,0.0245770077209893,5.49193385981168e-15,7.86410075009826e-08
09,97267274,C,T,0.0247394512059594,2.88875318305711e-15,7.91081486560563e-08
06,56158115,C,A,0.0531252719556489,1.38619086035608e-08,7.95430428209767e-08
12,124447397,G,T,0.0256109691696796,1.78077636111034e-13,8.21739854068936e-08
06,136231011,C,G,-0.0342939536637903,7.63219708117409e-10,8.33799387718454e-08
01,218990817,G,A,-0.0239865139390228,3.87189483942777e-16,8.83458585823458e-08
03,173424762,A,G,0.027221812003161,7.48684239321776e-12,9.219253864391e-08
05,122834239,C,G,-0.0269707592371779,4.04412787357613e-12,9.64661682224815e-08
17,80527356,C,T,-0.0237023262218826,5.00712216391423e-17,9.73288777485984e-08
01,172230239,A,G,-0.0236353038715435,8.26453384691576e-20,1.00032316282214e-07
04,86743432,TTGG,T,0.0373105660627226,2.93411782025811e-09,1.09228042345032e-07
09,130320557,C,T,0.031693457538886,1.83789917130165e-10,1.13903590629313e-07
11,54890121,A,G,0.0297669078401494,5.40058650438837e-12,1.13914898957391e-07
08,22501409,G,C,0.0686704011568886,4.62441064534602e-08,1.14263708980204e-07
06,105389104,A,G,0.023164704958424,1.82634401680934e-19,1.19462398303491e-07
02,181975904,G,GTT,0.0247670584844959,2.07164889955431e-15,1.23433253466638e-07
13,50609238,T,C,-0.0251915366163217,2.13053012276759e-13,1.26437614872337e-07
03,100547984,T,A,-0.0315995273232935,2.13458229534698e-10,1.33458117135628e-07
12,94201564,A,G,0.0250923534483877,6.18829608847771e-13,1.43783267762087e-07
12,93980053,T,G,0.0629063785711398,5.29453819566041e-06,3.86744125679084e-06
02,238395479,T,A,-0.0271823014658066,2.36218906750035e-11,1.49223355763834e-07
08,71762220,C,CA,0.0480641752843197,-99,5.03126678329665e-08
02,119161638,A,C,0.116877451867604,-99,5.1104158904511e-34
