chrom,pos,major,minor,beta,p_value,gwas_p_value
7,120954908,G,T,0.169452694503783,0,0
6,127459552,G,C,0.0845824980957483,1.86448551273376e-237,3.77042625310914e-85
2,54659707,G,C,0.0807018699996306,1.54121030041076e-125,3.37631252123171e-71
2,54855137,C,T,-0.0470521824699999,5.06478778993112e-28,1.92956516078774e-19
10,54424184,A,G,-0.138892222637886,4.62274747466261e-103,1.65290079159425e-64
10,54412481,C,A,-0.0586788404547536,4.57852387526107e-69,2.44091934217179e-17
6,151907958,T,C,-0.0732830749610832,1.75518997060028e-74,5.14082471173191e-63
6,152010370,AT,A,0.0626159821580407,1.17501190719644e-87,6.98140850997517e-56
22,19677948,CG,C,-0.112659879428257,1.33687682723039e-69,1.73627778758235e-55
1,240586695,C,T,0.0814063577812159,1.08672940117918e-72,1.20344699224557e-49
2,119510493,G,GC,0.307548554809013,1.59905406191123e-39,1.29449546062377e-48
2,119602304,C,A,0.0368859625484099,6.2280272937791e-33,4.27359696120899e-19
11,86857360,AGATCAGCCTGAGGGAAT,A,-0.0670750148308345,4.68142448819529e-83,6.16603107877471e-45
11,112437007,G,A,0.0609745309719074,1.76872933014599e-103,1.79031751735013e-43
14,54419106,A,C,0.0623246104896263,3.80764478658871e-101,1.02116494730023e-42
19,33527677,T,A,0.102847261897547,1.03068585040283e-48,7.85570551762979e-41
7,38153747,C,T,0.0518162741775688,5.35319928491032e-28,9.15131966834943e-38
7,37954468,A,G,0.0478488268358537,8.70366113716789e-22,3.16478519464677e-17
7,38111941,G,A,-0.043011731032022,3.18610958977048e-33,1.47550356025803e-34
6,133575875,A,C,0.0475598245621889,2.0404308407005e-41,6.57418712726418e-36
6,133339485,G,GA,0.0316715707326988,2.12397078915357e-13,6.46671707846381e-21
4,994414,G,A,-0.0722319235998178,1.27930527379321e-43,5.18040260092616e-33
4,1192775,T,C,-0.084514570300814,5.75870890261454e-18,4.93554429904301e-14
4,997488,G,T,0.0682078649776294,2.73897936834375e-14,4.15428479746683e-19
13,42973283,T,TA,-0.0504974691228272,5.33569941119504e-87,3.82438727478215e-31
12,90564295,A,G,0.0509596755673243,1.93401545263184e-68,2.32281880698437e-30
10,31053282,C,G,0.0486742797998844,1.92244143201867e-81,3.46558439854416e-29
2,202832130,C,T,-0.055513253281449,2.10416899059406e-41,1.11401339086103e-26
6,45386202,T,C,-0.102389795855088,3.02994476885629e-28,1.2851224049897e-25
11,27276450,T,C,0.0454663991811345,1.77635028764235e-48,1.05264861147157e-23
3,41123735,T,C,-0.0427711254818832,1.86407717313867e-56,7.38806884574084e-23
20,6405923,GT,G,0.0447948478916265,4.13247274166593e-46,1.00015646652e-22
12,49379537,G,T,-0.194194152526012,4.80944554735707e-23,1.55632896785355e-22
17,41826839,G,C,0.0754277892556612,4.81350274672477e-24,2.48577760474721e-22
17,42162694,C,CT,0.0350033705526196,1.0421247752223e-16,2.28063017648507e-11
21,40350120,G,A,0.0467350701930892,4.9655990457833e-39,3.1880896870607e-22
2,42267135,C,CA,0.0497296725659763,1.16848291169989e-34,4.96676464819117e-22
8,9086392,T,A,-0.0416606254310574,2.83241075117745e-63,6.54244466611819e-22
22,29477841,G,T,0.0426867557252038,5.647430373733e-42,4.54297141488772e-21
11,68174189,G,A,-0.0785892224212206,3.47978835659707e-15,7.15854836022054e-21
11,68404647,A,G,-0.0314357968448009,8.31286470050718e-15,1.11523212142949e-15
17,2026417,G,GA,-0.043415531331676,2.2123413839136e-38,1.1924938420516e-20
20,10629525,T,C,-0.07007095321711,2.82215247214139e-20,5.4798197086825e-20
20,10984360,T,C,0.0387542552114901,3.3518251398917e-43,6.2293224219838e-18
17,59006224,C,T,0.054599336295821,2.59877030481745e-25,3.71829356425961e-19
1,22710877,G,C,0.0406806931451819,9.07467696971234e-17,5.59382138435085e-19
1,22663920,CCCATCCAT,C,-0.0353894559424804,1.77173091642383e-15,5.35743498648485e-18
1,22531542,G,A,-0.0514633661465366,2.07531998979743e-10,8.29316677900313e-13
12,13328208,C,T,0.116112404635352,7.24736628071385e-20,9.3103686981223e-19
7,96133531,C,T,-0.0402820033034601,1.47324610632296e-35,1.79425168455274e-18
8,116663898,G,A,0.0414392443178194,6.57095603864488e-31,6.29945975683251e-18
12,1637130,T,G,-0.069809831087706,7.71139842609264e-20,2.51894473456619e-17
16,410178,G,A,-0.0948102007093971,4.12425705592856e-19,3.29218308809581e-17
15,51516055,C,A,0.0418033082697545,6.07126048328478e-28,3.82747289766076e-17
7,120932447,A,G,0.152185155763651,0,1.06288312267069e-253
4,88831249,A,G,0.0387339119237512,2.67242170718602e-31,9.02155285663278e-17
18,13659019,C,G,-0.0375350905661774,1.30080615163012e-33,1.01832959797218e-16
14,103895020,T,C,-0.0375417266103735,4.04049151448707e-32,1.72074009821077e-16
1,68664755,GAC,G,-0.034134058959255,3.86065740916152e-32,1.92699264070186e-16
1,68725704,A,G,0.0373616612874483,4.45142083714354e-12,3.11701700190116e-13
16,51903981,C,A,-0.0708365968617561,2.51588554167119e-18,4.62169188637978e-16
13,99536215,T,C,0.0392631570082998,5.85179899161181e-26,1.0892261945693e-15
7,30955539,G,T,-0.0412220172987437,4.96072559881707e-24,1.40931802052921e-15
11,115044850,C,A,0.0351168983868477,1.77031664051442e-35,1.41722877613408e-15
11,47119875,T,A,0.0366036212778244,2.1056447493873e-28,3.51257753481093e-15
13,22812173,A,G,-0.0361061408462169,3.31090638348271e-29,4.09324158541425e-15
2,119161638,A,C,0.129394696564368,-99,6.1299026017476e-38
