chrom,pos,major,minor,beta,p_value,gwas_p_value
07,120924338,C,T,0.128509510368613,0,0
02,54683711,C,T,0.0772443498937285,5.97916347405548e-179,8.76276459684452e-110
02,54871277,A,T,-0.0445687613430077,1.00788371129802e-49,1.32447652349416e-31
22,19679303,G,A,-0.113039775989285,2.40658503279896e-127,5.14733149166423e-102
10,54439699,A,G,-0.123945456504229,1.65329498853925e-152,2.09874337619159e-96
10,54412481,C,A,-0.0533146293548637,1.23497799882132e-100,9.34149880745105e-26
06,127468274,A,C,0.0653241450814965,1.27851181733144e-255,1.250543212958e-90
06,152010534,T,C,0.0584805297023116,2.63066158397512e-135,1.45882208136128e-84
06,151906293,T,C,-0.0619531208310944,5.25280825151456e-95,9.30395389930903e-81
11,86881074,C,CACACGTTATTTTATTAA,-0.0620766481181532,5.10653595114761e-128,7.61671378552196e-69
11,112395318,G,A,0.0549880190808497,4.97387369357434e-143,1.16373465245153e-61
19,33544187,G,A,0.0922761220000785,2.94441654909238e-73,3.93595494369185e-61
01,240586695,C,T,0.0632546494693797,7.85855704891789e-79,6.12200546063041e-54
06,133575048,G,A,0.0423279886693414,3.62573471540385e-58,6.64079061333301e-51
06,133334147,C,A,0.0278044894785188,2.13628663565117e-17,2.11044631529008e-29
02,119510493,G,GC,0.227757971456148,2.16093985288107e-36,3.19594049041634e-49
02,119613117,A,G,0.0398406502959388,1.0234333913244e-39,4.18063392547934e-35
08,9085295,T,A,0.047284946520763,4.00029135024557e-139,1.397171739515e-48
18,13659019,C,G,-0.0487595273227697,8.038272412337e-98,1.89880899690456e-47
14,54419110,G,C,0.0492404768511386,1.28512343096184e-112,7.88154691837998e-47
07,38108665,A,G,0.0415625629466152,1.27076154561585e-29,9.52000230493123e-47
07,38110626,C,T,-0.0387760654090554,8.49035778105994e-48,3.44598253708565e-44
07,37946540,C,A,0.0362470595369368,2.5004397619376e-19,1.32417293540548e-15
04,1003022,C,T,0.0330393451689285,4.48590462046409e-37,1.71362184429406e-46
04,996768,T,C,-0.0554438125467578,6.44672577272905e-45,6.35418848961353e-44
04,1012300,T,C,-0.075053118646725,3.92647495208615e-25,6.01699029441719e-24
12,13328208,C,T,0.140904027129561,3.41841102595821e-49,2.55948196532335e-46
17,2026417,G,GA,-0.0478909463708672,1.26535908373478e-81,5.21617416100909e-43
20,6364504,C,T,0.0361552763837782,2.88390195847828e-42,2.78207029482312e-40
20,6750280,G,GTGTGTGTT,0.0385336144805277,1.20950030102628e-12,1.18202855048399e-12
20,6489433,A,G,0.0269096486360824,2.54484842578778e-12,4.2519257878578e-26
07,96146489,C,T,-0.0429001447071076,8.05358726700264e-50,5.62017348228896e-37
07,96041731,T,A,-0.0261099325102993,6.55743428789372e-21,7.3678734023021e-17
07,96603943,T,A,-0.0362404593642613,2.37261876576495e-15,2.58326646414638e-14
12,90474475,G,A,0.0416144674593878,4.35853576518824e-84,8.6137098431267e-37
06,44844371,CCTAAAA,C,-0.0794739929681749,8.09829517408148e-29,7.95927704260245e-33
06,44727789,A,T,0.0267650173452537,1.52224465894913e-41,7.67091846989529e-23
20,10984360,T,C,0.0377247776426919,9.86003238740664e-71,4.00973076224623e-32
02,42220572,GTTT,G,0.0462526576310074,2.18976185222759e-48,8.96569419861439e-32
03,41167702,C,CA,-0.0383163249220775,2.38107885114116e-81,3.88187009171511e-31
22,29474482,AAAG,A,0.0387403493021848,4.77196456423766e-62,4.11781946726058e-30
11,15226187,A,G,0.0729694462669107,3.03683409868787e-34,4.46893200218407e-30
11,27317237,T,A,0.0371927529850331,3.47339785968913e-62,6.20107774388908e-29
07,27984499,T,C,0.0391399682054426,9.76097664892641e-53,8.58152911628547e-29
16,51903981,C,A,-0.0638722307467102,1.7349192354159e-22,1.44009112888492e-27
16,51847798,A,G,-0.0262436542505713,7.03608912736099e-25,1.61137617595583e-22
16,51762503,T,A,-0.0230629538772287,1.95730048945888e-14,1.21038380970489e-11
10,31047997,T,C,-0.0349230935435685,3.30275947737197e-75,3.28305984698667e-27
11,68228962,TG,T,-0.0303642558025619,1.40459667107349e-22,6.88603705217901e-27
11,68174189,G,A,-0.0509135714031814,9.68948572289588e-11,6.65133287607602e-23
13,42956463,G,A,0.0375127504173711,3.1137371103253e-46,4.11688596452823e-26
01,68664755,GAC,G,-0.0342268061140687,8.84021939401996e-37,4.37897205040104e-26
01,68604094,A,G,-0.0256285642884249,4.14787847203876e-18,4.46574615245407e-16
01,68664913,A,T,0.0416907631537624,2.70354200650871e-13,3.26486492367904e-09
02,202832130,C,T,-0.0410428735598378,6.81213802955538e-34,1.2043303745835e-25
02,202958208,C,A,0.026023909533564,1.14385829708008e-19,5.5067376377169e-15
02,202793520,G,A,-0.0326654859541665,3.87808106008063e-10,9.50272052045009e-09
17,41798621,G,A,0.0615314268853705,6.41063937522378e-27,1.69275866382391e-25
17,42164584,G,A,0.0314438444990403,3.66774780028574e-26,2.96220768816828e-18
20,7551554,G,A,-0.0359148658229569,1.51471063591622e-48,4.10816273545909e-25
13,99577552,T,C,0.0362929607201115,4.4606352793727e-45,4.8653959999383e-25
11,115044850,C,A,0.03345318750874,4.32476518085309e-37,9.13294390885113e-25
11,115493947,C,T,-0.0218445529487597,3.00526857065224e-18,8.44158273249499e-12
12,49379537,G,T,-0.174596345496202,2.03198127061345e-30,1.59873725376066e-24
12,49385679,C,T,0.0312130937995985,6.22271805963948e-29,2.37010838948033e-11
14,103852725,T,C,-0.0340985586940726,1.81078174064378e-48,9.27003159875251e-24
01,22702077,C,A,0.0424447483515513,3.22520024032722e-29,9.72221088743509e-24
01,22483649,T,TGGGGGG,-0.0311421308519987,1.7213800964437e-24,4.53319406432937e-17
16,410178,G,A,-0.0731677926899738,3.56907902266874e-20,4.79614771645117e-23
16,359953,G,A,0.0225980220016211,1.5410397191709e-20,4.69330036785822e-16
02,118895728,A,C,0.0239751627970938,4.80802748748569e-15,1.94218864108458e-12
11,62201239,T,C,-0.0971747884595861,2.66957753749061e-23,4.45760727472735e-22
07,30955539,G,T,-0.0367679918641732,1.25354262224296e-33,1.20041400469757e-21
05,39382261,A,G,-0.0308655072846209,2.30245825782235e-59,1.48974123549485e-21
04,88796699,G,A,0.0429872088871104,4.10380698335294e-27,1.04006719348095e-20
06,131336787,C,A,-0.0308537289952172,3.58535278960276e-43,1.93289684370569e-20
11,35097298,T,A,-0.0298392533587577,1.33354729058688e-52,3.05336428942567e-20
17,58997047,A,T,0.0412283323309633,5.18200788951068e-27,3.89743623832256e-20
07,25700286,T,C,-0.0370086074915848,6.76005327304053e-29,9.46601405670624e-20
03,56169965,A,T,0.0455238692747351,1.74461454961094e-24,1.19290945330532e-19
14,91453712,CA,C,0.0388216483352586,5.50573950983298e-27,1.57312162529835e-19
11,46898771,C,T,0.030548823238239,1.56021143624871e-37,3.15767595482611e-19
01,172243879,TA,T,0.0304190613836645,7.44516804894937e-42,3.86364741137839e-19
21,40340996,ACAGCCACC,A,0.0326412178717153,2.10161952150937e-27,5.43375866317383e-19
21,40047176,A,G,-0.0329745236515304,9.11379487316097e-25,3.66945349144242e-18
09,133452158,C,T,-0.0301471700956859,1.07274486384214e-37,7.66041584772989e-19
01,2921939,AC,A,-0.114714242746888,4.93514207151746e-19,2.16786054044753e-18
01,170683707,T,TA,0.0283697821830279,2.43496979998422e-47,2.27851666353854e-18
15,51553909,A,G,0.0286770699172206,6.38305439681929e-38,3.59777223271839e-18
15,51607077,C,T,0.0238201365225491,3.77952694086606e-13,7.52610463513171e-10
03,156572334,C,T,-0.0341181814160829,9.91697143301726e-19,2.58298029853928e-17
03,156798775,T,C,-0.0220046464765888,2.13881499119243e-19,1.1448411982459e-12
04,38361120,G,A,0.0462484441084761,1.15072067551612e-20,4.06765831771437e-17
16,86714715,G,C,-0.0346454381887887,3.50260496387661e-24,6.14197935565392e-17
07,120824194,CA,C,0.0709249668770826,1.30158992902285e-257,2.26145839700129e-81
07,120825166,A,G,-0.102059254482494,5.00020429592524e-33,1.12850072223991e-15
07,120499147,T,C,0.0656096670484304,4.67977582863124e-15,7.35510214526725e-18
08,116659578,G,C,0.0295538016207573,2.03748558856039e-28,1.52680727165428e-16
07,27258673,T,C,-0.123096437324773,8.66159924356277e-16,2.37707771508607e-16
07,27305223,T,A,-0.0459708037724134,7.36099306944229e-14,6.14101218140082e-11
07,27653025,AT,A,-0.0311229791727687,5.7956670625129e-15,1.75545437828651e-12
10,28442841,G,A,-0.0334117879695989,8.78215092772109e-15,2.74344131126547e-16
10,27944386,C,T,-0.0196832756568016,3.37272552822624e-17,1.09520486131943e-10
10,28584624,G,A,0.0506014224617772,1.04341948499569e-09,4.8844611276868e-11
01,16177578,A,G,0.0427491015634436,8.08823173282983e-20,2.92796989533466e-16
17,69902621,GATAT,G,0.0272886479140381,2.99109624303793e-38,3.43951060683366e-16
04,146167657,A,G,-0.0352621282262314,6.64439600537348e-22,4.35024558532159e-16
05,50791314,C,T,0.043842399103897,2.71282959536151e-19,4.42426990132448e-16
16,81605559,T,C,0.0262836942899293,3.08131452301354e-42,5.32821627996377e-16
06,7050935,G,C,0.083025531815578,3.96279450929498e-15,1.07081832642909e-15
06,7231843,G,A,-0.0396084327259083,1.11252163427278e-17,2.17663195503406e-15
13,22807941,A,G,-0.0279002894722778,4.25122070540431e-30,1.38686414169795e-15
05,80281743,G,GGT,0.0291299852075488,1.23504944024644e-26,1.47563795455952e-15
19,1170445,C,T,-0.0278799817709455,2.71828956152493e-20,1.5343815419024e-15
19,815086,G,A,0.020851526277579,9.28667734043597e-18,2.21965030188137e-10
01,220189139,T,A,0.0342648710489131,3.77792884518466e-21,1.87140280365322e-15
01,219783674,G,A,-0.0431489583982447,2.58796082600021e-13,1.04169599660312e-11
17,54263286,GA,G,0.0261609894090714,2.9246291639476e-34,1.94520287039535e-15
20,45596155,G,A,-0.0304384810549897,3.0986588773152e-23,3.73755595319084e-15
17,9154855,A,G,-0.0325544148616861,2.11392417482729e-21,4.0836021383196e-15
07,15726373,T,C,-0.026304236356744,3.31918725690992e-30,6.63638437649482e-15
16,51025468,G,A,0.0379971565725119,4.30309035968246e-18,1.1103124453114e-14
16,51169234,C,G,0.0234607886600423,1.89533321359787e-20,1.92976550163337e-11
11,68385579,T,C,-0.0386425183688508,8.90078511187111e-35,1.6803627786089e-26
11,68855363,G,A,0.0257430263430638,1.90946757445714e-25,1.16340807311492e-14
15,67414911,T,G,0.0250717404610165,1.20244065835914e-39,1.30771743083594e-14
10,60264741,A,T,0.0251905014269479,1.21247315608268e-34,1.56863638081984e-14
04,95089067,G,A,0.032465599171381,3.73664347628159e-20,1.59750378058113e-14
02,200458178,G,C,-0.0329273442821875,1.09538909417244e-19,2.06402692626024e-14
01,8495945,T,C,-0.0259822708971003,9.04333519524406e-28,2.47960397665064e-14
07,28725536,A,G,0.0287882589755734,4.5556046282442e-23,2.4845895656571e-14
08,72219699,A,G,-0.0266417840096649,2.9932815763556e-16,5.22220073146002e-14
08,71940182,A,T,0.0215023138273737,1.98916642580637e-22,3.97513934380215e-12
11,118477367,G,A,-0.0262129773013104,1.80882996313658e-25,5.75573024633181e-14
08,119917642,T,C,0.09227087423555,1.8139347602175e-14,6.10106533711987e-14
17,29827429,A,G,0.0247592998799603,5.74709120425783e-30,8.13349489349355e-14
15,70552303,G,A,-0.026012509303202,2.84510682403468e-25,8.92102155670074e-14
03,49941436,G,A,0.0239867091165334,8.23287490107438e-39,1.20824383761579e-13
09,96623821,A,G,0.0242013154715688,2.03729819697117e-22,1.21801501182775e-13
09,96916536,A,T,0.0203379623976582,4.73458919890986e-12,3.95971264896647e-09
20,39832628,T,C,-0.0299282043276293,1.11344345740352e-19,1.29178265246013e-13
12,589872,CCTG,C,0.0244799512608027,3.99780116726416e-30,1.68024070565797e-13
17,27948844,C,T,-0.0238789752381853,4.63538903048285e-32,2.43535483812635e-13
01,119459929,A,T,-0.0314315251678097,3.69447488212891e-18,2.63451522747918e-13
X,43877175,T,C,0.0214076005301297,4.83630547150497e-20,3.18237598085733e-13
09,95643890,C,CA,-0.0253130818981418,4.09747249414123e-26,3.74693356947061e-13
07,105494963,A,G,0.0249999478012123,2.15723556251891e-24,4.09717069158267e-13
10,134459388,A,G,0.0280436841243409,1.37754512685963e-19,5.18862304721787e-13
12,1638214,A,ACCCT,0.0274552334085306,4.39800508355272e-20,7.24384824958578e-13
20,10976954,A,G,0.0314747128029233,5.91067349791164e-51,6.13718726725677e-28
08,71555752,GT,G,-0.0232917238697435,2.18802602252029e-30,9.37182299250212e-13
11,113024171,A,T,-0.0888190528894325,9.66963807582182e-13,1.19253232370623e-12
11,112636474,C,A,0.0455496177948482,2.94887778744325e-10,9.36295043592324e-10
10,115106330,A,C,0.025740605808147,1.85249731035871e-18,1.42436618235044e-12
10,114723857,A,G,-0.0248367273496385,1.04412554448817e-13,2.45535797658422e-10
X,8910963,A,C,0.0212569313506479,2.23372271402018e-18,1.46916642873217e-12
20,33443617,T,TGTGTGTGTGTGTGA,0.0237496789569927,7.59100170351186e-35,1.9943109712567e-12
08,80822461,G,A,0.0240929995638028,5.22227774595073e-24,2.00150217687779e-12
17,928078,G,A,-0.0243498213322726,5.69619073688467e-22,3.32848036607883e-12
06,2504051,C,G,0.0223628690985819,2.86444006002986e-24,3.98169505444439e-12
06,2048330,G,A,0.0231932517053761,1.36857662733055e-11,8.28796245511066e-10
05,148787469,G,A,0.0234551413060645,3.52983265680868e-22,7.25743299760942e-12
16,55059130,A,G,0.0241727387036156,5.10354961831799e-21,7.29850331429379e-12
14,35359648,T,C,-0.0221704922175111,1.03470517648147e-30,8.43231805829561e-12
04,87976359,A,T,0.0226763944904289,1.09956321216666e-25,8.651903358583e-12
09,110902345,CTGAA,C,-0.0263661720829673,1.00494942322847e-17,8.78275129701019e-12
08,70179978,G,A,-0.0265855694388921,1.1503286009607e-17,9.32350813101687e-12
15,91059898,GT,G,-0.0223706668051917,7.66310467328864e-28,1.10117946192836e-11
01,218944491,A,G,-0.0224585926922689,8.87369864780929e-22,1.12939826402115e-11
01,218518422,G,GTCCT,-0.0269152684397776,1.04657064860415e-10,2.15895177572714e-09
05,127763054,T,TA,-0.032474226044481,8.54605001330404e-15,1.1490486948564e-11
09,136138765,GCGCCCACCACTA,G,-0.028758107894906,1.84804523518508e-16,1.21150801738586e-11
02,28941150,A,G,0.0228050679796196,6.6260940244185e-23,1.30582037876208e-11
20,10629525,T,C,-0.0892773331342152,-99,2.64557747343193e-24
20,10634675,C,T,-0.0955734912663201,-99,9.22134491142752e-29
02,119038598,G,A,0.10017533165078,-99,1.80516282020672e-41
