chrom,pos,major,minor,beta,p_value,gwas_p_value
7,120954908,G,T,0.169452645575329,0,0
6,127459552,G,C,0.0845803241399918,1.91337759450471e-237,3.80576791534313e-85
2,54659707,G,C,0.0807017667120192,1.54078640037506e-125,3.37562287218024e-71
2,54855137,C,T,-0.0470514662052993,5.07306560864385e-28,1.93172796234175e-19
10,54424184,A,G,-0.138885859970438,4.7186890700202e-103,1.67547970194749e-64
10,54412481,C,A,-0.0586772182055075,4.61554272214394e-69,2.44387727824413e-17
6,151907958,T,C,-0.0732793452335972,1.78425999935883e-74,5.20471338159932e-63
6,152010370,AT,A,0.0626169329788227,1.16722953089887e-87,6.96278650621279e-56
22,19677948,CG,C,-0.11265798753794,1.34316093082464e-69,1.74294495195063e-55
1,240586695,C,T,0.081406867400544,1.08388298697387e-72,1.20152168159454e-49
2,119510493,G,GC,0.307540140524349,1.60621951307396e-39,1.30182675127581e-48
2,119602304,C,A,0.0368857312446428,6.23217105124659e-33,4.27551178304682e-19
11,86857360,AGATCAGCCTGAGGGAAT,A,-0.0670707295441233,4.79138551885388e-83,6.24243530216514e-45
11,112437007,G,A,0.060974115438736,1.77289972918846e-103,1.79200031873787e-43
14,54419106,A,C,0.0623229084466848,3.85230220302241e-101,1.02611820624211e-42
19,33527677,T,A,0.10284516281764,1.03484871198612e-48,7.88520932005439e-41
7,38153747,C,T,0.0518141859139817,5.37820749699934e-28,9.16843446505606e-38
7,37954468,A,G,0.0478518136453045,8.65182687233367e-22,3.15000588618148e-17
7,38111941,G,A,-0.043014324203392,3.15750929279225e-33,1.46784328859125e-34
6,133575875,A,C,0.0475553763447501,2.07492557290443e-41,6.65021621403302e-36
6,133339485,G,GA,0.0316733792715656,2.11713506880379e-13,6.45585224296262e-21
4,994414,G,A,-0.0722313537868415,1.28083039985623e-43,5.18029026796824e-33
4,1192775,T,C,-0.0845064916495296,5.79969728863246e-18,4.96466479984641e-14
4,997488,G,T,0.068207751877088,2.73897221549034e-14,4.15592530952069e-19
13,42973283,T,TA,-0.0504939624187306,5.47897794746742e-87,3.86010613633284e-31
12,90564295,A,G,0.0509577626131542,1.9553361169523e-68,2.33344663165638e-30
10,31053282,C,G,0.048675329864431,1.90607702211472e-81,3.45537485325902e-29
2,202832130,C,T,-0.0561307036093444,2.01108899021237e-33,1.1202579061297e-26
2,202956731,C,A,0.0254414916097774,1.4554224093663e-14,3.99586056124293e-08
6,45386202,T,C,-0.0926405867629812,4.27747236955561e-23,1.28117304248468e-25
6,45204631,T,C,0.0244466057902736,8.65050046617344e-17,5.51271832891145e-13
11,27276450,T,C,0.0454663959719242,1.77569897700819e-48,1.0525376051558e-23
3,41123735,T,C,-0.0447083807785897,1.74494825480287e-48,7.37638896116201e-23
3,40936591,A,AC,-0.0278177771809782,2.53788005593011e-10,3.88173101094517e-06
20,6405923,GT,G,0.0447942284424555,4.14265605211882e-46,1.00132351323615e-22
12,49379537,G,T,-0.194191689944704,4.81462777323325e-23,1.55796886423973e-22
17,41826839,G,C,0.0754210538509786,4.85722339540795e-24,2.50651998499931e-22
17,42162694,C,CT,0.0350030291864496,1.04271223338359e-16,2.28156699795707e-11
21,40350120,G,A,0.0467337438710729,4.98834583735207e-39,3.19636136735536e-22
2,42267135,C,CA,0.0497345498604184,1.15090420469879e-34,4.92046090589154e-22
8,9086392,T,A,-0.0416570069325887,2.90138142342392e-63,6.59410479675299e-22
22,29477841,G,T,0.0426855176326231,5.67598926488676e-42,4.55432543561628e-21
11,68174189,G,A,-0.0816721573915359,3.13390612398793e-16,7.17654168131881e-21
11,68404647,A,G,-0.0273848849509018,8.50543335063493e-11,1.11585472836216e-15
11,68029074,G,A,-0.057619784028515,6.76538041242772e-06,2.12445060665571e-07
17,2026417,G,GA,-0.0434139532055702,2.22529138202999e-38,1.19608634644739e-20
20,10629525,T,C,-0.0646153681432806,1.79052986047308e-17,5.50209303770383e-20
20,10647951,G,A,0.0292136917952814,8.60421913108495e-09,9.32970600237308e-12
17,59006224,C,T,0.0545976601090249,2.60698231133156e-25,3.72699877193825e-19
1,22710877,G,C,0.0406788869341146,9.10184901360121e-17,5.6071921164311e-19
1,22663920,CCCATCCAT,C,-0.0353902528570111,1.76897003621891e-15,5.35400220431225e-18
1,22531542,G,A,-0.051462354636353,2.07685646200041e-10,8.30017291958744e-13
12,13328208,C,T,0.120076687858301,4.17430863519507e-21,9.35408625940499e-19
12,13333283,G,A,0.0513546929017872,1.45348727372771e-10,3.82593580016843e-08
2,119217083,G,A,-0.0749145979635945,8.54701285026117e-07,4.95195492055824e-09
2,119012019,C,G,0.0546776723918089,6.4879671673311e-07,4.40832809845617e-20
7,96133531,C,T,-0.0402818423278199,1.47375611258337e-35,1.79469766103257e-18
8,116663898,G,A,0.041438860843829,6.57757476735341e-31,6.30297651104228e-18
12,1637130,T,G,-0.0629193321128745,3.45220160212666e-16,2.5355226699651e-17
12,1636381,A,G,0.0255635151740298,5.73879387843152e-11,3.12185569125834e-10
16,410178,G,A,-0.0948049426772017,4.1421875251106e-19,3.30487186273673e-17
15,51516055,C,A,0.0414056251360581,9.51805737551433e-23,3.8378819592392e-17
15,51628119,T,A,0.0216692179825201,1.29508397482322e-07,4.77181080811475e-06
7,120932447,A,G,0.162638069735964,0,1.04699413267073e-253
7,120927109,C,A,-0.0394595759261017,5.89606356280014e-08,1.18946467811942e-45
7,120927720,A,T,-0.0271649319101841,2.43527650195944e-06,1.76053200527125e-43
4,88831249,A,G,0.0395212051210484,3.17675099908328e-22,9.00837882090241e-17
4,88645344,T,C,-0.0231611686369579,1.19780190663839e-13,3.86505519736302e-07
18,13659019,C,G,-0.0375340111544475,1.30597486572987e-33,1.0202764387395e-16
14,103895020,T,C,-0.0375452054638823,3.98735926330344e-32,1.70956271399153e-16
1,68664755,GAC,G,-0.0262639577610284,2.60478010330021e-17,1.92173818960899e-16
1,68725704,A,G,0.0410405526383824,8.04608577478085e-14,3.10198943071996e-13
1,68591253,C,T,0.0303585213205539,3.5243361078864e-14,1.76686895740866e-13
16,51903981,C,A,-0.0600220309659234,7.2765686439057e-12,4.62470016900445e-16
16,51784918,A,G,-0.0257053522236237,9.01128596243045e-16,2.24296783825926e-11
16,52023106,C,T,-0.0354474257308263,6.9344517701833e-07,4.33469239163528e-08
13,99536215,T,C,0.0392614886755932,5.87854794001077e-26,1.09194119900449e-15
7,30955539,G,T,-0.0412210990310421,4.97123361628452e-24,1.41126318353537e-15
11,115044850,C,A,0.034472167522098,9.61004374910202e-28,1.42262280562412e-15
11,115474054,A,G,-0.0264767722155636,2.06215889099727e-08,1.72507514743829e-07
11,47119875,T,A,0.0366075135407601,2.07779062256229e-28,3.4887610323132e-15
13,22812173,A,G,-0.0361063728801724,3.30746364735713e-29,4.09114166591586e-15
11,62201239,T,C,-0.106624887045116,1.10729638938728e-15,6.97069539817722e-15
17,925304,A,G,-0.0353549031037365,3.4400253817113e-25,6.77646078429796e-14
11,35097298,T,A,-0.0323422430504461,2.22807611962354e-35,8.23076612406225e-14
15,85621779,CAAAAAAAAAAAA,C,-0.0594334347015333,4.85818792783767e-15,5.53459488792469e-13
20,39832628,T,C,-0.0386902704798766,1.91434221735372e-18,8.59119815962105e-13
11,68365212,C,T,-0.03873448284238,3.39411928691521e-18,8.65220330651776e-20
11,68855363,G,A,0.0316490887756234,6.23715502082492e-22,9.35245409547748e-13
11,68378534,C,T,-0.0763095560721085,2.19518986910465e-06,1.06990385412694e-11
11,15243059,G,A,0.0587220862280559,1.49472293685489e-14,9.40950440404848e-13
11,60099912,A,G,-0.0326334087057663,2.88976656734392e-19,1.03410386973042e-12
11,60158649,A,G,0.0222349134762171,1.06494067952735e-09,1.83926891757003e-06
16,86714715,G,C,-0.0395558311267955,7.09959385097356e-18,1.14705953523037e-12
5,80280397,T,C,0.033815417975369,2.81051239274674e-21,1.96557513194363e-12
20,7551554,G,A,-0.0321676370175864,4.65154372271274e-18,2.54037675977969e-12
20,7147515,A,C,-0.0240849490343378,7.15001176545585e-09,4.38130410031592e-07
4,146151286,TA,T,-0.0404529578883121,1.09422176273233e-16,4.59455198514794e-12
7,20052543,G,A,-0.0311150889614645,2.91793658995599e-17,4.75314459141082e-12
7,20454613,A,T,0.0607940743189322,1.54346574410833e-06,4.09874915698761e-07
7,19591565,C,G,0.0218382956118198,9.83391576185846e-08,5.35720636512789e-06
1,113247563,G,A,0.0368494066826182,8.53309990213834e-18,4.95315552107985e-12
15,67414911,T,G,0.0300977063182148,4.48790348250688e-32,5.56201514539893e-12
4,57838999,T,C,0.0306028550725158,7.63317843370449e-25,9.4175371074924e-12
1,21943136,C,T,-0.0296423222356865,5.89911868291205e-16,2.46115558293092e-11
1,22355978,G,A,-0.0320008044928979,4.96399292011166e-12,1.55450313607223e-10
8,119926179,G,A,0.109307228561327,1.21079481984473e-11,2.89201517810527e-11
2,200473866,AT,A,-0.0381229113911686,2.10684959118642e-15,2.978492057506e-11
20,11150594,T,C,-0.0744410905950892,1.91600914482723e-11,3.02750117777406e-11
20,10654563,A,C,-0.0277889713013947,1.13358620744308e-16,4.9261582077043e-11
2,40638360,C,T,-0.030185198290786,4.38177287489772e-22,3.13848748327532e-11
1,2921939,AC,A,-0.116836636130613,1.56521818794811e-11,3.84418753767676e-11
6,131310610,G,GA,0.033529289154745,3.51757759947252e-17,4.21052096999035e-11
7,28751655,G,A,0.0352508592025857,6.53433423880677e-14,4.34453129454493e-11
7,28609388,C,A,0.0257052398001896,5.36104396768781e-09,4.08207472079452e-07
6,74477152,C,T,-0.028552699728761,1.606080111881e-28,4.51637528430199e-11
20,45603836,C,T,-0.0321726528224134,6.8940693978149e-17,1.26936643176295e-10
7,27218229,A,G,0.0505386354159619,2.60272042161457e-12,1.42063751746135e-10
7,27653025,AT,A,-0.0350292278939013,2.09736383658285e-09,5.95667432475065e-08
7,27317178,AACAAACAAAC,A,-0.021931127466174,1.44272537716899e-12,4.1537208845476e-06
1,119451543,T,TCA,0.0247843066306752,1.80402408222731e-13,1.49070975723265e-10
1,119465553,AAACT,A,0.023552319108206,1.6155421157961e-07,3.20661666603621e-09
7,27970454,A,T,0.0305526965889749,4.18546879847208e-18,1.57069705142318e-10
9,110939138,A,G,-0.0333337958244486,1.12365257941261e-15,1.90307210400363e-10
20,10984360,T,C,0.0762371158676297,-99,6.27087294664508e-18
2,119161638,A,C,0.11761053169076,-99,6.17156463393486e-38
