chrom,pos,major,minor,beta,p_value,gwas_p_value
07,120962164,A,G,0.155931156095817,2.16193700648402e-295,0
10,54437901,G,T,-0.150562954198964,9.92175867677216e-215,5.51822272206441e-135
10,54412481,C,A,-0.0638012502047186,4.40207552481335e-139,7.07628878960963e-34
06,151901409,C,T,-0.0758147748030229,6.91390306609326e-137,1.43215447512796e-115
06,152010534,T,C,0.0689185603130933,3.05531328431631e-181,1.14056955989289e-113
06,127468274,A,C,0.0741311792030881,0,1.92264691482594e-112
02,54683711,C,T,0.075241608057518,2.15745933915728e-164,2.04823632648442e-100
02,54871277,A,T,-0.0472356001255829,7.51269591467274e-54,1.2325593383113e-34
22,19679303,G,A,-0.10865628892537,5.3461025202298e-114,2.24534686262223e-91
11,86887931,A,G,-0.0688572970688512,3.13274724559883e-160,1.45035425676079e-84
01,240586695,C,T,0.0807661546842324,3.22171077031156e-123,4.89983922379123e-84
02,119510493,G,GC,0.300250594004732,5.014226234885e-60,3.57332331721398e-79
02,119613117,A,G,0.0483196525089317,8.12038123719156e-56,4.43499984693056e-50
07,38108665,A,G,0.0524628102439705,9.01807783249368e-45,1.13676376844058e-71
07,38110626,C,T,-0.0496241568881078,1.02482189409322e-74,1.78148665973663e-68
07,37946540,C,A,0.0467576475397274,3.73552025572103e-30,3.46824284213062e-24
14,54419110,G,C,0.058275750490347,7.73471837211186e-152,7.8355605924424e-63
13,42952145,C,T,-0.0514392757814174,4.7159228430573e-158,2.43982599389752e-55
11,112396795,G,C,0.0525642534513491,1.0855837960956e-126,1.0630958736516e-54
19,33544187,G,A,0.0879190255627651,1.54553596020632e-64,6.55831911564299e-54
17,2026417,G,GA,-0.0542099342162348,1.07012261009538e-100,6.0653696246354e-53
12,90533915,C,T,0.050451586347486,1.29811627823912e-117,2.74598734474026e-51
06,133575048,G,A,0.0493828900203546,5.61231877140476e-134,1.37573388639323e-50
04,1003022,C,T,0.0348702573568315,8.36376434792719e-40,1.0525096295457e-49
04,1004864,T,C,-0.0596001151086156,7.32409261911287e-49,8.41313621975632e-48
04,1012300,T,C,-0.0776771662040548,5.54878542064624e-26,1.01729786460971e-24
12,13328208,C,T,0.141824009403271,3.10818039732547e-48,2.06016782341697e-45
01,22702077,C,A,0.0607141486143267,3.71306771421015e-56,2.30026286970636e-45
06,44847529,G,A,-0.096895234531852,1.10005142174268e-40,7.8092187576628e-45
06,44727789,A,T,0.0268314017633162,1.91042065332376e-40,1.08199991369394e-23
02,42220572,GTTT,G,0.0561924818398652,2.65557219959727e-68,1.24573212517383e-44
11,27317383,C,A,0.0447417986719875,3.85279131001689e-86,8.32570682981026e-40
18,13719510,G,A,-0.0444451106497852,1.15401623369446e-79,1.15523449065738e-38
08,9085295,T,A,0.0421421337944713,2.35710714423837e-107,1.04910001829357e-37
03,41167702,C,CA,-0.0427353900457654,1.73366283360711e-97,4.16209600367829e-37
02,202832130,C,T,-0.0471378460245985,9.079918097773e-43,3.13344644264026e-32
02,202958208,C,A,0.0264641518982323,1.12512252743482e-19,3.75092486455083e-15
02,202793520,G,A,-0.0362583718179377,8.2950034562433e-12,4.97252261283901e-10
11,68228962,TG,T,-0.0342099377526458,2.36891894282574e-27,6.95125734000126e-32
11,68174189,G,A,-0.0543167850753179,1.11809325890007e-11,7.42633676937547e-26
17,41798621,G,A,0.0704413269153048,1.11780604783917e-33,9.99357747145384e-32
17,42164584,G,A,0.031890931607558,4.85948001522542e-26,2.72010916220121e-18
21,40340996,ACAGCCACC,A,0.043466478488677,8.74583321807464e-46,1.34936027714243e-31
21,40047176,A,G,-0.0319425605919325,1.23611244078007e-22,1.6967390681667e-16
22,29474482,AAAG,A,0.0398611406031052,1.72066691103581e-63,8.28619724007561e-31
07,30955539,G,T,-0.045031354472559,5.25397225200977e-48,1.13421887847642e-30
17,59013682,A,G,0.0534424045547247,5.49334204268054e-40,3.36725166319081e-30
07,96146489,C,T,-0.0390608479526779,2.73913308298239e-40,4.69952782876506e-30
07,96041731,T,A,-0.0257788679437128,8.45669508404463e-20,7.51520892074597e-16
07,96603943,T,A,-0.0342285962845375,1.89718389967416e-13,1.36312937092251e-12
20,10984360,T,C,0.0369387747494603,2.00522100370301e-66,6.13948120214637e-30
20,11150594,T,C,-0.0571232180185522,1.45795287129287e-11,8.94337129931853e-12
02,118895728,A,C,0.0257454380333236,2.0852970251417e-16,5.24077813327045e-14
02,119423996,G,A,0.0687021450934534,1.93506312851515e-10,3.68889460535268e-09
10,31042804,A,G,0.0361077351367959,1.59677459228342e-81,4.20277462698208e-28
12,49379537,G,T,-0.190899851351106,6.56126695997369e-35,5.54991388642009e-28
12,49385679,C,T,0.0347575413569582,2.28587652975948e-34,1.91964934050705e-13
11,15226187,A,G,0.0709969014262985,1.70420128379e-31,1.12157154088306e-27
14,103852725,T,C,-0.0373181028717284,7.25578575999006e-56,2.50007767895274e-27
11,62201239,T,C,-0.110189190360434,1.40921724246931e-28,5.25162244069391e-27
20,6364504,C,T,0.0350139758615614,5.74344481756962e-47,1.11447287069495e-25
20,6755009,C,T,0.0485030472155295,4.46228012679843e-15,5.7091660012839e-14
20,6467481,T,C,-0.0231457069663085,1.64463690379004e-12,1.28870547255363e-09
20,7551554,G,A,-0.0365608112444356,1.18311000180102e-48,3.73874920459445e-25
11,115044850,C,A,0.035369780253793,1.81644333940603e-50,1.05681159518122e-24
11,115459742,C,T,-0.030745754998999,1.93740056843617e-12,1.04943181868499e-09
16,410178,G,A,-0.0772425303345184,1.26940541355422e-21,1.07202242038895e-24
16,359953,G,A,0.0237729832009241,7.13966919085353e-22,4.26485925240669e-17
03,156587548,TC,T,-0.0506559857447434,1.77164701473467e-27,1.40777464465112e-24
03,156798775,T,C,-0.0274883199537186,4.67810620561925e-31,1.23372592264014e-16
12,1638214,A,ACCCT,0.0351464989699041,1.65583010220478e-30,2.0715412590415e-24
12,1637129,C,G,-0.0452990778824135,9.89236864698936e-15,3.8715771375716e-18
16,86714715,G,C,-0.042502511165045,1.91225076356111e-34,6.14137105205829e-24
01,68664755,GAC,G,-0.028732970459364,6.93261216554267e-26,9.00581249859385e-24
01,68604094,A,G,-0.026524245407289,3.21629707389502e-18,2.61997543817767e-17
01,68725704,A,G,0.0330444156708983,1.16685961229515e-14,4.70602371060185e-15
16,51903981,C,A,-0.0604827946369463,3.11144283012778e-22,1.06330924670292e-22
16,51758116,G,A,0.0310072512115585,7.17634401153671e-22,1.36723083354711e-17
11,47097364,T,G,0.033501628843535,3.9058113408399e-41,1.28572862845211e-21
08,116659578,G,C,0.0345396528102708,5.30835851254035e-37,2.35935214005776e-21
07,28725536,A,G,0.0360724743465586,3.57839283871417e-34,5.63586570673699e-21
05,39382261,A,G,-0.0303382714770159,1.36474702926546e-55,3.03598867724975e-20
19,1169673,A,AG,-0.0328058545931874,3.25486091130771e-27,3.27550903725869e-20
19,815086,G,A,0.0236898168056826,2.3937031773318e-21,1.58475364011559e-12
13,99584305,C,T,0.0328511528483426,4.45188151087485e-36,3.87962802958534e-20
07,27970153,C,T,-0.0322161935380488,3.17742249532715e-38,4.61546756976045e-20
09,133452158,C,T,-0.0316659296245236,4.15889982367238e-40,5.31650351573618e-20
15,51537806,C,T,-0.0305523700756906,4.04244205553106e-42,1.58181432173134e-19
07,120824194,CA,C,0.0790028427875471,0,1.79280644145515e-104
07,120825166,A,G,-0.111271664582186,9.69825768393699e-38,8.30627604981278e-17
07,120793606,G,A,0.12672700876704,2.78228539862116e-15,3.79298487890514e-27
04,88794878,C,G,0.0397047676215002,5.87469453987214e-22,2.43808740302247e-19
04,88752026,T,A,-0.030812966716482,8.25903556674775e-13,2.11502236437444e-12
17,54263286,GA,G,0.0300532286446759,2.98030627081535e-43,2.80475675464616e-19
12,589872,CCTG,C,0.0300945917498156,3.03831097064539e-43,4.50790796350514e-19
11,35097298,T,A,-0.0291400086368241,1.16493728518332e-48,8.58196572242918e-19
07,25696199,T,C,-0.0361182658359887,7.85933702502084e-27,2.12758510017719e-18
04,38361120,G,A,0.0488204032164887,3.78480700400351e-22,2.32243632694713e-18
16,81580088,G,A,-0.0286854394782438,2.68844994911932e-50,3.26384052801238e-18
06,7050935,G,C,0.0912637569424023,2.02246282974962e-17,6.2147769301207e-18
06,7231843,G,A,-0.0387779389973614,1.67362973671944e-16,1.64350977655158e-14
15,70552313,G,A,-0.0300130787803146,1.14965867845149e-33,1.06068958655956e-17
07,15726373,T,C,-0.0293961561010403,3.91666383585278e-36,1.12455628301041e-17
20,39832628,T,C,-0.0346452220172287,4.93783688635813e-25,3.17761449623812e-17
11,118477367,G,A,-0.0299473230460333,1.02253825327721e-31,3.26478282912605e-17
08,71555752,GT,G,-0.0279812025175495,9.69386727410613e-42,3.30587905554959e-17
10,134459388,A,G,0.0331448994203846,6.69766143499724e-26,4.53816211940273e-17
07,127015083,G,A,-0.0999491307621554,9.09615408630091e-18,5.36946724479692e-17
01,172243879,TA,T,0.0288783876881832,1.04922175784067e-36,6.56630110283067e-17
03,56169965,A,T,0.0426045837977239,5.48724061974429e-21,6.96590013342497e-17
11,68384618,T,A,-0.0430527503697249,1.90481068135047e-41,1.61619438497846e-31
11,68855363,G,A,0.0282508532520047,2.26742784241335e-29,8.22190413212697e-17
13,51106788,G,A,0.0304589555567583,2.37054137427738e-28,1.11525320830592e-16
15,67414911,T,G,0.0272128114572603,6.24236189084565e-45,1.77157547740911e-16
14,91453712,CA,C,0.0356805965301259,2.41389915139839e-22,3.07231403746323e-16
X,43877162,C,T,-0.0312769197603179,8.43775553527007e-13,4.7298483024241e-16
X,43877175,T,C,0.019767191270066,9.56434412256669e-17,5.13541617420601e-16
01,170683707,T,TA,0.0267659660376424,5.32227147436366e-41,4.99326585822992e-16
09,98229389,C,G,-0.0272467854270683,9.05880523804776e-31,1.76390987126403e-15
10,60327298,C,A,0.0263438925628865,3.33764888574033e-37,2.00325559553e-15
05,148787469,G,A,0.0275837993404743,4.06230070584757e-29,2.18743440101201e-15
X,56393782,G,C,0.0263365641629327,1.50427681429259e-20,2.22937530838252e-15
06,2504051,C,G,0.0257646844171205,1.08888489648495e-30,3.88789246447644e-15
06,2048330,G,A,0.0226826677441989,7.85341881334463e-11,3.4903455522924e-09
16,51025468,G,A,0.0390628594933758,2.18029099290764e-18,5.42344599816544e-15
16,51166844,C,CT,0.0252340713746654,8.59610851924439e-23,1.47792348155196e-12
01,8503242,G,A,-0.0270663161195175,2.6583013582565e-29,5.69524766311839e-15
01,210466625,G,A,0.0336917059906519,2.18214831154178e-20,8.56382042272163e-15
06,131344906,T,C,-0.0267814048923442,1.89091905148663e-29,1.0395285074488e-14
13,22810615,A,G,-0.0271122943473067,2.61862068669199e-28,1.0582949808085e-14
20,45595883,C,T,-0.0303604077792682,2.06650872381081e-22,1.2157622133045e-14
X,8910963,A,C,0.0232773556521846,4.60768762801193e-21,2.41415223529272e-14
01,16177578,A,G,0.0404723737808835,2.17479420509478e-17,2.68376320766462e-14
01,221476976,C,T,-0.0255261406452414,6.35140064658081e-32,2.72513844139807e-14
01,2904634,A,G,-0.100880941209614,1.08929432317652e-14,3.13885954906956e-14
11,59962189,G,A,-0.0253919070958309,1.37448046544253e-31,3.51328477599544e-14
17,27948844,C,T,-0.0248741051667162,1.45973846236436e-33,6.53832447186356e-14
02,200446732,T,A,-0.0328514512599456,5.94071560842474e-19,6.67921851922891e-14
07,27243221,T,C,0.0458529520540928,1.19378368514542e-14,6.96328903318228e-14
07,27653025,AT,A,-0.0298014885360606,2.97828391142383e-13,1.54059293078692e-10
07,27238287,C,T,-0.0713450187112976,9.30024079135955e-11,1.03696164011912e-11
06,29899485,G,A,-0.025930751150276,1.06969066211726e-33,8.24949247730298e-14
17,48337073,T,C,0.0291425298076309,4.97933625674173e-21,9.75365284808816e-14
05,50791314,C,T,0.0408166183653781,2.00809494326096e-16,1.00673159931118e-13
06,55644601,G,T,0.0521716583439516,1.19654218835708e-16,1.02331925686315e-13
06,55676621,C,T,0.0855796267995755,1.27214735537251e-14,6.35923909840068e-13
08,119917642,T,C,0.0926749724455308,3.70214370813991e-14,1.20275927070642e-13
04,17875735,TCTC,T,-0.0277817868332507,2.44357126965487e-22,1.20314872225658e-13
10,28442841,G,A,-0.0318710898836614,1.01085025342984e-15,1.64396664240203e-13
10,28584624,G,A,0.0518661035392431,3.52794138338585e-10,4.7035372097248e-11
04,146167657,A,G,-0.0324147704853538,3.43592396795652e-18,2.00570848644621e-13
04,95089067,G,A,0.031501540590089,1.71543077486524e-18,2.33571154384568e-13
07,105494963,A,G,0.0256724007265492,7.59201158332381e-25,2.40399664457134e-13
09,96445594,C,T,0.0277819556242193,1.88522445762767e-17,2.46020813753156e-13
09,96916536,A,T,0.0221917592152369,3.09724472376808e-15,3.10726887374364e-10
02,54745110,A,G,-0.0678599962985532,8.94788764973167e-66,1.81892249409747e-51
02,54794927,A,C,0.0361210503932382,2.3714986698526e-30,6.76673703678705e-19
11,113029572,A,G,-0.0887319911610391,9.20844173362758e-14,2.95816813918079e-13
05,80281743,G,GGT,0.0270608893562385,1.68986952843101e-22,3.04652026502879e-13
03,50022079,G,A,0.0248886612719026,2.97587678202373e-37,4.66296491634464e-13
20,10976954,A,G,0.0308999921559516,2.58219877689732e-36,3.49895727392457e-26
20,10640201,G,A,0.0267810103184272,5.18957643771252e-16,4.33634972979649e-19
01,220039754,T,TG,-0.0253222169689077,1.00048444676867e-14,5.37285232099827e-13
01,220122993,A,G,0.0300614344773126,1.3013645123555e-16,1.59813103125881e-12
01,219783674,G,A,-0.036823078840501,3.32588767883045e-09,3.99684887234725e-10
15,91059898,GT,G,-0.0240649481768257,5.79339441366084e-31,6.65883364665942e-13
02,28941150,A,G,0.0245822484465878,1.53445638365899e-25,7.29908917042359e-13
17,9154855,A,G,-0.0302174022731258,4.26443710734004e-18,7.6079062176692e-13
05,122742602,T,G,-0.0264720912634114,3.35883049484661e-21,8.3346034129052e-13
02,238353776,T,A,-0.0276229306479761,9.35496470867691e-20,1.22033478202356e-12
06,74509629,G,A,0.0232738278951238,2.14622820897058e-33,1.51697155170317e-12
03,48901370,C,T,0.0452809758438177,2.30241214354254e-14,1.63356990395155e-12
20,33443617,T,TGTGTGTGTGTGTGA,0.0242321359491518,4.48392240792605e-35,1.67592563648247e-12
11,8900394,C,T,-0.0310957833083833,9.68466521619664e-17,2.04184418318291e-12
17,926121,G,A,-0.0247606070309879,3.49361918113525e-22,2.54474666334621e-12
06,130346105,A,G,-0.0249042605006366,1.155814962662e-21,3.48819337058604e-12
10,27892500,G,A,0.0228145891593063,6.48707595636687e-33,4.54146377674028e-12
11,16244497,G,A,0.0257300989973629,9.10730000117541e-20,4.861399975335e-12
04,87976359,A,T,0.0230900377875946,9.42020796133563e-26,7.86627108215526e-12
06,164126233,C,A,-0.0333549975771847,6.02044045486619e-15,8.14484178294109e-12
17,69845900,T,A,-0.0225215308433675,1.20464563560973e-28,9.17004219618087e-12
02,40666351,A,G,-0.0225708211545639,4.97686685616535e-31,1.00994202138188e-11
02,181951865,T,TAA,0.0244212024515069,6.88247915385979e-21,1.12868494456131e-11
11,65466496,AG,A,0.0253230129184588,6.65620693271934e-22,1.1316864657319e-11
11,65307402,C,T,0.0254965371330528,1.29402391210813e-13,5.38614291768008e-09
10,114724473,A,G,-0.0275046249058962,3.30187259220213e-17,1.3781100524594e-11
08,127982089,G,A,0.0236144351450567,2.07965798191287e-21,1.49107583098391e-11
17,29818258,C,T,0.0230118606315809,2.52073880090183e-23,1.64965867888787e-11
05,51948395,AT,A,0.028025216054522,4.57049685992894e-16,2.14332781445446e-11
13,94066952,T,C,-0.108366694342493,1.50559337133189e-11,2.60411778230143e-11
19,2523781,G,T,0.0235221835889106,5.15883507681815e-21,2.61340560680087e-11
20,10634675,C,T,-0.109130379398336,-99,4.51140283137257e-26
01,22483649,T,TGGGGGG,-0.0812696303926079,-99,5.26356877491955e-27
02,119038598,G,A,0.115643558966288,-99,6.30591892891382e-53
