chrom,pos,major,minor,beta,p_value,gwas_p_value
7,120954908,G,T,0.171440918743473,0,0
6,127459552,G,C,0.0861521439061125,8.79396742985927e-242,7.92034414584236e-87
6,151907958,T,C,-0.0796766308181962,4.31547198637899e-86,1.1395204889526e-71
6,152010370,AT,A,0.061768654872004,7.84944371832952e-84,2.0010114733281e-54
10,54424184,A,G,-0.134823946096475,1.32745781276288e-86,2.36334722858991e-60
10,54413909,A,G,-0.0550190040403477,1.66272839876006e-43,9.90085910892448e-13
10,54467180,A,G,-0.0374676900203308,7.99523353792357e-28,8.53035544572679e-17
2,54659707,G,C,0.0748641111847645,2.65614731739982e-106,3.98106777536514e-60
2,54839276,G,A,-0.0503065668422757,2.74132550746033e-31,4.50476961412946e-22
2,119510493,G,GC,0.340856203541436,7.14298005781406e-47,2.1694896716153e-59
2,119611026,T,C,0.0459119758810311,5.28434743414325e-29,8.74816783471527e-29
22,19677948,CG,C,-0.113046131994713,1.11691519057309e-68,9.17115476478135e-55
1,240586695,C,T,0.0785632455566076,1.29911020813691e-66,1.53616713235576e-45
11,86868033,C,T,-0.0650549304650366,9.09893641083724e-81,2.48541730998071e-43
19,33538783,A,G,0.101755874508091,5.42043740707805e-50,1.46393810425221e-41
11,112437007,G,A,0.0596242664368507,3.62517212248699e-97,6.78150012416916e-41
14,54419106,A,C,0.0613652170484411,2.75483767702382e-96,1.03215603440133e-40
7,38110394,C,T,0.0465695985262746,4.93752100281705e-23,1.85329973664591e-35
7,37946958,A,T,0.051430891242679,5.70707771975507e-21,5.97400733196472e-17
7,38099909,CT,C,-0.0454306151802883,1.32790502009376e-36,6.83061611771028e-34
6,133575048,G,A,0.0538640153131465,5.4272182073352e-90,1.2829612073528e-34
10,31054186,G,A,0.0507856636991062,2.38821585481188e-86,4.93987344015372e-31
13,42973283,T,TA,-0.050151734594829,2.77009267520953e-84,2.88663488755553e-30
4,994414,G,A,-0.0692170220355256,1.73488306779074e-39,1.48910660983703e-29
4,1012300,T,C,-0.0879360367165654,7.42391142032975e-19,8.22020914790839e-15
4,997488,G,T,0.0682513672107103,4.70406174769329e-14,8.30335985580604e-19
2,202832130,C,T,-0.059077325445728,3.897947882423e-36,7.19226272389297e-29
2,202954983,GA,G,0.0288190019983518,5.30096906970352e-18,5.61496123067197e-10
17,2026417,G,GA,-0.0511821268137017,1.09518732084408e-51,1.40457583311288e-27
12,90533915,C,T,0.0483684531170232,1.06715189976834e-61,2.67087303146208e-27
6,45386202,T,C,-0.104140395866186,1.31747863221176e-28,6.02633250246951e-26
11,27306238,G,A,0.0458971793501415,1.15482934524256e-49,5.92516965651683e-24
7,96135291,T,TTGTCAA,-0.0468899328188263,6.68408480818631e-47,5.99847533393561e-24
3,41118450,G,T,-0.0434264335223816,1.80162638469961e-56,5.05007744041137e-23
11,68243369,G,A,-0.0361551797531476,1.60765060299388e-17,2.66167016617761e-22
11,68174189,G,A,-0.0665141319425854,3.75964084808773e-10,8.77156464882899e-21
20,10984609,C,G,0.0450763172944281,1.9137172485381e-33,1.07009991390739e-21
20,10629525,T,C,-0.0669940511819994,7.1673977666417e-19,4.42312955115806e-18
20,11150594,T,C,-0.0723400344639863,6.28164155209485e-11,8.98216283437684e-11
22,29478760,C,T,0.0434386380976662,1.24112195035485e-42,2.10099281826795e-21
17,41825112,G,A,0.0735816903027842,1.57305344788572e-22,5.70622510509946e-21
17,42162694,C,CT,0.0397502128599997,1.00795447338468e-20,6.4828522516224e-14
20,6383527,A,G,0.0429458799395737,1.87875187513016e-41,6.28646233242215e-21
8,9090902,A,G,-0.040260696242885,4.71338701187091e-58,3.10541256082338e-20
21,40350120,G,A,0.0441744963442999,1.95570476568117e-34,1.18284205575486e-19
7,120932447,A,G,0.15352276357171,0,3.29980269665399e-253
1,22710877,G,C,0.0401706486344182,3.42217499966492e-16,5.04634652196043e-19
1,22531542,G,A,-0.0525007391881836,1.32743407404815e-10,6.54359217834947e-13
1,22668771,C,T,-0.0339906874924874,7.73009331808e-15,5.66813530285018e-18
12,49379537,G,T,-0.178076503827504,2.76389526753577e-19,7.77225512138839e-19
4,88831249,A,G,0.0414133774158681,7.65178085187645e-35,1.1630400028495e-18
12,13328208,C,T,0.115976026477065,1.4376712635469e-19,1.78912714021284e-18
17,58906854,C,CAA,0.055015594945352,1.34313147315842e-22,2.29867975301265e-17
14,103881561,TAACA,T,-0.0390055594300408,5.28227682737585e-34,2.34558234241565e-17
18,13688383,G,A,-0.0384521926341688,1.22763301412208e-34,3.52230103039818e-17
11,115044850,C,A,0.037270482065662,5.35109180976629e-39,4.77963808440285e-17
16,410178,G,A,-0.0944796733128691,1.19184362494834e-18,8.47335498997936e-17
1,68658267,A,C,-0.0370524670472858,3.70432853467587e-46,1.0407873710091e-16
15,51516055,C,A,0.0413635957000778,6.58973289457179e-27,1.51518437899715e-16
2,42247361,G,A,0.0432889586093639,1.25238992572416e-24,2.34427859826123e-16
13,22812173,A,G,-0.0378715696891942,2.20066446240105e-31,3.40534709570579e-16
12,1637130,T,G,-0.0667943608473976,5.38137631615942e-18,9.85723509698169e-16
8,116663898,G,A,0.0386854014711346,1.13085088105054e-26,1.49010076885388e-15
13,99536215,T,C,0.0389599918916877,4.02864063981333e-25,3.43330938470002e-15
2,119161638,A,C,0.122240429638491,-99,4.31783281965751e-35
