chrom,pos,major,minor,beta,p_value,gwas_p_value
7,120959155,A,G,0.159301590569873,0,1.3813668917531e-292
2,54659707,G,C,0.0819075002178218,4.57279967804741e-134,4.86407680920186e-76
2,54855137,C,T,-0.0468271440665631,9.25089661247995e-29,6.75158653819797e-20
6,127459552,G,C,0.0748616862719152,1.74777494991676e-193,1.50421860937811e-69
22,19677948,CG,C,-0.110304527301532,3.04923550314355e-69,3.05028987812487e-55
11,112437007,G,A,0.0635743126010647,1.80086617640315e-116,8.06771159857369e-49
6,151907958,T,C,-0.0612766125899244,1.68074992352068e-54,1.21827437898526e-46
6,152010370,AT,A,0.0555537422811251,6.8956020645563e-72,1.3763270368921e-45
10,54424528,A,G,-0.115891414345776,4.71974204682689e-75,2.02002929059439e-46
10,54413909,A,G,-0.0496936082817222,3.62668456703116e-51,2.00209811821682e-12
19,33527677,T,A,0.103437428944865,4.77331119345092e-51,1.01340425685575e-42
11,86857360,AGATCAGCCTGAGGGAAT,A,-0.0589623969339525,5.70072147525067e-67,2.27233483602538e-36
2,119539208,G,A,0.182764111472816,3.24321402836273e-28,1.9435488299577e-34
2,119587710,G,T,0.0265922358988912,4.78831623319729e-18,1.97705069455707e-13
6,133575875,A,C,0.0448773107650568,2.11843736378441e-38,2.30874712109875e-34
6,133339485,G,GA,0.0338248614643811,1.39524129499241e-15,4.5348720411026e-23
1,240586695,C,T,0.0653565992383511,3.26443195368839e-49,9.76415543922267e-34
14,54419106,A,C,0.0538586507009937,8.04485344077726e-79,1.75147411457369e-33
20,6404351,GA,G,0.0521807730464192,6.10613692490195e-66,4.00757290657263e-32
4,994414,G,A,-0.0654072640399892,2.31698857379366e-37,1.98845316830281e-28
4,1192775,T,C,-0.0767853326929681,1.31932285113752e-15,2.77197404461702e-12
4,997488,G,T,0.0642878792632118,2.76130605867545e-13,1.67535452971362e-17
10,31053282,C,G,0.045337979949245,1.62885390455229e-73,1.93373670205537e-26
8,9086392,T,A,-0.0447705688439565,1.88101238646473e-75,5.95410015502165e-26
2,119510493,G,GC,0.260411693866665,4.39597550724401e-30,2.60757591859809e-34
2,202832130,C,T,-0.0515882181576842,2.77372884294539e-37,3.92459908443343e-24
12,90533915,C,T,0.043821125268437,9.19462695707552e-54,7.17168245873183e-24
7,38110626,C,T,-0.0368507749293312,1.05972507294614e-25,2.87220282574556e-22
7,37946958,A,T,0.0440706359270256,1.26794449705441e-16,1.68637357767737e-13
7,38153747,C,T,0.03432832759757,1.32724690186076e-13,1.33134975208351e-21
20,10629525,T,C,-0.0726750833604272,1.88718623924254e-22,4.14404634625324e-22
20,10984360,T,C,0.0388331667696436,6.08802915229417e-45,1.17824444025539e-18
17,41826839,G,C,0.0699146696839482,3.36308331420076e-21,7.94117672940433e-21
17,42191893,T,G,0.0318520397614245,2.01355681347022e-19,8.35029915629134e-13
12,49379537,G,T,-0.180981255698009,6.29126535999458e-21,1.81528541148684e-20
16,51903981,C,A,-0.072115801365051,2.32696113518989e-17,3.74669567375917e-20
16,51784918,A,G,-0.0259978455399764,8.47032460323417e-18,1.46294601207494e-12
18,13659019,C,G,-0.0406636895475913,1.46216412054646e-40,5.05019519374726e-20
6,45386202,T,C,-0.087579172940871,7.8087014317006e-22,7.81425923735347e-20
1,68664755,GAC,G,-0.0374686979511072,9.3088878645769e-40,9.24509336998812e-20
1,68725704,A,G,0.0366113232025025,4.84956618202201e-12,1.46093647906193e-13
22,29477841,G,T,0.0404000523720858,3.86730186292259e-39,1.13156672203497e-19
7,96133531,C,T,-0.0408540396833599,7.74588431757445e-38,1.26656733048235e-19
17,2026417,G,GA,-0.0413657096021564,2.94824662543618e-36,1.52144818404283e-19
12,13298965,A,G,0.119262267654718,2.32377659708332e-20,2.72777021073222e-19
3,41120417,G,A,-0.0378368662756787,8.38473261039217e-46,8.6291733220861e-19
13,99560396,G,C,0.0418153713900213,2.27420474703688e-30,2.81074833263957e-18
4,88831249,A,G,0.0393971329942672,1.77133020792654e-33,6.79604074925897e-18
7,120932447,A,G,0.138875091554927,0,2.38064973684042e-219
11,27303937,T,C,0.0371672390949309,7.63690484239226e-35,4.5331789476364e-17
7,27970454,A,T,0.0390602873518823,1.37010376129659e-29,7.85094132847583e-17
16,410178,G,A,-0.0908741774527756,2.72859710022626e-18,1.77852514702594e-16
14,103895020,T,C,-0.0360676929436789,7.79531118663747e-31,7.36307746912449e-16
15,51516055,C,A,0.0391993585509427,1.22133123221808e-25,9.47166605694414e-16
2,42267135,C,CA,0.0403385479804042,3.45386365068108e-24,1.55931370144668e-15
11,68174189,G,A,-0.0615135895875494,3.68827379388915e-10,2.60646325438669e-15
11,68162091,G,A,-0.0354369729435393,8.91156166804559e-13,2.95829723565287e-15
20,7551554,G,A,-0.0354914949916111,3.6696555710862e-28,6.25230979077181e-15
13,22811940,G,A,-0.0348495761744066,5.21129382311832e-28,1.08715225532016e-14
11,15243059,G,A,0.0620363933282549,1.29915812528974e-16,1.55696033614212e-14
13,42973283,T,TA,-0.0324814691390979,2.15042925056978e-38,2.86034314338374e-14
1,2921939,AC,A,-0.131576846983539,1.03792604373458e-14,3.51657393756333e-14
11,35097298,T,A,-0.0320085654156793,6.25780027688159e-36,5.27239914577558e-14
21,40350120,G,A,0.0355926708033218,3.71988239407514e-24,5.50159937339974e-14
17,59006224,C,T,0.0447437310430367,4.02803115958162e-18,8.20960187089149e-14
8,116663898,G,A,0.0347567797957906,5.23845222065531e-23,1.69895052264045e-13
1,22668771,C,T,-0.0374767085113427,1.61359668094986e-20,1.7486047592213e-13
4,146151286,TA,T,-0.0420550645106407,1.58085390717266e-18,2.37114671009706e-13
1,119453579,G,C,-0.0414145461720401,3.04393138451813e-18,2.59788033365733e-13
2,119161638,A,C,0.111258728077754,-99,2.61604658476773e-30
