chrom,pos,major,minor,beta,p_value,gwas_p_value
07,120962164,A,G,0.156010520024883,1.01932639191567e-295,0
10,54437901,G,T,-0.149810752754608,1.41445598530478e-212,1.73389520117627e-133
10,54412481,C,A,-0.0637164268742087,9.76798541767785e-139,6.43175441923282e-34
06,151901409,C,T,-0.0759653545331003,1.79622495189507e-137,3.22757147186612e-116
06,152010534,T,C,0.0696378098940724,5.08176506055659e-185,7.12787546966791e-116
06,127468274,A,C,0.0741400948510147,0,1.75307333921183e-112
02,54683711,C,T,0.0757668841603519,1.11168896194631e-166,7.83484276827676e-102
02,54871277,A,T,-0.0474582561351342,2.36174897102036e-54,6.19335034498208e-35
22,19679303,G,A,-0.109139839518596,5.07159547756932e-115,3.43381982880757e-92
01,240586695,C,T,0.0809102435057405,1.14649634502591e-123,2.36811192807832e-84
11,86887931,A,G,-0.068734699728189,1.10593685053577e-159,2.71345598130812e-84
02,119510493,G,GC,0.299180311763684,1.16451352100193e-59,8.62695100069317e-79
02,119605586,G,C,0.0488895674490667,7.92204001054055e-58,7.46912390105605e-51
07,38108665,A,G,0.0521339575016915,3.02753328221536e-44,3.66834308015531e-71
07,38110626,C,T,-0.0497533380087417,4.20058546880559e-75,1.17348257076296e-68
14,54419110,G,C,0.058278143730823,7.04380331016814e-152,7.4588641250999e-63
13,42952145,C,T,-0.0518503590020292,1.35226300537919e-160,3.13448270588377e-56
11,112396795,G,C,0.0529492552327691,1.55941678831954e-128,1.64767000144593e-55
19,33544187,G,A,0.0881221906365642,7.71482256797202e-65,3.67438788125703e-54
17,2026417,G,GA,-0.0543771096401992,2.53300577296405e-101,2.87701601746112e-53
06,133577921,A,C,0.0466325449093238,4.41258097314285e-66,1.31873584283478e-51
06,133816623,T,TACTCATTTATTTATA,0.0248182208841486,2.28259360894443e-19,9.14030605661127e-21
12,90533915,C,T,0.0501318323971058,3.48090249052426e-116,1.13767235716678e-50
04,1003022,C,T,0.0346038106193467,3.10590668430988e-39,4.29505346479139e-49
04,1004864,T,C,-0.0594051250988592,1.47865885926578e-48,1.86172394971415e-47
04,1012300,T,C,-0.0771751328916905,1.14987144074205e-25,2.14029832367101e-24
01,22702077,C,A,0.060945696333885,1.41156486049692e-56,1.05788020870967e-45
12,13328208,C,T,0.141374462680695,5.92073098720257e-48,3.68170282261505e-45
06,44847529,G,A,-0.0970186845348422,8.60733636564195e-41,5.56880805956446e-45
06,44727789,A,T,0.026994627864104,6.33822380466634e-41,6.28102160109638e-24
02,42220572,GTTT,G,0.0563978445297052,8.46491301218158e-69,5.95797005360077e-45
11,27317383,C,A,0.0444945309898806,3.12332508635493e-85,2.15692378315211e-39
18,13719510,G,A,-0.0444149189186741,1.44074246590053e-79,1.26541384614319e-38
03,41123984,A,G,-0.0421876730202235,2.68043637339331e-94,1.78583637514925e-37
08,9085295,T,A,0.0417024301339487,3.42051432936496e-105,5.7275954669481e-37
11,68271686,GT,G,-0.0345957806923449,3.90547395529886e-29,1.70667699107884e-32
17,41798621,G,A,0.0712346434317566,2.09490899305526e-34,2.08802244305655e-32
02,202832130,C,T,-0.047025978509169,1.39500231559354e-42,4.30477189710308e-32
02,202793520,G,A,-0.0364694938794897,6.23454423834437e-12,3.70053365224894e-10
17,59013682,A,G,0.0544469277714564,1.95693352115384e-41,2.79236429170191e-31
07,96146489,C,T,-0.0396072115882419,2.16316011492622e-41,7.4262499458189e-31
07,96041731,T,A,-0.0258811555770193,5.97098283361898e-20,5.58237089145485e-16
22,29474482,AAAG,A,0.0420133848838896,2.36132853524756e-59,8.15449846995247e-31
22,29417909,A,G,0.0256898988175829,1.86570166612834e-14,6.77111279480902e-08
07,30955539,G,T,-0.0449883808399312,6.30282384630438e-48,1.2657891421367e-30
21,40340996,ACAGCCACC,A,0.0425977783117579,4.71171649080141e-44,2.08306953902339e-30
21,40047176,A,G,-0.031806082417899,1.86253532048267e-22,2.23716266363729e-16
20,10984360,T,C,0.0363521919104503,2.0888110662341e-64,4.50830666787227e-29
20,11150594,T,C,-0.0578423019801505,8.01627943055134e-12,5.05804492589922e-12
10,31042804,A,G,0.0365737713647344,1.33972847964653e-83,8.52716478802644e-29
02,118895728,A,C,0.0252370204494293,5.59894041171268e-16,4.29696257261695e-14
02,119132563,T,C,0.0557517082216442,8.16391819383397e-12,3.26042622516338e-32
12,49379537,G,T,-0.190293830012057,1.05694753713208e-34,6.06699934144537e-28
12,49385679,C,T,0.0340511115069849,4.59629713577357e-33,7.41903456044169e-13
14,103852725,T,C,-0.0376422869718685,8.04847129289026e-57,8.96938468541802e-28
11,15226187,A,G,0.0705555882594078,3.92262970617461e-31,2.32626191459201e-27
11,62201239,T,C,-0.115572813133343,7.26374405619905e-31,3.62058908913976e-27
11,62351984,G,A,-0.0203623024808411,1.30342345761356e-18,4.12144438284616e-07
20,7551554,G,A,-0.0368016810620365,2.78756101424269e-49,1.80196490605919e-25
20,6364504,C,T,0.0347455104513452,2.76490409564867e-46,2.58813472088513e-25
20,6755009,C,T,0.0479006448685864,9.55260632130154e-15,1.16357458406869e-13
20,6467481,T,C,-0.0231069836304986,1.78676880503907e-12,1.34726266322952e-09
03,156587548,TC,T,-0.0508024210575495,1.73888285833724e-27,5.38181330765683e-25
03,156795468,A,G,-0.0273577706897935,8.45325249920214e-31,1.19312158866055e-16
11,115044850,C,A,0.0359778081705357,1.42177536075219e-47,5.6455804196663e-25
16,410178,G,A,-0.0770917953324426,1.51220411787729e-21,1.30863954832824e-24
16,359953,G,A,0.0237335139957377,8.26857747637122e-22,4.80963018773957e-17
01,68664755,GAC,G,-0.0290884080573902,1.72520224627668e-26,3.665959447132e-24
01,68604094,A,G,-0.0265008823075252,3.42989225059536e-18,2.31795416063315e-17
01,68725704,A,G,0.032522240646317,2.98897379639932e-14,1.05947566775883e-14
12,1638214,A,ACCCT,0.0346125862609734,1.23826421196082e-27,4.92080552305275e-24
12,1637129,C,G,-0.045321745461946,2.00780223762232e-14,2.77971061115365e-18
12,1629523,G,A,-0.0255398732012529,5.47044300223737e-08,1.56653906716297e-07
16,86714715,G,C,-0.0422800293307907,4.18051388141961e-34,1.04556381283408e-23
16,51903981,C,A,-0.0685589508364164,5.80309868081216e-28,7.5680209104563e-23
16,51758116,G,A,0.0287777439672822,1.05581785423953e-16,1.67893523648693e-17
16,51903866,C,T,-0.0208321471688348,1.09571578900623e-14,6.7311474446143e-06
11,46898771,C,T,0.0328305013136855,9.81364276621057e-42,2.63913888610476e-21
08,116659578,G,C,0.0346062566667253,1.83493224246239e-32,3.45725217554565e-21
08,117158377,T,C,0.0302213127026583,6.78967191893516e-12,4.23353444891532e-08
07,28725536,A,G,0.0354449436137933,6.49115929891474e-28,7.0491459287367e-21
07,28609388,C,A,0.0200369514786429,3.44794575612337e-09,8.11842642584478e-08
19,1169066,A,G,-0.0327342006826979,5.52881306460478e-27,1.7614615279678e-20
19,815086,G,A,0.023807175481048,6.26765288092908e-22,9.46914205281743e-13
09,133452158,C,T,-0.0317300058531072,2.86021058923137e-40,4.43894416140438e-20
07,27970153,C,T,-0.032817470090635,4.85853481712807e-29,5.14316991106406e-20
07,27505331,G,T,0.0171122720401333,1.05452181497131e-09,4.24734956997479e-06
15,51537806,C,T,-0.0282057834041896,8.6126651449941e-31,5.1950462926087e-20
15,51607077,C,T,0.0173271103742609,2.96463805887534e-08,1.27103386149847e-09
13,99584305,C,T,0.0327229938314433,8.14200263980904e-36,5.35765945998222e-20
07,120824194,CA,C,0.0786609078089412,1.74989155814563e-306,6.2967138995571e-105
07,120825166,A,G,-0.111319484511303,9.71764629873772e-38,4.07956978277142e-17
07,120754275,C,T,0.103096142743225,9.58650069365937e-15,2.30962864656032e-29
05,39382261,A,G,-0.0298394540625393,7.67801956035499e-54,1.22564176777347e-19
12,589872,CCTG,C,0.03050493540172,2.18159712034477e-44,1.49284292759606e-19
17,54263286,GA,G,0.0300830074077033,2.42142726137082e-43,2.56672412902516e-19
11,35097298,T,A,-0.0295213194287018,6.62184473150815e-50,2.99858143194183e-19
07,25696199,T,C,-0.0368968254620051,6.15072238905292e-28,3.94409862604628e-19
04,88794878,C,G,0.0391627896626291,2.05893150836448e-21,7.09425707689777e-19
04,88752026,T,A,-0.0305676125813511,1.24443153714446e-12,3.21561332938453e-12
04,38361120,G,A,0.0491939988290136,1.81688418097472e-22,1.27047716320369e-18
16,81580088,G,A,-0.0287928264229342,1.14092277159409e-50,2.39801096013251e-18
15,70552313,G,A,-0.030311929374863,2.58378369072048e-34,4.99389384122869e-18
06,7050935,G,C,0.0901378996696853,9.31038017474814e-17,6.02460047895728e-18
06,7231843,G,A,-0.0385068228527808,1.28161360344664e-14,3.54831190206968e-14
06,6961571,T,C,-0.0165930263654354,6.60433028198975e-12,5.06311995580003e-07
20,39832628,T,C,-0.0354013638916637,4.48764812507643e-26,6.38353511908647e-18
07,15726373,T,C,-0.0293667143703412,9.65755722547136e-28,7.56949577719417e-18
07,16006941,CAAA,C,-0.0180266233454597,1.787763698038e-08,8.62819236595722e-07
10,134459388,A,G,0.0336904158437783,1.04654638191379e-26,1.38155928790676e-17
07,127015083,G,A,-0.100774459833902,4.83157126383622e-18,2.91141220290404e-17
03,56169965,A,T,0.0393821785728753,8.08436632856062e-17,3.08732389339266e-17
03,56192791,T,G,-0.0169030794944222,1.81339734184289e-15,6.09166618241427e-10
11,68381218,TAAGTA,T,-0.0432541009480426,2.71380967377391e-41,2.67353101289509e-32
11,68855363,G,A,0.0280713109621444,6.30562681760797e-29,3.41424593743345e-17
11,68537578,G,A,-0.0680644480731042,2.56017829209088e-07,1.27283037174625e-08
11,118515579,T,G,-0.0322948302653747,1.59711064543765e-27,3.57622138739381e-17
08,71555752,GT,G,-0.0277020106011349,5.97540262403582e-41,6.72119199201557e-17
01,172243879,TA,T,0.0288154582451091,1.4678390817073e-36,7.52812277743917e-17
13,51106788,G,A,0.0305790486334728,1.44647661261042e-28,8.4074336733517e-17
15,67432460,C,CA,0.0276535792363368,8.31382615754643e-40,1.51884878437099e-16
15,67149198,G,A,0.0338563985293024,2.76248766807612e-08,9.55117282195368e-08
01,170683707,T,TA,0.0269776858053909,1.77308124078795e-25,4.48091282109411e-16
01,170521376,G,A,-0.0155550439585646,1.90690082353466e-09,3.41155859475425e-06
14,91453712,CA,C,0.0353764664855574,5.35197246647308e-22,5.40674400426655e-16
X,43877162,C,T,-0.0312693757535871,8.55604914485215e-13,6.19140115402906e-16
X,43877175,T,C,0.0193504232520078,4.09323336814622e-16,1.584162270254e-15
01,210466625,G,A,0.034840116336169,1.09379494829488e-21,1.03361574725855e-15
06,2504051,C,G,0.0261279654964161,1.6197463639902e-31,1.59738879923048e-15
13,22810615,A,G,-0.0299086287044063,3.66990741946181e-28,1.93590166858772e-15
13,22977789,C,T,-0.0237456518151054,4.11814930400314e-15,1.18029973393892e-08
X,56393782,G,C,0.0263255367497694,1.55233881459012e-20,2.28500532054368e-15
09,98229389,C,G,-0.0271276607092292,1.61757510351315e-30,2.33086711683545e-15
10,60264741,A,T,0.0263700246513533,1.27966935189999e-36,2.59338822680706e-15
01,8503242,G,A,-0.0274033959430275,5.31305263063436e-30,2.60418370088965e-15
05,148787469,G,A,0.0272841445048583,1.57023188824496e-28,4.35907591747271e-15
X,8910963,A,C,0.0239426624559424,3.44729376908248e-22,4.36589580347043e-15
20,45595883,C,T,-0.0307180269152651,6.56936539796799e-23,5.89507820749254e-15
16,51025468,G,A,0.0350467028802898,9.97567552296161e-15,8.19419276657625e-15
16,51169234,C,G,0.025377448881181,6.90248557521773e-17,2.70107095240044e-12
16,51016591,G,C,-0.0177860182485209,1.51576659330073e-12,9.55733237818765e-10
06,131344906,T,C,-0.0267649169332821,2.01692233280875e-29,1.06815356428969e-14
01,16177578,A,G,0.0405676067653147,1.81835317480425e-17,2.32143457430131e-14
10,28442841,G,A,-0.0314970141939545,6.42354442873296e-13,2.74949841019216e-14
10,28584624,G,A,0.0518850632529047,7.54052328247321e-10,4.51283871633604e-11
10,27944386,C,T,-0.0177265443089683,8.04554761407578e-14,9.98217843602238e-09
01,221476976,C,T,-0.0254936380696953,7.53833361439674e-32,2.93462644629466e-14
05,50791314,C,T,0.0343595111068042,1.19166605972296e-11,4.06676476208017e-14
05,50590195,G,T,-0.0190834590821306,6.34444605457279e-19,9.20470360087209e-13
11,59962189,G,A,-0.0253007941251107,2.22587553963882e-31,4.28992018042885e-14
17,27948844,C,T,-0.0249095758605393,1.16917208648779e-33,5.92429453195574e-14
04,146167657,A,G,-0.0330136157758387,8.14794695084653e-19,7.14659001244919e-14
04,17875735,TCTC,T,-0.0266525339876114,1.38070914463164e-20,8.80597821620401e-14
04,17674888,T,C,0.0629728525433908,2.59248650465406e-07,2.92812695271221e-08
06,55644601,G,T,0.0484454165175989,3.3957510456925e-14,9.43212318633008e-14
06,55676621,C,T,0.0799496393696348,7.35011981915706e-13,1.01776813967754e-12
06,55300968,A,G,-0.0166767418164444,5.049144787146e-11,6.66963058363401e-10
01,2904634,A,G,-0.0989004924167493,3.58789629549141e-14,9.91784921808501e-14
17,48337073,T,C,0.0248533406186862,2.47839138563669e-14,1.11719119017682e-13
17,48260824,C,T,0.0484221892267398,5.1030644903751e-09,1.68562706688944e-12
08,119917642,T,C,0.093513894867947,5.55121725608025e-13,1.33068430704966e-13
08,119951900,A,C,-0.0264412341891254,6.79637520266212e-22,5.45611254616214e-07
08,119742870,A,G,0.0259656240491309,6.30206455385073e-07,3.36677371495364e-07
06,29899485,G,A,-0.0248240321415622,1.85455524011518e-30,1.4617929065366e-13
06,29413117,A,G,-0.0874947240625124,6.65140999504719e-08,1.05996942683807e-08
11,113029572,A,G,-0.0893946558425876,7.28411141347225e-14,1.50534713204343e-13
11,112542089,C,T,-0.0224777352657339,1.15390459432287e-09,9.50682630190688e-08
11,112833246,G,T,0.0240927734538463,2.17301705906587e-07,4.90795595298336e-08
07,105494963,A,G,0.025849981915082,3.58320082212371e-25,1.63751604434844e-13
03,50274278,C,T,0.0426039556976988,3.78845755945888e-13,1.74693185875453e-13
03,50080920,CA,C,0.0180219535061968,5.56753517960047e-19,2.84400470175107e-08
07,27243221,T,C,0.045061375956094,3.32268123419558e-14,1.87639978798725e-13
07,27653025,AT,A,-0.0302677535601,1.23922192771624e-13,8.09332560524723e-11
07,27239550,C,T,-0.0695452172651265,1.61891620839792e-10,1.94018267246308e-11
02,200446732,T,A,-0.0315802489267716,2.1856605007296e-16,1.89054583695774e-13
02,200162425,C,T,0.0197591362971396,5.20228383684696e-08,9.3822078647757e-07
09,96445594,C,T,0.0229169466600283,6.32679914337101e-10,2.28254452445605e-13
09,96916536,A,T,0.0219658834909815,5.08860792517347e-13,3.98324732986633e-10
05,80281743,G,GGT,0.0271907332443066,1.05441901886825e-22,2.32429772629621e-13
20,33263828,TA,T,0.0256508607487521,1.35320568837455e-33,3.00175851181735e-13
01,220039754,T,TG,-0.0254761596681604,6.8787668323197e-15,4.16068499856887e-13
01,220122993,A,G,0.0300063997573606,1.46915671332631e-16,1.74252044495256e-12
04,95089067,G,A,0.0310541195212463,5.08671353559533e-18,5.00941152293365e-13
02,28941150,A,G,0.0213495399550308,1.18549379437732e-12,5.77499761090206e-13
02,28863486,G,A,0.0180757106838438,5.77077908054331e-10,1.12239668235229e-10
02,54745110,A,G,-0.0678760657155283,5.97463305773123e-64,2.71203418373428e-52
02,54794927,A,C,0.0345033970368306,1.71214718391933e-27,1.07722646495826e-18
02,55179512,C,A,-0.0287456709580951,4.89340223770596e-07,5.98538658398301e-09
17,9154855,A,G,-0.030266803429162,3.75279828984698e-18,6.96580440303361e-13
15,91059898,GT,G,-0.0238853778022398,1.56827233929114e-30,9.82474734705438e-13
06,74509629,G,A,0.0234476661895427,7.09583327689415e-34,1.01459135719542e-12
05,122742602,T,G,-0.0261762665438733,9.14024052096872e-21,1.48450292924398e-12
02,238372824,T,G,-0.0250503836363304,8.61903288605651e-15,1.90802360525535e-12
02,238212373,A,T,0.0171892321954304,1.62820278989256e-09,3.1769977317718e-08
17,926121,G,A,-0.0246761165133277,2.71071649313011e-21,2.15863193199904e-12
17,737654,C,T,0.0362328587299564,4.09659409816249e-06,5.03710154239296e-06
06,130345791,A,G,-0.0255856516201017,1.2723837405444e-18,2.99363572936347e-12
06,129952675,T,A,0.0225300623493454,2.11940616981362e-11,1.73352960091287e-08
11,16244497,G,A,0.0217527499105978,7.91072768022581e-13,3.25332401264886e-12
11,15971135,C,T,-0.0532937112631266,1.53168617667119e-06,6.75672528204724e-08
17,69845900,T,A,-0.0229937502484352,8.51312276028737e-30,3.38055619025957e-12
04,87976359,A,T,0.0234839507961162,1.38525154766342e-26,3.42938376406596e-12
11,8900394,C,T,-0.0307024090632037,2.3266294319475e-16,3.8324031915336e-12
10,27892500,G,A,0.0226679687005184,1.04023433946638e-25,4.43026439732005e-12
10,28337574,T,A,-0.0197122752835083,1.43532860215689e-07,9.13447229004596e-07
20,10976954,A,G,0.0305606824537515,1.44584452978235e-35,1.2186948889522e-25
20,10640201,G,A,0.0273580410775729,1.21138387324621e-16,1.44941455475802e-19
10,114724473,A,G,-0.0280361721116208,1.82635412503085e-14,7.32572289916144e-12
10,115106330,A,C,0.0202650788276183,3.92169222975927e-11,2.96247421609653e-08
10,114351933,A,T,-0.0193638375576838,7.25561898815933e-07,2.99182625924991e-06
06,164126233,C,A,-0.0332980393935086,6.66607942014572e-15,8.66879672426773e-12
02,181951865,T,TAA,0.0244799512525003,5.5142275476747e-21,9.8477255031021e-12
02,40666351,A,G,-0.0225744370465967,4.80767781501371e-31,9.85758822778834e-12
17,29818258,C,T,0.0193474822460394,6.58013783991512e-16,1.37033587218687e-11
17,29891429,G,A,-0.0246946256607615,2.18602904601739e-09,9.43496477592968e-11
01,21932625,G,A,-0.0266829661286802,1.79098219434099e-07,2.81312957006174e-11
01,22132518,G,A,0.0210991633867302,1.36141948591077e-07,3.83137685592016e-07
11,65466496,AG,A,0.0248103844118374,1.18234666380928e-21,1.48827051280199e-11
11,65343399,C,CCCCGCT,0.0255836289484852,7.76634514900193e-13,1.90275463703946e-08
11,65326804,G,T,-0.0705534181208567,1.6243924553907e-08,6.62961702770124e-11
08,127990833,G,T,0.0237444789820451,5.26679614600105e-21,1.53754960797596e-11
07,42606913,C,T,0.0499623418113884,1.11501723722691e-12,1.59158113576865e-11
02,68079666,T,TC,-0.0231452495847118,4.95118606878265e-22,2.10781489791248e-11
08,71919946,G,A,0.0244879586022306,3.12081545502956e-26,4.7250113782964e-16
08,72219699,A,G,-0.0248343879732818,7.47980075481551e-14,2.49900632263791e-11
08,72083963,A,G,-0.0244056053103479,1.3176116879053e-06,2.49111850897578e-06
16,23082032,TA,T,-0.0236676401358306,6.36126354151208e-23,2.90897070369517e-11
17,63549979,A,G,-0.0220785244957684,1.62150674755312e-17,2.96773621606472e-11
17,63243004,CA,C,-0.0276614155840572,2.74474369768484e-11,3.89160272084995e-10
19,2523781,G,T,0.0235013671356457,2.47860403826621e-15,3.46365079948239e-11
19,2158999,AT,A,-0.0166674055982627,1.31563173081203e-10,9.6688982134687e-07
14,23312594,G,A,-0.0264572432491055,1.75821437246208e-16,3.58216819773886e-11
21,28773868,T,G,0.0219654846289059,1.10608858844167e-26,3.69967608406673e-11
13,94066952,T,C,-0.104811467344418,7.29610894940156e-11,4.43004166698584e-11
13,94380457,TTTTG,T,-0.0339262879776679,1.06862101375172e-06,1.73962102289925e-06
13,94031602,G,T,0.0336018930338678,1.43577115974005e-06,1.23679816302603e-06
21,35717837,T,G,-0.0272437334395876,9.76724962658831e-14,4.50077328996951e-11
21,35567987,C,G,0.0430313520552037,4.18745600695954e-07,1.16734858207741e-07
10,79399656,T,A,-0.0281337474496405,3.08347799369522e-15,5.00004626566874e-11
20,32280829,G,T,0.0238492811432848,1.85675937832665e-19,5.02106391513639e-11
05,51948395,AT,A,0.0274200046705268,1.89348459141014e-15,5.6756037067032e-11
19,3375572,A,G,-0.0343202340604042,1.23601894961037e-13,8.22027809482824e-11
03,11573615,G,T,0.0271509176785053,2.3910195489804e-15,8.79596795483314e-11
07,20356798,C,T,0.0311124839512103,3.31901216324894e-12,9.39261279296139e-11
07,20052860,T,C,-0.0232726573104512,3.14970842086602e-11,5.64880572093325e-09
08,116671848,G,A,0.0340196106191417,2.16916263865698e-29,5.94677236865943e-21
08,117167843,T,C,0.025895687009952,2.95116916119777e-16,9.81183795855921e-11
05,42529548,A,G,0.0213835571988637,4.57215117127679e-27,1.14167789130544e-10
22,46375611,C,T,0.0286451213202519,1.37946645577424e-13,1.28029493628736e-10
22,46710962,G,GT,0.0246506214380388,1.50361165402097e-07,2.44635205869523e-06
16,55532458,T,C,0.0208806521389015,1.31661763500298e-17,1.4091251335764e-10
16,55069361,T,C,0.0215871018837461,4.02597945969833e-12,7.46010805598547e-10
08,80822461,G,A,0.0222978429867398,3.62781084251743e-20,1.46754616111893e-10
11,115080042,C,G,0.0350599339680404,8.19259034235828e-46,1.0619834658864e-23
05,72610957,A,G,0.0247391985557307,3.90805086590074e-16,1.88594093918162e-10
18,10348334,T,C,-0.0213224868265829,2.04155766299441e-17,1.89149744202037e-10
18,10032806,G,A,-0.0172475250898887,4.64622360694294e-09,1.32045983601208e-06
10,20142470,G,T,-0.0244718018930272,5.87966107811961e-16,2.08902059079581e-10
10,20513949,G,A,-0.0737509719623568,3.65741622050412e-06,3.71747214966793e-06
06,155334213,C,G,0.026693288353335,1.29066707104876e-09,2.23329066738032e-10
06,155349999,C,A,0.0161643942935382,4.24519818069004e-09,1.21471464034441e-07
04,146077698,A,G,-0.0314319777711278,3.65309955052733e-12,6.41380275935002e-13
04,145597759,G,A,0.01789420182436,6.90420820793222e-16,2.41114215317268e-10
13,110440832,AT,A,-0.0221138141758948,3.95113889440456e-19,2.43488895759338e-10
06,168432467,G,A,-0.0313848180679242,1.46229366731774e-15,2.60686130222988e-10
06,168128170,G,GTAA,0.0369053430692556,1.09600699179789e-12,1.86528561582883e-09
06,168479314,T,C,-0.0227478021775305,6.33462777587485e-07,6.12265062067987e-06
10,102075479,G,A,-0.0277008106629648,6.09448379596417e-14,2.81072075915301e-10
09,95643890,C,CA,-0.0223462856835734,4.40183731816774e-20,2.83752971756279e-10
01,38461821,T,C,-0.0210222062009068,1.03201130655352e-24,2.84627828947285e-10
06,126386403,G,C,0.0173573332264673,2.2986207534672e-13,2.89898373770714e-10
06,126600533,A,C,-0.028122392408452,5.28692510928932e-13,2.54120982260385e-09
06,126642219,G,A,-0.0251557541440821,2.09854588552202e-10,3.05331744824592e-06
16,53834508,C,T,-0.021871343228959,1.30900746814116e-13,3.41096449342258e-10
16,54288061,G,A,-0.0296935296327643,2.60538098877345e-07,8.64106303814186e-07
16,54020442,T,C,0.0165878195283646,1.11446222400357e-10,9.3324690272984e-06
17,43130624,GGTTT,G,0.0181939256208309,1.52069397999444e-14,3.47102869244135e-10
17,43511281,TGGCTAACACGGTGAAACCCC,T,-0.0224787283200904,2.55303367870303e-08,3.92556971665446e-09
12,28614139,G,C,0.0229597145007784,9.95343540959579e-13,3.52326810759605e-10
12,29103922,A,G,-0.0228078878340478,1.19709860731639e-08,3.3275020190388e-08
01,113205526,C,CTGT,0.0231217757065027,1.8907229516648e-13,3.54043767384121e-10
01,113010808,G,A,0.0176184947077735,1.01758440587037e-11,2.84025543149356e-07
09,96948218,AT,A,0.0222222402866799,3.75712837664914e-13,3.54544959619713e-10
09,96472072,C,G,0.0226822935448897,6.39170908926001e-10,8.70283913790891e-13
11,10922033,A,C,-0.0266965860493052,2.89341521748085e-14,3.95733273918937e-10
09,110907520,G,T,-0.0235307375910654,1.68314320578796e-12,4.2993460209495e-10
09,111133954,C,A,0.0183658431220039,1.25817093235245e-08,3.69959532819005e-07
16,4021734,G,A,-0.0283569633487532,4.34699581679731e-12,5.15781199244238e-10
16,4447477,A,G,0.020150965986443,6.03518366165892e-10,2.87146813196236e-07
06,27846744,G,C,0.0300587116177879,9.48393469123599e-13,5.46288388703827e-10
17,7790048,C,A,-0.0435929820449439,3.91550974215608e-13,5.60309256527586e-10
17,7371932,T,C,-0.019031653349442,1.53459479171248e-15,2.34227812945041e-06
05,127787610,C,T,0.020342216621595,1.84911418297533e-26,6.08566792155077e-10
05,54832387,G,A,0.035788298021245,2.59060724268761e-10,6.39036712431604e-10
05,54787875,AT,A,-0.0268980514208711,3.67769303627335e-08,5.09378830439484e-09
05,55015068,G,A,0.0367192640126182,1.86982993921431e-06,4.13731984847378e-06
16,11642910,T,TA,-0.0208760371043514,9.55057910818861e-15,6.46033267834566e-10
16,11919274,A,G,0.0197103597445062,3.94750127203927e-09,1.37137416534102e-07
15,85660184,T,C,-0.0431242084168002,1.07548578697124e-09,6.64150575517569e-10
15,85498209,A,G,0.0189167064519012,3.49472726761536e-09,2.28287392684699e-07
07,92237533,A,T,-0.0249598346294204,2.45538128389663e-14,7.29743609795291e-10
06,21894616,AAG,A,-0.0319800985413617,7.21929753761897e-11,7.586256527167e-10
06,21395407,T,C,0.0155086159301005,3.53347794575096e-10,5.24923982586512e-06
14,53752240,T,G,-0.0216750343092432,7.62399395580042e-18,7.63668768029919e-10
06,56377713,C,T,0.0710002696440923,3.62585165363972e-10,8.91058613555017e-10
14,35224430,C,A,0.0201451813793866,7.84950544989912e-26,9.53971487168966e-10
16,67322118,G,C,-0.0608433591927768,1.26476154388414e-09,9.64688081543239e-10
16,67005605,C,CA,0.0213746099477018,2.68863166340948e-08,6.45256723183033e-07
17,43946291,A,G,-0.0252406936205912,4.71037688433369e-14,1.03803121186368e-09
01,218944491,A,G,-0.0208267325748194,3.58337135351582e-18,1.1168618441249e-09
01,218518422,G,GTCCT,-0.0235321354385115,3.0002915431719e-08,2.01996427788521e-07
01,218729686,T,A,-0.0499112564015735,2.31189164238902e-06,4.23021274674318e-06
04,86736384,AT,A,0.0329944708107527,1.28880315131015e-11,1.1430321590155e-09
18,60054857,C,A,-0.0230852912763428,2.71706016373022e-15,1.20215299511989e-09
07,119659037,T,C,0.0288437969494099,1.19054516407012e-15,1.24784446612376e-09
07,120128089,C,A,0.0965938481540821,6.55251724844735e-09,7.48352506554607e-08
07,120001555,G,A,0.0711417254321018,6.77590353663217e-09,2.1099405788533e-07
05,158242545,G,A,-0.0264785694647949,5.46710018596632e-13,1.3155221951352e-09
17,17136891,T,C,0.0201422518696485,1.15194916227291e-21,1.36846917879459e-09
22,36677914,A,G,0.0228433364169387,5.94299897119506e-18,1.40308507279582e-09
22,36813946,AT,A,0.036707613353944,4.15919054630744e-07,6.04225490562346e-06
02,19870341,C,T,-0.0223132384881395,1.10897559205532e-15,1.51790062694946e-09
13,24828827,G,A,0.0273233201702103,1.58351724148789e-12,1.53657593316633e-09
02,203092676,A,G,0.0157195380416103,1.73589400106633e-09,6.2245869081181e-06
05,132443605,CAG,C,0.0220734122120384,3.94839141171113e-16,1.64367703858546e-09
02,218070164,T,A,0.0273136885037809,1.51362426920767e-12,1.64417586975462e-09
11,58810230,T,C,-0.0473244979751169,1.26723039268266e-09,1.65964535729085e-09
11,58421179,T,C,0.015445009609352,2.37149449883313e-10,3.25931596149209e-06
03,57860352,C,T,-0.0252395062102574,2.20779486654636e-13,1.69727804296472e-09
17,41862277,G,A,0.0657801223104309,4.60184022790427e-29,1.56904496969822e-27
17,42801152,A,G,-0.0286935966273988,4.28746467148953e-08,7.75463291465124e-07
01,89255039,T,C,0.0202946199091158,1.30288566048203e-19,1.74210342204493e-09
01,85332120,C,T,0.0220629838359896,2.33423772089054e-16,1.74735003072845e-09
17,79394536,G,A,-0.0236976328097088,6.90623387354702e-13,1.87409066511486e-09
17,79841732,C,CA,0.0269283180741304,6.04076733584289e-07,3.34507242559041e-06
02,233790522,T,A,0.0200032652823378,8.08453930286252e-22,2.0971277454269e-09
22,39125074,G,C,-0.0212840811929514,1.97745904878585e-16,2.38210153241288e-09
12,2502996,T,G,0.0273493805056657,3.68483955152827e-12,2.46534803071149e-09
02,54549967,G,A,0.0360508125135419,2.6604739885303e-19,1.43067903050218e-19
02,54465632,T,C,0.0558300413558498,3.08922430170286e-20,1.47528894565646e-09
02,54492442,C,G,-0.0264299171542372,1.47112141897224e-24,9.92548991780366e-11
17,62479273,A,C,-0.0214954174525137,6.22739172303305e-16,2.6362709377025e-09
06,148829441,A,G,0.0204850283311403,6.29437654046686e-23,2.843760058171e-09
07,38029944,A,C,0.0646309259252733,1.6738364132852e-55,8.49895388383506e-59
07,38009814,G,A,-0.0322297669305436,2.59897150073456e-24,6.80578804379608e-32
11,121800971,G,A,0.0198392420117569,6.32654164837332e-18,2.86631613500049e-09
11,121670712,T,C,-0.0363575515508885,6.15138667215763e-09,1.48702236992415e-08
01,163874234,A,G,-0.019451164842797,6.27487289062977e-24,3.03406320130236e-09
11,48085189,G,A,-0.0238501879563739,2.38124215123648e-13,3.05774378668766e-09
05,135430668,G,A,-0.0304154243198876,2.33761234791404e-11,3.08119292005091e-09
07,96230686,G,A,-0.0285342239840141,9.32530160305013e-29,4.40727100832899e-16
07,96718371,G,GT,-0.0226233023151336,9.68386224476592e-15,3.32809764770746e-09
16,88453759,C,T,0.0207037509875449,5.508354478669e-15,3.50879060009767e-09
16,88854008,C,T,-0.018409241323207,1.43969846123403e-07,3.33905872274978e-06
17,2048713,T,C,-0.0525168153174151,1.06826760706043e-89,1.75425159030099e-51
17,2240400,C,T,0.0682838456746491,6.12842789607012e-07,1.09769593554459e-09
05,31134721,T,C,0.0200194546733201,2.73206314673387e-18,4.40811490521195e-09
03,56270272,T,C,0.0281830491406724,9.63991194659067e-15,3.86522437321033e-14
03,57134246,T,C,0.0184812244739263,4.39429375501508e-09,1.08396239617392e-06
03,56724832,C,T,0.0171845585235125,2.5125477441343e-09,2.49516112744351e-07
01,149995265,G,A,0.0202139237833005,1.17023423759192e-19,5.22672975177953e-09
07,121069949,A,C,0.0852975565324824,2.36767146508605e-169,3.61847446352804e-64
07,121081616,A,ATTT,-0.115003508079722,2.63569791200587e-41,3.0887298333546e-06
07,121069017,A,G,0.154103606344936,1.1861066619325e-29,1.99542633495608e-13
11,92625457,G,A,-0.0215910351861382,1.24579054674944e-14,5.74879653795203e-09
22,50724733,G,T,-0.0212961530675215,8.14614914846186e-13,5.91344266216025e-09
22,50329119,C,T,-0.0188720388197012,9.02778962501325e-09,2.06467535638872e-06
15,65776993,C,CA,-0.022630765195521,4.72459680666909e-14,7.15958142578565e-09
10,28602440,GATAAA,G,0.0216033090487661,5.95334970187415e-17,6.98670556440569e-11
10,29093379,G,A,-0.0191540023807817,7.85859939836252e-13,7.64747608455359e-09
04,157515425,A,AT,-0.021506064200708,1.15841987673493e-17,7.7081721782676e-09
06,2503734,G,C,0.0260997742058478,1.87463664419044e-31,1.69414486584594e-15
02,112484417,G,A,0.0246369446654294,8.00054930233045e-11,8.43931034362659e-09
02,112752362,GA,G,-0.0166071568813556,2.50956970267066e-09,4.88165395977764e-06
02,71630041,C,A,-0.019371651245486,3.42044841709401e-18,8.45609023042543e-09
10,3744022,C,CT,-0.02277031282971,7.4409229724638e-14,8.64196771697369e-09
05,100045362,C,G,-0.018912640739216,1.13269100074886e-22,8.75251912696269e-09
16,1148713,C,T,0.0580503487046849,4.12191988008783e-09,8.99582484304336e-09
16,982832,G,C,-0.0172553877303883,1.28182332152691e-08,6.99314774524084e-06
10,123663944,C,T,0.0198611140979512,4.61565070352165e-15,9.10455096736059e-09
10,124140752,CAG,C,0.022884590418411,1.83693982975229e-08,3.51818985432607e-07
18,46465540,C,A,-0.0190504773750046,1.0840885042521e-22,1.01429188253968e-08
01,119544674,CACACAG,C,0.0192877947326545,4.4520163034947e-18,1.1182252543356e-08
10,131313824,C,T,-0.0199926832335456,8.24836288244059e-16,1.17317557323112e-08
09,136138765,GCGCCCACCACTA,G,-0.0245162272393807,5.13304632828321e-12,1.23938804188364e-08
05,42393369,ATT,A,-0.0221023536892812,1.18390094252224e-27,1.99082530269309e-10
05,73739663,A,G,0.025549067154825,2.1102318699381e-11,1.30481342065131e-08
12,116649969,G,GAAC,-0.0221694078017674,1.86586497957122e-12,1.61273081909218e-08
12,116251777,G,A,0.0259314301017491,6.38601608337666e-07,4.60059781990852e-06
11,16271834,CTT,C,0.0213895217765415,5.17929825207941e-10,7.21930522444473e-10
13,50975192,C,G,0.022301000783334,4.85907081990611e-13,1.14962437597904e-10
13,50504226,A,C,-0.0182961852974797,2.03370021203753e-09,2.94012002482024e-08
13,52205904,G,A,-0.0199772290283279,2.22097171693623e-15,1.7159400214272e-08
17,80508790,T,C,-0.0192373194699352,1.00431607097474e-16,1.742379984846e-08
12,3215022,TCA,T,-0.018831270931097,2.00122314937054e-18,1.81570440777378e-08
14,75787011,A,G,0.0200792491930875,4.27403566053516e-10,1.89250751308178e-08
14,75670211,T,G,-0.0166168882071756,3.72506864182069e-13,1.20446970338547e-07
X,21468207,C,T,0.0777799035937011,1.46950902488725e-08,1.90587411521669e-08
01,75255491,G,A,0.0188115335150846,3.22564767602839e-18,1.93096956808375e-08
10,94961320,A,T,-0.0184255510240227,2.36601617110842e-21,2.11211155587913e-08
07,100510437,G,GA,-0.0193700086775321,5.97434010907398e-19,2.14152638363338e-08
17,58935217,A,C,0.0538890994374565,1.42538520949766e-40,9.34175263942976e-31
14,103910423,C,CTT,-0.0379884595845749,1.4499948876379e-55,1.40795192530513e-27
09,130320557,C,T,0.0251759254478554,1.94081588132776e-11,2.38803157442475e-08
09,111500251,T,C,-0.0259448113357122,7.43968029311904e-11,2.55206033516335e-08
03,32902022,T,TCTC,0.0184540484842413,6.2562104199644e-22,2.5875240966643e-08
04,54338855,A,C,0.0225594697295855,2.04326784955584e-12,2.839648574496e-08
08,70179978,G,A,-0.0203667101905961,1.30248674493989e-10,3.35635410334143e-08
08,70227833,T,C,0.0466974504130248,2.00086881670866e-06,4.34051562023266e-07
14,95549402,C,T,-0.031477172254311,1.65710967795412e-09,3.69642472769405e-08
03,30731123,G,C,-0.0189811080942365,1.95989682116528e-15,3.89322544065723e-08
04,71992629,G,A,0.0277506337410839,4.86660883574669e-10,3.89891918973804e-08
21,36421692,AT,A,0.0243094308848484,3.66726991593421e-09,3.91586806561019e-08
21,36575097,T,G,0.0222378958948215,3.19849115642429e-08,1.12549554264697e-07
21,36878925,CAA,C,-0.0152272770723127,3.73859811411497e-10,2.60095428199698e-06
19,18157742,C,CTTTGTTTGTTTG,0.0205256121802602,1.17826526186609e-11,4.01598934693646e-08
19,18573028,GTGTA,G,0.0173090793309864,1.7144278924055e-09,1.85396365152296e-06
02,159891374,A,G,0.0185388856621439,4.2806130833131e-16,4.37051619590473e-08
01,6693641,C,CATT,-0.0189297455968369,2.98850143740372e-15,4.53144745238576e-08
06,136233659,A,G,-0.0254818246758655,2.48243448713722e-10,4.65443890575828e-08
11,68218290,C,T,-0.0343415094087555,1.87726612116477e-28,3.98400441582852e-32
11,67791077,G,A,-0.0904328145129612,2.63457257077407e-08,2.66858795992514e-09
01,220010583,T,TA,-0.0228561592701986,3.6345524107252e-14,6.0340715095505e-12
01,219015679,A,G,-0.0166194239989043,4.04229767890079e-11,6.31759868126696e-09
12,65995687,A,G,0.0204779828585074,1.37278967462787e-12,4.82663454723124e-08
12,66336692,C,T,0.0213669238968132,2.51729279405347e-09,5.58832754593877e-07
05,36649053,G,A,0.0252962767290302,2.09084290915999e-10,4.91095908763672e-08
05,112185073,T,TA,-0.0185995584662276,6.17139098338235e-21,5.14999037235438e-08
06,109601672,C,CA,0.0180266000224984,9.50292467593759e-21,5.18621536581531e-08
06,127389780,A,AT,-0.0484062175127999,3.91304602687343e-75,5.27210526714733e-40
06,127378698,T,C,-0.064044841802818,7.2927419709943e-15,1.36217208038032e-06
06,126412953,C,T,-0.0184082140729629,1.35769589124841e-09,8.08603433041939e-07
14,70486865,T,C,-0.0213464118736424,6.34166740194328e-12,5.7969780935317e-08
17,59026525,C,T,0.0528015076517417,1.23844672779827e-35,4.62900866388704e-31
17,59508427,A,G,0.0206120742423413,8.14447576290734e-09,3.66127661108405e-08
07,29871974,T,TA,0.0227036045211677,6.54249573846082e-11,6.76419150723123e-08
10,77622692,C,G,-0.0177494725887308,3.15813888240306e-19,6.84306595857162e-08
12,124460167,G,T,0.0187198197937199,2.37997212624224e-14,6.87240081624668e-08
01,27303884,C,T,-0.0182421627575362,3.01707877775626e-16,7.00507620577388e-08
06,168996242,A,C,-0.0199086111336114,8.90796425173107e-13,7.07701391340265e-08
11,12645244,T,C,-0.0302209019815186,2.15302640246276e-09,7.18748062753877e-08
06,31373985,G,A,-0.0540124008096188,9.57119799205493e-08,8.08973188923878e-08
06,31572634,G,A,0.0343320444140915,2.28311116765234e-06,2.74061028881892e-06
06,2048330,G,A,0.0461397479677413,-99,1.87592631110194e-09
20,10634675,C,T,-0.107236183203139,-99,2.27966927262493e-25
11,16630779,G,T,-0.0399521297649354,-99,7.86728884134811e-11
01,22483649,T,TGGGGGG,-0.0803239351541419,-99,1.93687648610928e-27
07,37946540,C,A,0.0884768100651307,-99,1.02825426327695e-23
17,42164584,G,A,0.0648075848038381,-99,3.03003670714019e-18
11,68174189,G,A,-0.103941663463712,-99,3.93474710235003e-25
07,96590472,G,T,-0.0731889521260614,-99,1.82199356091234e-12
09,96623821,A,G,0.040217771894341,-99,2.68675978813268e-13
11,115459742,C,T,-0.054041692657534,-99,1.63188464253279e-09
11,115512211,C,A,0.0561702848276057,-99,3.8799490172718e-09
08,116940451,TA,T,0.0774753768613054,-99,7.16749839214145e-11
02,119038598,G,A,0.105569936671881,-99,3.84206831847409e-53
02,202958208,C,A,0.0557397500979963,-99,1.11013192706487e-15
01,219783674,G,A,-0.069943768032533,-99,4.87528615633812e-10
