chrom,pos,major,minor,beta,p_value,gwas_p_value
7,120959155,A,G,0.159301590569873,0,1.3813668917531e-292
2,54659707,G,C,0.0819075002178218,4.57279967804741e-134,4.86407680920186e-76
2,54855137,C,T,-0.0468271440665631,9.25089661247995e-29,6.75158653819797e-20
6,127459552,G,C,0.0748616862719152,1.74777494991676e-193,1.50421860937811e-69
22,19677948,CG,C,-0.110304527301532,3.04923550314355e-69,3.05028987812487e-55
11,112437007,G,A,0.0635743126010647,1.80086617640315e-116,8.06771159857369e-49
6,151907958,T,C,-0.0612766125899244,1.68074992352068e-54,1.21827437898526e-46
6,152010370,AT,A,0.0555537422811251,6.8956020645563e-72,1.3763270368921e-45
10,54424528,A,G,-0.115891414345776,4.71974204682689e-75,2.02002929059439e-46
10,54413909,A,G,-0.0496936082817222,3.62668456703116e-51,2.00209811821682e-12
19,33527677,T,A,0.103437428944865,4.77331119345092e-51,1.01340425685575e-42
11,86857360,AGATCAGCCTGAGGGAAT,A,-0.0589623969339525,5.70072147525067e-67,2.27233483602538e-36
2,119539208,G,A,0.182764111472816,3.24321402836273e-28,1.9435488299577e-34
2,119587710,G,T,0.0265922358988912,4.78831623319729e-18,1.97705069455707e-13
6,133575875,A,C,0.0448773107650568,2.11843736378441e-38,2.30874712109875e-34
6,133339485,G,GA,0.0338248614643811,1.39524129499241e-15,4.5348720411026e-23
1,240586695,C,T,0.0653565992383511,3.26443195368839e-49,9.76415543922267e-34
14,54419106,A,C,0.0538586507009937,8.04485344077726e-79,1.75147411457369e-33
20,6404351,GA,G,0.0521807730464192,6.10613692490195e-66,4.00757290657263e-32
4,994414,G,A,-0.0654072640399892,2.31698857379366e-37,1.98845316830281e-28
4,1192775,T,C,-0.0767853326929681,1.31932285113752e-15,2.77197404461702e-12
4,997488,G,T,0.0642878792632118,2.76130605867545e-13,1.67535452971362e-17
10,31053282,C,G,0.045337979949245,1.62885390455229e-73,1.93373670205537e-26
8,9086392,T,A,-0.0447705688439565,1.88101238646473e-75,5.95410015502165e-26
2,119510493,G,GC,0.260411693866665,4.39597550724401e-30,2.60757591859809e-34
2,202832130,C,T,-0.0521735310537757,3.91752818282314e-30,3.92459908443343e-24
2,202954983,GA,G,0.0253551773232523,5.34600998246636e-15,2.12265146199756e-08
12,90533915,C,T,0.043821125268437,9.19462695707552e-54,7.17168245873183e-24
7,38110626,C,T,-0.0368507749293312,1.05972507294614e-25,2.87220282574556e-22
7,37946958,A,T,0.0440706359270256,1.26794449705441e-16,1.68637357767737e-13
7,38153747,C,T,0.03432832759757,1.32724690186076e-13,1.33134975208351e-21
20,10629525,T,C,-0.0669616602240372,2.68424255397695e-19,4.14404634625324e-22
20,10647951,G,A,0.0306154058143945,7.9701732678741e-10,4.45964143888345e-13
17,41826839,G,C,0.0701815050939648,1.33414403210807e-20,7.94117672940433e-21
17,42191893,T,G,0.0287865717500783,1.04911521747741e-13,8.35029915629134e-13
17,41809110,C,CT,-0.021321002822909,1.07456893718733e-10,2.18259832578844e-08
12,49379537,G,T,-0.199965901961642,4.59285617064035e-24,1.81528541148684e-20
12,49385679,C,T,0.0294577484767915,1.10237391566685e-15,7.42358898348761e-06
16,51903981,C,A,-0.0678129030893093,3.09851603467882e-15,3.74669567375917e-20
16,51784918,A,G,-0.0263345941262813,4.81591379920048e-17,1.46294601207494e-12
16,52023106,C,T,-0.0347786204286467,7.00649676951994e-07,2.39226072877546e-08
18,13659019,C,G,-0.0406636895475913,1.46216412054646e-40,5.05019519374726e-20
6,45386202,T,C,-0.0791715735772766,6.96467471252373e-18,7.81425923735347e-20
6,45204631,T,C,0.0210765545963436,2.71725321945649e-13,2.65103883972233e-10
1,68664755,GAC,G,-0.0300671384363176,5.64354934445403e-23,9.24509336998812e-20
1,68725704,A,G,0.0400655899648915,1.09968413766855e-13,1.46093647906193e-13
1,68591253,C,T,0.0285466665983443,3.90244098270952e-13,2.10254922153291e-13
22,29477841,G,T,0.0393619798683366,3.95789384534168e-35,1.13156672203497e-19
22,29251926,C,A,-0.0361974088069619,1.12784518385093e-06,3.80291760743818e-07
7,96133531,C,T,-0.0408540396833599,7.74588431757445e-38,1.26656733048235e-19
17,2026417,G,GA,-0.0413657096021564,2.94824662543618e-36,1.52144818404283e-19
12,13298965,A,G,0.123306514893284,1.25572086118396e-21,2.72777021073222e-19
12,13333283,G,A,0.0518462318229439,4.31868525092616e-11,1.45190228835608e-08
3,41120417,G,A,-0.0378368662756787,8.38473261039217e-46,8.6291733220861e-19
13,99560396,G,C,0.0418153713900213,2.27420474703688e-30,2.81074833263957e-18
4,88831249,A,G,0.0393971329942672,1.77133020792654e-33,6.79604074925897e-18
7,120932447,A,G,0.149141082341346,1.58649005370961e-275,2.38064973684042e-219
7,120927109,C,A,-0.0389695766438177,5.04079306105716e-08,1.18824391905486e-37
7,120927720,A,T,-0.0271024598026771,1.69899062512497e-06,1.25636882289385e-39
11,27303937,T,C,0.0361816839478957,4.11844099628862e-32,4.5331789476364e-17
11,27372423,A,G,-0.0489695160015812,1.73408366942342e-06,4.5350820098589e-07
7,27970454,A,T,0.0389634283544863,7.90443150927291e-29,7.85094132847583e-17
7,28120556,A,C,0.0678361770707212,1.76635937183695e-06,2.01754495938898e-06
16,410178,G,A,-0.0908741774527756,2.72859710022626e-18,1.77852514702594e-16
14,103895020,T,C,-0.0360676929436789,7.79531118663747e-31,7.36307746912449e-16
15,51516055,C,A,0.0391993585509427,1.22133123221808e-25,9.47166605694414e-16
2,42267135,C,CA,0.0403385479804042,3.45386365068108e-24,1.55931370144668e-15
11,68174189,G,A,-0.0615135895875494,3.68827379388915e-10,2.60646325438669e-15
11,68162091,G,A,-0.0354369729435393,8.91156166804559e-13,2.95829723565287e-15
20,7551554,G,A,-0.0354914949916111,3.6696555710862e-28,6.25230979077181e-15
13,22811940,G,A,-0.0348495761744066,5.21129382311832e-28,1.08715225532016e-14
11,15243059,G,A,0.0620363933282549,1.29915812528974e-16,1.55696033614212e-14
13,42973283,T,TA,-0.0324814691390979,2.15042925056978e-38,2.86034314338374e-14
1,2921939,AC,A,-0.131329197240318,1.19319041009512e-14,3.51657393756333e-14
1,2805223,C,T,-0.112857708959183,9.25167134447571e-07,1.15368376919036e-06
11,35097298,T,A,-0.0320085654156793,6.25780027688159e-36,5.27239914577558e-14
21,40350120,G,A,0.0354793699719509,3.98558375327213e-20,5.50159937339974e-14
21,40070986,C,T,-0.0226483345799668,9.63640453095747e-08,4.03233209172758e-06
17,59006224,C,T,0.0447437310430367,4.02803115958162e-18,8.20960187089149e-14
8,116663898,G,A,0.0347567797957906,5.23845222065531e-23,1.69895052264045e-13
1,22668771,C,T,-0.0311673189664057,4.33322702877844e-13,1.7486047592213e-13
1,22531542,G,A,-0.0449723875759285,2.24794497794181e-08,5.20994500946529e-09
1,22731269,G,A,0.0253362492164403,7.06763800995411e-09,1.02921395032263e-08
4,146151286,TA,T,-0.0420550645106407,1.58085390717266e-18,2.37114671009706e-13
1,119453579,G,C,-0.0352322354582417,2.36004731532186e-13,2.59788033365733e-13
1,119458215,C,T,0.0279358462070765,1.74265993121285e-09,1.47694674274558e-10
11,62201239,T,C,-0.0977753071316019,7.11774239380296e-14,3.365791082413e-13
8,72217903,A,T,-0.0330984007400171,1.13265040349165e-15,3.75539574297256e-13
8,72510667,G,T,0.0196261998050751,5.58669333140555e-10,1.96049312389802e-07
11,47119875,T,A,0.0325517305344389,1.32834416092016e-23,9.72438437979224e-13
11,115044850,C,A,0.0299287909058102,4.68220322845475e-22,1.5226163955153e-12
11,115475927,C,A,-0.0267199784654738,8.30682779105068e-09,9.33527835552819e-08
4,57838999,T,C,0.0307873739835208,5.19675732244553e-26,2.82923120128447e-12
12,1637130,T,G,-0.0552923635917533,1.89764509646607e-13,8.42581158388499e-12
9,110911316,G,A,-0.0349316650379005,1.04479795488846e-17,1.00661890500948e-11
2,200473866,AT,A,-0.0376687645613566,1.38395707726438e-15,2.21398969228949e-11
8,70182017,CA,C,-0.0349060726729581,1.34645007073244e-16,3.47827914183985e-11
15,85657120,A,G,-0.076415302346305,7.25731318289949e-12,3.69141633081073e-11
15,67414911,T,G,0.0283519493580676,1.14620907495596e-29,3.98945191353629e-11
4,87976359,A,T,0.0245001789074042,4.56806758765251e-17,5.90125465721779e-11
4,88161981,G,C,-0.0330400068602671,9.39292099395222e-08,3.02499095234498e-09
11,68394613,C,T,-0.0455922448260115,6.6417938562169e-17,7.23648585703881e-15
11,68855363,G,A,0.0280976953216083,3.61147628988477e-20,6.39519079250794e-11
18,34289285,G,T,0.0864604740190543,2.96559183141183e-11,9.44285231658558e-11
3,56169965,A,T,0.042371007981769,3.18033437096892e-13,1.17515365368915e-10
5,39432927,T,C,-0.030023509820578,1.59312602233008e-18,1.18379375969874e-10
20,39636872,C,G,-0.037765089484418,6.50221837891008e-14,1.55480737575789e-10
17,925304,A,G,-0.0295479151778861,1.06950943223812e-18,1.79113395663736e-10
17,69864913,T,TA,-0.0289070261664709,1.10223443789181e-20,1.89491440102905e-10
6,131317527,GC,G,0.0278248137911553,1.03750333313912e-21,1.93530965224264e-10
2,64865804,T,C,-0.0272073000434998,1.9165365903062e-25,1.94539716855255e-10
10,28463950,T,C,-0.0333126397525393,2.23024835561876e-08,2.3053038399454e-10
10,28697115,C,G,0.102161219864096,2.66750594079952e-06,1.58486086638833e-06
10,28046026,AGGGTGT,A,-0.0211452530518602,1.9658883328966e-10,3.68384866559355e-08
16,70726489,T,A,-0.0353859488050289,1.72487572725926e-14,2.99694437667975e-10
1,21943136,C,T,-0.0274183819451979,2.46434420265561e-14,3.29888615191133e-10
1,22355978,G,A,-0.0288565400505742,2.236137384063e-10,3.98737572052595e-09
16,51025468,G,A,0.0398978049940516,4.41853172426057e-13,3.76561632922778e-10
16,51178081,A,G,0.0315534890386437,1.81453433539186e-08,6.76433991591467e-07
4,38373506,ACCTGTC,A,0.0447937129291858,4.42744023488564e-12,4.53636548765306e-10
20,45604420,G,T,-0.0305238194420824,5.69925493789085e-16,4.78380289713286e-10
8,119926179,G,A,0.100914193059072,1.83356817990463e-10,6.41027940681121e-10
8,120273036,G,T,0.0783732463513155,3.15874571846806e-06,8.00469282304128e-06
16,67322118,G,C,-0.08122659618712,2.56047028141864e-10,8.09981123065928e-10
17,9146752,TGGTTC,T,-0.0307331246380391,5.74366743283624e-15,8.62165027032073e-10
17,9027555,C,T,0.0490470545421735,4.04196298088988e-06,8.96724307214367e-06
19,2513914,AC,A,-0.0287108590931145,5.13732045463215e-19,1.00099830383927e-09
20,10654563,A,C,-0.0299339455301206,9.34202931067716e-20,5.9608726776712e-13
20,11150594,T,C,-0.0670447314891404,7.35503536578994e-10,1.11933403928619e-09
5,80280397,T,C,0.0286526079856214,2.99511037700422e-16,1.29925272335107e-09
17,63549925,T,G,-0.0249164902462079,8.99766318534408e-16,1.32459581934046e-09
17,63298186,T,C,-0.0241853983484562,5.38542331201831e-08,5.86706344731878e-08
1,220179183,T,G,0.0315343656910711,1.80444675433351e-15,1.437032362456e-09
2,160001552,C,CTT,0.0268509156477765,2.19154729326583e-18,1.53000563274908e-09
16,55056490,C,G,0.0278010194350508,2.03071659671851e-16,1.96321424407951e-09
7,27305223,T,A,-0.0481738440963556,2.19369357771069e-09,2.06676919885323e-09
7,27653025,AT,A,-0.0369200211070807,2.76524626994219e-11,7.35334580850697e-09
7,27188659,A,G,0.0260935029363166,1.39933823630274e-09,3.77080982476406e-08
1,170683707,T,TA,0.0257127407522217,2.61687512457246e-23,2.26743042011336e-09
19,1163596,A,G,-0.0273361449026099,6.16792487988843e-13,3.7914461410502e-09
19,827655,G,A,-0.0218171599257498,1.89072402595012e-10,1.26382297638703e-06
6,74495849,G,A,0.0251475898716791,7.80753195817057e-23,3.90983121281573e-09
6,29923248,C,G,0.0253081387233224,7.34124013882325e-24,3.97282145507528e-09
10,123694303,AGTTATAAAC,A,-0.0440697036262613,1.32647439296032e-10,4.01374279255399e-09
2,40710358,AT,A,-0.0275511318756018,5.06393236274456e-16,4.43017729050175e-09
22,28488450,G,A,-0.0434214950736922,1.3626748104608e-10,4.77630018488953e-09
11,60099912,A,G,-0.0258339883565661,3.54366994017047e-18,4.83359716474322e-09
17,7921006,G,C,-0.055210726849442,5.20597828635017e-10,5.21187663264339e-09
7,105519617,T,C,0.0415809176833789,9.8536676981833e-11,5.58269461362285e-09
13,110435231,C,T,-0.0261339238193223,3.14873026263311e-16,7.39179765440661e-09
2,218046993,C,CT,0.036023695204434,3.33197274547967e-11,7.54878960322866e-09
2,218540239,T,G,-0.0353549664144159,1.51598997115398e-06,7.60113843546041e-06
20,33590584,T,C,0.0318727313304331,5.27225312255791e-12,8.64057004689941e-09
10,131377218,A,AT,-0.0266957512604239,2.72325754742451e-15,1.04581101858264e-08
9,97159426,C,T,0.0246706261204885,8.45973683751728e-12,1.3666840162979e-08
9,96710690,CT,C,0.0196793890766409,1.08480698612037e-08,3.99091875445206e-06
6,136231011,C,G,-0.0353007564793591,7.60652488996909e-11,1.45716510963276e-08
7,30955539,G,T,-0.0287242194581791,7.15178022098168e-13,1.45977626008866e-08
3,156491160,C,T,0.0250082452879076,3.92080868734378e-15,1.59515459665941e-08
3,156795414,G,T,-0.0220810439265006,2.77387526169503e-09,1.6078477326914e-06
10,20379812,T,C,0.0242371119915983,2.95513723253987e-18,1.65132524415255e-08
10,20143109,C,T,-0.0270062274119424,1.05502999275958e-06,5.81103185986725e-06
1,113247563,G,A,0.0295524562060282,2.22946971006418e-12,1.68945964824091e-08
11,113036587,T,G,-0.0993147942442483,9.65986129437906e-09,1.96380763674844e-08
10,114722621,G,A,-0.0305715682082679,5.1659063339485e-11,2.02555267378905e-08
10,115104798,T,G,0.0267584467841897,1.09784091287104e-11,5.63801727223022e-08
22,50288783,TTCA,T,-0.0382282435364045,3.47738249082618e-10,2.04458658889414e-08
3,168707734,G,T,0.039555799810819,4.18241294034368e-10,2.2556250761738e-08
6,63764098,A,T,-0.0272273664586709,3.30438909025686e-13,2.53313036929845e-08
1,201597947,T,C,-0.0298810755123623,1.3929541217883e-11,2.85820329454415e-08
20,10984360,T,C,0.0763316527305799,-99,1.17824444025539e-18
2,119161638,A,C,0.111258728077754,-99,2.61604658476773e-30
