chrom,pos,major,minor,beta,p_value,gwas_p_value
07,120962164,A,G,0.155935955127411,2.04949750567322e-295,0
10,54437901,G,T,-0.150561581581994,9.92753238111548e-215,5.52732860599492e-135
10,54412481,C,A,-0.0638015228696446,4.36673233770057e-139,7.05621840759821e-34
06,151901409,C,T,-0.0758161981635472,6.7972918742311e-137,1.41242817622985e-115
06,152010534,T,C,0.0689197903088486,2.98937182875311e-181,1.12495874030306e-113
06,127468274,A,C,0.0741319406104301,0,1.90423145708574e-112
02,54683711,C,T,0.0752450804724086,2.07104309864928e-164,1.99659141657393e-100
02,54871277,A,T,-0.0472346317907116,7.53405243659971e-54,1.23582916538355e-34
22,19679303,G,A,-0.108651439498633,5.44677059836166e-114,2.2791290586419e-91
11,86887931,A,G,-0.0688563406479659,3.14505927496067e-160,1.45373863700236e-84
01,240586695,C,T,0.0807666744807523,3.19492948218755e-123,4.87084954486403e-84
02,119510493,G,GC,0.300246578464082,5.02079423483457e-60,3.57949927888466e-79
02,119613117,A,G,0.0483196564982409,8.10310592223911e-56,4.42926016962154e-50
07,38108665,A,G,0.0524617165546722,9.04006207561161e-45,1.13761888303104e-71
07,38110626,C,T,-0.0496244187121571,1.02008528865002e-74,1.78023320983775e-68
07,37946540,C,A,0.0467597523123898,3.70937709935541e-30,3.44918031079517e-24
14,54419110,G,C,0.0582743551009519,7.81750847320702e-152,7.87019504911122e-63
13,42952145,C,T,-0.0514404167869129,4.61314815859223e-158,2.42131125384524e-55
11,112396795,G,C,0.0525661783892341,1.05781820404822e-126,1.05124004163399e-54
19,33544187,G,A,0.0879231678780397,1.52089838979262e-64,6.47084359465964e-54
17,2026417,G,GA,-0.0542054408798268,1.10694370067675e-100,6.17276924207083e-53
12,90533915,C,T,0.0504538357004181,1.26193528442979e-117,2.7134292597352e-51
06,133575048,G,A,0.0493839704678711,5.50967119399293e-134,1.36653884163107e-50
04,1003022,C,T,0.0348738320818691,8.2026997383481e-40,1.04175537484643e-49
04,1004864,T,C,-0.0595983010724207,7.35907397779911e-49,8.38185041239034e-48
04,1012300,T,C,-0.0776602258837583,5.68068381021931e-26,1.03780371015552e-24
12,13328208,C,T,0.1418396811959,3.02999106597479e-48,2.01148770055736e-45
01,22702077,C,A,0.0607162100492803,3.67383862060663e-56,2.28071152289758e-45
06,44847529,G,A,-0.0968943427577014,1.10018683029201e-40,7.80825764085758e-45
06,44727789,A,T,0.0268317907642278,1.90260296776709e-40,1.0799536733046e-23
02,42220572,GTTT,G,0.0561908250913459,2.67267851683633e-68,1.25080860926376e-44
11,27317383,C,A,0.0447389049961791,3.93765096140078e-86,8.40700818578657e-40
18,13719510,G,A,-0.0444447954317806,1.15343196861277e-79,1.15557127474151e-38
08,9085295,T,A,0.0421436190567997,2.30760024308516e-107,1.04176409230115e-37
03,41167702,C,CA,-0.0427380047227268,1.68131905483863e-97,4.11629918101322e-37
02,202832130,C,T,-0.0471419814023454,8.91631402801874e-43,3.08936317341416e-32
02,202958208,C,A,0.0264644780890773,1.12316466780825e-19,3.74623781804757e-15
02,202793520,G,A,-0.0362547388249166,8.3312955308207e-12,4.99366847982799e-10
11,68228962,TG,T,-0.0342072479435434,2.3886572805646e-27,6.98749749129946e-32
11,68174189,G,A,-0.0543206179208498,1.1139404266407e-11,7.39863159306183e-26
17,41798621,G,A,0.0704380723401534,1.12404302800158e-33,1.00494486533094e-31
17,42164584,G,A,0.0318857886380453,4.94364001034448e-26,2.75148891063533e-18
21,40340996,ACAGCCACC,A,0.0434673161102268,8.69673281127949e-46,1.34417410528284e-31
21,40047176,A,G,-0.0319413853629173,1.2395004906466e-22,1.70029931047312e-16
22,29474482,AAAG,A,0.0398627910652037,1.69645510300674e-63,8.23074382092833e-31
07,30955539,G,T,-0.0450335913564694,5.18928110447954e-48,1.12547563874359e-30
17,59013682,A,G,0.0534345790673554,5.62847226937771e-40,3.42887692130302e-30
07,96146489,C,T,-0.0390616814777741,2.72464596857416e-40,4.68034156532933e-30
07,96041731,T,A,-0.0257809987471295,8.39223222025957e-20,7.47323147867493e-16
07,96603943,T,A,-0.0342262293417803,1.90352586112559e-13,1.36704744965381e-12
20,10984360,T,C,0.0369351712403031,2.05902345963189e-66,6.20609909222641e-30
20,11150594,T,C,-0.0571206798650811,1.46039744112723e-11,8.95841857577799e-12
02,118895728,A,C,0.0257406651735755,2.11071304292179e-16,5.28959743509977e-14
02,119423996,G,A,0.0687097475371117,1.92552420289193e-10,3.67226630801838e-09
10,31042804,A,G,0.0361094479536037,1.56436113802517e-81,4.17415214292571e-28
12,49379537,G,T,-0.190891293263466,6.59786640645285e-35,5.56872079599714e-28
12,49385679,C,T,0.0347539756573388,2.31846764174724e-34,1.93128837191593e-13
11,15226187,A,G,0.0710004133794361,1.69068578849688e-31,1.11384202122221e-27
14,103852725,T,C,-0.0373215333089919,7.07662433188117e-56,2.4704531426795e-27
11,62201239,T,C,-0.110188161608213,1.40936229534453e-28,5.25207359764263e-27
20,6364504,C,T,0.035014006396903,5.73223244365602e-47,1.11331694613824e-25
20,6755009,C,T,0.0485037495542963,4.45587530667267e-15,5.70153655253889e-14
20,6467481,T,C,-0.0231456543581442,1.64411464335748e-12,1.28851145228949e-09
20,7551554,G,A,-0.0365579517508755,1.20104705226826e-48,3.76820597975811e-25
11,115044850,C,A,0.035367348684473,1.84115334840966e-50,1.06339835339415e-24
11,115459742,C,T,-0.0307415533961955,1.9499861158164e-12,1.05490893228068e-09
16,410178,G,A,-0.0772447126510593,1.26511776990587e-21,1.07151461694513e-24
16,359953,G,A,0.0237670482579912,7.30221412157228e-22,4.32272234204063e-17
03,156587548,TC,T,-0.0506610401734051,1.74897544491429e-27,1.39238193857663e-24
03,156798775,T,C,-0.0274855516808553,4.73678146530853e-31,1.24149345044923e-16
12,1638214,A,ACCCT,0.0351476159381296,1.64699813155046e-30,2.06490617544312e-24
12,1637129,C,G,-0.0452966481377098,9.91958081492109e-15,3.88105975723067e-18
16,86714715,G,C,-0.0425006992044485,1.92211786712358e-34,6.1627573336646e-24
01,68664755,GAC,G,-0.0287319146468539,6.95456518315591e-26,9.04239357739325e-24
01,68604094,A,G,-0.0265221246230096,3.23399378263779e-18,2.63217255797339e-17
01,68725704,A,G,0.033040368793056,1.17494478756589e-14,4.73713605404664e-15
16,51903981,C,A,-0.0604830572280657,3.10764234448239e-22,1.06185435830031e-22
16,51758116,G,A,0.0310079816742592,7.15488751569063e-22,1.36437528885244e-17
11,47097364,T,G,0.0335027359381141,3.87647765882967e-41,1.28088898802359e-21
08,116659578,G,C,0.0345358231204595,5.39740097548094e-37,2.38169624883426e-21
07,28725536,A,G,0.0360689980354688,3.62572490844739e-34,5.67999371526362e-21
05,39382261,A,G,-0.0303357285123518,1.39043760654511e-55,3.05583252973303e-20
19,1169673,A,AG,-0.0328047842625323,3.26410402813615e-27,3.2820604900307e-20
19,815086,G,A,0.0236925545613907,2.36683785459777e-21,1.57462036194502e-12
13,99584305,C,T,0.0328502365203994,4.46556268042322e-36,3.88587615816523e-20
07,27970153,C,T,-0.0322126567499669,3.23197485361481e-38,4.65552761278113e-20
09,133452158,C,T,-0.0316656652338774,4.15878455260635e-40,5.31650351573618e-20
15,51537806,C,T,-0.0305574431571785,3.91334895451651e-42,1.55913453777148e-19
07,120824194,CA,C,0.0790037621495305,0,1.79387274956084e-104
07,120825166,A,G,-0.111289781219315,9.42637708400754e-38,8.15861186106829e-17
07,120793606,G,A,0.126724962483309,2.78360252265642e-15,3.79072038759422e-27
04,88794878,C,G,0.0397088919928047,5.81312241080285e-22,2.41797033126185e-19
04,88752026,T,A,-0.030810143688191,8.2949141923322e-13,2.12187355322003e-12
17,54263286,GA,G,0.0300578349443453,2.88956906697614e-43,2.76804858818621e-19
12,589872,CCTG,C,0.0300922590769832,3.07863309269528e-43,4.53335213021063e-19
11,35097298,T,A,-0.0291412299192048,1.15232728550577e-48,8.54749773622916e-19
07,25696199,T,C,-0.0361147716664056,7.94019037245164e-27,2.14252864582867e-18
04,38361120,G,A,0.048817251830884,3.80493400471127e-22,2.33271282448919e-18
16,81580088,G,A,-0.0286842254964442,2.70883176519032e-50,3.27230959382962e-18
06,7050935,G,C,0.0912665991747283,2.01659032418536e-17,6.19048161721176e-18
06,7231843,G,A,-0.0387915457629471,1.63266533576066e-16,1.60996247213655e-14
15,70552313,G,A,-0.0300189343022705,1.11570373120033e-33,1.04475351127564e-17
07,15726373,T,C,-0.0293962717587272,3.90894756886283e-36,1.12359769711866e-17
20,39832628,T,C,-0.0346453793254419,4.93089763501532e-25,3.17468716385356e-17
08,71555752,GT,G,-0.0279844781546702,9.47224101396714e-42,3.27577812183314e-17
11,118477367,G,A,-0.0299450334895616,1.03219321347113e-31,3.28111568449661e-17
10,134459388,A,G,0.0331473907215534,6.6353276366576e-26,4.51098397944204e-17
07,127015083,G,A,-0.0999414727000341,9.14254607709749e-18,5.39612822737631e-17
01,172243879,TA,T,0.0288829581768088,1.02140022863131e-36,6.48879139399888e-17
03,56169965,A,T,0.0426058500309583,5.46853189894984e-21,6.94692620632343e-17
11,68384618,T,A,-0.0430510005788275,1.91602158403905e-41,1.62365927248234e-31
11,68855363,G,A,0.0282539991075453,2.23301980969817e-29,8.15113667921305e-17
13,51106788,G,A,0.0304606653507364,2.35177715901283e-28,1.11031851705573e-16
15,67414911,T,G,0.0272144344230616,6.15837171058821e-45,1.76337410152857e-16
14,91453712,CA,C,0.0356739324971127,2.45535143776265e-22,3.10956260913465e-16
X,43877162,C,T,-0.0312742575347688,8.4715132310134e-13,4.74165191260864e-16
X,43877175,T,C,0.019769861019722,9.46866450084106e-17,5.10035365180158e-16
01,170683707,T,TA,0.026762800605387,5.42892302969159e-41,5.02995858214263e-16
09,98229389,C,G,-0.0272487958015462,8.95947421611323e-31,1.75460032607773e-15
10,60327298,C,A,0.0263463765207751,3.28205286363978e-37,1.9901232685703e-15
05,148787469,G,A,0.0275768469523,4.18931537676967e-29,2.22182256458932e-15
X,56393782,G,C,0.0263356492775091,1.50772731013255e-20,2.23309139224634e-15
06,2504051,C,G,0.0257654561928731,1.08329824618608e-30,3.87850468343398e-15
06,2048330,G,A,0.0226863423277047,7.79570099637893e-11,3.46913501014099e-09
16,51025468,G,A,0.0390628512211419,2.17889017865009e-18,5.42063468508815e-15
16,51166844,C,CT,0.0252336625348659,8.60256197108933e-23,1.47891892660574e-12
01,8503242,G,A,-0.0270626423255069,2.70169368520961e-29,5.74046821118984e-15
01,210466625,G,A,0.0336880118860985,2.20134520664763e-20,8.61848639886506e-15
06,131344906,T,C,-0.0267856660879181,1.85079454307858e-29,1.02899521025426e-14
13,22810615,A,G,-0.0271183222397339,2.54546391790344e-28,1.04355563602057e-14
20,45595883,C,T,-0.0303575688866306,2.08340886083333e-22,1.22220686461678e-14
X,8910963,A,C,0.0232803748796625,4.5509234748997e-21,2.39485452732269e-14
01,16177578,A,G,0.0404689659644996,2.18683828706833e-17,2.69575140244376e-14
01,221476976,C,T,-0.0255223249945919,6.47730631607305e-32,2.74787931450808e-14
01,2904634,A,G,-0.100868374171195,1.09699629373697e-14,3.16032497877793e-14
11,59962189,G,A,-0.0253881113355173,1.40142570024643e-31,3.5424446514278e-14
17,27948844,C,T,-0.0248725285477674,1.47154055150565e-33,6.55863521685866e-14
02,200446732,T,A,-0.0328527528739982,5.91786539834437e-19,6.66067240600692e-14
07,27243221,T,C,0.045851581597655,1.19532986331468e-14,6.96898089966807e-14
07,27653025,AT,A,-0.0297968057404196,3.00236351692542e-13,1.55002715600912e-10
07,27238287,C,T,-0.07135346240367,9.2497481062222e-11,1.03147400933073e-11
06,29899485,G,A,-0.025929538101686,1.07574061389689e-33,8.26790202608144e-14
17,48337073,T,C,0.029141293049524,4.99448529147727e-21,9.77049898793787e-14
05,50791314,C,T,0.0408225290601241,1.98709093211977e-16,9.98042667289061e-14
06,55644601,G,T,0.0521719258071973,1.19540708323364e-16,1.02252950989994e-13
06,55676621,C,T,0.0855799090959106,1.27124023814019e-14,6.35595266526042e-13
08,119917642,T,C,0.0926879695591825,3.67017552102741e-14,1.19278760962463e-13
04,17875735,TCTC,T,-0.0277778742279404,2.47464231817049e-22,1.21223029783604e-13
10,28442841,G,A,-0.031876300029089,9.9954645292842e-16,1.62996877255707e-13
10,28584624,G,A,0.05186209950758,3.53771789797583e-10,4.71458016373984e-11
04,146167657,A,G,-0.0324154964129191,3.42780001145007e-18,2.00232127265849e-13
04,95089067,G,A,0.0315000680422803,1.72055330301202e-18,2.34060903092825e-13
07,105494963,A,G,0.0256774775843913,7.42638895128165e-25,2.37704191901767e-13
09,96445594,C,T,0.0277831670951919,1.87804552019988e-17,2.45320759270805e-13
09,96916536,A,T,0.0221893825109211,3.11659287159001e-15,3.11982178019898e-10
02,54745110,A,G,-0.0678621139405946,8.84368442200488e-66,1.80470756029581e-51
02,54794927,A,C,0.0361244853790536,2.33924764030321e-30,6.70842185397531e-19
11,113029572,A,G,-0.088726282777602,9.23753483366912e-14,2.96742555095604e-13
05,80281743,G,GGT,0.0270587265256342,1.70152169813352e-22,3.05833345807263e-13
03,50022079,G,A,0.0248859440622043,3.02529568837715e-37,4.68769231616681e-13
20,10976954,A,G,0.0308976432552841,2.61010555487798e-36,3.52178704048706e-26
20,10640201,G,A,0.0267852786039561,5.13179351209161e-16,4.29123861735159e-19
01,220039754,T,TG,-0.0253223581052607,9.99629915456385e-15,5.36958016317663e-13
01,220122993,A,G,0.0300575422414453,1.31234011321696e-16,1.60826409047476e-12
01,219783674,G,A,-0.0368219978120147,3.32838480985951e-09,3.99911873252667e-10
15,91059898,GT,G,-0.0240596844703902,5.95997124703014e-31,6.73297119464284e-13
02,28941150,A,G,0.0245866976825577,1.50277247094424e-25,7.2274809893733e-13
17,9154855,A,G,-0.0302125893888193,4.31369344770795e-18,7.66823559179442e-13
05,122742602,T,G,-0.0264699580307726,3.38076315117486e-21,8.36617770878751e-13
02,238353776,T,A,-0.0276248356482938,9.29448152468503e-20,1.21559758520936e-12
06,74509629,G,A,0.0232733441207465,2.15007875172873e-33,1.5180310641361e-12
03,48901370,C,T,0.0452854024142931,2.28796513554845e-14,1.62488233992424e-12
20,33443617,T,TGTGTGTGTGTGTGA,0.0242320478932035,4.48056678937336e-35,1.67574448004192e-12
11,8900394,C,T,-0.0310942020150524,9.71341991481838e-17,2.04627989014107e-12
17,926121,G,A,-0.0247609562601195,3.48614021340164e-22,2.54204973456182e-12
06,130346105,A,G,-0.0249031335313138,1.15974643370964e-21,3.49467654676577e-12
10,27892500,G,A,0.022819696739223,6.27390184376443e-33,4.48977349540894e-12
11,16244497,G,A,0.025729922670412,9.10603869643117e-20,4.86097525268008e-12
04,87976359,A,T,0.0230921876116625,9.31449600134566e-26,7.82907897777649e-12
06,164126233,C,A,-0.0333529269574767,6.04042815936733e-15,8.16527484863357e-12
17,69845900,T,A,-0.0225238323249681,1.18818752516301e-28,9.12312897526733e-12
02,40666351,A,G,-0.0225680446702062,5.05448385852713e-31,1.01552150753302e-11
11,65466496,AG,A,0.0253249541368082,6.6034245236292e-22,1.12643772433826e-11
11,65307402,C,T,0.0254936754218481,1.30153774636511e-13,5.40935393838822e-09
02,181951865,T,TAA,0.0244184301630797,6.94701575111603e-21,1.13418992301733e-11
10,114724473,A,G,-0.0275027732892948,3.31591010664445e-17,1.38196903827765e-11
08,127982089,G,A,0.0236169746890419,2.05775102159991e-21,1.48305966018646e-11
17,29818258,C,T,0.0230148844142542,2.48572111029829e-23,1.63900593477682e-11
05,51948395,AT,A,0.0280203593330107,4.62119787963244e-16,2.15952361689536e-11
19,2523781,G,T,0.023523120384597,5.13657927958308e-21,2.60811533954696e-11
13,94066952,T,C,-0.108355323729245,1.5123577228691e-11,2.61553257567642e-11
20,10634675,C,T,-0.109129360276587,-99,4.51033163400158e-26
01,22483649,T,TGGGGGG,-0.0812640820262063,-99,5.3005758016517e-27
02,119038598,G,A,0.115641059737633,-99,6.32546946957806e-53
