chrom,pos,major,minor,beta,p_value,gwas_p_value
07,120962164,A,G,0.155935955127411,2.04949750567322e-295,0
10,54437901,G,T,-0.150561581581994,9.92753238111548e-215,5.52732860599492e-135
10,54412481,C,A,-0.0638015228696446,4.36673233770057e-139,7.05621840759821e-34
06,151901409,C,T,-0.0758161981635472,6.7972918742311e-137,1.41242817622985e-115
06,152010534,T,C,0.0689197903088486,2.98937182875311e-181,1.12495874030306e-113
06,127468274,A,C,0.0741319406104301,0,1.90423145708574e-112
02,54683711,C,T,0.0752450804724086,2.07104309864928e-164,1.99659141657393e-100
02,54871277,A,T,-0.0472346317907116,7.53405243659971e-54,1.23582916538355e-34
22,19679303,G,A,-0.108651439498633,5.44677059836166e-114,2.2791290586419e-91
11,86887931,A,G,-0.0688563406479659,3.14505927496067e-160,1.45373863700236e-84
01,240586695,C,T,0.0807666744807523,3.19492948218755e-123,4.87084954486403e-84
02,119510493,G,GC,0.300246578464082,5.02079423483457e-60,3.57949927888466e-79
02,119613117,A,G,0.0483196564982409,8.10310592223911e-56,4.42926016962154e-50
07,38108665,A,G,0.0524617165546722,9.04006207561161e-45,1.13761888303104e-71
07,38110626,C,T,-0.0496244187121571,1.02008528865002e-74,1.78023320983775e-68
14,54419110,G,C,0.0582743551009519,7.81750847320702e-152,7.87019504911122e-63
13,42952145,C,T,-0.0514404167869129,4.61314815859223e-158,2.42131125384524e-55
11,112396795,G,C,0.0525661783892341,1.05781820404822e-126,1.05124004163399e-54
19,33544187,G,A,0.0879231678780397,1.52089838979262e-64,6.47084359465964e-54
17,2026417,G,GA,-0.0542054408798268,1.10694370067675e-100,6.17276924207083e-53
12,90533915,C,T,0.0504538357004181,1.26193528442979e-117,2.7134292597352e-51
06,133575048,G,A,0.0493839704678711,5.50967119399293e-134,1.36653884163107e-50
04,1003022,C,T,0.0348738320818691,8.2026997383481e-40,1.04175537484643e-49
04,1004864,T,C,-0.0595983010724207,7.35907397779911e-49,8.38185041239034e-48
04,1012300,T,C,-0.0776602258837583,5.68068381021931e-26,1.03780371015552e-24
12,13328208,C,T,0.1418396811959,3.02999106597479e-48,2.01148770055736e-45
01,22702077,C,A,0.0607162100492803,3.67383862060663e-56,2.28071152289758e-45
06,44847529,G,A,-0.0968943427577014,1.10018683029201e-40,7.80825764085758e-45
06,44727789,A,T,0.0268317907642278,1.90260296776709e-40,1.0799536733046e-23
02,42220572,GTTT,G,0.0561908250913459,2.67267851683633e-68,1.25080860926376e-44
11,27317383,C,A,0.0447389049961791,3.93765096140078e-86,8.40700818578657e-40
18,13719510,G,A,-0.0444447954317806,1.15343196861277e-79,1.15557127474151e-38
08,9085295,T,A,0.0421436190567997,2.30760024308516e-107,1.04176409230115e-37
03,41167702,C,CA,-0.0427380047227268,1.68131905483863e-97,4.11629918101322e-37
02,202832130,C,T,-0.0471419814023454,8.91631402801874e-43,3.08936317341416e-32
02,202793520,G,A,-0.0362547388249166,8.3312955308207e-12,4.99366847982799e-10
11,68228962,TG,T,-0.0342072479435434,2.3886572805646e-27,6.98749749129946e-32
17,41798621,G,A,0.0704380723401534,1.12404302800158e-33,1.00494486533094e-31
21,40340996,ACAGCCACC,A,0.0434673161102268,8.69673281127949e-46,1.34417410528284e-31
21,40047176,A,G,-0.0319413853629173,1.2395004906466e-22,1.70029931047312e-16
22,29474482,AAAG,A,0.0419915988567586,2.73528643541939e-59,8.23074382092833e-31
22,29417909,A,G,0.0254450376704982,3.29380493405184e-14,9.6002054901144e-08
07,30955539,G,T,-0.0450335913564694,5.18928110447954e-48,1.12547563874359e-30
17,59013682,A,G,0.0534345790673554,5.62847226937771e-40,3.42887692130302e-30
07,96146489,C,T,-0.0390616814777741,2.72464596857416e-40,4.68034156532933e-30
07,96041731,T,A,-0.0257809987471295,8.39223222025957e-20,7.47323147867493e-16
20,10984360,T,C,0.0369351712403031,2.05902345963189e-66,6.20609909222641e-30
20,11150594,T,C,-0.0571206798650811,1.46039744112723e-11,8.95841857577799e-12
02,118895728,A,C,0.0257406651735755,2.11071304292179e-16,5.28959743509977e-14
02,119423996,G,A,0.0687097475371117,1.92552420289193e-10,3.67226630801838e-09
10,31042804,A,G,0.0361094479536037,1.56436113802517e-81,4.17415214292571e-28
12,49379537,G,T,-0.190891293263466,6.59786640645285e-35,5.56872079599714e-28
12,49385679,C,T,0.0347539756573388,2.31846764174724e-34,1.93128837191593e-13
11,15226187,A,G,0.0710004133794361,1.69068578849688e-31,1.11384202122221e-27
14,103852725,T,C,-0.0373215333089919,7.07662433188117e-56,2.4704531426795e-27
11,62201239,T,C,-0.115064738065446,1.32600093208855e-30,5.25207359764263e-27
11,62351984,G,A,-0.0196100259424877,2.270518973352e-17,1.26420582491487e-06
20,6364504,C,T,0.035014006396903,5.73223244365602e-47,1.11331694613824e-25
20,6755009,C,T,0.0485037495542963,4.45587530667267e-15,5.70153655253889e-14
20,6467481,T,C,-0.0231456543581442,1.64411464335748e-12,1.28851145228949e-09
20,7551554,G,A,-0.0365579517508755,1.20104705226826e-48,3.76820597975811e-25
11,115044850,C,A,0.035782751412562,4.48851979819404e-47,1.06339835339415e-24
16,410178,G,A,-0.0772447126510593,1.26511776990587e-21,1.07151461694513e-24
16,359953,G,A,0.0237670482579912,7.30221412157228e-22,4.32272234204063e-17
03,156587548,TC,T,-0.0506610401734051,1.74897544491429e-27,1.39238193857663e-24
03,156798775,T,C,-0.0274855516808553,4.73678146530853e-31,1.24149345044923e-16
12,1638214,A,ACCCT,0.0349792255613936,3.51962720811028e-28,2.06490617544312e-24
12,1637129,C,G,-0.0449955099005183,3.08490626224538e-14,3.88105975723067e-18
12,1629523,G,A,-0.0256696540346899,4.68958845572542e-08,1.36344626647057e-07
16,86714715,G,C,-0.0425006992044485,1.92211786712358e-34,6.1627573336646e-24
01,68664755,GAC,G,-0.0287319146468539,6.95456518315591e-26,9.04239357739325e-24
01,68604094,A,G,-0.0265221246230096,3.23399378263779e-18,2.63217255797339e-17
01,68725704,A,G,0.033040368793056,1.17494478756589e-14,4.73713605404664e-15
16,51903981,C,A,-0.0683125391679892,9.0428614082219e-28,1.06185435830031e-22
16,51758116,G,A,0.0288973155484931,7.95863325098975e-17,1.36437528885244e-17
16,51903866,C,T,-0.0208006806501183,1.2067547728088e-14,6.75306520869436e-06
11,47097364,T,G,0.0335027359381141,3.87647765882967e-41,1.28088898802359e-21
08,116659578,G,C,0.0347149809185311,1.1996388783293e-32,2.38169624883426e-21
08,117158377,T,C,0.029553041597477,1.94265164801973e-11,9.31388357288364e-08
07,28725536,A,G,0.035549607267457,4.5803097097139e-28,5.67999371526362e-21
07,28609388,C,A,0.0197126863611158,6.14453660559637e-09,1.29236693401669e-07
05,39382261,A,G,-0.0303357285123518,1.39043760654511e-55,3.05583252973303e-20
19,1169673,A,AG,-0.0328047842625323,3.26410402813615e-27,3.2820604900307e-20
19,815086,G,A,0.0236925545613907,2.36683785459777e-21,1.57462036194502e-12
13,99584305,C,T,0.0328502365203994,4.46556268042322e-36,3.88587615816523e-20
07,27970153,C,T,-0.032856847477805,4.21317608546595e-29,4.65552761278113e-20
07,27505331,G,T,0.017090876128859,1.1089481783583e-09,4.36763850918345e-06
09,133452158,C,T,-0.0316656652338774,4.15878455260635e-40,5.31650351573618e-20
15,51537806,C,T,-0.0277956312294543,6.0586035317104e-30,1.55913453777148e-19
15,51607077,C,T,0.017388741654124,2.6525788218863e-08,1.31383657708789e-09
07,120824194,CA,C,0.0790037621495305,0,1.79387274956084e-104
07,120825166,A,G,-0.111289781219315,9.42637708400754e-38,8.15861186106829e-17
07,120793606,G,A,0.126724962483309,2.78360252265642e-15,3.79072038759422e-27
04,88794878,C,G,0.0397088919928047,5.81312241080285e-22,2.41797033126185e-19
04,88752026,T,A,-0.030810143688191,8.2949141923322e-13,2.12187355322003e-12
17,54263286,GA,G,0.0300578349443453,2.88956906697614e-43,2.76804858818621e-19
12,589872,CCTG,C,0.0300922590769832,3.07863309269528e-43,4.53335213021063e-19
11,35097298,T,A,-0.0291412299192048,1.15232728550577e-48,8.54749773622916e-19
07,25696199,T,C,-0.0361147716664056,7.94019037245164e-27,2.14252864582867e-18
04,38361120,G,A,0.048817251830884,3.80493400471127e-22,2.33271282448919e-18
16,81580088,G,A,-0.0286842254964442,2.70883176519032e-50,3.27230959382962e-18
06,7050935,G,C,0.0900543484443896,9.97001957624824e-17,6.19048161721176e-18
06,7231843,G,A,-0.0390478308995819,5.4563130547946e-15,1.60996247213655e-14
06,6961571,T,C,-0.0165868354250254,6.74736337815179e-12,5.16203741361551e-07
15,70552313,G,A,-0.0300189343022705,1.11570373120033e-33,1.04475351127564e-17
07,15726373,T,C,-0.0292113889790272,1.83929418665898e-27,1.12359769711866e-17
07,16006941,CAAA,C,-0.0182212748717231,1.25599860975192e-08,6.63381032796737e-07
20,39832628,T,C,-0.0346453793254419,4.93089763501532e-25,3.17468716385356e-17
08,71555752,GT,G,-0.0279844781546702,9.47224101396714e-42,3.27577812183314e-17
11,118477367,G,A,-0.0299450334895616,1.03219321347113e-31,3.28111568449661e-17
10,134459388,A,G,0.0331473907215534,6.6353276366576e-26,4.51098397944204e-17
07,127015083,G,A,-0.0999414727000341,9.14254607709749e-18,5.39612822737631e-17
01,172243879,TA,T,0.0288829581768088,1.02140022863131e-36,6.48879139399888e-17
03,56169965,A,T,0.0389769696033155,1.66651904008084e-16,6.94692620632343e-17
03,56192791,T,G,-0.0165421121659742,7.09889119602926e-15,1.30126551841285e-09
11,68384618,T,A,-0.0425648945864505,3.01774302495345e-40,1.62365927248234e-31
11,68855363,G,A,0.0277394978534604,2.63125818208549e-28,8.15113667921305e-17
11,68537578,G,A,-0.0669959362524687,3.94935619282e-07,2.17029513287657e-08
13,51106788,G,A,0.0304606653507364,2.35177715901283e-28,1.11031851705573e-16
15,67414911,T,G,0.0273604416396835,1.46802512884227e-41,1.76337410152857e-16
15,67149198,G,A,0.0344460096030153,1.63503454650574e-08,6.22965534471235e-08
14,91453712,CA,C,0.0356739324971127,2.45535143776265e-22,3.10956260913465e-16
X,43877162,C,T,-0.0312742575347688,8.4715132310134e-13,4.74165191260864e-16
X,43877175,T,C,0.019769861019722,9.46866450084106e-17,5.10035365180158e-16
01,170683707,T,TA,0.0269332423304294,2.14504975406819e-25,5.02995858214263e-16
01,170521376,G,A,-0.0154458215663309,2.47791760620543e-09,4.00863299331795e-06
09,98229389,C,G,-0.0272487958015462,8.95947421611323e-31,1.75460032607773e-15
10,60327298,C,A,0.0263463765207751,3.28205286363978e-37,1.9901232685703e-15
05,148787469,G,A,0.0275768469523,4.18931537676967e-29,2.22182256458932e-15
X,56393782,G,C,0.0263356492775091,1.50772731013255e-20,2.23309139224634e-15
06,2504051,C,G,0.0257654561928731,1.08329824618608e-30,3.87850468343398e-15
16,51025468,G,A,0.0352096600648322,8.03048358464377e-15,5.42063468508815e-15
16,51166844,C,CT,0.0258762724952056,2.22030272853456e-17,1.47891892660574e-12
16,51016591,G,C,-0.0179342851536402,1.35000188652656e-12,9.36972108420826e-10
01,8503242,G,A,-0.0270626423255069,2.70169368520961e-29,5.74046821118984e-15
01,210466625,G,A,0.0336880118860985,2.20134520664763e-20,8.61848639886506e-15
06,131344906,T,C,-0.0267856660879181,1.85079454307858e-29,1.02899521025426e-14
13,22810615,A,G,-0.0291685829080685,7.3802751446004e-27,1.04355563602057e-14
13,22977789,C,T,-0.0237354720790346,4.24918679473146e-15,1.07399367655189e-08
20,45595883,C,T,-0.0303575688866306,2.08340886083333e-22,1.22220686461678e-14
X,8910963,A,C,0.0232803748796625,4.5509234748997e-21,2.39485452732269e-14
01,16177578,A,G,0.0404689659644996,2.18683828706833e-17,2.69575140244376e-14
01,221476976,C,T,-0.0255223249945919,6.47730631607305e-32,2.74787931450808e-14
01,2904634,A,G,-0.100868374171195,1.09699629373697e-14,3.16032497877793e-14
11,59962189,G,A,-0.0253881113355173,1.40142570024643e-31,3.5424446514278e-14
17,27948844,C,T,-0.0248725285477674,1.47154055150565e-33,6.55863521685866e-14
02,200446732,T,A,-0.0321909621625413,5.74952150777699e-17,6.66067240600692e-14
02,200162425,C,T,0.0197086963264669,5.639870571864e-08,9.83101904421859e-07
07,27243221,T,C,0.045851581597655,1.19532986331468e-14,6.96898089966807e-14
07,27653025,AT,A,-0.0297968057404196,3.00236351692542e-13,1.55002715600912e-10
07,27238287,C,T,-0.07135346240367,9.2497481062222e-11,1.03147400933073e-11
06,29899485,G,A,-0.0250707845750954,4.95564080959942e-31,8.26790202608144e-14
06,29413117,A,G,-0.0890870348062929,3.81149804839417e-08,5.79489790173852e-09
17,48337073,T,C,0.0250798085047444,1.45501680614836e-14,9.77049898793787e-14
17,48260824,C,T,0.0465973211430264,1.86592264358415e-08,7.52097484161151e-12
05,50791314,C,T,0.0336934967582535,2.94127100940327e-11,9.98042667289061e-14
05,50590195,G,T,-0.0191420144494568,4.9976061160872e-19,9.90741523488974e-13
06,55644601,G,T,0.0483893118563152,3.65478926300711e-14,1.02252950989994e-13
06,55676621,C,T,0.080672665073122,4.61722935879043e-13,6.35595266526042e-13
06,55300968,A,G,-0.0167508541659432,4.16032288706797e-11,5.7020510914098e-10
08,119917642,T,C,0.0939879707897939,4.26745066615989e-13,1.19278760962463e-13
08,119951900,A,C,-0.0268673977847043,1.49044214913897e-22,2.95290831168478e-07
08,119742870,A,G,0.0259731454451383,6.26195830743248e-07,3.78070767558648e-07
04,17875735,TCTC,T,-0.0265052876233129,2.25669566769671e-20,1.21223029783604e-13
04,17674888,T,C,0.0628135262919977,2.78471444320938e-07,3.21291896293783e-08
10,28442841,G,A,-0.0304832216020824,3.43869691570559e-12,1.62996877255707e-13
10,28584624,G,A,0.0519759135435878,7.07738079400176e-10,4.71458016373984e-11
10,27944386,C,T,-0.0170790870188339,6.20573817687808e-13,3.33238542762142e-08
04,146167657,A,G,-0.0324154964129191,3.42780001145007e-18,2.00232127265849e-13
04,95089067,G,A,0.0315000680422803,1.72055330301202e-18,2.34060903092825e-13
07,105494963,A,G,0.0256774775843913,7.42638895128165e-25,2.37704191901767e-13
09,96445594,C,T,0.023022298728773,5.29351099133657e-10,2.45320759270805e-13
09,96916536,A,T,0.022103568108585,3.6684278168919e-13,3.11982178019898e-10
02,54745110,A,G,-0.067324050063268,6.24718235478875e-63,1.80470756029581e-51
02,54794927,A,C,0.034653778784714,1.03076725491047e-27,6.70842185397531e-19
02,55179512,C,A,-0.0293902156872995,2.69656841311775e-07,3.22935416024227e-09
11,113029572,A,G,-0.0919390551511203,1.44275871886405e-14,2.96742555095604e-13
11,112542089,C,T,-0.0260575871312446,8.19827311471205e-13,1.61322534520991e-07
11,112559343,C,T,-0.0418480774556028,7.8758708402407e-08,9.65157240865416e-06
05,80281743,G,GGT,0.0270587265256342,1.70152169813352e-22,3.05833345807263e-13
03,50022079,G,A,0.0192622517190745,4.9684324848911e-18,4.68769231616681e-13
03,50274278,C,T,0.0327414110607894,1.65696557421761e-07,9.45422975681542e-13
20,10976954,A,G,0.0308976432552841,2.61010555487798e-36,3.52178704048706e-26
20,10640201,G,A,0.0267852786039561,5.13179351209161e-16,4.29123861735159e-19
01,220039754,T,TG,-0.0253223581052607,9.99629915456385e-15,5.36958016317663e-13
01,220122993,A,G,0.0300575422414453,1.31234011321696e-16,1.60826409047476e-12
15,91059898,GT,G,-0.0240596844703902,5.95997124703014e-31,6.73297119464284e-13
02,28941150,A,G,0.0212821409227454,1.39906651961861e-12,7.2274809893733e-13
02,28863486,G,A,0.0178690105456738,9.05420767016427e-10,1.70078606942173e-10
17,9154855,A,G,-0.0302125893888193,4.31369344770795e-18,7.66823559179442e-13
05,122742602,T,G,-0.0264699580307726,3.38076315117486e-21,8.36617770878751e-13
02,238353776,T,A,-0.0253074509359616,5.51474726313802e-15,1.21559758520936e-12
02,238212373,A,T,0.0171782077269185,1.62112627350534e-09,2.61893622960166e-08
06,74509629,G,A,0.0232733441207465,2.15007875172873e-33,1.5180310641361e-12
03,48901370,C,T,0.0452854024142931,2.28796513554845e-14,1.62488233992424e-12
20,33443617,T,TGTGTGTGTGTGTGA,0.0242320478932035,4.48056678937336e-35,1.67574448004192e-12
11,8900394,C,T,-0.0310942020150524,9.71341991481838e-17,2.04627989014107e-12
17,926121,G,A,-0.0247214723359254,9.46651185548636e-21,2.54204973456182e-12
17,738344,C,T,0.0319871414421075,3.65360520262132e-06,8.32186662524825e-06
06,130346105,A,G,-0.0255099013093365,1.63664451223082e-18,3.49467654676577e-12
06,129952675,T,A,0.021960309036541,6.70728187513644e-11,4.10073205871691e-08
10,27892500,G,A,0.0226677855610861,1.04684459079976e-25,4.48977349540894e-12
10,28337574,T,A,-0.0192520427678842,2.78454817213973e-07,1.61662701084984e-06
11,16244497,G,A,0.0206772274964075,1.75030716308699e-11,4.86097525268008e-12
11,15904259,T,C,-0.0224921578660514,2.95425131018805e-07,5.19344954435843e-07
04,87976359,A,T,0.0230921876116625,9.31449600134566e-26,7.82907897777649e-12
06,164126233,C,A,-0.0333529269574767,6.04042815936733e-15,8.16527484863357e-12
17,69845900,T,A,-0.0225238323249681,1.18818752516301e-28,9.12312897526733e-12
02,40666351,A,G,-0.0225680446702062,5.05448385852713e-31,1.01552150753302e-11
11,65466496,AG,A,0.0249855946365312,6.21218363184953e-22,1.12643772433826e-11
11,65343399,C,CCCCGCT,0.0256183578291517,7.24895125854955e-13,1.97188987528704e-08
11,65326804,G,T,-0.069160447158639,3.11025914807135e-08,1.34198696841228e-10
02,181951865,T,TAA,0.0244184301630797,6.94701575111603e-21,1.13418992301733e-11
10,114724473,A,G,-0.0276626456972739,4.05521098327177e-14,1.38196903827765e-11
10,115106330,A,C,0.0200190579440121,6.74550544911548e-11,4.40877284175482e-08
10,114351933,A,T,-0.0193446300916058,7.45791923914267e-07,3.10117038563439e-06
08,127982089,G,A,0.0236169746890419,2.05775102159991e-21,1.48305966018646e-11
17,29818258,C,T,0.0193320591049658,6.98278034495317e-16,1.63900593477682e-11
17,29891429,G,A,-0.0242342531558067,4.33126121540529e-09,1.82633373747315e-10
05,51948395,AT,A,0.0280203593330107,4.62119787963244e-16,2.15952361689536e-11
01,22132518,G,A,0.0210387457823088,1.48358852911826e-07,4.64939209230794e-07
01,21932625,G,A,-0.0255796219702879,5.64789284933249e-07,1.2055555071185e-10
19,2523781,G,T,0.023647789433885,1.51982044656153e-15,2.60811533954696e-11
19,2155042,G,A,-0.0167147411770114,1.15280776638364e-10,8.1962034352381e-07
13,94066952,T,C,-0.108486490988476,1.4610462486213e-11,2.61553257567642e-11
13,94391481,C,A,-0.034992004905161,8.82584542775072e-07,3.87697106925322e-06
13,94031602,G,T,0.0336601965493479,1.37163059984304e-06,1.17206291977703e-06
07,42606913,C,T,0.0492918914519405,2.21541531500953e-12,2.97208415884434e-11
08,71919946,G,A,0.0247743327353992,8.32975998829521e-27,2.41650151883495e-16
08,72219699,A,G,-0.0246884177427053,1.04829493133604e-13,3.10296417139154e-11
08,72083963,A,G,-0.0241571137898385,1.68904090602708e-06,2.9969623718163e-06
02,68079666,T,TC,-0.0229424262257067,1.13364881468013e-21,3.13531792819026e-11
10,79399656,T,A,-0.0283656795388601,1.83251496570443e-15,3.47146401114051e-11
14,23312594,G,A,-0.0262277727339568,3.20841239845301e-16,5.29532427453058e-11
21,35717837,T,G,-0.0271094737358698,1.29655879697601e-13,5.65283706655487e-11
21,35567987,C,G,0.0427053469026638,5.12421927737356e-07,1.46745443107045e-07
21,28774869,C,T,-0.0219385931896625,3.43596128444185e-24,5.69462134684233e-11
17,63549979,A,G,-0.0216890719825826,5.91857325041876e-17,6.22173424064903e-11
17,63243004,CA,C,-0.0280586868950321,1.42704065052349e-11,2.2495192375339e-10
16,23082032,TA,T,-0.0232318939598473,3.84330105843613e-22,6.64557843512885e-11
05,42529548,A,G,0.0216206080339782,1.25603029157418e-27,7.18991789957596e-11
07,20356798,C,T,0.0312437077944195,2.70323609001082e-12,7.93113744278468e-11
07,20052860,T,C,-0.0231550188975077,3.96494388965157e-11,6.6621745235524e-09
22,46375611,C,T,0.0289579573717005,7.54491828631454e-14,7.99787632868173e-11
22,46710962,G,GT,0.0236718518397912,4.56810592901612e-07,6.12869368819803e-06
20,32280829,G,T,0.0235752573214615,4.78446301311968e-19,8.4385314186491e-11
06,155332315,C,T,0.0283882553541097,1.61702405681622e-10,9.32226290922613e-11
06,155349999,C,A,0.0164895226918143,9.6466865067181e-10,1.98610501499115e-07
19,3375572,A,G,-0.034059119088535,1.89938399489017e-13,1.14544232959348e-10
16,55532458,T,C,0.0209774497955974,9.42392892021641e-18,1.16759730465395e-10
16,55069361,T,C,0.0215934535090208,3.98831781336274e-12,7.34307745207466e-10
03,11573615,G,T,0.026896798981907,4.34443101225907e-15,1.31431626644359e-10
08,80822461,G,A,0.0223413968134477,3.09092218240153e-20,1.37352184781649e-10
10,20142470,G,T,-0.0246953504165902,3.21047956794926e-16,1.43096924623676e-10
10,20513949,G,A,-0.0751314692250176,2.39146856115347e-06,2.43315676792638e-06
11,115080042,C,G,0.0347470051380384,5.02290912321389e-45,2.81901418135182e-23
05,72615428,A,AG,0.0247114333340973,1.83522761346677e-16,1.63389003990419e-10
18,10348334,T,C,-0.0213622785783813,1.78882848076551e-17,1.74836732566762e-10
18,10032806,G,A,-0.016843821188698,1.05495602941602e-08,2.34254635232682e-06
01,38461821,T,C,-0.0212728265578157,2.89663387337162e-25,1.7502306128127e-10
06,126386403,G,C,0.0174441002945392,1.75481710859545e-13,2.40623284476956e-10
06,126600533,A,C,-0.0282274896093085,4.33866970510484e-13,2.08715884078275e-09
06,126642219,G,A,-0.0250579755542797,2.46660300175236e-10,3.48701421895982e-06
09,95643890,C,CA,-0.0224016578179277,3.58554786516902e-20,2.57426433100198e-10
09,96461013,G,A,0.0226389869395551,9.72433859557775e-10,3.90606507340207e-13
09,96948218,AT,A,0.0221682811195679,4.15716361294682e-13,2.99260532730629e-10
08,116671848,G,A,0.0341386075685708,1.41397568292954e-29,3.99007860681939e-21
08,117167843,T,C,0.0252075385992684,1.74614793878225e-15,3.28463004920973e-10
10,102075479,G,A,-0.027515629131157,8.97580628257515e-14,3.67685656822885e-10
11,10922033,A,C,-0.0267312875156155,2.68979611721039e-14,3.71529982818437e-10
17,43130624,GGTTT,G,0.0180745698722142,6.86421418165466e-14,4.06413525897867e-10
17,43572896,T,G,-0.0193073759641295,6.59227877439254e-09,3.36346979995767e-09
04,146077698,A,G,-0.0306542705812989,1.22822977338613e-11,2.1591461111925e-12
04,145597759,G,A,0.0177033141370613,1.40027605523185e-15,4.15718040491339e-10
07,92237533,A,T,-0.0252440229895509,1.2518951747503e-14,4.70753291657863e-10
09,110907520,G,T,-0.0234718635311034,1.91859563288729e-12,4.82914646672936e-10
09,111133954,C,A,0.0182109160928554,1.67001118587691e-08,4.59877419059881e-07
13,110440832,AT,A,-0.0217378231798832,1.55659959814037e-18,4.88307636912521e-10
16,11642910,T,TA,-0.0210596845176191,5.28812596215291e-15,4.96544182335282e-10
16,11930010,T,C,0.0197520732699802,3.50683248190269e-09,1.22082555789832e-07
05,127787610,C,T,0.0204500152974425,1.02057535937889e-26,4.96609065051082e-10
16,4021734,G,A,-0.0282643726235901,5.11546892930706e-12,5.82727628857401e-10
16,4447477,A,G,0.0197605354555854,1.28429537564257e-09,4.86780375136505e-07
16,67082610,C,T,-0.0586002271285,1.7406551485509e-10,5.91374234153368e-10
16,67005605,C,CA,0.022144721364308,1.02010861572566e-08,1.15513986054869e-06
14,35224430,C,A,0.0203827305187739,2.11628618291756e-26,6.07097609153536e-10
17,7790048,C,A,-0.0436081775179174,3.8618531668066e-13,6.54431912935906e-10
17,7371932,T,C,-0.019775426549155,1.16992635105673e-16,7.86010479292998e-07
17,17136891,T,C,0.020518037950466,2.04427612756312e-22,6.79449931139316e-10
22,36677914,A,G,0.0232235384891314,1.69008253911138e-18,7.2855210101035e-10
22,36813946,AT,A,0.0370247370179931,3.31533380827406e-07,5.09791964652296e-06
06,168432467,G,A,-0.0306253138614841,6.92464406612905e-15,7.38999544087529e-10
06,168128170,G,GTAA,0.0364289569513755,2.13411271264696e-12,2.84952666800176e-09
06,168479314,T,C,-0.0224302125168017,9.08079127718014e-07,8.25678994419315e-06
01,113205526,C,CTGT,0.0226876164575978,5.28850385605287e-13,7.51470904434853e-10
01,113010808,G,A,0.0172029771747384,3.07024713661125e-11,5.36391950786278e-07
06,56377713,C,T,0.0712974357676521,3.08236043773781e-10,7.62808108954593e-10
16,53834508,C,T,-0.0214238691556486,4.07123307270449e-13,7.70902345780125e-10
16,54288061,G,A,-0.0306111699895461,1.10029719819805e-07,3.91655176454036e-07
16,54020442,T,C,0.016627794047024,1.00892887737955e-10,8.97999610462572e-06
04,86736384,AT,A,0.0333250357640363,8.09995257301255e-12,7.82780663029232e-10
06,21894616,AAG,A,-0.0318887844210922,8.21163847142028e-11,8.4947286302286e-10
06,21395407,T,C,0.0154002195757037,4.69075287305958e-10,6.10988992928817e-06
06,27846744,G,C,0.0297014603883727,1.75500462610175e-12,8.89569082329719e-10
15,85660184,T,C,-0.0426446303725835,1.64854500384891e-09,9.53919125813428e-10
15,85498209,A,G,0.019355790437373,1.51524882873066e-09,1.29984287692053e-07
12,28614139,G,C,0.0222932447637527,4.38932915793604e-12,9.81463316135742e-10
12,29103922,A,G,-0.0232995749655975,5.78633422419253e-09,1.92888638971071e-08
01,218944491,A,G,-0.0208740898878288,3.03895888945308e-18,1.00909996565114e-09
01,218518422,G,GTCCT,-0.0240792347287206,1.42885369571265e-08,1.04144585658934e-07
01,218729686,T,A,-0.049459440103253,2.85900337523065e-06,5.14825896254358e-06
17,43946291,A,G,-0.025257532849607,4.54908867420847e-14,1.01429747404504e-09
18,60054857,C,A,-0.0231367383448585,2.36692511981789e-15,1.10709420978921e-09
02,218070164,T,A,0.0276011186569268,8.86794097423132e-13,1.11093689343314e-09
01,163874234,A,G,-0.019981217261896,3.68832837892504e-25,1.12285745805223e-09
11,58810230,T,C,-0.0478190686236068,8.51668698166453e-10,1.133977141757e-09
11,58421179,T,C,0.0154034250689511,2.65743871217228e-10,3.43840397294638e-06
01,85332120,C,T,0.0223139360176166,1.07776565862515e-16,1.14847168215028e-09
05,158242545,G,A,-0.0264969119655156,5.28494070055359e-13,1.26722330736281e-09
07,96230686,G,A,-0.0279278757757434,1.32791344048872e-27,1.973294002007e-15
07,96718371,G,GT,-0.0231756441414275,2.15232094711429e-15,1.296472016365e-09
14,53752240,T,G,-0.0213830029884101,2.09964282796538e-17,1.30278603203952e-09
17,41862277,G,A,0.0656368249765265,1.19068050375941e-28,3.50435832854507e-27
17,42669685,T,C,0.0206569181269258,4.14042242117227e-09,1.34612913678861e-08
05,54832387,G,A,0.0350113931638501,6.24425655227142e-10,1.48439605040526e-09
05,54787875,AT,A,-0.0267464241413578,4.40070773229011e-08,6.31260309691236e-09
05,55015068,G,A,0.0374313540825853,1.1831417902272e-06,2.64200546750271e-06
11,48085189,G,A,-0.0242404152683757,9.6704432537175e-14,1.68617102893086e-09
07,119659037,T,C,0.0286014384972046,2.0599849678433e-15,1.73488642664846e-09
07,120128089,C,A,0.0971459689545559,5.40823642937998e-09,6.20741447716849e-08
07,120001555,G,A,0.0702455005585864,1.04367958946742e-08,3.0498199580054e-07
17,79394536,G,A,-0.0237374877841393,6.33970447299429e-13,1.77092370372686e-09
17,79841732,C,CA,0.0266202849806112,8.11852222978472e-07,4.30328029364865e-06
02,233790522,T,A,0.0200624986749286,6.18939514975426e-22,1.88631527608941e-09
01,89255039,T,C,0.0202059387173906,1.88181979758547e-19,2.04664123357442e-09
22,39129708,G,A,-0.0228675238074661,1.05098993301346e-14,2.11890444833029e-09
07,38029944,A,C,0.0646803060764704,1.42303803815514e-55,5.47072386893778e-59
07,38009814,G,A,-0.0325177741488923,1.02047909721903e-24,2.7555687551969e-32
02,19870341,C,T,-0.0220607192087111,2.32239203412034e-15,2.2992108771591e-09
13,24828827,G,A,0.0270161613215493,2.81000898293075e-12,2.34776625724038e-09
12,2502996,T,G,0.0273618843983704,3.61559671447485e-12,2.43075115214331e-09
06,148829441,A,G,0.0205619346155117,4.39526384979164e-23,2.49132959802776e-09
05,132443605,CAG,C,0.0217201128672373,1.15048582997573e-15,2.96284137902471e-09
11,121800971,G,A,0.019792731916821,7.5919329596884e-18,3.13597992475845e-09
11,121670712,T,C,-0.0363444560650802,6.23870839732809e-09,1.495498562635e-08
03,57860352,C,T,-0.024807405277574,5.63076645398358e-13,3.20668832677982e-09
17,62479273,A,C,-0.0213184343393557,1.07996089770327e-15,3.61575416704857e-09
17,2048713,T,C,-0.0523333695774708,4.54596017595889e-89,4.26614058940675e-51
17,2240400,C,T,0.0672736920831467,8.95444486734932e-07,1.79412195054235e-09
01,149995265,G,A,0.0204323024864712,4.77792841654505e-20,3.64286869221527e-09
02,54549967,G,A,0.0365421063256265,8.75513390854444e-20,9.64052625296162e-20
02,54465632,T,C,0.0556336637407972,4.22961608135526e-20,1.22286936683253e-09
02,54492442,C,G,-0.0257031519727529,2.61465400261803e-23,3.00408238021712e-10
16,88453759,C,T,0.0200349175156928,2.50898167333932e-15,4.30412812826666e-09
16,88834014,A,C,0.0250112521830351,5.03400434793637e-07,7.65518333501397e-07
11,92625457,G,A,-0.0217663147139554,7.62576122879857e-15,4.33160264735307e-09
05,31134721,T,C,0.0200027825776522,2.9336671291759e-18,4.55847673528968e-09
22,50724733,G,T,-0.0214397942825105,5.7428070681947e-13,4.71238210134191e-09
22,50329119,C,T,-0.0193701450360693,3.64629111468204e-09,1.09796840056054e-06
05,135430668,G,A,-0.0300463946915843,4.07108078691126e-11,4.77719404894514e-09
07,121069949,A,C,0.085185660674773,6.96702067644285e-169,7.84952347730979e-64
07,121081616,A,ATTT,-0.115248717439683,1.7941539971564e-41,2.58348408260379e-06
07,121069017,A,G,0.154549399177368,8.32745133776197e-30,1.56530936582483e-13
02,71630041,C,A,-0.0195389710176329,1.76798030662559e-18,6.29906649699927e-09
02,112484417,G,A,0.0234547721408148,1.18153211548153e-09,7.27412982599984e-09
02,112913501,G,A,-0.0159622818512685,7.00647741257299e-14,2.9263263220583e-07
01,119544674,CACACAG,C,0.0195183601102955,1.79747067732921e-18,7.48820911307736e-09
10,123663944,C,T,0.0199736069775894,3.2600940392889e-15,7.50020722537325e-09
10,124140752,CAG,C,0.0227450132717928,2.24488402762842e-08,4.16579561575312e-07
16,1148713,C,T,0.0581398147190718,3.91555511780138e-09,8.56381922792046e-09
16,982832,G,C,-0.0174115385834895,9.48776878272293e-09,5.83228598082039e-06
15,65776993,C,CA,-0.0224683874696724,7.17476293435556e-14,9.17741729466145e-09
05,42504295,T,A,0.0211260406114922,1.43861446941489e-26,1.65374776715878e-10
05,100045362,C,G,-0.0188480527576686,1.58720838726348e-22,9.88705985767326e-09
05,73739663,A,G,0.0257559730602809,1.46253275897353e-11,9.99922561437699e-09
13,50975192,C,G,0.0225107894129007,2.94867738897234e-13,7.93354557309454e-11
13,50504226,A,C,-0.0183192615962228,1.94454780387724e-09,2.74464491439696e-08
10,28602440,GATAAA,G,0.0214437078319059,1.01125248491011e-16,9.78223561180658e-11
10,29093379,G,A,-0.0189594773029708,1.34138610792686e-12,1.09245802669051e-08
01,75255491,G,A,0.0191131206546829,9.41473973527702e-19,1.1456111865548e-08
X,21468207,C,T,0.078975116307384,8.90421629347903e-09,1.16357420139507e-08
04,157515425,A,AT,-0.0212207044760846,3.10116799727391e-17,1.19606417133306e-08
10,94961320,A,T,-0.0187397803657626,4.95795076666997e-22,1.20792527137362e-08
10,3744022,C,CT,-0.0225279611913665,1.36927581407331e-13,1.25629646657998e-08
06,2503734,G,C,0.0257369143218357,1.25355777939269e-30,4.1200135299857e-15
03,30731123,G,C,-0.0195509399235731,2.78944396498968e-16,1.51283100752949e-08
18,46465540,C,A,-0.0188169165094436,3.57143537756703e-22,1.55282725116366e-08
12,3215022,TCA,T,-0.0189066350720225,1.47425509587072e-18,1.61596777723507e-08
12,116649969,G,GAAC,-0.0221529998142364,1.95058569083569e-12,1.65069267017243e-08
12,116251777,G,A,0.0255370728281528,9.43401082053472e-07,6.46647151584277e-06
14,75787011,A,G,0.0201586411664316,3.66401897611214e-10,1.68333448052597e-08
14,75670211,T,G,-0.0165864299650854,4.13049794251396e-13,1.26570609679e-07
09,136138765,GCGCCCACCACTA,G,-0.0242301561194102,9.05896187691022e-12,1.80260662758581e-08
11,16271834,CTT,C,0.0210189922253243,1.02107386486239e-09,1.32299210731751e-09
03,56270272,T,C,0.0277696190006224,2.35541654102253e-14,9.07790223957301e-14
03,57134246,T,C,0.0184075326704407,5.0762774352206e-09,1.18198052051839e-06
03,56724832,C,T,0.0168953090219532,4.63799638092042e-09,3.97000960482049e-07
09,130320119,T,C,0.0204594470532209,1.0100846557656e-13,2.29513291661303e-08
10,131313824,C,T,-0.0195745405748176,3.24631786478447e-15,2.35449077497874e-08
13,52205904,G,A,-0.0197821459693743,4.16244343204854e-15,2.4146901341624e-08
14,103910423,C,CTT,-0.0376337347324834,1.48547765580572e-54,4.27547626040228e-27
19,18157742,C,CTTTGTTTGTTTG,0.020774792405456,6.67267692163865e-12,2.70217032752395e-08
19,18573028,GTGTA,G,0.0171825439484781,2.25307550486519e-09,2.22587470774903e-06
17,58935217,A,C,0.0529618607333603,3.00130110979341e-39,9.17935005731536e-30
07,100510437,G,GA,-0.0191882367736372,1.2710076013788e-18,2.90348154096916e-08
06,136233659,A,G,-0.0258526418133454,1.3626749438779e-10,2.97142695901614e-08
06,127389780,A,AT,-0.0483100115685971,7.78052212809208e-75,9.44272829794486e-40
06,127378698,T,C,-0.064772028256981,3.60761695673285e-15,8.66098491899734e-07
06,126412953,C,T,-0.0184702128386516,1.19687504930449e-09,7.68079179154848e-07
21,36421692,AT,A,0.0244295813792598,3.07583960697107e-09,3.37182579538106e-08
21,36575097,T,G,0.0221902204282084,3.43424904754757e-08,1.17435288140429e-07
21,36878925,CAA,C,-0.0156165260340565,1.32102103821638e-10,1.45693869937622e-06
04,54338855,A,C,0.0222183176543496,4.36035482494344e-12,4.57908445807506e-08
17,66691183,C,T,-0.021236144794393,3.00191620210303e-12,4.67906088245803e-08
09,111500251,T,C,-0.0254464881043704,1.7083705663936e-10,4.69238640668472e-08
03,32902022,T,TCTC,0.0180871739664975,3.96756376619146e-21,4.89199880809262e-08
11,124955977,T,C,0.0178765566606008,5.63293778426324e-12,4.92521801058873e-08
11,125070197,C,A,0.0196753154851541,4.03722836072366e-07,2.99051021164316e-06
11,125439423,C,T,-0.0233220556129771,1.24508559517819e-06,2.35571216730389e-06
12,65995687,A,G,0.0204477739066638,1.48288186466079e-12,5.11536604457223e-08
12,66336692,C,T,0.0214691958646641,2.11536253771284e-09,4.91575893433181e-07
01,6693641,C,CATT,-0.0188477061790719,3.94673657442874e-15,5.17235285233182e-08
01,220010583,T,TA,-0.0227393076362233,4.91371030030523e-14,7.51373743224923e-12
01,219015679,A,G,-0.0168051905312523,2.45594888274553e-11,4.42433124024979e-09
10,77622692,C,G,-0.0179099074391419,1.51636583652939e-19,5.22056239006732e-08
06,24905909,T,C,0.0430981138392619,1.21294063052614e-08,5.59929361390577e-08
17,59026525,C,T,0.0519816862672401,1.72344088233864e-32,5.44576421190393e-30
17,59508427,A,G,0.0209736881070848,2.7756889968568e-08,3.2734235220208e-08
17,59592743,A,T,-0.0168192592579471,2.15732359215321e-08,7.73488761597266e-06
05,112185073,T,TA,-0.0185273484951287,8.78394589417315e-21,5.82062126480921e-08
06,109601672,C,CA,0.0179530809349386,1.36960830933294e-20,5.88880414397311e-08
17,80508790,T,C,-0.0185017661252738,1.39993175244069e-15,5.96251909588876e-08
08,70179978,G,A,-0.0204664813591129,1.24770520231316e-10,6.00953544383909e-08
08,69881278,C,T,-0.0685633308446376,2.69388580977099e-06,8.20663557828289e-06
08,70227833,T,C,0.0467294931809413,2.0146747508725e-06,4.93215209090645e-07
11,68218290,C,T,-0.0335754874684765,2.91095532855016e-27,1.75221406518581e-31
11,67791077,G,A,-0.0883291480305127,5.54004828378747e-08,5.50413439321568e-09
04,71992629,G,A,0.0271855569627909,1.08408505510428e-09,7.36128842546876e-08
05,36649053,G,A,0.024943401424364,3.71744737412276e-10,7.5326103408598e-08
14,70486865,T,C,-0.0211829468218606,9.20314902531726e-12,7.53295292437227e-08
09,113570699,A,T,-0.0168500804307689,5.2114303781345e-13,7.73376658919666e-08
09,113397207,G,A,0.0191739493245025,4.36575213321251e-07,1.00428181038953e-06
09,16686323,G,C,-0.0204207703935049,1.33670914742656e-07,8.50412273956554e-08
09,16845510,A,G,-0.0171986919185406,5.62808802036966e-10,2.98371955806811e-07
12,26436315,T,C,-0.0184862851593575,5.44132318025561e-15,8.69832876558745e-08
14,95549402,C,T,-0.030586397037973,4.72550599335751e-09,8.89044604987529e-08
01,27303884,C,T,-0.0180914751225231,5.29835392330044e-16,8.9867810790667e-08
19,13165884,C,T,0.0242665862398472,3.2200121541215e-10,9.11220501037303e-08
06,2048330,G,A,0.0453725962742112,-99,3.46913501014099e-09
20,10634675,C,T,-0.109129360276587,-99,4.51033163400158e-26
11,16630779,G,T,-0.0413832211325398,-99,1.07611859547162e-10
01,22483649,T,TGGGGGG,-0.0797230916616778,-99,5.3005758016517e-27
07,37946540,C,A,0.0893527953328604,-99,3.44918031079517e-24
17,42164584,G,A,0.062962343667994,-99,2.75148891063533e-18
11,68174189,G,A,-0.106656032749592,-99,7.39863159306183e-26
07,96603943,T,A,-0.0736361393009599,-99,1.36704744965381e-12
09,96623821,A,G,0.0386714005570185,-99,9.22943411736142e-13
11,115459742,C,T,-0.0547008201136339,-99,1.05490893228068e-09
11,115512211,C,A,0.0556505627856057,-99,4.88356091897446e-09
08,116940451,TA,T,0.0772386010090594,-99,8.13424106113951e-11
02,119038598,G,A,0.115641059737633,-99,6.32546946957806e-53
02,202958208,C,A,0.0547114199292864,-99,3.74623781804757e-15
01,219783674,G,A,-0.0703460525844162,-99,3.99911873252667e-10
