chrom,pos,major,minor,beta,p_value,gwas_p_value
07,120954908,G,T,0.169470113724853,0,0
06,127459552,G,C,0.0849103193130948,5.36044154217809e-239,1.01276775497983e-85
02,54659707,G,C,0.0817454347552396,1.34409676319779e-128,6.20457921697607e-73
02,54855137,C,T,-0.0473658486026756,2.40264906247444e-28,1.17296397910158e-19
10,54424184,A,G,-0.140028385919767,1.28873489243448e-104,9.09437649473239e-66
10,54412481,C,A,-0.058313201507332,3.75492188277105e-68,6.63818678189289e-17
06,151907958,T,C,-0.0738613526295059,1.47711311818604e-75,6.72633193240585e-64
06,152010370,AT,A,0.0629788462490644,1.48007204446952e-88,1.65663049537035e-56
22,19677948,CG,C,-0.112613716033609,1.88275412281647e-69,2.25008482899089e-55
01,240586695,C,T,0.0822733034344613,4.04931554165874e-74,1.27644237280353e-50
02,119510493,G,GC,0.307269135223799,1.99978776936397e-39,2.12543488394685e-48
02,119602304,C,A,0.0360878251879192,1.46468113616644e-31,2.2725745993343e-18
11,86857360,AGATCAGCCTGAGGGAAT,A,-0.0674322619589712,8.04501138624582e-84,2.4075048399923e-45
11,112437007,G,A,0.0610379035669051,1.4565460288413e-103,1.66784825921611e-43
14,54419106,A,C,0.0628077147737399,1.44249160523788e-102,2.65709546816527e-43
19,33527677,T,A,0.103425111332215,3.65896775355894e-49,3.30418768668731e-41
07,38153747,C,T,0.0493630093113147,1.46472661920126e-25,2.50913582350256e-37
07,37946958,A,T,0.0531710396929536,1.09993317357656e-22,1.99484915992075e-18
07,38111941,G,A,-0.0445512546730709,1.67777954265457e-35,2.54423115773209e-33
06,133575875,A,C,0.0485048338529459,5.90701864128588e-43,6.13519643649382e-37
06,133339485,G,GA,0.031235119376706,4.6243415615468e-13,1.05570113520175e-20
04,994414,G,A,-0.0723728050800234,9.93373768684888e-44,3.69384329262533e-33
04,1192775,T,C,-0.0867157025179911,8.10221069757145e-19,8.68360467513806e-15
04,997488,G,T,0.0711799622585185,2.13699365395735e-15,2.30278563902307e-20
13,42973283,T,TA,-0.050731696539274,1.10533294819031e-87,2.1446873277329e-31
12,90564295,A,G,0.0517466446726912,2.03763560096759e-70,3.34502269045347e-31
10,31053282,C,G,0.0491378417996407,7.27947373366232e-83,1.10543340672898e-29
02,202832130,C,T,-0.056632143510528,5.87095106930836e-34,4.40434975877909e-27
02,202956731,C,A,0.0265516287978203,1.0439944722108e-15,9.69126707753677e-09
06,45386202,T,C,-0.0931488854730063,2.593369838963e-23,8.53658472283245e-26
06,45204631,T,C,0.0242240602060829,1.70619476502354e-16,7.49663710481117e-13
11,27276450,T,C,0.0451365923961976,9.65155672185434e-48,2.40105464039998e-23
03,41123735,T,C,-0.0450277379561974,4.22148014962785e-49,3.47658420555936e-23
03,40936591,A,AC,-0.0272992788785973,5.54292301283734e-10,6.61167972847611e-06
20,6405923,GT,G,0.0447946198650023,4.66894426262385e-46,1.05847269722714e-22
02,42267135,C,CA,0.0499718165853186,6.04911090775712e-35,3.29743665517099e-22
12,49379537,G,T,-0.212288851888399,6.0312230844066e-26,3.5334137896137e-22
12,49385679,C,T,0.0303158487243783,5.85288686294053e-16,7.64259319130471e-06
08,9086392,T,A,-0.0417116210673675,2.38206928547849e-63,6.1017364431637e-22
17,41826839,G,C,0.0746296918895027,1.50155512771343e-23,6.9187589622338e-22
17,42162694,C,CT,0.0356884256482854,2.74956674797583e-17,9.62751308135816e-12
21,40350120,G,A,0.0463744480064206,2.04630607145097e-38,7.09366882758787e-22
22,29477841,G,T,0.0433481154224736,3.55690831406121e-43,1.15425812297232e-21
17,2026417,G,GA,-0.0419282826849731,8.16390622141648e-34,3.71981659212964e-21
17,2463672,A,C,0.0354624613878383,9.42558382554304e-07,6.47423291233897e-08
11,68174189,G,A,-0.0785755563802597,3.63669491834444e-15,6.43820794581913e-21
11,68404647,A,G,-0.0318508027605993,3.80722256351968e-15,5.84780826705367e-16
20,10629525,T,C,-0.0650685152469488,1.10788444551072e-17,3.0157231263278e-20
20,10647951,G,A,0.0295289030297262,6.063635030276e-09,5.8713223674879e-12
17,58958686,T,G,0.0565980458848371,2.84392495909342e-26,4.79093217715619e-20
01,22710877,G,C,0.0408517812363434,7.06286701117449e-17,5.69745288316416e-19
01,22531542,G,A,-0.0523171387419978,1.06501507145928e-10,4.38223264556289e-13
01,22663920,CCCATCCAT,C,-0.0344941847072203,9.17513855046616e-15,2.09121395235911e-17
12,13328208,C,T,0.120728769156198,2.72591569233755e-21,6.45052828629482e-19
12,13333283,G,A,0.0516173867724582,1.20718268664564e-10,3.38092080242934e-08
02,119423996,G,A,0.0695523408201997,9.72248885009481e-07,9.95856595614384e-06
02,119012019,C,G,0.0544939892529249,7.14120994798272e-07,8.71373013689707e-20
07,96133531,C,T,-0.0398116432211268,1.00097649945525e-34,4.767108214617e-18
08,116663898,G,A,0.041361132089578,9.22195539421847e-31,7.61235323570033e-18
18,13659019,C,G,-0.0385746715244441,2.28662575234789e-35,1.4958153998125e-17
16,410178,G,A,-0.0949833604195486,3.77531477916605e-19,3.03944821565315e-17
15,51516055,C,A,0.0417984097048838,6.60224513959859e-28,3.98154893547849e-17
12,1637130,T,G,-0.0618694870853978,1.10861298846841e-15,7.94180338381973e-17
12,1636381,A,G,0.0255531967790731,5.99703500037198e-11,3.7300194585608e-10
04,88831249,A,G,0.0395826710813788,2.89495250935533e-22,8.15922082957597e-17
04,88645344,T,C,-0.0233274929116121,8.27600788771822e-14,3.21806804486031e-07
07,120932447,A,G,0.168456158629495,0,8.68843992798253e-254
07,120927109,C,A,-0.0399200114468671,4.21043548625036e-08,1.95168215970465e-45
01,68664755,GAC,G,-0.0264330605867976,1.71284702908121e-17,1.80150805745677e-16
01,68725704,A,G,0.039980616743593,3.53563930537808e-13,1.16754608128784e-12
01,68591253,C,T,0.0304429865435057,3.11431182705549e-14,1.38043470286014e-13
16,51903981,C,A,-0.0602988517955862,6.01006255842238e-12,3.0084034063948e-16
16,51786107,C,A,-0.0262828845975824,2.31850795435261e-16,9.13927319767233e-12
16,52023106,C,T,-0.0359872240831601,4.7472427644472e-07,2.84853540330604e-08
14,103895020,T,C,-0.0371729925762235,1.73865541561659e-31,3.5243314209909e-16
11,115044850,C,A,0.0347775379243148,3.56049530883943e-28,8.72977004150435e-16
11,115474054,A,G,-0.026020788246662,3.65986184339896e-08,2.76099603955697e-07
11,47119875,T,A,0.0374220417588045,1.43007371675586e-29,8.87646625746394e-16
13,99536215,T,C,0.0388952934907795,1.76958809863909e-25,2.04705525519349e-15
07,30955539,G,T,-0.0408824036766684,1.22937483753124e-23,2.46981277684967e-15
13,22812173,A,G,-0.0358947379726782,7.55791687479463e-29,6.14893213399568e-15
11,62201239,T,C,-0.10654944943676,1.22561318831821e-15,7.58674533881143e-15
17,925304,A,G,-0.0356525116256815,1.46799245064815e-25,4.33619813332248e-14
11,35097298,T,A,-0.0325703228988452,8.11826867717651e-36,5.79057140931604e-14
15,85621779,CAAAAAAAAAAAA,C,-0.0608235584408961,1.14781640320657e-15,1.62442456173524e-13
11,60099912,A,G,-0.0328793247136812,1.63750753279079e-19,7.20852367204557e-13
11,60158649,A,G,0.0226109953932146,5.68035383374678e-10,1.23779734249261e-06
11,68365212,C,T,-0.0369798258794303,9.13627902961428e-16,5.26727575799226e-20
11,68855363,G,A,0.0317216202726944,5.34854157561663e-22,8.74779413868006e-13
11,68366644,A,T,-0.0568174457004014,2.59947803701586e-06,1.41879736941056e-13
05,80280397,T,C,0.0342151413386547,1.00791200914761e-21,1.0986179974028e-12
20,7551554,G,A,-0.0327474424739336,1.21186256965439e-18,1.10597761116335e-12
20,7145715,C,T,-0.0229722797107356,3.53379135105057e-08,1.45707818878738e-06
11,15243059,G,A,0.0585700688599361,1.81087778959333e-14,1.11024479657562e-12
16,86714715,G,C,-0.0393861309245512,1.0286027307927e-17,1.47663574153069e-12
20,39832628,T,C,-0.0381802698739257,5.56634048332595e-18,1.75873253593063e-12
01,113247563,G,A,0.0369961639930259,6.58619065061123e-18,4.22400466875679e-12
07,20052543,G,A,-0.0306794747675697,1.01924302861629e-16,7.12961233651655e-12
07,20454613,A,T,0.0626637866685622,7.47177272348625e-07,2.06360278455688e-07
07,19572587,A,T,0.0215745222355477,7.63338342381806e-08,4.64945883332183e-06
04,57838999,T,C,0.030758162194425,4.72627888970349e-25,7.66164372774364e-12
04,146151286,TA,T,-0.03978398268627,3.58864607359474e-16,1.05365068757798e-11
15,67414911,T,G,0.0295669104508488,5.5957103540986e-31,1.337061686652e-11
02,200473866,AT,A,-0.0387559028998995,7.46852629429925e-16,1.43335207849571e-11
02,40638360,C,T,-0.0305925159121394,1.2889883329711e-22,1.75107789128054e-11
20,11150594,T,C,-0.0748688682885908,1.50268512214783e-11,2.37672469822214e-11
20,10654563,A,C,-0.0279167114196889,8.57035957032493e-17,4.04169936215551e-11
01,21943136,C,T,-0.0295247964259523,7.98314609379265e-16,2.99528689516082e-11
01,22355978,G,A,-0.0321330057905749,4.17200018950906e-12,1.35915214710319e-10
07,28751655,G,A,0.0354140529057704,5.19801559798441e-14,3.58446614404619e-11
07,28609388,C,A,0.0266372860917856,1.51329385267725e-09,1.58617824566609e-07
01,2921939,AC,A,-0.116685839295202,1.7158191978974e-11,4.2147085152984e-11
08,119926179,G,A,0.107519008957314,2.63360872251772e-11,6.11791246995844e-11
20,45603836,C,T,-0.0327022281966687,2.22366095796369e-17,6.44276991101406e-11
06,131310610,G,GA,0.0330924211536816,9.30239953100872e-17,7.6787712276987e-11
06,74477152,C,T,-0.0281653545850378,9.26237478777576e-28,8.41052582719367e-11
01,119458215,C,T,0.0301666126022139,1.80695811818248e-10,1.22094580083467e-10
01,119455852,C,T,-0.0285810883712039,5.46439114664031e-09,9.7937307612516e-10
X,43868098,C,T,-0.0246107069106267,1.14246703179849e-16,1.306294465404e-10
04,88161981,G,C,-0.0407377916489748,3.09199961164364e-10,1.41972597310574e-10
04,88627101,C,CCT,-0.0299388640635068,1.75292303175547e-13,3.55831923706066e-09
04,87956716,GA,G,0.0244199153225367,1.18420177165114e-12,1.94852804216127e-09
07,15752870,T,G,-0.0289465028579532,2.39153100084903e-17,1.59935323001973e-10
07,16031931,C,T,-0.0284964539069335,2.7769452072503e-11,1.28065494709046e-08
07,27970454,A,T,0.0305438617047656,4.46921256953932e-18,1.62921690825124e-10
07,27204732,C,A,0.0513709671494402,3.15636450870335e-10,1.99863329020159e-10
07,27653025,AT,A,-0.0342700907504789,2.90501366535451e-10,5.18349293172542e-08
07,27305223,T,A,-0.043456191769301,1.04967492944976e-07,1.3416027349424e-07
03,156552785,G,A,-0.032780209148549,3.47289230693092e-12,2.27336539107192e-10
03,156797941,T,C,-0.0241347387696458,2.33859078142362e-13,2.78404116712103e-08
01,201597947,T,C,-0.0347220168691092,1.3057597562099e-14,2.49759429872652e-10
08,72217903,A,T,-0.0305665706017297,1.11583925026745e-11,2.50013506085411e-10
08,71918568,G,A,-0.0199595240700008,7.48681990388676e-11,2.50874099316023e-06
19,2513914,AC,A,-0.0302551886291002,3.24926073048218e-20,2.57073399380937e-10
20,33590584,T,C,0.0356421997994149,3.79336824072967e-14,2.86580134105007e-10
20,10984360,T,C,0.0767570947160951,-99,3.90057262992713e-18
02,119161638,A,C,0.119669824540423,-99,1.59491639197519e-37
