chrom,pos,major,minor,beta,p_value,gwas_p_value
7,120954908,G,T,0.170943638294594,0,0
6,127459552,G,C,0.0869605342820325,1.57863250689311e-246,1.59510008040404e-88
6,151907958,T,C,-0.0797796191257812,2.13696513006788e-86,7.14597092850432e-72
6,152010370,AT,A,0.0615036536506874,3.14048965394872e-83,4.0995888421246e-54
10,54424184,A,G,-0.135677256643698,8.82432059468653e-88,2.98266122819606e-61
10,54413909,A,G,-0.0551162962694548,1.06317812959581e-43,1.02004362256428e-12
10,54467180,A,G,-0.0377188264777778,3.30069282254638e-28,4.99962301592756e-17
2,54659707,G,C,0.0752953847950969,1.31323153484214e-107,7.23187407906286e-61
2,54839276,G,A,-0.0502426645504888,3.02450370394533e-31,5.07671480462512e-22
2,119510493,G,GC,0.340245899825819,8.81154736425787e-47,4.14553454208228e-59
2,119611026,T,C,0.0453707879919669,2.14718552669078e-28,3.06297435545321e-28
22,19677948,CG,C,-0.113631223851886,1.87170250206739e-69,2.24304890908238e-55
1,240586695,C,T,0.079629420658489,1.92040541385868e-68,9.06937371181618e-47
11,86868033,C,T,-0.0653334770750796,1.57100855236347e-81,9.82341014038797e-44
11,112437007,G,A,0.0601546276157434,5.72756967658677e-99,1.2168028750226e-41
14,54419106,A,C,0.0613742990546796,2.01364136104374e-96,9.13418005185257e-41
19,33538783,A,G,0.100621243750586,5.53182865905703e-49,1.02481701563941e-40
7,38123628,G,A,0.0536926436558837,5.79158536732189e-38,1.05167841403152e-35
7,37954468,A,G,0.0459059393834812,5.20543276958415e-20,1.2917804486315e-15
7,38142840,A,G,-0.0382585422857691,9.62703822134008e-30,1.91936342990408e-25
6,133575048,G,A,0.0541896255686327,3.75147176657281e-91,4.70559467756179e-35
10,31054186,G,A,0.0509015202896074,7.91897464725003e-87,3.3590207866131e-31
13,42973283,T,TA,-0.0500142345466401,6.45789050668105e-84,3.78004644127048e-30
4,994414,G,A,-0.069605403796917,5.96711749293886e-40,8.74702832252033e-30
4,1012300,T,C,-0.0894619602592236,1.73179740640795e-19,2.6363502037213e-15
4,997488,G,T,0.0675737598768789,8.01920161748052e-14,1.27861479155064e-18
2,202832130,C,T,-0.059452803913638,1.3041173662965e-36,2.9580173747512e-29
2,202954983,GA,G,0.028969402586871,3.43628539912222e-18,4.57332559263667e-10
12,90533915,C,T,0.0486336533221394,2.01279432056991e-62,1.36179416831684e-27
17,2026417,G,GA,-0.0508879487215163,3.65315576222549e-51,2.61787324233483e-27
6,45386202,T,C,-0.105348522858691,2.84051846426115e-29,1.51170692240009e-26
7,96135291,T,TTGTCAA,-0.0473456066631172,7.77742975985392e-48,2.02160796071277e-24
11,27306238,G,A,0.0460642525058515,4.60270916336384e-50,3.84738113645055e-24
3,41114867,C,T,-0.0444933301424788,3.18923326713201e-57,7.85941898596234e-24
11,68243369,G,A,-0.036813550985534,3.95893951377117e-18,7.61973080578287e-23
11,68174189,G,A,-0.0661996100749745,4.43220705765114e-10,7.16646244591505e-21
22,29478760,C,T,0.0448024896537877,2.842148261384e-45,1.13780322164556e-22
20,10984360,T,C,0.0429944175451052,5.58410987944037e-50,2.07132931430593e-21
20,10629525,T,C,-0.0675260028290286,1.21750373457794e-18,1.33758192348483e-18
20,11150594,T,C,-0.0724520000810834,7.77786383661302e-11,7.86678500653845e-11
17,41825112,G,A,0.0737845016874584,1.14655104585586e-22,4.28281410012943e-21
17,42162694,C,CT,0.0390306685278243,4.66077903848516e-20,1.72062393572978e-13
20,6383527,A,G,0.0430776503576852,9.70495891010429e-42,4.56571041888082e-21
8,9090902,A,G,-0.040608112361221,4.28464444347357e-59,1.39003535498691e-20
21,40350120,G,A,0.0445735401333574,4.58831777974377e-35,5.17510597462877e-20
1,22710877,G,C,0.0406555808003446,1.45585179683598e-16,2.59299519961087e-19
1,22531542,G,A,-0.0534476308038023,5.99232083356619e-11,2.81023727370812e-13
1,22668771,C,T,-0.0335023017313045,1.79862539092566e-14,9.45442076718831e-18
12,13328208,C,T,0.118218014844933,2.78512765080681e-20,3.81944056538482e-19
7,120932447,A,G,0.152943214573212,0,1.53377690435791e-251
12,49379537,G,T,-0.177297600883436,3.81801370580926e-19,1.06190718725639e-18
4,88831249,A,G,0.0411776780021683,1.66913629873097e-34,1.75086798445748e-18
18,13651137,C,T,-0.0401421221389694,9.14115644045893e-32,2.04336476677474e-17
11,115044850,C,A,0.0376639776314987,7.91649326566264e-40,2.1568174687672e-17
16,410178,G,A,-0.0961547563890676,2.74398684993328e-19,2.28570518520493e-17
14,103881561,TAACA,T,-0.0389216504185203,6.73973443658983e-34,2.64071978609228e-17
17,59001198,C,G,0.0512113818352698,3.00433682951537e-23,2.95078158490189e-17
1,68658267,A,C,-0.037468501246194,3.2875362088469e-47,4.5544385230379e-17
13,22812173,A,G,-0.0383489892102268,3.59148681357231e-32,1.39457301602104e-16
15,51516055,C,A,0.0412178571136402,9.26852714736221e-27,1.86799424261804e-16
2,42267135,C,CA,0.0427146169304198,1.49851041533813e-25,2.22386008224969e-16
12,1637130,T,G,-0.0586696340663914,4.47954953278703e-14,1.30461536973224e-15
12,1638214,A,ACCCT,0.0308796474702218,3.59724027793595e-14,1.60232571811056e-12
8,116663898,G,A,0.0386370533659482,1.22205235575593e-26,1.55577480835143e-15
17,926740,G,A,-0.0371264402946923,1.44142921813388e-27,3.07126763827514e-15
13,99536215,T,C,0.0387088749995019,7.60989959962831e-25,4.95300708542527e-15
2,119161638,A,C,0.120089879878702,-99,5.1104158904511e-34
