chrom,pos,major,minor,beta,p_value,gwas_p_value
07,120924338,C,T,0.128509510368611,0,0
02,54683711,C,T,0.077244349893723,5.97916347440122e-179,8.76276459684452e-110
02,54871277,A,T,-0.0445687613430103,1.00788371128497e-49,1.32447652349416e-31
22,19679303,G,A,-0.1130397759893,2.40658503261958e-127,5.14733149166423e-102
10,54439699,A,G,-0.123945456504236,1.65329498846791e-152,2.09874337619159e-96
10,54412481,C,A,-0.0533146293548585,1.23497799887595e-100,9.34149880745105e-26
06,127468274,A,C,0.0653241450815068,1.27851181709694e-255,1.250543212958e-90
06,152010534,T,C,0.0584805297023187,2.63066158377486e-135,1.45882208136128e-84
06,151906293,T,C,-0.0619531208310928,5.25280825157307e-95,9.30395389930903e-81
11,86881074,C,CACACGTTATTTTATTAA,-0.0620766481181615,5.10653595075158e-128,7.61671378552196e-69
11,112395318,G,A,0.054988019080852,4.9738736934438e-143,1.16373465245153e-61
19,33544187,G,A,0.0922761220000734,2.94441654914635e-73,3.93595494369185e-61
01,240586695,C,T,0.0632546494693865,7.85855704861708e-79,6.12200546063041e-54
06,133575048,G,A,0.0423279886693444,3.62573471533743e-58,6.64079061333301e-51
06,133334147,C,A,0.0278044894785164,2.13628663566412e-17,2.11044631529008e-29
02,119510493,G,GC,0.227757971456154,2.16093985287232e-36,3.19594049041634e-49
02,119613117,A,G,0.0398406502959382,1.02343339132683e-39,4.18063392547934e-35
08,9085295,T,A,0.0472849465207607,4.00029135036491e-139,1.397171739515e-48
18,13659019,C,G,-0.0487595273227706,8.03827241226808e-98,1.89880899690456e-47
14,54419110,G,C,0.0492404768511379,1.28512343097102e-112,7.88154691837998e-47
07,38108665,A,G,0.0415625629466033,1.27076154566241e-29,9.52000230493123e-47
07,38110626,C,T,-0.0387760654090517,8.49035778123171e-48,3.44598253708565e-44
07,37946540,C,A,0.0362470595369373,2.50043976193393e-19,1.32417293540548e-15
04,1003022,C,T,0.0330393451689289,4.48590462045524e-37,1.71362184429406e-46
04,996768,T,C,-0.0554438125467531,6.44672577283751e-45,6.35418848961353e-44
04,1012300,T,C,-0.075053118646725,3.92647495208615e-25,6.01699029441719e-24
12,13328208,C,T,0.140904027129522,3.4184110261641e-49,2.55948196532335e-46
17,2026417,G,GA,-0.0478909463708658,1.2653590837483e-81,5.21617416100909e-43
20,6364504,C,T,0.0361552763837756,2.88390195851548e-42,2.78207029482312e-40
20,6750280,G,GTGTGTGTT,0.038533614480529,1.20950030102418e-12,1.18202855048399e-12
20,6489433,A,G,0.0269096486360831,2.54484842578443e-12,4.2519257878578e-26
07,96146489,C,T,-0.0429001447071114,8.0535872668464e-50,5.62017348228896e-37
07,96041731,T,A,-0.0261099325102999,6.55743428787898e-21,7.3678734023021e-17
12,90474475,G,A,0.0416144674593827,4.3585357653902e-84,8.6137098431267e-37
06,44844371,CCTAAAA,C,-0.0794739929681471,8.09829517443568e-29,7.95927704260245e-33
06,44727789,A,T,0.0267650173452519,1.52224465896793e-41,7.67091846989529e-23
20,10984360,T,C,0.0377247776426924,9.86003238736924e-71,4.00973076224623e-32
02,42220572,GTTT,G,0.0462526576310124,2.18976185217629e-48,8.96569419861439e-32
03,41167702,C,CA,-0.0383163249220748,2.38107885120427e-81,3.88187009171511e-31
22,29474482,AAAG,A,0.0406959935224215,1.25391399324145e-57,4.11781946726058e-30
22,29417909,A,G,0.023360754267173,1.42329756376069e-12,8.71306619588712e-07
11,15226187,A,G,0.0729694462669123,3.03683409867797e-34,4.46893200218407e-30
11,27317237,T,A,0.0371927529850453,3.47339785937398e-62,6.20107774388908e-29
07,27984499,T,C,0.0386796210542407,3.42472673007164e-42,8.58152911628547e-29
07,27900596,C,A,0.0211171548999236,3.80302024734457e-10,8.85992308841366e-09
16,51903981,C,A,-0.0638722307467038,1.73491923543259e-22,1.44009112888492e-27
16,51847798,A,G,-0.0262436542505709,7.03608912737406e-25,1.61137617595583e-22
16,51762503,T,A,-0.0230629538772289,1.95730048945779e-14,1.21038380970489e-11
10,31047997,T,C,-0.0349230935435643,3.30275947750735e-75,3.28305984698667e-27
11,68228962,TG,T,-0.0303642558025623,1.40459667107136e-22,6.88603705217901e-27
11,68174189,G,A,-0.0509135714031742,9.68948572295496e-11,6.65133287607602e-23
13,42956463,G,A,0.0375127504173653,3.11373711042259e-46,4.11688596452823e-26
01,68664755,GAC,G,-0.0342268061140685,8.84021939402767e-37,4.37897205040104e-26
01,68604094,A,G,-0.0256285642884255,4.14787847203115e-18,4.46574615245407e-16
01,68664913,A,T,0.0416907631537623,2.70354200650913e-13,3.26486492367904e-09
02,202832130,C,T,-0.0410428735598316,6.81213802970819e-34,1.2043303745835e-25
02,202793520,G,A,-0.0326654859541681,3.87808106007342e-10,9.50272052045009e-09
17,41798621,G,A,0.0608098364819484,4.66597154996673e-26,1.69275866382391e-25
17,41344970,A,G,0.0365427143548281,1.45566682313135e-07,9.08547610386023e-07
20,7551554,G,A,-0.0359148658229546,1.51471063593666e-48,4.10816273545909e-25
13,99577552,T,C,0.0362929607201082,4.46063527945233e-45,4.8653959999383e-25
11,115044850,C,A,0.0334531875087338,4.32476518098288e-37,9.13294390885113e-25
12,49379537,G,T,-0.174596345496293,2.0319812704738e-30,1.59873725376066e-24
12,49385679,C,T,0.0312130937995993,6.2227180596168e-29,2.37010838948033e-11
14,103852725,T,C,-0.0340985586940699,1.8107817406748e-48,9.27003159875251e-24
01,22702077,C,A,0.0424447483515454,3.22520024038399e-29,9.72221088743509e-24
01,22483649,T,TGGGGGG,-0.0311421308519976,1.72138009645001e-24,4.53319406432937e-17
16,410178,G,A,-0.0731677926899868,3.56907902261507e-20,4.79614771645117e-23
16,359953,G,A,0.0225980220016192,1.54103971918234e-20,4.69330036785822e-16
02,118895728,A,C,0.0233063134380324,2.92409759303405e-14,1.94218864108458e-12
02,119132563,T,C,0.0471911502883884,4.06475901896583e-09,8.58232184004167e-25
11,62201239,T,C,-0.0971747884595596,2.66957753756366e-23,4.45760727472735e-22
07,30955539,G,T,-0.0367679918641763,1.25354262222711e-33,1.20041400469757e-21
05,39382261,A,G,-0.0308655072846147,2.30245825794465e-59,1.48974123549485e-21
04,88796699,G,A,0.0409109637320653,6.32773574841854e-24,1.04006719348095e-20
04,88752026,T,A,-0.0267459186604832,2.67483908147465e-10,2.71219415751982e-10
06,131336787,C,A,-0.0308537289952213,3.58535278951257e-43,1.93289684370569e-20
11,35097298,T,A,-0.0298392533587608,1.33354729055458e-52,3.05336428942567e-20
17,58997047,A,T,0.0412283323309657,5.18200788947529e-27,3.89743623832256e-20
07,25700286,T,C,-0.0370086074915803,6.76005327314317e-29,9.46601405670624e-20
03,56169965,A,T,0.0414104157939064,5.28138523076805e-19,1.19290945330532e-19
03,56192791,T,G,-0.0187501361592983,2.95847639440902e-19,5.33853243737941e-12
14,91453712,CA,C,0.0388216483352627,5.50573950976449e-27,1.57312162529835e-19
11,46898771,C,T,0.0305488232382373,1.56021143626289e-37,3.15767595482611e-19
01,172243879,TA,T,0.0304190613836636,7.44516804898607e-42,3.86364741137839e-19
21,40340996,ACAGCCACC,A,0.0326412178717146,2.10161952151467e-27,5.43375866317383e-19
21,40047176,A,G,-0.0329745236515341,9.11379487305018e-25,3.66945349144242e-18
09,133452158,C,T,-0.0301471700956894,1.07274486382116e-37,7.66041584772989e-19
01,2921939,AC,A,-0.114714242746888,4.93514207151462e-19,2.16786054044753e-18
01,170683707,T,TA,0.0283697821830258,2.43496980002142e-47,2.27851666353854e-18
15,51553909,A,G,0.0286770699172151,6.38305439702323e-38,3.59777223271839e-18
15,51607077,C,T,0.0238201365225493,3.77952694086416e-13,7.52610463513171e-10
03,156572334,C,T,-0.0341181814160776,9.91697143313762e-19,2.58298029853928e-17
03,156798775,T,C,-0.0220046464765892,2.13881499118873e-19,1.1448411982459e-12
04,38361120,G,A,0.0462484441084725,1.15072067552409e-20,4.06765831771437e-17
16,86714715,G,C,-0.0346454381887877,3.50260496388724e-24,6.14197935565392e-17
07,120824194,CA,C,0.0709249668770832,1.30158992901086e-257,2.26145839700129e-81
07,120825166,A,G,-0.102059254482492,5.00020429593947e-33,1.12850072223991e-15
07,120499147,T,C,0.0656096670484313,4.67977582862736e-15,7.35510214526725e-18
08,116659578,G,C,0.0311490030035791,3.65413340267392e-29,1.52680727165428e-16
08,117158377,T,C,0.0247528168046827,9.07441245642098e-09,8.85237416661036e-06
07,27258673,T,C,-0.123096437324835,8.66159924327629e-16,2.37707771508607e-16
07,27305223,T,A,-0.0459708037724245,7.36099306934154e-14,6.14101218140082e-11
07,27653025,AT,A,-0.0311229791727673,5.79566706252976e-15,1.75545437828651e-12
10,28442841,G,A,-0.0334117879696025,8.78215092766222e-15,2.74344131126547e-16
10,28584624,G,A,0.0506014224617777,1.04341948499533e-09,4.8844611276868e-11
01,16177578,A,G,0.0427491015634404,8.08823173288007e-20,2.92796989533466e-16
17,69902621,GATAT,G,0.0272886479140409,2.99109624298722e-38,3.43951060683366e-16
04,146167657,A,G,-0.0352621282262359,6.64439600529366e-22,4.35024558532159e-16
05,50791314,C,T,0.0354765010532382,1.09509436237879e-12,4.42426990132448e-16
05,50590195,G,T,-0.020232356937716,1.34251773561953e-21,1.61680831203467e-13
05,50312669,C,T,-0.0730504523279764,1.15987681782763e-06,2.94209126651188e-06
16,81605559,T,C,0.0262836942899319,3.08131452295843e-42,5.32821627996377e-16
06,7050935,G,C,0.0817529667722907,1.76573518718038e-14,1.07081832642909e-15
06,7231843,G,A,-0.0398775180872333,4.80548295403542e-16,2.17663195503406e-15
06,6961571,T,C,-0.0174114136187884,2.38680910521271e-13,9.63788566575652e-08
13,22807941,A,G,-0.0283228776388324,1.13832075677745e-30,1.38686414169795e-15
13,22985896,GAT,G,-0.0781851957037602,1.05162941033961e-06,3.56465965932463e-06
05,80281743,G,GGT,0.0291299852075437,1.235049440271e-26,1.47563795455952e-15
19,1170445,C,T,-0.0278799817709462,2.7182895615188e-20,1.5343815419024e-15
19,815086,G,A,0.020851526277579,9.28667734043283e-18,2.21965030188137e-10
01,220189139,T,A,0.0336475788362641,1.06582137957327e-18,1.87140280365322e-15
01,219783674,G,A,-0.039652542575727,8.72661901690348e-11,1.04169599660312e-11
01,220040220,A,G,-0.0213896658892747,4.50550628005942e-12,7.55680239669015e-11
17,54263286,GA,G,0.026160989409069,2.92462916398785e-34,1.94520287039535e-15
20,45596155,G,A,-0.030981956279799,1.22865199761827e-18,3.73755595319084e-15
20,45539797,A,G,0.016083632113632,7.46853424252521e-12,2.86638703819766e-06
17,9154855,A,G,-0.0325544148616838,2.11392417484069e-21,4.0836021383196e-15
07,15726373,T,C,-0.02826894110289,3.10464198873159e-30,6.63638437649482e-15
07,15455905,C,T,-0.0225947991652243,1.60345435149801e-10,2.24331722319716e-06
16,51025468,G,A,0.037240520282763,2.33120342471091e-17,1.1103124453114e-14
16,51169234,C,G,0.0214513241194045,2.63540684017207e-17,1.92976550163337e-11
16,51211721,C,T,-0.0492709830740123,2.8347085646053e-07,2.24298729031709e-09
11,68385579,T,C,-0.0344772809456964,4.95346122015184e-26,1.6803627786089e-26
11,68855363,G,A,0.0256415979514714,2.92097406651744e-25,1.16340807311492e-14
11,68378534,C,T,-0.0557955346057654,2.87750457230751e-06,9.53756787836615e-13
15,67414911,T,G,0.025209666774348,1.33664162281332e-36,1.30771743083594e-14
15,67125113,C,T,0.0325598049499552,6.46675701518757e-08,2.27599799182562e-07
10,60264741,A,T,0.0251905014269456,1.21247315609921e-34,1.56863638081984e-14
04,95089067,G,A,0.0324655991713798,3.73664347629317e-20,1.59750378058113e-14
02,200458178,G,C,-0.0319567001152054,1.69603073276303e-16,2.06402692626024e-14
02,200231535,T,TA,0.0167088631743989,2.95581133599819e-09,1.44356993673422e-06
01,8495945,T,C,-0.025982270897098,9.04333519533936e-28,2.47960397665064e-14
07,28725536,A,G,0.0277613907539912,2.36401933753226e-17,2.4845895656571e-14
07,28594727,T,TTGTGTGTGTGTGTG,-0.0182878863431328,5.0828249828417e-13,1.67086148329034e-08
08,72219699,A,G,-0.0266417840096557,2.99328157642469e-16,5.22220073146002e-14
08,71940182,A,T,0.0215023138273734,1.98916642580826e-22,3.97513934380215e-12
11,118477367,G,A,-0.0262129773013129,1.80882996311762e-25,5.75573024633181e-14
08,119917642,T,C,0.0922708742355278,1.81393476024364e-14,6.10106533711987e-14
17,29827429,A,G,0.0247592998799574,5.74709120434613e-30,8.13349489349355e-14
15,70552303,G,A,-0.0260125093031963,2.84510682410229e-25,8.92102155670074e-14
03,49941436,G,A,0.018927856881659,1.47851422847793e-19,1.20824383761579e-13
03,50029386,T,G,0.0340820679309302,3.20682776155758e-07,1.90023508916995e-12
09,96623821,A,G,0.02207859815199,4.74309072303517e-15,1.21801501182775e-13
09,96916536,A,T,0.0203853171674834,2.4981203951801e-11,3.95971264896647e-09
09,96445224,A,G,0.017972848669024,2.43388913016895e-09,7.77300161844813e-10
20,39832628,T,C,-0.0299282043276289,1.11344345740477e-19,1.29178265246013e-13
12,589872,CCTG,C,0.0244799512608012,3.99780116729587e-30,1.68024070565797e-13
17,27948844,C,T,-0.0238789752381815,4.63538903058402e-32,2.43535483812635e-13
01,119459929,A,T,-0.0278692444415306,2.52993365161916e-14,2.63451522747918e-13
01,119425396,T,C,0.0280677437338693,1.35393771633941e-10,2.67737450203942e-11
X,43877175,T,C,0.0177746032124611,3.01527973048056e-14,3.18237598085733e-13
X,43877162,C,T,-0.0256048921211581,2.60521018224971e-09,6.25568146531147e-12
09,95643890,C,CA,-0.0253130818981428,4.09747249412323e-26,3.74693356947061e-13
07,105494963,A,G,0.024999947801214,2.15723556250379e-24,4.09717069158267e-13
10,134459388,A,G,0.0280436841243286,1.37754512690956e-19,5.18862304721787e-13
12,1638214,A,ACCCT,0.0239817443481785,1.68594090930312e-14,7.24384824958578e-13
12,1637129,C,G,-0.0329985185875631,1.49327106757842e-08,1.40989083075057e-10
12,1629523,G,A,-0.0231466819010877,5.51614719465842e-07,1.59425916268822e-06
20,10976954,A,G,0.0314747128029213,5.91067349799626e-51,6.13718726725677e-28
08,71555752,GT,G,-0.0232917238697448,2.18802602250406e-30,9.37182299250212e-13
11,113024171,A,T,-0.0857948625915996,5.72798322682352e-12,1.19253232370623e-12
11,112636474,C,A,0.0470851310900308,9.47260864984315e-11,9.36295043592324e-10
11,112833246,G,T,0.0271761176216423,1.77341694152807e-09,5.07994840732481e-08
10,115106330,A,C,0.0257406058081498,1.85249731034319e-18,1.42436618235044e-12
10,114723857,A,G,-0.0248367273496389,1.04412554448712e-13,2.45535797658422e-10
X,8910963,A,C,0.0212569313506493,2.23372271400838e-18,1.46916642873217e-12
20,33443617,T,TGTGTGTGTGTGTGA,0.023749678956993,7.59100170349818e-35,1.9943109712567e-12
08,80822461,G,A,0.0240929995637979,5.22227774606233e-24,2.00150217687779e-12
17,928078,G,A,-0.0243498213322665,5.69619073701936e-22,3.32848036607883e-12
06,2504051,C,G,0.0215961943732649,3.43140776050762e-18,3.98169505444439e-12
05,148787469,G,A,0.0234551413060633,3.52983265682566e-22,7.25743299760942e-12
16,55059130,A,G,0.0242216333235624,5.87117106602079e-16,7.29850331429379e-12
16,54993053,A,G,-0.0204777973166866,1.81165347915144e-08,3.038414305981e-07
14,35359648,T,C,-0.022170492217513,1.03470517646962e-30,8.43231805829561e-12
04,87976359,A,T,0.0226763944904316,1.0995632121526e-25,8.651903358583e-12
09,110902345,CTGAA,C,-0.025246016644787,1.19935896059607e-14,8.78275129701019e-12
08,70179978,G,A,-0.0265855694388965,1.15032860094655e-17,9.32350813101687e-12
15,91059898,GT,G,-0.0223706668051916,7.66310467329254e-28,1.10117946192836e-11
01,218944491,A,G,-0.0216615695686038,2.87899485357473e-18,1.12939826402115e-11
01,218518422,G,GTCCT,-0.0276671663180669,3.54236679129757e-11,2.15895177572714e-09
01,218810423,A,G,-0.0221920511721006,2.50027472565363e-06,3.43903102644891e-06
05,127763054,T,TA,-0.0313603964696202,1.83653246584377e-12,1.1490486948564e-11
05,127560659,A,C,-0.0204044652437159,9.10975716121634e-12,5.81963881573886e-09
09,136138765,GCGCCCACCACTA,G,-0.0287581078949072,1.84804523517934e-16,1.21150801738586e-11
02,28941150,A,G,0.0199640514574075,1.40981525505185e-11,1.30582037876208e-11
02,28863486,G,A,0.0153633285077077,8.56404811620118e-08,1.51080917703569e-08
07,127015083,G,A,-0.0795783540252671,3.64979214016365e-12,1.31068829252019e-11
X,56393782,G,C,0.0221085501458445,2.16129682434341e-15,1.31702133167233e-11
02,54745110,A,G,-0.0647013916987498,7.23461461876486e-62,3.77132478264814e-52
02,54888075,G,A,0.036871065178989,9.37145611951707e-33,7.08178500040268e-18
02,54728859,G,T,0.0430895354251133,5.1299813020676e-09,4.37893481591479e-09
10,131344413,T,C,-0.0223619292230446,2.94048290846948e-24,1.39059031572292e-11
02,68079666,T,TC,-0.022949803284696,2.29140661918618e-22,1.57581723049845e-11
01,149995265,G,A,0.0227499278017124,3.05009605890991e-25,2.34087814194527e-11
03,48901370,C,T,0.0382157862643969,7.05825946411652e-11,2.89254316653267e-11
03,48938762,C,T,-0.0210971973091132,2.20072773329028e-08,3.07239507027903e-08
06,74499139,G,GT,0.021413301677845,1.71279712464185e-29,3.23479144902251e-11
11,115080042,C,G,0.0325706720704114,8.19703740738868e-31,3.75469798919153e-24
11,115465127,A,G,-0.0146952641162818,2.57252713723528e-08,1.15831191150693e-06
16,67210903,G,A,-0.0643724652759564,8.74445726586046e-12,3.75769427640248e-11
16,67005605,C,CA,0.0203294866384462,9.00473173825401e-08,7.47750042794352e-06
05,158242545,G,A,-0.0283697776615163,3.91072652001364e-15,3.79627564594065e-11
01,210466625,G,A,0.0282313185299748,3.18015103336506e-15,3.86075037853342e-11
01,85332120,C,T,0.0238468460273219,1.9728847770607e-19,3.86220499411856e-11
08,127982089,G,A,0.0227187349179483,1.48266332242956e-20,3.97962035354331e-11
09,98277367,AGTACCACC,A,-0.0258741839708683,1.06358774604533e-16,4.01612299440926e-11
06,21894616,AAG,A,-0.033828451226268,1.2117185064918e-13,4.07025536131642e-11
01,221476976,C,T,-0.0217736328723531,1.99933475644982e-24,4.08250280880768e-11
05,42531580,CT,C,0.0220508864293721,4.91684627650035e-25,5.32136679400888e-11
01,22422721,G,A,-0.0259360238835727,1.86391738147897e-10,5.49253466284975e-12
01,21929456,G,GC,0.0186619900816466,1.01012673010522e-08,2.34027237057389e-09
01,21932625,G,A,-0.0251420017001629,4.93332532229192e-07,7.97358246543705e-11
07,42606913,C,T,0.047362802426846,6.93030595088242e-12,8.73317996549139e-11
13,110443894,G,T,-0.0222425415030841,5.43609070292116e-20,8.99424554800729e-11
05,132443605,CAG,C,0.0233438122034427,2.07591589812108e-18,9.10174608578384e-11
06,155330478,T,C,0.0291800751874415,1.12879203131392e-13,1.50306195508143e-10
17,48337073,T,C,0.0235569771087759,3.8163613552781e-14,1.6709886645915e-10
17,48214490,C,G,0.0430731807921835,2.83890460142548e-07,7.7701627332284e-08
16,53834607,T,C,0.0212994224944063,1.21522545802784e-16,1.68603034340194e-10
16,54023584,T,C,0.0162824939696359,5.97843965156623e-10,1.97226422657347e-06
10,28441261,C,T,-0.0281012711286774,3.04928668877823e-16,3.86138407265758e-14
09,13226945,G,A,-0.0459989085958659,1.33008359574402e-11,1.81482302976839e-10
11,16244497,G,A,0.0204615141251683,3.17617691680682e-10,1.96494245297999e-10
11,15904259,T,C,-0.0266173774864203,1.69127119394868e-09,6.74128994973235e-10
11,16542089,A,G,-0.0167601644323973,3.15269970553216e-13,1.77727921366359e-07
22,46375611,C,T,0.0276107176636765,5.93109145096794e-14,2.6208426365665e-10
17,63549979,A,G,-0.0204911513920341,9.18547608836366e-16,3.84769761883282e-10
17,63243004,CA,C,-0.0234039170989018,1.00977519378792e-08,6.57832575002737e-08
10,101889964,C,T,0.0511071253612539,1.96565400473904e-11,3.90539198172476e-10
10,102075479,G,A,-0.0215136983484232,6.59967809181429e-09,4.47618677600696e-06
12,116617887,A,G,-0.0249620276859296,1.9048180598779e-14,4.81393727399685e-10
06,126386403,G,C,0.0174484404888085,3.55498097509693e-15,5.01339059926282e-10
06,126584910,G,A,-0.0430295366423063,8.07244194117016e-09,1.31625536747199e-08
06,126642219,G,A,-0.0222633332972861,1.08422036095342e-08,1.11195015147808e-06
11,59968705,G,A,-0.02046426553914,1.75242212347608e-21,5.92011648028908e-10
05,51967646,G,A,0.022819158512565,1.35445834009724e-15,7.94577259160591e-10
06,148829441,A,G,0.0207643793093767,2.99522858324683e-24,9.24383867913958e-10
07,119659037,T,C,0.0263478094500525,2.05587512423985e-13,1.01560682761168e-09
07,120001555,G,A,0.0650125132961716,7.18728460624956e-08,1.83631104202692e-06
07,120137044,G,A,0.0496462009721735,7.61708939272433e-07,5.2258305424622e-07
17,7790048,C,A,-0.0409835409607843,2.83808838540928e-12,1.022531647584e-09
17,7397293,T,TA,-0.022016966036162,2.77126582711957e-11,1.06656510036027e-06
05,100045362,C,G,-0.0196684565006888,3.71231028124039e-25,1.12983245688788e-09
16,11642910,T,TA,-0.0202145567491315,2.4349435474843e-14,1.13340005131831e-09
16,11919274,A,G,0.019749555337909,2.01604443035152e-09,8.31448626978642e-08
19,3375572,A,G,-0.0316030884508398,3.91940819349594e-12,1.18597419540841e-09
01,38463504,C,T,-0.0204535701650467,2.56640093961188e-21,1.22642888394423e-09
10,20143109,C,T,-0.0273960173798568,2.99616332181819e-11,1.30335775448497e-09
10,20321760,T,C,-0.0160091043064733,1.46080175779834e-12,1.7165770712266e-06
06,168432467,G,A,-0.0290569262212988,5.8722510752351e-14,1.46894284875402e-09
06,168128170,G,GTAA,0.0301602798606048,3.33522918554718e-09,9.37243949154452e-07
06,168479314,T,C,-0.0220830947157127,8.84647941107371e-07,8.74133271856979e-06
10,79399656,T,A,-0.0254269829626644,4.22433504539556e-13,1.62526176458298e-09
05,72615428,A,AG,0.0228642938492433,9.55370865088507e-15,1.77825102180795e-09
02,112587286,TAAAG,T,0.0281863727742528,5.74648519441838e-12,1.92051916107595e-09
02,112668341,A,G,-0.0196855790968259,2.52211953610618e-12,1.53484021065768e-07
19,2523781,G,T,0.020755621147699,3.19549083617012e-17,2.25266412081314e-09
05,54815575,C,CA,0.0299677974294988,4.20997688972849e-09,2.29518047583185e-09
05,54538317,CT,C,-0.0175679521722445,1.49242609283057e-10,1.84065314112471e-07
11,10922033,A,C,-0.025109641485193,3.57337124653976e-13,2.31083299792344e-09
07,20323437,C,A,0.0256615935458259,1.24332608903105e-12,2.38346741941527e-09
13,24824936,A,G,0.0335709172490023,6.77722430714938e-11,2.55962597548016e-09
14,23312594,G,A,-0.023413455647014,1.24808289534345e-13,2.57531149638098e-09
06,2503734,G,C,0.021581277362865,3.60778286846042e-18,4.09285307213016e-12
13,94066952,T,C,-0.0944646694521253,2.34680817366184e-09,2.87561546130184e-09
13,94380457,TTTTG,T,-0.0318773085773102,2.92507993800694e-06,8.08621695919125e-06
04,106069013,G,T,0.0238377542971333,2.72197658147919e-13,2.87928819335241e-09
03,12273768,G,T,-0.0193249458211487,6.24563076685768e-22,2.96361196335061e-09
05,122758268,C,G,-0.0212703814084634,2.06761696080921e-15,3.31060593614734e-09
06,55644601,G,T,0.0407285708010732,4.86563113668833e-11,3.57707705223454e-09
06,55676621,C,T,0.065147754069646,2.43167942040564e-09,2.6169762929079e-08
17,2045273,A,G,-0.046193064411137,4.11799876590344e-72,4.3981749554315e-42
17,2135194,G,A,0.0678325630059135,7.77143587834361e-08,1.34744612264311e-10
02,181951865,T,TAA,0.0209085362852382,3.29560317903497e-16,3.81861850218401e-09
07,121069949,A,C,0.0623039108798706,5.29941759359358e-123,5.82577135310173e-56
07,121094911,C,T,0.137946383255494,5.50709275199016e-22,1.88437545584267e-15
07,121069017,A,G,0.115092184834601,2.78056174392941e-18,4.27166751273539e-12
17,43130624,GGTTT,G,0.0195286675182722,1.35257305772199e-18,4.32132455649383e-09
11,8900394,C,T,-0.0254234785664274,4.94599791152879e-12,5.05002656235981e-09
03,57860352,C,T,-0.0230931481515684,9.24396701588079e-12,5.29031326662064e-09
03,57395019,C,T,0.070953416151919,4.19748963804548e-06,1.29178243072453e-06
06,29893665,C,G,-0.0191229560603976,2.59164301956151e-19,5.41135537702128e-09
06,29413117,A,G,-0.0792271201343639,6.64735134498145e-07,1.58990333922703e-07
02,238380266,G,A,-0.0214310998155042,1.6866228589291e-14,5.69972258215494e-09
17,41904372,T,C,0.0589299516576801,6.43679902314246e-23,7.04831226637764e-22
17,42669685,T,C,0.0196433809911502,1.31936062749654e-08,3.42283542258596e-08
02,218065268,G,GCTT,0.02858290767913,3.21948790919443e-11,6.82035395388638e-09
02,217759183,G,T,0.0761573925067599,2.46572969012327e-07,4.97467461772748e-07
06,127389780,A,AT,-0.0429200640742519,2.06269367700906e-61,1.59566081025166e-32
06,127378698,T,C,-0.0607741849772164,6.11286808559372e-14,1.92801257235351e-06
06,126412953,C,T,-0.0200589627765881,1.89249493998098e-11,4.30907211783026e-08
16,23082032,TA,T,-0.0202700042065368,9.18674319133127e-18,6.96386961171571e-09
16,1148713,C,T,0.0574441462498189,2.01242418244016e-09,7.27889623671759e-09
04,86739901,A,T,0.0307103845548453,1.36387668808402e-10,7.54947849398703e-09
11,65466496,AG,A,0.0212241404443581,9.23282073143118e-17,7.65709264375241e-09
11,65343399,C,CCCCGCT,0.0246698386926381,2.1443195009056e-12,2.664202832346e-08
11,65326804,G,T,-0.0599313935901333,1.07699190922225e-06,1.24127976103391e-08
04,17875735,TCTC,T,-0.0201182427403668,9.44373628363019e-13,7.66477116891075e-09
04,17674888,T,C,0.0568066622859848,2.31133231966864e-06,5.44617930146238e-07
06,130358428,A,G,-0.0207669568897129,1.97956408555377e-13,7.95644990356629e-09
06,129952543,A,AAT,0.0255824320947715,2.6063590585429e-11,8.43405272038689e-09
09,130320557,C,T,0.0255885081490782,4.06038747068962e-12,8.02056866338614e-09
01,163874234,A,G,-0.0185427184839795,1.40251782517915e-22,9.06209719036873e-09
12,3215022,TCA,T,-0.0188862306619984,4.26975991462085e-19,9.28205236965777e-09
19,4083916,G,A,0.0244861790131191,5.04970296268242e-12,1.00688852972499e-08
17,43946291,A,G,-0.0232342866994731,1.70743203347908e-12,1.1147047657701e-08
08,77899752,C,T,-0.0191960799924431,5.35288657129055e-17,1.17982945062095e-08
17,66691183,C,T,-0.0217367869161835,3.80524350904785e-13,1.25486424468519e-08
01,67152981,C,CA,-0.0224055830689237,4.20260909032084e-13,1.41942016363304e-08
02,176970456,A,T,-0.0194815696894959,2.07289505205141e-15,1.68238381469597e-08
06,27262294,CTG,C,0.0197326906706418,1.13962880746581e-15,1.77229096567335e-08
12,2502996,T,G,0.0253744561552155,5.5665235677645e-11,1.84724229431408e-08
14,75787011,A,G,0.0197830890041359,3.99546993686479e-10,1.94467905588387e-08
14,75670211,T,G,-0.0153608133567133,8.58742800615931e-12,6.08525767826871e-07
01,40023047,T,A,0.0206887766056706,2.98338641605129e-13,2.08112877107232e-08
02,54549967,G,A,0.037262218871129,3.76029331485153e-21,1.37971908077019e-20
02,54465632,T,C,0.0580958858925139,1.84419016759294e-22,2.66372367829476e-11
02,54492442,C,G,-0.0251777411463653,3.86902778199664e-23,8.80643681703031e-10
06,164126233,C,A,-0.0268581413203072,1.66859429472928e-10,2.16589920262583e-08
20,32280829,G,T,0.0211862107804377,1.23535439285092e-11,2.35875289883507e-08
20,32527865,G,C,-0.0164705481569636,6.57577180982964e-11,3.79548579330896e-06
13,100601327,C,T,0.0226939239676293,7.37533324236497e-12,2.36217173688247e-08
09,113570699,A,T,-0.0183102751086757,4.38620766363318e-18,2.37331716757363e-08
16,4014964,G,A,-0.0254771402949291,3.49310675771354e-10,2.39959525131292e-08
16,3959911,T,C,-0.0326490700256573,2.28641054914751e-07,1.29447260753435e-06
16,4427010,C,G,0.0179516960242909,6.02084737642776e-09,1.45383392369274e-06
21,35717837,T,G,-0.0232099269198766,1.08079296822188e-10,2.4337048020001e-08
21,35443829,T,C,0.0510847784927712,4.2016857893844e-06,2.65413149747521e-06
03,25553292,A,C,-0.0202119419701184,1.32591378731637e-13,2.48520503655361e-08
16,55069361,T,C,0.0241049993297239,2.60095797383546e-17,8.74133122920598e-12
01,10283187,G,GCC,0.0275646670565478,1.05369935025018e-10,2.63157694471804e-08
01,10230440,AT,A,0.0802921162828908,2.59704439785296e-06,6.86524748394135e-06
02,45878760,G,T,-0.0207508306024178,5.87031843252957e-13,2.80313204326624e-08
11,92584875,A,G,-0.0199152922541203,1.00312428065601e-13,2.8688839494427e-08
12,124509177,A,G,0.0180671183040362,1.89552574050289e-12,3.02056671578038e-08
12,124487945,CT,C,0.0164474010380254,2.10131830949701e-07,6.06340434023498e-06
18,10032806,G,A,-0.0193716989636053,2.22055811320948e-11,3.1062332788588e-08
18,10348334,T,C,-0.0165179782452972,2.25885047060468e-11,5.6497907066213e-07
17,20011078,T,A,-0.0191786423267761,1.15850030186959e-17,3.47244445681751e-08
04,157515425,A,AT,-0.0202072578282481,2.96762777028763e-16,3.52206624230603e-08
12,29103922,A,G,-0.0244635574567789,1.21399107141402e-10,3.71522473366208e-08
06,31373985,G,A,-0.0561056033335188,1.73166574862737e-08,3.95217024774775e-08
05,31134837,A,G,0.0182680891388164,4.35343108608427e-16,4.39138764148303e-08
13,41138020,T,C,-0.0226607232909712,3.86528717383953e-11,4.57156855044313e-08
05,176732537,C,G,-0.024375256380369,1.82773838272426e-10,5.0660525610445e-08
09,111467675,C,CTGT,-0.0207458467645446,8.32410719294305e-08,5.37684982727626e-08
06,24732734,A,AC,0.0437355086180606,1.23270668973118e-08,5.59700733616088e-08
03,30731123,G,C,-0.0184386650261273,4.28283441828994e-15,5.70361263866354e-08
19,18154576,A,C,0.02401280239119,1.46289143000907e-09,5.9659587366219e-08
19,18573028,GTGTA,G,0.018089684954668,1.97401782923714e-10,2.46975051989643e-07
19,18118869,A,T,-0.0190549230279965,8.28960501224292e-08,7.25469631340254e-06
06,53667076,C,T,-0.0207969914430021,5.46618150064974e-12,6.18627922894661e-08
21,36574080,G,C,0.0235435863396205,5.66755049389119e-10,6.37829145359958e-08
21,36421692,AT,A,0.0219455122525138,1.3386221586042e-08,3.91441627148468e-07
21,37050979,AATGG,A,0.0281217228898394,9.60587579945435e-08,1.72162809529961e-06
07,96332960,AT,A,-0.0302851039164925,3.35320130068947e-33,8.62379401239307e-19
07,96718371,G,GT,-0.0206277249200659,8.25652512404878e-13,6.92886221885443e-08
05,73739663,A,G,0.0237984824662656,2.24805750218326e-10,7.27526446575311e-08
07,83312959,G,A,-0.0193022226442812,6.2595808004475e-11,7.40313905923571e-08
07,83684616,T,C,0.016420751403497,4.18185608636248e-09,7.13716269019418e-06
02,233790522,T,A,0.017669800692282,6.64149463597825e-18,7.45652704950037e-08
02,40630678,A,C,-0.0211466537027383,1.70988471959288e-11,7.69915465943091e-08
02,19870341,C,T,-0.0195165918166861,1.02866062517949e-12,7.80757189673008e-08
12,54357756,T,TG,-0.0200929897871138,1.60260430516402e-12,7.87511828247449e-08
22,36677914,A,G,0.0190579047854808,9.84409205519074e-14,8.20867370420581e-08
12,46774363,TTTTA,T,0.0175711528053865,3.19836647062074e-20,8.25930012898273e-08
01,27303884,C,T,-0.0178373205720366,4.48242626457604e-16,8.58381221664279e-08
10,3744022,C,CT,-0.0208444268289063,3.36424880203861e-12,8.74670911424855e-08
20,30377773,G,A,0.021048980147326,3.13474810543787e-11,8.7547456930763e-08
03,101242751,A,G,0.0181737270529679,3.3721167722321e-14,9.44395748996481e-08
17,17136891,T,C,0.0174416035952753,3.80930659619371e-17,9.66574659222191e-08
22,50737129,T,C,-0.0188331131828213,4.72643459578978e-11,9.70555653383412e-08
22,50329119,C,T,-0.0172326963778657,1.13966569973687e-07,9.49396656257392e-06
10,5614587,G,A,-0.0177016094337294,1.0228325086675e-15,1.01463989267901e-07
03,11573615,G,T,0.0219355659708905,7.77079605957654e-11,1.01611259031217e-07
06,26354219,C,G,0.0188183921156812,5.85054812030247e-13,1.13874185829323e-07
09,16845510,A,G,-0.0187148189897514,6.18602119562495e-11,1.2020048902364e-07
09,16453682,T,C,-0.0315920149993883,9.74847799342627e-08,1.10217208508922e-06
09,16375176,G,A,-0.0178972364298022,5.83179075161051e-09,3.89563391706467e-06
03,168687996,T,A,-0.0257950400845903,2.40687595904675e-10,1.23530549435296e-07
07,19568477,C,T,0.0179900895852124,4.1338643720652e-14,1.24425750032674e-07
06,2048330,G,A,0.0488805844542199,-99,8.28796245511066e-10
06,2215779,T,TG,-0.0324026739109291,-99,2.38067755386304e-06
20,10629525,T,C,-0.0892773331342195,-99,2.64557747343193e-24
20,10634675,C,T,-0.0955734912663134,-99,9.22134491142752e-29
10,27944386,C,T,-0.040082996979922,-99,1.09520486131943e-10
17,42164584,G,A,0.0628590641270276,-99,2.96220768816828e-18
16,55510925,GGA,G,0.0419062853884436,-99,1.67548049498079e-08
07,96603943,T,A,-0.0767564606487253,-99,2.58326646414638e-14
09,111133954,C,A,0.0374190294887599,-99,4.57706536725692e-08
11,115493947,C,T,-0.0437135494443992,-99,8.44158273249499e-12
02,119038598,G,A,0.0919217288686092,-99,1.80516282020672e-41
02,202958208,C,A,0.0536301109854559,-99,5.5067376377169e-15
