chrom,pos,major,minor,beta,p_value,gwas_p_value
20,4157072,C,G,-0.161067933468437,4.67001319799812e-191,0
06,139840693,C,A,0.085877568526001,0,0
06,139841653,C,T,0.181581241847836,9.29645722660855e-149,5.67097024636728e-251
10,25206412,T,G,-0.0975551465323139,0,5.33778133266571e-293
03,50329826,G,A,0.0941999478585456,0,4.53522340560887e-253
19,11297027,G,A,0.144685934787292,6.62617095129149e-255,4.23223216402567e-215
X,40846526,A,G,-0.0834256543612094,4.34830565048356e-285,1.11348264044106e-211
05,52088271,G,A,0.186392410004933,3.76120643115204e-197,2.52638662470137e-161
05,52105307,C,T,0.0856077782431836,1.2535432008479e-86,1.55423637681946e-55
05,52095943,G,A,0.148583616191769,3.73725317530681e-69,1.61078344472538e-53
12,121006301,T,C,-0.067571742077409,1.05048450837996e-267,4.27498061830894e-135
01,248039294,G,A,0.120938891668762,5.00809938142928e-231,5.08076087407415e-132
01,248039451,C,T,0.0541905948083476,6.58228195461943e-170,6.31240924845654e-36
02,8762414,T,G,0.0571407306193397,2.45759619578393e-227,4.08942646409238e-102
17,33873772,A,G,0.0564988727990673,1.35486053780986e-223,1.80440264698496e-100
01,158586966,A,T,-0.0570671239593106,1.57758799576741e-153,1.69001300065862e-96
01,158638260,G,A,0.186498801138712,1.12829736867241e-54,2.39039203088386e-62
04,144892215,G,C,-0.057383772056657,6.8752857388071e-176,6.76787678480026e-94
08,41630447,G,A,-0.0642008114242706,4.24134150980343e-107,3.20779739087548e-93
08,41549491,G,A,0.0963871961472548,1.2544347033658e-44,1.98962523862347e-41
08,41512581,C,CACAGCAGAGTCTAT,0.0308641200808539,6.87484953822767e-61,9.5549059720521e-12
10,71094504,T,C,0.0841465718277668,1.1840352447383e-114,2.33915080237336e-92
02,24210076,GATAA,G,-0.0620165812606987,8.43901500732815e-78,6.97261652314975e-79
02,24246175,T,C,0.0320486483550836,1.45907494548563e-40,6.84799975111482e-46
10,104962011,C,CA,-0.0493622114025856,2.35980321196656e-172,3.22996637707357e-76
06,30276679,C,CT,0.0526732155285843,1.61406630706131e-144,2.51118077446309e-74
06,30121611,C,T,-0.15492339864439,7.99470677714003e-35,3.91593244328477e-38
06,30336028,C,T,-0.0397390863754586,2.86012672452538e-27,1.33069002155531e-15
05,95162418,A,AG,-0.0640335729058162,2.73160300802045e-79,2.7689989591248e-72
05,95163437,A,G,0.0445154213678566,1.84115492732357e-30,2.6388837427371e-36
12,111884608,C,T,0.0371202285984512,6.75571691406125e-128,3.84455650984408e-71
12,112287753,CTT,C,-0.0580346265049445,3.50335343869674e-39,1.89155688799109e-59
05,173287763,G,A,-0.0468035243950127,1.15981154098174e-165,4.12558349675964e-71
06,26098474,T,C,0.0949061433830481,3.24141890526805e-100,4.2011768898747e-71
06,26092170,G,T,0.0530456052099901,3.29163354670111e-66,6.47425775739196e-35
06,135390836,G,A,0.0468972803325638,6.69508819029645e-117,2.79169990266069e-62
19,913048,C,G,0.0448560535872622,3.99923863776987e-124,3.07330575179975e-60
19,906510,G,A,0.132881248019306,1.48196829609341e-35,1.10135209540915e-34
19,1162458,C,CA,-0.0300620063933113,8.90361147097129e-34,4.74951388545067e-28
19,10743161,A,G,-0.0435787375627726,1.96521125703177e-58,3.28093260624493e-53
19,11165048,G,A,0.126797428986818,2.93337413942077e-20,2.45140568984294e-23
19,10334663,G,T,0.0235844143845644,2.0610590033775e-34,1.34604173581191e-24
01,3691528,A,G,0.045902901380691,1.08506667167716e-78,2.46394061588846e-52
01,3691997,AGTCAGCCTAGGGGCTGT,A,-0.0895345766071695,2.67801279430596e-14,5.06500938248064e-17
01,118155826,T,TTG,-0.0738140941975078,1.79158486104807e-88,4.31476966765156e-51
01,118251143,C,T,0.0698450551804279,6.09536238514943e-73,3.56269659669816e-16
01,118153977,T,G,0.0259797772563002,1.87848005412533e-36,1.15864162325566e-35
X,70361967,G,A,0.0341648768623868,3.81996110778339e-82,1.39510971146697e-50
10,45953767,A,G,0.0401875431934277,7.96079824401766e-90,1.37688690410728e-47
07,134382330,G,C,-0.0387785972195299,1.3680132589332e-95,6.65869580362335e-47
03,48345545,A,G,0.07695152251889,9.98979694739672e-63,8.81241988471356e-48
03,48231919,G,T,0.0493816421159494,1.97236765019384e-32,8.88284563379947e-21
05,154035237,C,T,0.0624292931437936,2.62071956127984e-55,7.2151619757236e-46
01,56624095,C,G,0.0363856745693119,2.08661528461398e-61,8.15901480527837e-45
01,56313991,TG,T,0.0321528518912208,6.19663532461749e-46,2.23506341081943e-38
01,56916164,C,T,-0.0364481806065497,3.86769357265226e-20,4.89742770167741e-20
08,116663898,G,A,-0.0400321030680424,1.05486158194448e-78,1.58604143837369e-44
17,74378312,T,TG,0.0358555525550079,6.32321669772075e-117,9.34321417684986e-44
01,22014471,G,T,0.0267099162374503,6.9082583985521e-36,2.71478277623322e-41
01,22003793,T,C,0.0259276787908814,2.07862380844652e-15,8.31338993446291e-35
14,74223967,C,A,0.114109137431765,8.10724622595934e-43,7.16728475178101e-41
09,137117496,C,T,0.0351286848296386,6.94310915553531e-78,4.2107086862612e-40
09,136890876,C,A,0.0270245980804955,2.49493081982324e-26,2.20895921768345e-19
14,23495048,T,C,-0.037640005457499,8.46995715575407e-68,4.49335581635377e-39
17,42329004,C,A,0.0316368752448298,4.51222849312292e-51,4.52496421994641e-37
17,42201478,T,C,-0.0318681084747397,7.4220933316985e-16,1.21239607921143e-22
16,215106,C,A,-0.0531898505015205,4.75977712651402e-40,7.27667359145552e-37
16,218532,T,C,0.028991457551479,1.21144340911952e-21,6.4685800581114e-32
16,158324,A,T,-0.0171608536359695,9.8869636412217e-25,4.25113673492541e-10
20,55973344,G,A,0.041644761178092,3.95784473215174e-53,1.04888563263144e-36
02,218683154,G,A,-0.0319929332611118,1.84824057288237e-51,1.06623455130798e-33
02,219119118,AGAAG,A,0.0197983725352993,2.78816732416327e-21,1.06880885950774e-13
17,78111877,T,C,0.0276284394652642,3.29080900293879e-62,3.2166229102284e-33
17,78012175,TA,T,0.040774199520779,2.7646193467979e-09,4.28843666840316e-17
06,31249217,G,A,-0.0403252753026605,2.89244739089501e-49,5.74240397119493e-33
06,31236687,G,A,-0.0254850576529355,4.71284934768804e-32,1.22406741710863e-10
06,31575073,C,T,0.0264348019431305,3.53130759347304e-20,1.603641110005e-27
07,16686501,G,T,0.0248079764764775,3.8757935954762e-40,7.72257534058705e-33
07,16731042,G,T,-0.0247719076629425,4.90215339447394e-21,3.1119809383238e-28
02,220081416,G,A,0.122873688947716,1.4477223372843e-32,1.21751075376406e-31
20,52230030,TAGATAGCG,T,0.12359522194588,1.28999093113999e-32,1.85838982255847e-31
19,45413233,G,T,-0.0556376012658921,1.11195143552607e-34,2.01151805188631e-31
19,45741353,A,G,0.0183141346279111,5.41922585739908e-15,1.26989360681435e-09
07,6078535,G,A,0.0724871137472139,6.90924099152697e-31,8.7436996486609e-31
07,6053587,C,CA,0.0173353904966525,4.8199108775706e-25,6.07864483097578e-12
19,12998205,G,C,-0.0347843996384083,5.312288520054e-49,1.16813480755225e-30
15,62800455,A,G,0.0310840787002379,1.10106453937072e-44,9.96725367024255e-30
15,63092900,G,C,0.069113884132328,1.1890087615803e-10,1.21670298918843e-13
04,55408875,A,T,0.0335377523159839,2.25057444379495e-47,5.60637518611798e-29
16,68702077,G,A,-0.03242681204106,2.14635024282172e-47,2.03854216237814e-28
09,140100317,C,G,0.0416071328557372,2.09956851971931e-35,1.82809048737722e-27
03,24334511,TTTTG,T,-0.0301748800167392,5.33283734029197e-53,2.14102052384768e-27
09,33832306,CA,C,-0.0284507383619169,1.2793076198736e-73,2.35940328275972e-27
12,95859010,C,G,-0.0294825100724091,1.59143059760918e-53,2.92676736025703e-27
06,16281187,C,T,-0.0316123620877237,1.83581015036949e-45,2.96434268784486e-27
22,29757090,C,T,-0.0315913474433437,2.31886811291013e-42,7.95633974096189e-27
22,29965667,T,TA,0.0220534740069082,6.04616310188659e-12,6.16918193521502e-09
09,135864436,C,G,-0.0578388278892228,2.00015800462609e-29,3.42742486349036e-26
06,41925159,G,A,0.030367013253867,4.48752182323743e-40,1.52729156376153e-24
18,43856297,A,G,-0.0262884406708398,1.30576887736985e-60,3.6135915502173e-24
01,199012478,C,A,-0.0297628929119675,6.5054303425542e-40,5.09801159218641e-24
17,40012971,T,TA,-0.0455448629002481,2.39455724736938e-28,8.25976946270487e-24
21,30339120,C,A,-0.0363169781759607,1.45347453611723e-31,1.20517558830454e-23
01,205226288,T,C,-0.0261475163476296,4.68790038728607e-54,2.52594233877884e-23
01,155271433,TA,T,0.0514297193264303,1.9001487578797e-26,3.14187694399576e-23
14,35342739,T,C,-0.0423073848491439,5.34207755409034e-28,3.99872564004516e-23
17,44082528,A,T,0.0305077939594772,1.53719116943929e-35,5.24858807920751e-23
22,37469591,A,G,-0.0253382990364054,5.0947226662034e-59,9.83581415396974e-23
19,35692403,C,T,-0.0259040139830026,5.10510381350921e-54,1.20128619385651e-22
07,116200092,T,C,0.0410867366330583,1.71473705600142e-27,1.47227326821106e-22
08,9032646,A,G,0.028946972983361,8.49575203488675e-24,2.22464602429829e-22
08,9017979,A,G,-0.01810534130123,1.35320033745586e-20,1.47266478623773e-15
X,57166850,C,CA,0.0267425014603849,1.14691772292363e-29,2.56589997132394e-22
05,53606295,C,T,0.0387328764344761,2.47682235692387e-33,5.64051604098527e-22
05,53677016,C,T,0.0305638722965532,2.99080813119278e-20,2.30887816509179e-10
05,53390040,G,C,-0.0175613807705911,1.50019171285187e-13,4.89694466612498e-10
17,19934963,C,A,0.0247730009122398,7.36002403452769e-59,8.46081718646536e-22
14,65487694,T,C,0.0284817835763,4.35778658531993e-47,9.09179191887659e-22
14,65283676,G,A,-0.0289524346289226,1.59190559495805e-27,2.08703256312583e-17
11,95308854,T,A,0.0326621043729682,7.03213697429791e-30,1.45066020516908e-21
11,8844909,G,A,0.024574608029658,1.76929901832369e-60,1.78255412014679e-21
03,195802843,C,CA,-0.0280482353926383,8.66728455962216e-26,1.83772266258177e-21
03,195922427,G,A,-0.0214683501677438,6.58420069223459e-20,1.29254306902652e-15
03,52621822,TTTC,T,0.0522157685197129,2.81939752642082e-26,3.76038248249575e-24
03,52714649,T,C,-0.0683431406860319,1.58239998548801e-10,3.90907712135252e-11
19,49373632,A,G,0.0211806785534054,2.51413817005392e-24,6.98851999096362e-21
19,49132867,G,C,0.0857731096566918,2.88857251574461e-11,8.64767131654303e-11
19,49375525,G,T,0.0521131696755289,5.46978114692633e-11,4.6611681036761e-18
11,16758246,A,G,0.0281238648758123,9.89685283520878e-32,1.13565065314302e-20
11,16569806,A,G,0.0687084749740933,2.0325132114487e-17,2.26954460194145e-11
11,16407826,G,A,0.0174092477693998,8.29318281538686e-13,9.94999472318779e-09
06,47437697,AC,A,0.0269474625278487,2.56094225417305e-35,1.34579419974723e-20
06,132820279,C,CCT,-0.0242624316247717,7.22298195180981e-53,1.49647867801129e-20
06,110760008,A,G,0.0280814030730393,6.82198409747888e-32,2.51111634308976e-20
06,108877653,G,GT,-0.0260282211145084,2.64693912719646e-38,2.67907858720349e-20
09,91392686,TTC,T,0.0536901440589636,1.78013280100877e-22,3.06503145317015e-20
17,27152869,T,C,-0.0265394662565316,1.6689705119295e-34,3.11907198022526e-20
05,75996909,G,A,0.0579646044646308,9.74253585800229e-23,4.53781518411858e-20
05,75964507,C,T,0.0617312547083888,6.39638293636554e-11,7.66518987106228e-10
17,75376455,T,C,-0.0258895932799983,9.22540439167446e-36,5.29481629503828e-20
14,103991478,A,T,0.0256808175135073,2.12661128932338e-34,1.42548801558842e-19
11,100460037,G,A,0.0347331629502542,3.86070139702749e-18,2.92673279871459e-19
11,100624538,G,T,-0.0176918222016063,3.61123027968236e-15,1.78585093616704e-13
17,76247158,T,C,-0.0250809169114491,2.14125857775346e-23,3.80238311934202e-19
17,76124846,G,C,-0.0265711893309057,1.69842611464083e-17,6.01919250757855e-16
17,76370896,C,T,0.0184852328513826,2.83809759530855e-21,2.43340844797722e-11
19,17258614,G,GCTT,-0.0241171319481783,2.62888560427426e-42,4.3761507285231e-19
09,4852599,A,G,-0.0281681195055729,3.25061638732325e-28,6.45388306457543e-19
01,24176806,CA,C,0.0231826804521009,2.81036373001168e-45,7.39839027781269e-19
01,45810865,G,A,0.0417648273680372,5.71006775191933e-22,8.95381257389115e-19
01,220094000,C,T,-0.0288699292878072,1.16557359136471e-26,1.29998970099056e-18
07,73056750,T,C,-0.0277810592322058,1.1591316569519e-26,5.1488180026362e-18
20,38563245,A,G,0.0227493204126605,1.05254671576218e-40,5.91254435324255e-18
20,10646671,G,T,0.0242851317350628,6.38584113999415e-34,7.30930389307854e-18
02,182421739,T,C,0.0284886941936365,8.97792806592861e-26,1.06306801655277e-17
17,21280069,G,GA,0.0232829134028666,5.59783312241976e-38,1.14916753455242e-17
14,25445362,G,A,-0.0225865418816213,1.4097796160896e-38,1.21603299049971e-17
17,31149524,G,T,0.0281888067707986,2.45644329632225e-24,3.22260614128477e-17
22,21952253,ATT,A,-0.0275826337084639,1.94704348246018e-25,3.93937288677539e-17
08,86307249,G,C,-0.021800446519501,5.02308998438716e-42,5.35964514322062e-17
02,86977625,C,CAT,-0.0227737562848187,8.07013346170932e-32,8.97545054736652e-17
07,100240191,A,G,0.0212014465753878,2.47209251468955e-45,1.90207790963787e-16
10,81126380,T,C,0.0212499014568001,1.1111997996767e-41,2.58226293458256e-16
06,32299592,G,A,-0.0246268550669054,1.71789968942044e-22,3.79704650496285e-27
06,32447644,T,C,-0.0175500544953243,4.54640234976168e-16,9.7639035899484e-18
06,33197685,AAC,A,-0.0288768964042125,3.98833092600215e-10,4.22270333579369e-10
11,65365077,T,C,-0.0215611575460322,2.61318032310518e-19,4.41437062313678e-16
11,65645354,G,A,0.0190886286085872,2.33813810362119e-12,1.51058642131395e-12
05,51817324,T,C,0.119349416507979,1.4311878309337e-39,1.35750704068469e-36
05,51793806,C,A,0.0468775218536289,6.67644257846328e-15,2.37425975591582e-12
01,22700351,A,G,-0.0271354481043517,8.73194161178666e-22,9.99885528254724e-16
15,80398898,A,C,0.0215103489804222,2.63900262989501e-31,1.31355781250362e-15
02,165528876,C,T,-0.0208742941117357,3.64621959328e-33,2.60161309833048e-15
15,63911652,C,T,0.0204823392200127,2.56548641385472e-37,3.46767597434761e-15
07,98974038,T,A,-0.0515382885207337,4.31265361780738e-16,5.63100238467827e-15
10,45399946,TA,T,-0.0234059293929306,7.7061119013177e-34,6.73374827762651e-15
10,45887965,C,G,0.0246000930501791,1.82535992978339e-13,1.47596304473963e-09
09,89371743,T,C,0.0203097243348781,7.03909753797382e-34,1.22115835337632e-14
08,101766275,C,T,-0.0215086011037708,3.43781630355968e-24,1.4322672884481e-14
08,102076240,C,G,-0.0258130742620552,3.00505704206304e-12,8.14596492590845e-11
20,4112181,G,A,-0.0350842629990008,3.87072028698255e-47,3.82093637006289e-68
20,4103996,T,C,-0.0421889132305273,3.82023597702143e-26,1.30793122379845e-60
20,3613606,G,A,-0.0203745540145412,3.94256528785056e-22,1.62690407206593e-14
20,33533186,G,GA,0.0181631492471733,8.18224389355174e-28,1.9724858580727e-14
20,33872215,C,A,0.0587211200559887,4.05450865790003e-09,1.06986868747049e-11
X,153525595,G,GT,-0.028968100704453,2.65071403236358e-16,2.06955599867237e-14
15,78563391,T,TCAAA,-0.0225755425710019,5.5354772401185e-40,2.21257684089871e-14
15,78562867,T,C,-0.0660514359385786,2.15207432699531e-14,1.15617206738421e-10
02,191724460,A,G,-0.0207397005948995,1.70715695086603e-27,2.3892436546194e-14
08,142234747,C,T,-0.019633362104375,3.4201837282281e-38,2.66727190096323e-14
06,2503734,G,C,0.0195621143416624,6.37512861898438e-38,3.35396678336851e-14
04,57719766,A,C,0.0196681967643334,1.01583410603938e-39,3.74419859799673e-14
06,109590004,A,G,0.0193785309644518,5.6810547986676e-34,7.65686242880855e-14
16,89939929,T,C,0.023479957488887,2.23974509165388e-21,7.78173125056126e-14
16,89601765,A,T,-0.0238431000938041,6.52778244551019e-12,2.53645110276919e-09
02,26032421,G,T,-0.018067424199347,8.63055633127532e-28,9.21364373961741e-14
02,25761109,T,A,0.0218942538416892,7.75831719637147e-12,1.75029908315515e-11
06,126258892,A,G,0.0192468278301678,5.84224947416229e-34,1.07081597695463e-13
15,42235032,A,G,-0.0210318356388976,2.52026312360355e-23,1.46261976088893e-13
13,45605747,T,G,-0.0366397671381383,1.65099281481693e-15,1.47424664461221e-13
16,53810686,T,C,0.0194529937832191,5.09462216526776e-29,1.71940651208734e-13
01,25677605,G,A,0.0258936170946172,5.99257374638749e-14,2.06223867572337e-13
01,25291697,C,T,0.0664057487547706,1.32364669070606e-09,5.7324236560732e-12
13,51390598,A,G,0.0191506538167934,2.59588608011021e-31,2.34605219898179e-13
03,58032182,G,GT,-0.0203520325795549,4.8522637713575e-26,2.38621310463048e-13
20,31108108,A,C,-0.0206762254252827,1.86014029599209e-23,2.4030261121755e-13
10,51577841,T,C,0.0520197184562836,3.300011673487e-14,2.47692623246603e-13
01,77967507,T,A,0.0287145792979223,1.31363740804186e-16,3.1382601167096e-13
14,105644421,A,G,0.0192432623769044,3.37703698466549e-28,3.28193344886557e-13
01,2147874,A,G,0.0362618502643034,5.03068376671515e-15,3.88876878148808e-13
16,88752602,C,T,0.0967223345574913,1.85517306922863e-12,4.06390628085393e-13
16,88509849,T,TGCAC,0.0311144034793599,2.38610367460679e-11,2.29255931442313e-10
16,88567333,C,T,0.0302808126298604,3.51691984589566e-11,8.94335724762426e-12
11,47614575,C,T,0.0451686887720059,3.93161849560955e-14,5.05092559962296e-13
05,132426851,GTT,G,0.0321783206578134,2.24716844586962e-15,5.13846892820574e-13
12,8958494,C,T,-0.0285964270552227,1.1117394613938e-16,5.52693181020794e-13
14,67883624,A,C,-0.0310270279455277,1.28972967505926e-15,5.59886957609083e-13
14,64239877,T,TTTTA,-0.0253769845397199,2.80577960552858e-17,7.54427106689598e-13
10,103391675,T,C,0.0268387775912445,1.00480135472172e-16,8.39625246649061e-13
16,84776991,C,T,0.0221130819137227,6.23115741907222e-19,1.24074734625608e-12
20,1918487,T,G,0.0191704170603017,6.60884771013226e-26,1.80591528375865e-12
02,218694691,A,G,-0.0299787693998647,1.17778605750583e-34,2.65293087766772e-28
02,219115386,C,CA,-0.0219139571021416,1.89143969617804e-24,3.48625442578706e-14
02,219427886,CA,C,-0.0193820345376104,4.91845993171313e-19,7.78079239079582e-12
11,44598437,A,G,0.0181461900495364,3.9994469386349e-32,2.43079006812976e-12
19,8405160,A,G,0.0175463163771942,1.49649796570163e-14,3.47508174258319e-12
19,8421526,TA,T,-0.0171779392357578,1.38727348343627e-16,4.26620120618204e-12
02,27742603,C,T,0.0184497867790906,2.3452938336646e-25,3.71814531667563e-12
09,91514697,T,C,0.0429027234601296,1.79533951668511e-15,1.83307590274797e-15
09,91987048,TGGG,T,-0.019955250581905,3.57790846103948e-17,3.83536048905325e-12
01,32273434,A,G,0.0183987137302948,1.78158568115676e-26,4.33374953946811e-12
04,89045331,G,A,-0.0279981812817678,9.12079924040495e-15,4.77856825903329e-12
07,96127689,CTG,C,-0.0188942643010236,6.65857145761112e-23,4.88783304639596e-12
22,30450041,C,G,-0.0294811443686231,2.09282543843742e-14,5.06090413237186e-12
01,56298497,T,C,-0.0319870874914634,1.00761651354498e-71,1.12213650554705e-41
01,56577346,A,C,0.0322022278332051,6.41691268670924e-47,3.58085949207325e-39
02,112145488,G,T,0.0238348554945677,6.71716230123461e-13,5.5888763704463e-12
02,111927379,A,G,-0.0164063296829156,1.23565636522754e-22,1.34215728775979e-11
08,25314860,G,A,0.0184397307136987,1.27309591163695e-23,6.45397145736042e-12
22,50722134,C,T,-0.017909634156477,5.32071158030408e-18,6.4574448298882e-12
22,50971639,GA,G,0.0176838160325802,1.80025015365054e-11,1.12823733243576e-09
07,1130584,T,C,0.0177876123514922,1.10441269564702e-28,7.07129226212599e-12
09,123476952,A,G,-0.0192720625899288,5.17315293433186e-21,7.18952800057907e-12
19,55539072,G,T,-0.0238217999203848,5.08368357040918e-16,7.30282556824273e-12
10,101274033,A,G,0.0195435384463863,4.87052261408244e-20,8.28971918831108e-12
14,94838142,G,T,-0.0613990191326353,2.98626333652555e-12,8.83601652016347e-12
01,118373213,T,C,0.0513188134026804,2.55435073185947e-13,5.81830552560321e-13
01,118796773,TTACA,T,-0.0805916985037617,1.17023557495607e-11,8.8560435921927e-12
11,63865687,C,T,-0.0816983378134252,5.35520381081541e-12,9.57478942550632e-12
03,142283813,G,A,-0.0178444941297878,5.18311775146583e-26,1.02017532457925e-11
03,46736187,C,G,0.0584684324823423,1.84262306089821e-40,1.0957137852116e-34
05,36645367,A,G,0.0215623493113697,4.17003197563461e-17,1.14912960774101e-11
17,80479103,T,C,-0.0180719519386593,7.38442341627818e-30,1.22444282400374e-11
11,116623213,T,TA,0.0251640092690407,7.05101271960601e-15,1.45693151880347e-11
12,57017515,T,C,-0.0174815376589074,6.24029050352445e-31,1.60735119008805e-11
03,56849749,C,T,0.0177052568390888,9.475737344114e-25,1.6547754228608e-11
09,79955305,A,AT,-0.0212059239544561,1.02441928318563e-16,2.19168303590209e-11
18,67531642,C,T,0.0172414135877755,6.0858292162148e-29,2.42584891414524e-11
06,6680172,C,CAGTT,0.0175863384572654,9.19399978731092e-30,2.56554230804122e-11
09,112727612,C,A,0.0232171483411684,3.69901195910463e-15,2.66650525038705e-11
02,54020142,C,CA,0.0195205459495894,6.40032710490976e-21,3.17020071451342e-11
05,38919158,G,A,0.0224400325779599,3.49925764422613e-15,4.02815460581629e-11
20,57594684,C,T,0.039757630871967,5.93434083984014e-12,5.34047537272887e-11
