chrom,pos,major,minor,beta,p_value,gwas_p_value
20,4157072,C,G,-0.157373408348081,3.64630914050328e-186,0
10,25218243,G,T,-0.0953298889503565,0,1.1696395704016e-284
06,139840693,C,A,0.0780562600836259,0,1.38215014039316e-282
06,139841653,C,T,0.168480168188118,7.86671052032153e-131,9.00582561253401e-219
03,50329826,G,A,0.0923766779381912,0,1.79549170150722e-248
X,40847852,A,C,-0.0822329930758802,1.90493423087156e-282,1.03170131829841e-209
19,11297027,G,A,0.141052014788884,2.52831241230936e-247,1.00536999754308e-208
05,52088271,G,A,0.181012999668503,7.89900244459651e-190,1.43185030604303e-155
05,52105307,C,T,0.0819519402168266,3.87548259015439e-81,7.70267956252631e-52
05,52095943,G,A,0.143996538798395,2.34081916446003e-66,1.98527570031405e-51
01,248039294,G,A,0.12019720104934,5.93094645137839e-233,1.49933106041398e-127
01,248039451,C,T,0.0595125679292989,1.16740453447812e-208,1.11746122159836e-48
12,120892378,A,AT,-0.0658016048834459,2.05274520629778e-250,8.20331608347654e-125
10,71094504,T,C,0.0931129510594134,8.16374294843181e-143,5.79954734830151e-115
02,8762414,T,G,0.0581221519762854,5.92943672198044e-240,9.75725048521561e-108
01,158586966,A,T,-0.0574697189669124,7.38926265421521e-159,7.23039872589368e-100
01,158638260,G,A,0.188716202767644,4.61913733649307e-57,4.94752926490495e-65
08,41630447,G,A,-0.0643729368112464,7.41076912393691e-110,1.03446941214332e-95
08,41549491,G,A,0.0982901290181648,2.91409192830905e-47,8.53124121122934e-44
08,41512581,C,CACAGCAGAGTCTAT,0.0311544680267167,2.96675634750078e-63,3.83857343888296e-12
17,33873772,A,G,0.0535762209010518,2.15450225244217e-205,2.76939391948719e-92
12,111884608,C,T,0.0426349535584801,1.75169968431457e-171,5.37297270727025e-92
12,112327057,T,G,-0.0601298227463396,2.17563372665454e-43,3.29532844090773e-69
04,144914893,G,A,-0.0544003115516439,1.7670266533595e-164,2.01064151143108e-86
06,30276679,C,CT,0.0444808464677304,2.65839679297069e-106,2.01559220417578e-74
06,30126177,G,A,-0.152159665268348,8.59515854753657e-38,1.43768708952307e-38
06,30326522,C,CA,-0.0310280772825257,4.4102851029545e-39,5.45879616540034e-35
10,104962011,C,CA,-0.0480759880173871,6.18783785086426e-167,7.52576113370955e-74
05,95162418,A,AG,-0.0617682200572426,2.165806168602e-75,5.01169139209493e-68
05,95163437,A,G,0.0398151135786914,3.57870206664111e-25,1.0389908148834e-30
02,24209968,G,GA,-0.0544821259789777,7.14556597947407e-61,7.23643663536232e-63
02,24247818,G,A,0.030307344867067,3.82842271491983e-37,2.60107045819966e-40
05,173287763,G,A,-0.0428899310578224,2.75556101118127e-142,3.10960905736733e-61
19,913048,C,G,0.0444207063442146,2.66692932551341e-122,4.46812097099059e-60
19,906510,G,A,0.127734282033133,1.27290815884354e-33,1.02827000757742e-32
19,1156853,T,C,-0.0286349809538396,5.73615182510531e-33,7.93995749222239e-27
01,3691528,A,G,0.0498992268809801,7.95040608961075e-95,3.00917451592421e-59
06,26093141,G,A,0.0841716194755394,1.44242185480287e-81,3.09532001917573e-58
06,26092170,G,T,0.0458409198794818,6.98962400920525e-51,1.28095015478816e-26
19,10743161,A,G,-0.043360520902007,5.01291638280562e-59,9.11464199891976e-54
19,11165048,G,A,0.123398724695817,1.22852807178324e-19,1.05563926450013e-22
19,10334663,G,T,0.0236879565349018,2.20859215864482e-35,2.96624331407135e-25
01,56624095,C,G,0.0375682302688108,6.66984425044461e-67,8.73943319709873e-49
01,56313991,TG,T,0.0315301381107432,3.36690497284871e-45,4.14049291909852e-38
01,56948290,A,G,-0.0366630889069725,1.65685990356363e-19,4.57840707769533e-20
X,70361967,G,A,0.03300524116469,2.45346309162777e-78,2.93440243701252e-48
06,41925159,G,A,0.0416305403716072,3.15257471167375e-75,1.32624935185059e-45
01,118147892,T,C,-0.0682398225589323,3.66756000556693e-77,1.69415919749629e-45
01,118251143,C,T,0.0638257514376814,1.4955895080695e-62,1.27348848939358e-13
01,118153977,T,G,0.0245065116377878,2.98661708560905e-33,3.36294876118783e-32
07,134382330,G,C,-0.0375530055823137,1.40317264569462e-91,5.71454444959648e-45
03,48345545,A,G,0.0752826765390494,2.56317034797693e-61,7.55104248525828e-47
03,48231919,G,T,0.0476185386774586,7.26291019845936e-31,1.05101908857743e-19
06,135349635,CAT,C,0.0357358272493448,7.44959806691924e-91,7.02343365202886e-42
17,74378312,T,TG,0.0346662812383585,1.19550947588008e-111,7.93947746462676e-42
08,116663898,G,A,-0.0380525394994999,9.97231636840286e-73,3.34713758024192e-41
10,45953767,A,G,0.0359572133072854,9.64975298173527e-74,3.34993146195342e-39
06,31246823,A,T,-0.035822743130717,3.87990354760855e-65,1.16795698924254e-38
06,31522669,G,A,0.0301709203838748,1.67750743483373e-20,1.00462329975112e-21
06,31223728,G,A,-0.028554865548966,1.73004935960418e-19,7.66033195811195e-23
01,22014471,G,T,0.0256516904979676,5.46915294417187e-34,1.42737592283586e-38
01,22000129,G,C,0.0244051902605957,3.79125670894931e-14,5.26395375576588e-32
17,42329004,C,A,0.0339652260325385,4.07457933960017e-59,2.67141234715864e-38
17,42015695,C,T,-0.0313309669042109,2.31238841873771e-13,3.92079706117122e-17
05,154035237,C,T,0.0559614283109249,1.11568987305758e-45,6.26723836705543e-38
19,45413233,G,T,-0.0601171328637483,5.32303691220233e-41,4.1012606945899e-37
09,137117496,C,T,0.0333624571977958,7.56743011728914e-72,4.68192050805232e-37
09,136890876,C,A,0.024589771167633,1.68648557265231e-22,1.43815751418191e-16
14,74223967,C,A,0.107173105622244,1.00704193013965e-38,6.10573032116644e-37
17,44082528,A,T,0.0379451881145315,4.18889990441279e-55,2.26083401448497e-35
06,32208324,C,T,-0.0313659009762145,4.70089072103587e-33,2.79472709477203e-35
06,32411035,C,A,-0.0171323530472895,3.07564008479127e-18,1.12401197715059e-16
06,31819813,C,G,0.0548840659342255,1.27932288739717e-10,3.62736450654749e-14
02,218683154,G,A,-0.0313810588622823,1.44896811099673e-50,4.11850623695018e-33
02,220081416,G,A,0.117923165741795,1.89890529766248e-30,3.26974962241485e-32
02,219632608,TA,T,-0.0163828408369556,8.98527736165715e-27,6.23942483341964e-13
14,23495048,T,C,-0.0336349927504038,1.35372077627109e-55,3.68442629871488e-32
17,78111877,T,C,0.0301571302369801,2.82362467260153e-86,4.57516812041807e-32
20,55973344,G,A,0.0375727774206069,1.93097819075508e-44,8.80844998406009e-31
16,215106,C,A,-0.0434089067741011,1.457694873881e-29,1.02959956198884e-30
16,218532,T,C,0.027862238559659,6.13166846140543e-23,2.40481688912907e-23
18,43856297,A,G,-0.0295031681411492,2.18152764787768e-77,1.33340685313845e-30
07,16686501,G,T,0.0235214718735185,5.70743768399327e-37,3.47929444118538e-30
07,16731042,G,T,-0.023334612118601,3.3615027924475e-19,8.12943175419495e-26
15,62800455,A,G,0.0303061473559529,2.09234755238534e-43,7.86513639670144e-29
15,63092900,G,C,0.06590153517917,5.48824845177256e-10,7.83962714591567e-13
07,6078535,G,A,0.0692870776278683,6.48031822089182e-29,8.93916591559666e-29
07,6053587,C,CA,0.015449899442288,1.31702808727943e-20,5.56327171779039e-10
01,205226288,T,C,-0.0281587231896259,1.1866311692149e-63,2.44631480899019e-27
16,68702077,G,A,-0.0303867869776549,1.16091583397888e-42,1.21986413999981e-25
22,29757090,C,T,-0.0275644520423358,5.3973447770881e-28,4.71792150094687e-25
22,30071466,A,AT,0.0193759315668784,8.15088699653314e-13,3.5403772447459e-10
22,29632258,C,A,0.0161335283892592,1.23799393304951e-17,1.2189692206035e-10
17,19934963,C,A,0.0264095491485218,5.56345005722855e-68,5.03967898311497e-25
17,27189004,CCCTTCCTCTT,C,-0.0326861637478524,1.03657349859994e-36,7.13503963144339e-25
17,40012971,T,TA,-0.0458385002989803,2.98544000484646e-29,1.33776521131726e-24
12,95859010,C,G,-0.0275262286934955,8.08507780520076e-48,1.96253864146982e-24
20,52230030,TAGATAGCG,T,0.106584211431691,3.72572022683373e-25,2.8349182616073e-24
09,33945489,GACAA,G,-0.0263405843535581,1.38863251843813e-55,5.14599972529827e-24
21,30339120,C,A,-0.0357411006412037,3.19355978567712e-31,2.07849640657607e-23
09,135864436,C,G,-0.0547939622913676,4.2792790335235e-26,2.23585001886044e-23
09,136139907,GAAACTGCC,G,-0.0190516458713613,1.87085454570736e-16,7.18710790097415e-10
05,75996909,G,A,0.0618499410921651,3.67207293895736e-26,4.27443372422705e-23
05,75964507,C,T,0.0671991360905174,6.65607101148552e-13,1.32492090458327e-11
05,53606295,C,T,0.039261737368303,7.10675929287207e-35,4.85292837891073e-23
05,53677016,C,T,0.0305838753967413,1.16005324084532e-20,1.74073840469412e-10
05,53390040,G,C,-0.0176141373068615,7.1208512089931e-14,2.77554912940371e-10
08,9032646,A,G,0.029441924441104,4.90947428170913e-25,6.04331038695502e-23
08,9017979,A,G,-0.0158987792229732,1.53043473817441e-16,3.9400230625077e-13
06,16281187,C,T,-0.0283847666036102,1.01757492154223e-37,1.02671485763039e-22
X,57166850,C,CA,0.0262596487568013,3.18724705269626e-29,5.74894599938174e-22
19,12998205,G,C,-0.0287490869062165,1.08808916596343e-34,7.39645002583859e-22
09,140100317,C,G,0.0362861879557481,7.36317685341306e-28,1.14838167943752e-21
03,52621822,TTTC,T,0.052280032760882,7.56193819129979e-27,1.09016392713652e-24
03,52714649,T,C,-0.0695391020522547,4.82806717181664e-11,1.09839716298929e-11
06,132834518,C,T,-0.0245723242034082,2.07819244235271e-54,2.132244436873e-21
14,103992096,C,G,0.0264976624344763,3.11539992777994e-37,3.70383530062067e-21
11,100460037,G,A,0.0360607966458044,8.423856170426e-20,4.25858831666249e-21
11,100624538,G,T,-0.018698818660918,4.41886476087368e-17,4.66730210489872e-15
01,155271433,TA,T,0.0480981913091883,8.74100982594895e-24,6.573631755446e-21
07,116200092,T,C,0.0387809730868055,3.78862061136957e-25,1.17207476569505e-20
19,35692403,C,T,-0.0243657149052014,5.9053352497212e-49,1.32081308351593e-20
19,49373632,A,G,0.0209324211138208,2.96357192581391e-24,2.18008137213276e-20
19,49132867,G,C,0.0824851941929145,1.02756042695614e-10,2.92599320777074e-10
19,49375525,G,T,0.0484307429822602,7.42396937532118e-10,1.63967638380628e-16
11,95308854,T,A,0.0311956520306516,6.19492565578781e-28,3.37700795656221e-20
17,75370468,G,T,-0.0254113536207612,4.19394001378463e-36,6.4217467391702e-20
09,91392686,TTC,T,0.052668656187201,4.18704797141293e-22,6.71883876652331e-20
06,108877653,G,GT,-0.0254187374063834,2.48093418129378e-37,8.15834148533602e-20
06,47437697,AC,A,0.02604392934031,9.4575655932915e-34,1.0089653225929e-19
20,10646671,G,T,0.0202928604964675,4.59856752923666e-20,1.28976646042952e-19
20,10719307,A,T,0.0310798676321671,5.57181000613931e-10,3.02051208713481e-17
07,73039406,C,G,-0.0287292291032237,6.85216085668918e-29,1.61148469153872e-19
03,24343330,C,T,-0.0241161616454184,2.08497936855156e-38,2.18670069152093e-19
15,78559807,G,GT,-0.0255917152097318,2.11054429624097e-52,3.2710968766269e-19
15,78546918,G,A,-0.0624763638569796,1.3839865746776e-12,8.69561794193449e-09
14,35342739,T,C,-0.0375366466862483,8.13894683118213e-23,6.84311519000059e-19
19,17258614,G,GCTT,-0.0236033910984475,2.11924924742089e-41,1.10133908821767e-18
11,65365077,T,C,-0.0233410813664529,8.73197764925084e-23,1.33049214315289e-18
11,65645354,G,A,0.018951220058017,2.00785214642228e-12,6.12703465251463e-13
02,165528876,C,T,-0.0228467503026058,3.61825280675647e-40,2.21186412092729e-18
22,37469591,A,G,-0.0221795646065201,1.50665294607407e-46,3.96453359820727e-18
08,86256210,A,C,-0.0224220614292555,5.0317837739691e-41,5.52900922059664e-18
14,65283676,G,A,-0.0284403544617293,3.93944833087399e-27,6.41915739079594e-18
14,65487694,T,C,0.0243170756116769,1.77347672765542e-35,5.98763543722467e-16
15,80345735,G,C,0.0227775995404558,1.53980007093859e-36,1.12166511895323e-17
17,76244283,G,C,-0.0237367876901723,5.04806698743818e-23,2.10574324087519e-17
17,76119293,C,T,0.0308587721124807,4.15375397454188e-11,2.83310370646094e-10
17,76370896,C,T,0.0167426932063642,5.00201393640721e-19,2.76303595289016e-10
07,98974038,T,A,-0.0549006200080323,2.15375486106586e-18,4.1972536766867e-17
06,110760008,A,G,0.0251081016033171,2.49700496531943e-26,7.13873604499002e-17
14,25445362,G,A,-0.0218074882274653,8.65794043759064e-37,7.34634635987347e-17
10,81108956,A,G,0.0214223292177568,1.69336331192125e-42,8.8234646934267e-17
22,50971266,C,T,0.0218853911433801,4.88414959539753e-23,9.86195921551043e-17
22,50722134,C,T,-0.0179627268074536,2.8603187344531e-17,2.2008154098265e-12
02,219869870,C,T,0.0806635768019226,2.39915013191649e-18,3.46659994452457e-20
02,219427886,CA,C,-0.0212744778160698,5.39107568074265e-26,9.99956111497753e-17
11,8745711,C,T,-0.0244914567734621,3.36834316710495e-27,1.05623399511089e-16
01,45810865,G,A,0.0408351301658869,9.87042806393191e-21,1.64442211043808e-16
01,45833328,A,AT,0.0195863607521311,1.18859926325205e-16,5.6336518760709e-09
17,31149516,G,GGC,0.0299267461582714,1.16793003684791e-22,1.95962046225729e-16
01,220094000,C,T,-0.0266202733635466,2.37608806073057e-23,2.18631725760979e-16
16,53810686,T,C,0.0213387096778299,2.95614869842516e-35,3.20036089459907e-16
03,142283813,G,A,-0.0211975269966418,9.98938503028275e-37,3.2059514541656e-16
02,182421739,T,C,0.0267306282526412,2.52517180402663e-23,4.47784800550609e-16
15,63911652,C,T,0.0208834949028054,1.72395962252938e-39,5.01088574952269e-16
11,16542089,A,G,-0.0237596835399767,9.35108608833145e-54,6.61123196164043e-16
11,16569806,A,G,0.060137649543604,4.1615277365499e-13,5.83500763351453e-09
05,51817324,T,C,0.116252138702539,2.25445907867149e-38,1.54846461099503e-35
05,51793806,C,A,0.0440918139388386,1.3336946094508e-13,2.98665205776893e-11
16,89939929,T,C,0.0239867980411582,1.27679690552704e-25,8.75435634216228e-16
02,191724460,A,G,-0.0216222086426972,2.54999378408478e-30,9.4240780007029e-16
X,153602265,T,C,-0.0210592110704346,1.95728403191266e-20,1.66456030074319e-15
01,24176806,CA,C,0.020986146369311,1.78422193716894e-25,2.38160982448208e-15
01,23849036,G,A,-0.0169372102025281,8.64909946450581e-15,5.6306733858821e-10
20,38552078,T,C,0.0208381150321748,1.67211594563963e-30,5.54149878411979e-15
02,26069558,G,A,-0.0186483787556516,4.64251582727218e-30,5.92082555775053e-15
02,25788481,AT,A,0.0183320318865073,1.14117219016589e-10,1.57762105727289e-10
20,4112181,G,A,-0.0341581078695869,1.15484776541379e-45,1.14798247730199e-66
20,4103996,T,C,-0.0419726787641256,2.14583444858221e-26,1.85859035368318e-60
20,3613606,G,A,-0.0204713036321964,9.38390767372512e-23,6.39019380966952e-15
11,116623213,T,TA,0.0286921730634596,3.06850380451933e-19,7.37591937583403e-15
20,33533186,G,GA,0.018297470107811,9.45864496791809e-29,7.91874824026149e-15
20,33872215,C,A,0.0578191333927795,4.88083774739373e-09,1.19198430315546e-11
01,199012478,C,A,-0.0225783295896574,3.91413348917499e-24,9.44859820049282e-15
06,126258892,A,G,0.0197618866739808,2.0622117827634e-36,1.26558599955977e-14
01,22701146,C,A,-0.0257564912558977,3.87609476552746e-20,1.41585631129904e-14
22,21974703,G,C,-0.0247942920112622,5.11343187146042e-21,1.49658255243295e-14
17,21280069,G,GA,0.0206797105640186,6.53526013598015e-31,1.5359652813468e-14
01,2147874,A,G,0.0377872319741484,1.7327469987384e-16,2.12899711143867e-14
20,57594684,C,T,0.0457611400474689,1.2256025123516e-15,2.36179144524213e-14
02,86977625,C,CAT,-0.0206546442695507,5.55809142292972e-27,2.51410475197575e-14
16,88567333,C,T,0.0349444094006974,5.51747719496751e-14,3.2009324496249e-14
16,88856084,G,C,0.0202965272392909,1.07981544764767e-31,7.66603875349127e-13
16,88752602,C,T,0.102910761504626,3.82708073922569e-14,1.13711786985734e-13
08,142234747,C,T,-0.0191132550619139,5.32223432366208e-37,7.1684554537876e-14
01,25291697,C,T,0.0780041010453559,2.67644535418826e-13,1.09974719687548e-13
01,25657076,AT,A,-0.0222342529775388,2.36839807645592e-15,1.84747289742727e-11
14,105644421,A,G,0.0193768485226836,4.00425721443459e-29,1.27953911875297e-13
03,58032182,G,GT,-0.02015842237508,4.49848589670033e-26,2.30004171572184e-13
12,8958494,C,T,-0.0286513763193268,4.7154666118098e-17,2.88092904106933e-13
19,55539072,G,T,-0.0250711101622309,6.54637921157543e-18,3.16433547323215e-13
12,57017515,T,C,-0.0184265145373488,7.53513280500155e-35,6.67495063652881e-13
06,2507392,C,T,0.0183061709094985,1.39498417572085e-33,7.823276045758e-13
01,56577346,A,C,0.0357839965191312,2.60124125332236e-63,5.05269587866645e-43
01,56304147,T,G,0.0351900525242271,8.41056987445258e-48,7.06870764784297e-38
08,101766275,C,T,-0.0197967546036905,3.91593473672536e-21,8.46957248181059e-13
08,102076240,C,G,-0.0245880087082928,1.88606946064606e-11,3.99941433065943e-10
22,30450041,C,G,-0.030049472812918,3.481249798287e-15,1.18117382236655e-12
03,195802843,C,CA,-0.0206532142672638,5.70013882830327e-15,1.20347102179995e-12
03,195922427,G,A,-0.0171670617904568,1.59849883072079e-13,1.26835119065559e-10
05,55857025,G,GT,0.023121308719884,6.66077266445877e-18,1.27635449098166e-12
04,57719766,A,C,0.0181912637472711,6.71878078410121e-35,1.55855180005545e-12
09,89371743,T,C,0.0183822735834943,1.33008545010619e-28,1.74487938504284e-12
11,63865687,C,T,-0.083333022584988,1.19315081424721e-12,2.20992983008605e-12
01,77967507,T,A,0.0273247636118065,1.82225419582035e-15,2.25686841104566e-12
03,46736187,C,G,0.0566468089584722,7.7600947930725e-39,2.44453742529869e-33
01,183870073,C,T,0.0180532773294228,1.91392061403744e-30,2.43709280957767e-12
20,1922283,T,G,0.0190451414795893,3.83576968906311e-23,2.45681235075661e-12
05,132426851,GTT,G,0.0307942298483023,1.80343324160153e-14,2.90971758892333e-12
19,8405160,A,G,0.0174694244721043,1.05180282177564e-14,3.07085884375502e-12
19,8421526,TA,T,-0.0165736297060057,7.81504898386648e-16,1.22223321434203e-11
14,67883624,A,C,-0.0296060549839764,1.27969520227422e-14,3.37302055750792e-12
13,45605747,T,G,-0.0340864855944526,7.08919155214503e-14,3.8218815272628e-12
10,103391675,T,C,0.0255385739313303,1.4262578757467e-15,6.07339524006593e-12
10,64926226,T,C,0.0496023020648017,1.29752990222997e-12,6.46469950945339e-12
11,47614575,C,T,0.0421914448225355,9.51566371781665e-13,8.97093205873753e-12
14,94838142,G,T,-0.0605672890528116,3.53483950909251e-12,1.01667033950007e-11
17,80479630,A,AC,-0.0174723354924219,6.2203227056317e-29,1.10349074024987e-11
12,124409502,G,A,-0.0186714093500555,3.24706514523214e-21,1.12278750212254e-11
16,84774799,A,G,0.0212062169807363,3.40409608407691e-17,1.13285368972299e-11
09,91514697,T,C,0.041932568444158,4.00537013442462e-15,4.25822084742634e-15
09,91987048,TGGG,T,-0.0192713350812784,2.02079794523102e-16,1.22463116986402e-11
15,42229838,G,C,-0.0190939024867001,7.15069779338474e-20,1.22779988875368e-11
11,44583607,A,T,-0.0193028575193067,1.79068287031756e-19,1.40602708354709e-11
01,32273434,A,G,0.0176706257773542,5.05970193002838e-25,1.81512204666316e-11
09,16885017,A,G,0.0178231065376039,2.00348020234142e-24,1.83725565142459e-11
12,121006301,T,C,-0.0641135598675535,3.67318544336547e-246,2.75337323897282e-124
13,51390598,A,G,0.0173300575403452,1.91400660267094e-26,2.11882954931704e-11
14,64239877,T,TTTTA,-0.0234595405195799,2.88161655620548e-15,2.12470148176087e-11
02,54020142,C,CA,0.0194222818118238,4.02436978730859e-21,2.36291905798601e-11
07,1130584,T,C,0.0171385729556315,2.88926207153478e-27,2.44060947982565e-11
04,89054667,A,G,-0.0267382464438769,7.70954719012469e-14,2.60359873426212e-11
03,56849749,C,T,0.0173504619283366,2.7226286320984e-24,2.61872137702427e-11
08,25246179,C,G,0.0177992904333381,1.05715435914998e-22,2.68166842480098e-11
02,43453721,G,A,-0.0334968615710228,7.43726109438464e-13,2.79899319370578e-11
19,4502201,C,T,0.0173043860050477,5.32737719810151e-26,2.98252524002857e-11
19,33798537,T,C,0.0317015559572937,3.44999205679023e-13,3.24988473833927e-11
12,48499931,A,T,-0.0227190010269194,3.73932378697077e-15,3.51190140432502e-11
04,103498455,C,T,-0.0176177160511174,6.01103852937461e-22,4.06963036545431e-11
16,69551631,A,T,-0.017131958567557,2.26685724726659e-28,4.26225457620779e-11
07,96127689,CTG,C,-0.0178114145669216,6.36630330138223e-21,4.79784040599564e-11
09,79955305,A,AT,-0.0205953368791091,3.76792040258141e-16,5.04475534211448e-11
07,123408499,T,G,0.0308828112626767,1.06429958211844e-12,5.08651690531134e-11
19,46179043,G,A,-0.0201163472839449,8.96875510229219e-13,5.34507656060066e-11
05,36645367,A,G,0.0206313074156736,4.37537606520995e-16,5.37363872157057e-11
03,194506202,A,ACT,-0.0174214610059357,1.85448093391585e-24,5.53319320628534e-11
03,72290125,T,A,-0.0181682656481127,9.43721627248788e-19,7.62326461213378e-11
18,67531642,C,T,0.0165497433455501,2.56940955489837e-27,9.43123867815904e-11
01,118373213,T,C,0.0501903396871555,4.87782188041775e-13,1.15651919133701e-12
01,118796773,TTACA,T,-0.0755270811574626,1.33733529836747e-10,1.00354908975237e-10
04,146045768,T,C,0.032391979682773,3.97400556355519e-12,1.03914242815657e-10
02,27753878,A,C,0.0187886509865504,9.52909399505539e-18,1.08707915146532e-10
19,45741353,A,G,0.0401076422687124,-99,4.24347564398504e-12
02,219119118,AGAAG,A,0.0399923235952675,-99,3.54213192890429e-13
