chrom,pos,major,minor,beta,p_value,gwas_p_value
16,53806453,A,G,0.0542323728233002,1.24521666517578e-237,3.13403079102661e-102
18,57829135,T,C,0.047620561441853,2.80577951265977e-94,8.26413965082842e-65
18,58024670,C,G,-0.09962274322761,5.12543887859917e-30,1.84973164160808e-34
02,417167,T,C,-0.087836615522613,2.57633895773947e-56,6.70442694533562e-50
02,632536,G,A,-0.0453775696288033,1.54245732602806e-59,7.78680482220302e-41
01,177889480,A,G,0.0436370627281746,1.40214960443904e-69,3.55825914323907e-46
06,34650934,CGT,C,0.0463257079990998,1.8054607426057e-47,2.58568033399086e-44
06,127439897,G,C,-0.0610510133489154,4.6366280757557e-42,2.59285414993362e-36
01,219762581,C,A,0.0327179963840269,4.45395346547345e-58,9.88943315678558e-33
20,34025756,A,G,0.0292039261643752,4.04262542996697e-70,5.87783039511017e-31
12,123024476,G,T,-0.0444953661486829,1.39909505989218e-26,1.73816175606105e-30
11,27728102,G,A,0.0235705617268487,2.20315268079992e-32,2.25753712322343e-30
11,27679916,C,T,-0.0270196376249291,4.24195385939406e-24,2.3576916654012e-29
16,28632021,G,T,0.028736978221042,2.28900800089142e-68,8.57704172382975e-30
04,145718861,GGTTA,G,0.0284477428880123,1.79944909263498e-67,4.33887905851961e-29
05,75003678,T,C,-0.0281730939997231,1.99901193081986e-63,1.38195834328089e-28
01,78444764,C,CGGCCG,0.0418075736601525,2.60199722974644e-36,4.75694857263841e-28
02,165508389,C,T,0.02759149432687,1.04680742013854e-63,1.19590990217941e-27
03,141106063,T,C,0.0270652966982385,3.1322557681375e-69,2.00712518775264e-27
06,50787576,CGAGGTGGGA,C,0.041371314287396,2.01054289840065e-36,1.40207851087558e-26
06,26168903,A,G,-0.0276595635744797,4.32112495099493e-22,2.30560742630034e-26
12,4384844,T,G,0.0975516575524697,5.26361400260353e-26,8.76096263781368e-25
16,4014282,G,C,-0.0254375445401226,6.38956322173779e-41,1.1895750221752e-23
16,4299989,G,A,0.0176996790492461,2.51788673589851e-11,1.72032924656305e-09
12,124508758,T,A,0.0260681824117722,3.70611917624501e-43,2.57918353910805e-22
12,124820705,G,A,0.0255409297027103,1.3230201417799e-16,7.03886637494334e-14
12,124038535,G,T,-0.0276401388732403,2.30472847502041e-11,1.37440095481686e-10
12,50263148,G,A,0.024678658885043,9.89069253325979e-48,5.09476626999925e-22
01,154989823,T,TGGGGGCAGTAGAGGGGGCAGTAGA,0.0271823920686049,2.0292356793914e-36,1.17012860498517e-21
06,31840021,A,T,0.0250173088476436,3.32687734078915e-42,1.3914901904003e-21
12,122963550,C,T,-0.0419844005645995,1.46511775278143e-25,1.38308645201004e-29
13,50565104,ACT,A,0.076911841044972,6.67770657233103e-18,1.94882816465043e-20
13,51064533,CCT,C,-0.0235618456680402,8.03888012663571e-26,5.58864664472788e-15
20,45534919,T,C,-0.023030368036327,3.44253095920631e-54,3.16465618325191e-20
07,2862542,C,A,-0.0248729323102823,7.22396060891569e-37,3.2129353897188e-20
16,29972465,C,CA,0.0243245666481326,1.1694624952422e-49,4.04048769778242e-20
04,45182527,A,G,0.0224999449025094,1.29127554145981e-46,2.4972051222844e-19
08,116659731,C,T,-0.0272996864474735,6.33341893377889e-28,8.20994418734452e-19
06,41909521,C,CCG,0.0444208918578909,9.53553094648142e-21,8.76485728704758e-19
06,41903798,C,A,-0.0696238917324319,1.08137338575181e-10,3.08891431237311e-11
08,126506694,G,A,0.0228512727185059,6.1818124144623e-42,9.49236750002697e-19
03,129329813,G,T,0.0263327783348511,1.83974555135887e-23,1.65457126657212e-18
03,128968642,T,C,0.0248898652491666,7.01640071296467e-10,3.42036976685636e-10
X,109888230,G,GCCT,0.0185810231628842,2.53845940358108e-33,2.18505500018707e-18
07,130445847,TA,T,0.0218084400123718,1.55062719890748e-51,2.18834202724685e-18
06,160767905,T,G,0.0216688317317047,2.02509531918966e-48,2.73227704032736e-18
19,47556375,TG,T,-0.024888488753506,3.74735042387753e-29,1.09272498647921e-17
06,130384187,T,C,0.0229169324333478,5.60848039058473e-32,1.23078523280955e-17
02,25159399,G,GC,0.0212035384958564,3.38059408886731e-47,1.5647562679602e-17
06,142716286,G,T,-0.0228431130737684,1.2814213080451e-20,2.99820840610501e-17
06,143187255,CA,C,-0.0154039660461964,6.99650833995598e-19,1.58701491106933e-10
06,43757896,C,A,-0.0209455201518909,2.99560689091734e-46,3.32084766558412e-17
13,54107352,G,A,0.031017769552458,2.21509502014931e-21,8.33351431062005e-17
11,66292363,TAA,T,-0.0420857179833217,4.78102332710082e-19,8.78776927671271e-17
01,149906413,T,C,0.0209792092294903,1.06818773057739e-37,1.2446693865496e-16
07,92327026,A,G,0.0230959389223807,8.79411651178297e-28,2.11904534591462e-16
07,77422583,A,G,0.0205830091300126,4.38442587459926e-35,4.34936000953179e-16
01,72812324,A,G,-0.0204256371175384,4.38707715994606e-35,6.38984332353043e-16
13,50655989,G,T,0.0773846927645946,1.51610929606199e-17,6.73455707855191e-20
13,51116901,G,T,-0.026360969639028,4.84694737013508e-27,7.82927291714267e-16
07,73040814,T,G,0.0247865980449979,3.75351032317631e-23,9.57473805018389e-16
11,30408061,T,A,0.0204392339504576,2.44200833003039e-33,1.25477359663158e-15
10,22258152,C,CA,0.0218530701660565,2.32992554711472e-27,2.33890820009257e-15
11,43681372,G,A,0.0211085522505428,2.15673998474849e-27,3.86192816514517e-15
12,120907309,T,A,-0.0495630259415982,3.00960327869245e-16,4.26927411235796e-15
14,91528977,A,C,-0.0209148958751296,1.06931560852698e-27,4.90412539314063e-15
06,26211146,G,T,-0.0253744901562536,9.58260396405935e-23,9.66057548563028e-24
14,25932585,G,A,-0.0206493981086951,2.41062595236494e-27,9.06069136689885e-15
16,4943019,G,T,0.019399265645756,2.08873118690953e-34,1.00429431347562e-14
06,152170247,G,A,0.0193692679818203,4.25590567220335e-37,1.06540018683108e-14
X,66222744,CAA,C,-0.0219294910556367,2.55548525049721e-18,1.27204107789441e-14
08,73449940,A,G,0.0212208661993926,1.6344105022518e-25,1.29376048768538e-14
14,61072658,A,G,0.0206593679265343,3.88100549340557e-27,1.37696781069561e-14
11,14337575,C,CA,0.0317636929617358,1.22760206176349e-17,1.43997731363016e-14
06,40409243,C,T,0.0201033276128591,1.33777864767285e-42,1.52985553355841e-14
02,172425405,AAAGT,A,-0.0221221310047746,1.8860106498007e-23,1.58188337195357e-14
02,112249583,G,A,0.0232116891272477,9.30975989389803e-17,1.94549404611087e-14
02,111874551,G,A,0.0150985822247565,1.05072250985855e-19,1.30626650927759e-09
06,6749789,C,T,0.0199021839719896,7.71042443299799e-20,2.02918835754053e-14
06,6640830,C,T,0.0148495536692642,5.59565761127831e-14,3.15168771041474e-09
06,34552736,G,A,0.0462754283172273,3.45491080411351e-47,3.89899401184255e-44
19,46182304,T,A,-0.0239188402011581,1.71280137036362e-20,2.27753899872317e-14
06,108888593,G,C,-0.0195632725555162,1.68633607671391e-29,2.62364643455895e-14
04,89711849,T,C,-0.0190094246878484,2.25577293224162e-36,2.80952045928089e-14
18,60845884,T,C,0.0193824455594378,1.80717274122921e-29,3.36560233042884e-14
06,29355148,A,C,-0.0207499891151347,3.12386250160043e-25,4.11360251770937e-14
10,114754784,T,C,-0.0206729272591048,1.59599916283103e-24,4.26015640191333e-14
19,1850165,T,C,-0.0186485246116284,1.57064982093121e-22,4.76911832871677e-14
19,2186757,C,T,-0.0181689573498295,2.56032493003612e-19,4.17127466016824e-13
16,2152651,T,C,-0.0251128392599327,9.81870249522537e-17,6.25621129132308e-14
16,2266173,T,C,0.0183570613475391,5.04166700410366e-17,2.76036510690941e-11
06,100620931,C,T,0.0217303398737664,5.60127771883467e-22,6.28434002455865e-14
07,150668070,T,C,-0.0194299059181668,8.84603757741951e-28,7.42054152064887e-14
14,79890677,C,T,0.0227168232000497,8.94032365281452e-21,8.67186131851035e-14
08,135613624,A,G,-0.0188324307725723,1.64157934144359e-29,1.01489596154211e-13
15,84493651,T,C,0.0185032641912996,6.00256254797346e-32,1.4272699409915e-13
09,28414625,C,T,0.0195414372275205,3.58124559407846e-25,1.84454206363307e-13
05,77401374,TA,T,-0.0210929718114247,5.19670010306461e-21,2.31319966697664e-13
05,122699198,C,CTA,-0.0181956411475918,1.63728925117898e-33,2.56290121383146e-13
17,71124903,G,A,-0.018609184071651,9.1523339905176e-28,2.59861643471497e-13
12,111865049,G,C,-0.0182505487370282,2.00951789889772e-35,2.62411613553052e-13
12,26457650,A,T,-0.0218948137961999,6.41695191129698e-20,2.85624710722852e-13
17,407402,A,G,-0.0181882997044364,5.88557758615974e-32,3.20667366438463e-13
17,68467805,CT,C,-0.0183152466167278,4.27871592876298e-37,3.52903261201531e-13
17,78722281,T,G,-0.0206607042760231,2.72939863893225e-19,3.59321780996642e-13
17,79075435,GCACA,G,-0.0163919128268301,4.15521510546777e-17,8.4018459845163e-10
20,32287917,C,T,-0.0180567877499916,4.55574167148233e-15,3.77326039759807e-13
20,32542814,A,G,0.0161745132162907,4.90866846237608e-16,1.76291358014215e-12
08,57112046,G,A,-0.0273885753866853,2.00279739434485e-16,5.30265436839458e-13
05,139080745,A,G,0.0253268215926721,4.93613651047421e-17,5.54770245945946e-13
16,31011183,A,G,-0.0185516092487615,6.17462066948009e-27,5.82831558872347e-13
01,201806106,T,C,0.0189577775633138,4.03213054632427e-25,5.87564417738923e-13
18,58155169,T,TAA,-0.0619657018792891,3.16337498802814e-16,1.91052684512847e-15
17,65960854,T,C,0.0224583998486305,9.9890748849188e-19,8.42983501256376e-13
12,991306,G,A,0.0217230322808723,6.88859774222772e-19,8.57098032051914e-13
X,78655777,G,C,-0.0151608576305436,1.65372402607186e-21,1.18339747996981e-12
06,126704795,C,T,0.0177858401430494,5.49576586735366e-30,1.19822395045289e-12
20,33132917,C,T,-0.0239669594849707,1.17279492945615e-16,5.18091363638697e-14
20,33326680,T,C,0.032447517432841,1.73151482654877e-10,6.84842677834197e-12
03,50190346,G,A,0.0178665168842013,3.11084778609392e-29,1.25320751959276e-12
19,10754400,G,A,0.0181561018928726,2.57061696315753e-25,1.75583264466897e-12
01,110082551,T,G,0.0549680300031549,6.01813041635192e-13,2.61553479547986e-12
03,9975386,C,G,-0.0223251619155498,2.7835429833455e-18,3.21662056373398e-12
19,8670147,C,T,-0.0479041842904479,4.61840099300127e-13,3.54128137016181e-12
03,185490184,A,G,0.0276440211777809,7.08188502428886e-15,3.86921464210612e-12
06,51796751,G,A,0.0182076449115791,1.31830966967327e-22,4.79204723783261e-12
17,1824305,C,A,-0.0237354685090683,6.73245740412219e-16,5.01777599727027e-12
15,68085555,G,A,-0.0204720499087948,4.51398088186461e-18,5.16362524373838e-12
05,87682877,C,G,-0.0196192700449306,5.66645783937743e-15,5.4141092745665e-12
05,87949118,T,G,0.0260851137537913,4.42349371027337e-12,8.79734321413071e-12
17,46270606,T,C,0.0340669684325003,1.71460814438239e-13,6.45871982113362e-12
04,56276334,T,C,0.0171429187822626,5.96731020387749e-30,6.59279228598273e-12
09,98217348,A,G,0.0275894335558608,2.24154912149299e-14,7.58070545624982e-12
17,29729250,C,T,0.0183790870247129,1.56825865705485e-24,9.24145166099408e-12
20,39179822,G,C,-0.0496048008577193,1.8391546129137e-12,9.48540891494186e-12
18,21126081,C,A,0.0168695496683258,3.45605886948554e-32,1.02412205065996e-11
09,90852236,G,C,0.0172110467181442,4.79329693931431e-26,1.16232014235081e-11
02,27730940,C,T,-0.0171207082750031,1.39726592066233e-24,1.70040987013859e-11
19,30272202,G,A,0.0177864214340896,2.06069753430301e-21,2.1088908708867e-11
08,76676187,C,T,-0.0168898470029618,4.87082868796683e-25,2.18164179021156e-11
03,153852583,G,A,-0.0187900331981533,2.02756186401638e-18,2.47061400703311e-11
06,30796545,T,C,0.0224324319440339,1.76255978964946e-15,1.70936291372421e-11
03,170743141,A,ATAT,0.0205147546098754,1.27421650017802e-17,2.56004500488156e-11
07,50661735,G,T,0.0177118575951225,3.49825876922713e-21,2.65234187244297e-11
06,26604140,C,T,-0.0325189102949384,-99,5.64890536773452e-16
06,34183057,A,G,0.085650370664439,-99,3.82917784932919e-20
13,51047353,C,T,-0.0659093437070534,-99,4.95680437226373e-10
12,122528402,CA,C,0.0381248437012387,-99,7.64378032241973e-22
