chrom,pos,major,minor,beta,p_value,gwas_p_value
16,53806453,A,G,0.0542323728233002,1.24521666517578e-237,3.13403079102661e-102
18,57829135,T,C,0.047620561441853,2.80577951265977e-94,8.26413965082842e-65
18,58024670,C,G,-0.09962274322761,5.12543887859917e-30,1.84973164160808e-34
02,417167,T,C,-0.087836615522613,2.57633895773947e-56,6.70442694533562e-50
02,632536,G,A,-0.0453775696288033,1.54245732602806e-59,7.78680482220302e-41
01,177889480,A,G,0.0436370627281746,1.40214960443904e-69,3.55825914323907e-46
06,34650934,CGT,C,0.0463257079990998,1.8054607426057e-47,2.58568033399086e-44
06,127439897,G,C,-0.0610510133489154,4.6366280757557e-42,2.59285414993362e-36
01,219762581,C,A,0.0327179963840269,4.45395346547345e-58,9.88943315678558e-33
20,34025756,A,G,0.0292039261643752,4.04262542996697e-70,5.87783039511017e-31
12,123024476,G,T,-0.0444953661486829,1.39909505989218e-26,1.73816175606105e-30
11,27728102,G,A,0.0235705617268487,2.20315268079992e-32,2.25753712322343e-30
11,27679916,C,T,-0.0270196376249291,4.24195385939406e-24,2.3576916654012e-29
16,28632021,G,T,0.028736978221042,2.28900800089142e-68,8.57704172382975e-30
04,145718861,GGTTA,G,0.0284477428880123,1.79944909263498e-67,4.33887905851961e-29
05,75003678,T,C,-0.0281730939997231,1.99901193081986e-63,1.38195834328089e-28
01,78444764,C,CGGCCG,0.0418075736601525,2.60199722974644e-36,4.75694857263841e-28
02,165508389,C,T,0.02759149432687,1.04680742013854e-63,1.19590990217941e-27
03,141106063,T,C,0.0292281515176345,6.71259723398899e-78,2.00712518775264e-27
03,141298124,G,T,0.0352562599633741,2.10058361320507e-11,1.32832475972514e-06
06,50787576,CGAGGTGGGA,C,0.041371314287396,2.01054289840065e-36,1.40207851087558e-26
06,26168903,A,G,-0.0276595635744797,4.32112495099493e-22,2.30560742630034e-26
12,4384844,T,G,0.0975516575524697,5.26361400260353e-26,8.76096263781368e-25
16,4014282,G,C,-0.0259078683639701,4.97097394874245e-37,1.1895750221752e-23
16,4299989,G,A,0.0176642517713484,6.6861303078896e-11,1.72032924656305e-09
16,3583173,C,T,0.0173641207670895,3.77314697332719e-10,5.20088057485282e-08
12,124508758,T,A,0.0260681824117722,3.70611917624501e-43,2.57918353910805e-22
12,124820705,G,A,0.0255409297027103,1.3230201417799e-16,7.03886637494334e-14
12,124038535,G,T,-0.0276401388732403,2.30472847502041e-11,1.37440095481686e-10
12,50263148,G,A,0.024678658885043,9.89069253325979e-48,5.09476626999925e-22
01,154989823,T,TGGGGGCAGTAGAGGGGGCAGTAGA,0.0271823920686049,2.0292356793914e-36,1.17012860498517e-21
06,31840021,A,T,0.0186062108040878,8.8225137837822e-15,1.3914901904003e-21
06,31582025,G,C,0.0189679630200959,2.62246089272466e-09,1.67122259143834e-19
12,122963550,C,T,-0.0419844005645995,1.46511775278143e-25,1.38308645201004e-29
13,50565104,ACT,A,0.076911841044972,6.67770657233103e-18,1.94882816465043e-20
13,51064533,CCT,C,-0.0235618456680402,8.03888012663571e-26,5.58864664472788e-15
20,45534919,T,C,-0.023030368036327,3.44253095920631e-54,3.16465618325191e-20
07,2862542,C,A,-0.0247277486586723,1.07213414651515e-32,3.2129353897188e-20
07,3128590,T,G,0.0205407899428344,8.02069246041969e-10,9.0891021119918e-09
16,29972465,C,CA,0.0243245666481326,1.1694624952422e-49,4.04048769778242e-20
04,45182527,A,G,0.0224999449025094,1.29127554145981e-46,2.4972051222844e-19
08,116659731,C,T,-0.0258183755553365,6.23317837078855e-21,8.20994418734452e-19
08,116464988,T,C,0.0133467350121856,1.85791578156415e-15,1.19339601944341e-09
06,41909521,C,CCG,0.0363793192311891,1.02958225960798e-11,8.76485728704758e-19
06,41903798,C,A,-0.0655493653171086,1.27867067802497e-09,3.08891431237311e-11
06,41734037,GGAAA,G,0.0144215755318789,2.27079387733915e-11,2.21285971550965e-15
08,126506694,G,A,0.0228512727185059,6.1818124144623e-42,9.49236750002697e-19
03,129329813,G,T,0.0263327783348511,1.83974555135887e-23,1.65457126657212e-18
03,128968642,T,C,0.0248898652491666,7.01640071296467e-10,3.42036976685636e-10
X,109888230,G,GCCT,0.0185810231628842,2.53845940358108e-33,2.18505500018707e-18
07,130445847,TA,T,0.0218084400123718,1.55062719890748e-51,2.18834202724685e-18
06,160767905,T,G,0.0216688317317047,2.02509531918966e-48,2.73227704032736e-18
19,47556375,TG,T,-0.024888488753506,3.74735042387753e-29,1.09272498647921e-17
06,130384187,T,C,0.0229169324333478,5.60848039058473e-32,1.23078523280955e-17
02,25159399,G,GC,0.022371769309087,1.75965507311878e-34,1.5647562679602e-17
02,25486770,T,C,-0.0140422622925336,5.53005877080843e-09,9.39340016264882e-06
06,142716286,G,T,-0.0228431130737684,1.2814213080451e-20,2.99820840610501e-17
06,143187255,CA,C,-0.0154039660461964,6.99650833995598e-19,1.58701491106933e-10
06,43757896,C,A,-0.0209455201518909,2.99560689091734e-46,3.32084766558412e-17
13,54107352,G,A,0.031017769552458,2.21509502014931e-21,8.33351431062005e-17
11,66292363,TAA,T,-0.0370960205758029,6.29610564296669e-13,8.78776927671271e-17
11,65924324,GA,G,-0.0125479084438144,1.39870043490665e-12,4.10252952704243e-10
01,149906413,T,C,0.019417483686673,6.00092338890845e-22,1.2446693865496e-16
01,150389358,A,AC,0.0144781245960113,6.9140829184995e-09,1.65049678327096e-09
07,92327026,A,G,0.0230959389223807,8.79411651178297e-28,2.11904534591462e-16
07,77422583,A,G,0.019817174682623,2.87052339335572e-24,4.34936000953179e-16
07,77827064,G,GA,-0.0133070442749558,2.75384383737181e-10,2.9107157973679e-08
01,72812324,A,G,-0.0204256371175384,4.38707715994606e-35,6.38984332353043e-16
13,50655989,G,T,0.0773846927645946,1.51610929606199e-17,6.73455707855191e-20
13,51116901,G,T,-0.026360969639028,4.84694737013508e-27,7.82927291714267e-16
07,73040814,T,G,0.0247865980449979,3.75351032317631e-23,9.57473805018389e-16
11,30408061,T,A,0.0193464499248432,1.20625149725687e-29,1.25477359663158e-15
11,30469754,T,C,-0.0387897575778671,8.31127148809571e-07,4.39206322334764e-08
10,22258152,C,CA,0.0218530701660565,2.32992554711472e-27,2.33890820009257e-15
11,43681372,G,A,0.0211085522505428,2.15673998474849e-27,3.86192816514517e-15
12,120907309,T,A,-0.0495630259415982,3.00960327869245e-16,4.26927411235796e-15
14,91528977,A,C,-0.0209148958751296,1.06931560852698e-27,4.90412539314063e-15
06,26211146,G,T,-0.0253744901562536,9.58260396405935e-23,9.66057548563028e-24
14,25932585,G,A,-0.0206493981086951,2.41062595236494e-27,9.06069136689885e-15
16,4943019,G,T,0.019399265645756,2.08873118690953e-34,1.00429431347562e-14
06,152170247,G,A,0.0194630651401141,2.22095091779934e-31,1.06540018683108e-14
06,152520335,G,T,-0.0166104411685606,3.94383922634734e-07,2.47268961776276e-06
X,66222744,CAA,C,-0.0219294910556367,2.55548525049721e-18,1.27204107789441e-14
08,73449940,A,G,0.0212208661993926,1.6344105022518e-25,1.29376048768538e-14
14,61072658,A,G,0.0206593679265343,3.88100549340557e-27,1.37696781069561e-14
11,14337575,C,CA,0.029990590417343,8.21746636693203e-14,1.43997731363016e-14
11,14789017,T,C,0.0128029226076901,1.89067607177452e-13,1.42706694150982e-08
06,40409243,C,T,0.0201033276128591,1.33777864767285e-42,1.52985553355841e-14
02,172425405,AAAGT,A,-0.0215824125788477,4.58931003851132e-20,1.58188337195357e-14
02,172885096,G,A,0.0153873487024511,2.37494993371302e-08,2.44969789586632e-07
02,112249583,G,A,0.0232116891272477,9.30975989389803e-17,1.94549404611087e-14
02,111874551,G,A,0.0150985822247565,1.05072250985855e-19,1.30626650927759e-09
06,6749789,C,T,0.0199021839719896,7.71042443299799e-20,2.02918835754053e-14
06,6640830,C,T,0.0148495536692642,5.59565761127831e-14,3.15168771041474e-09
06,34552736,G,A,0.0437617065312854,2.56540150892056e-37,3.89899401184255e-44
06,34421820,T,TCTAA,0.0160294453844979,1.32859076942238e-08,6.02633688975252e-21
19,46182304,T,A,-0.023957662722489,1.003074838332e-16,2.27753899872317e-14
19,46301456,A,C,-0.011340580785103,2.19381972077806e-11,5.44688220406964e-06
06,108888593,G,C,-0.0195632725555162,1.68633607671391e-29,2.62364643455895e-14
04,89711849,T,C,-0.0190094246878484,2.25577293224162e-36,2.80952045928089e-14
18,60845884,T,C,0.0180530588172192,3.47301948955259e-16,3.36560233042884e-14
18,60737480,A,G,0.0128336082058255,3.74566571872689e-11,4.43663434286643e-09
06,29355148,A,C,-0.0207499891151347,3.12386250160043e-25,4.11360251770937e-14
10,114754784,T,C,-0.0173948357137096,2.98589198136626e-15,4.26015640191333e-14
10,114693230,G,A,0.0131975905194589,2.9310164539139e-13,2.81570362238918e-11
19,1850165,T,C,-0.0189807197084494,4.03595705250315e-23,4.76911832871677e-14
19,2186757,C,T,-0.0186514290414977,3.32725093674662e-20,4.17127466016824e-13
19,2039727,C,T,-0.043284218132686,1.2383024820736e-07,2.01646595201068e-06
16,2152651,T,C,-0.0249096583377776,2.3141751164309e-16,6.25621129132308e-14
16,2266173,T,C,0.017928328402994,1.18610438927211e-15,2.76036510690941e-11
16,1878330,G,A,0.023248630565543,2.86950803578555e-06,1.06877843100137e-06
06,100620931,C,T,0.0207549443636594,3.2985079244202e-18,6.28434002455865e-14
06,100878858,A,G,-0.0162501593691221,8.00471919090988e-10,9.85719160370417e-09
07,150668070,T,C,-0.0194299059181668,8.84603757741951e-28,7.42054152064887e-14
14,79890677,C,T,0.0227168232000497,8.94032365281452e-21,8.67186131851035e-14
08,135613624,A,G,-0.0186821433522226,5.91208944794557e-26,1.01489596154211e-13
08,135847447,G,A,0.0186450557807864,4.65663605864767e-07,1.24138237795451e-06
15,84493651,T,C,0.0185032641912996,6.00256254797346e-32,1.4272699409915e-13
09,28414625,C,T,0.0192655812926015,3.40392101215639e-18,1.84454206363307e-13
09,28610335,GA,G,0.0124273526557813,1.51412426444632e-09,6.51778586682343e-07
05,77401374,TA,T,-0.0210929718114247,5.19670010306461e-21,2.31319966697664e-13
05,122699198,C,CTA,-0.0181956411475918,1.63728925117898e-33,2.56290121383146e-13
17,71124903,G,A,-0.018609184071651,9.1523339905176e-28,2.59861643471497e-13
12,111865049,G,C,-0.0182505487370282,2.00951789889772e-35,2.62411613553052e-13
12,26457650,A,T,-0.020814643326938,9.32359315366132e-17,2.85624710722852e-13
12,26930820,A,G,-0.0208041792645623,2.51246465033408e-06,4.06704739873722e-07
17,407402,A,G,-0.0181882997044364,5.88557758615974e-32,3.20667366438463e-13
17,68467805,CT,C,-0.0181311695170335,4.77395596065718e-31,3.52903261201531e-13
17,68143027,GT,G,-0.0195005249082827,9.55241461888505e-08,1.75311349361697e-07
17,78722281,T,G,-0.0192828152556677,3.84634082216273e-16,3.59321780996642e-13
17,79075435,GCACA,G,-0.0159619842137243,3.41951404642501e-14,8.4018459845163e-10
17,78448640,C,G,0.013370855763578,5.94100364844304e-09,5.07998915326109e-09
20,32287917,C,T,-0.0180567877499916,4.55574167148233e-15,3.77326039759807e-13
20,32542814,A,G,0.0161745132162907,4.90866846237608e-16,1.76291358014215e-12
08,57112046,G,A,-0.0262993580621709,2.23310728062696e-14,5.30265436839458e-13
08,57137764,T,A,0.0156819844047204,7.98958971995232e-11,1.33073268364248e-08
05,139080745,A,G,0.0240385746120623,2.5111968116703e-13,5.54770245945946e-13
05,138917548,CA,C,0.0138025730968316,4.06579271045311e-10,4.05869783123465e-08
16,31011183,A,G,-0.0185516092487615,6.17462066948009e-27,5.82831558872347e-13
01,201806106,T,C,0.0193885301281478,2.33847199031642e-24,5.87564417738923e-13
01,201926403,T,G,0.0242430963219097,3.96482239855127e-09,8.15488566314619e-08
18,58155169,T,TAA,-0.06324023301435,8.7425220292424e-17,1.91052684512847e-15
18,58205347,CAT,C,-0.0216640574492028,9.30367588598478e-09,6.28474001701992e-07
18,58172148,G,A,0.0350454637837373,6.11038292165546e-07,8.43343522910097e-08
17,65960854,T,C,0.0224583998486305,9.9890748849188e-19,8.42983501256376e-13
12,991306,G,A,0.0217230322808723,6.88859774222772e-19,8.57098032051914e-13
X,78655777,G,C,-0.0151608576305436,1.65372402607186e-21,1.18339747996981e-12
06,126704795,C,T,0.0165710989978317,2.73287531362786e-25,1.19822395045289e-12
06,127170574,G,A,-0.0542887248206726,9.97398497622868e-08,1.06518353795034e-06
06,127118634,G,A,-0.0416671428523869,8.95037711320257e-08,1.74515702039036e-09
20,33132917,C,T,-0.022204782626178,1.88783415859868e-14,5.18091363638697e-14
20,33326680,T,C,0.0341146806111363,1.9717354638937e-11,6.84842677834197e-12
20,33171268,C,A,0.0396496683768804,1.65209386291084e-08,1.0684211348559e-08
03,50190346,G,A,0.0178665168842013,3.11084778609392e-29,1.25320751959276e-12
19,10754400,G,A,0.0181561018928726,2.57061696315753e-25,1.75583264466897e-12
01,110082551,T,G,0.0549680300031549,6.01813041635192e-13,2.61553479547986e-12
03,9975386,C,G,-0.0223251619155498,2.7835429833455e-18,3.21662056373398e-12
19,8670147,C,T,-0.0479041842904479,4.61840099300127e-13,3.54128137016181e-12
03,185490184,A,G,0.0267819114178262,4.64517032907054e-13,3.86921464210612e-12
03,185360578,A,C,-0.015326863096965,1.8241685099759e-13,4.31287624736961e-09
06,51796751,G,A,0.0177876122429736,2.06365678883745e-20,4.79204723783261e-12
06,51456286,G,GT,-0.0206817819548322,3.45584226321646e-06,3.05437836941596e-06
17,1824305,C,A,-0.0237354685090683,6.73245740412219e-16,5.01777599727027e-12
15,68085555,G,A,-0.0204720499087948,4.51398088186461e-18,5.16362524373838e-12
05,87682877,C,G,-0.0196192700449306,5.66645783937743e-15,5.4141092745665e-12
05,87949118,T,G,0.0260851137537913,4.42349371027337e-12,8.79734321413071e-12
17,46270606,T,C,0.0340669684325003,1.71460814438239e-13,6.45871982113362e-12
04,56276334,T,C,0.0171429187822626,5.96731020387749e-30,6.59279228598273e-12
09,98217348,A,G,0.0284452665355025,1.40507236536443e-14,7.58070545624982e-12
09,98319969,T,C,0.015227510744011,2.56435423428245e-08,9.79646245795646e-06
17,29729250,C,T,0.0156265892074773,1.22681682495043e-15,9.24145166099408e-12
17,29230520,GGT,G,-0.0151674017195525,4.29223149575675e-11,6.97074377253008e-11
20,39179822,G,C,-0.0479918109425403,1.25190838007951e-11,9.48540891494186e-12
20,38901451,C,T,0.0137670113097103,2.61248460857972e-08,1.60982858403429e-06
18,21126081,C,A,0.0149345003515194,1.81295215150821e-20,1.02412205065996e-11
18,20730712,G,A,-0.0155922552189432,2.26577745283259e-10,2.35286713619992e-10
09,90852236,G,C,0.0172110467181442,4.79329693931431e-26,1.16232014235081e-11
02,27730940,C,T,-0.0171207082750031,1.39726592066233e-24,1.70040987013859e-11
19,30272202,G,A,0.0177864214340896,2.06069753430301e-21,2.1088908708867e-11
08,76676187,C,T,-0.0155518198413034,2.92313524368694e-15,2.18164179021156e-11
08,77149681,G,T,0.0136182680544425,3.15133196105244e-13,1.59341546738132e-09
03,153852583,G,A,-0.0187900331981533,2.02756186401638e-18,2.47061400703311e-11
06,30796545,T,C,0.0218655130931726,2.76167650520994e-14,1.70936291372421e-11
06,30385198,G,A,0.0211378991744818,1.49772703774845e-07,3.41959246707114e-06
06,30367952,AT,A,-0.0160089740388095,2.09873639242647e-08,4.2597437871756e-11
03,170743141,A,ATAT,0.0205147546098754,1.27421650017802e-17,2.56004500488156e-11
07,50661735,G,T,0.0172666309804218,1.90643254941744e-15,2.65234187244297e-11
07,50346134,C,T,0.0125785584940428,2.40869085984439e-08,8.57634410572478e-07
18,2846812,A,T,0.0173976995694716,2.41363676039026e-23,3.24203759535378e-11
17,29181220,A,AT,-0.0162020939745124,2.76410443874329e-13,3.38193136144214e-11
17,29494693,G,C,0.0159501979099945,4.37450497118041e-10,6.73711618212688e-10
06,33516762,GGTA,G,0.0199846401646187,2.63885398728948e-18,3.43939019119079e-11
06,34013546,C,T,0.0594167768516746,1.16202230531151e-09,2.93285214502323e-09
03,64702275,C,G,0.0184430305778694,1.84892488176711e-18,3.61399868308549e-11
01,203519648,A,G,-0.0154115427518345,1.68663426305044e-20,3.63338836026735e-11
01,203485142,C,T,0.0171059821215421,9.5482463294525e-09,7.34139047719928e-09
05,102167151,A,T,0.0172652635662669,1.2102130172786e-22,3.66659591298868e-11
06,133592683,C,T,-0.0180621856933392,3.5848757609901e-19,3.75690199483524e-11
01,23508673,T,TA,-0.0199860695602164,6.59885293280679e-17,3.92158291276722e-11
20,50810096,TA,T,-0.0177844854891116,1.33493025019349e-14,4.86147569187909e-11
20,50404195,CT,C,-0.0123140029971301,1.15144210250431e-08,2.3344808696058e-06
07,103427228,T,G,0.0164993634435245,3.41521813604656e-25,4.89218091926062e-11
13,79587841,C,A,-0.0168207807152435,2.50298889808702e-24,6.39950806007297e-11
09,103061366,A,G,0.0174140090921056,9.72473792920516e-20,6.43226264695419e-11
05,95728898,C,G,0.0182458839508221,8.61864056274533e-18,6.57286769941981e-11
08,23384611,C,G,-0.0208302993617844,3.0356288305848e-15,6.6210389593039e-11
07,93200058,A,G,0.0163044495272629,7.31110997908237e-26,6.94572546052457e-11
01,190172609,G,A,0.016573066192014,5.33593637637811e-27,7.16314170398504e-11
10,16744334,G,A,-0.0171433115154636,1.63868432859704e-20,7.19609998961237e-11
01,150539706,C,G,0.030063903646432,7.15293286108635e-13,7.32424323786078e-11
01,151015174,C,T,0.0328923870003391,1.46622291483873e-06,4.86837931793914e-06
04,100239319,C,T,-0.0555669895866475,1.29564717708355e-11,7.47448307524095e-11
07,76626619,G,T,0.0217856181927758,8.63467459477334e-15,7.56277437391378e-11
10,99772404,A,G,-0.0162747628633285,1.28291203624136e-25,7.68831462311949e-11
07,75050086,C,T,-0.0170182541107903,3.2278744158071e-26,7.74945660779734e-11
11,64100776,G,A,-0.0142243962970475,1.71381639144382e-09,7.94677588593045e-11
11,64361955,T,G,-0.0171617637800666,4.55395709970248e-07,1.38692187020182e-10
12,103067437,T,A,0.0164019624240894,6.52110059017096e-24,8.21074950811655e-11
02,58935282,G,T,0.0159936885752159,1.22151715182175e-16,8.69287733442824e-11
02,59297346,G,A,0.0138956617268424,3.10010314564687e-11,2.45648750622529e-08
05,80841914,A,G,-0.0172139925836894,2.36724627476107e-19,1.00654388051174e-10
01,119495315,T,C,-0.0189016412329859,9.3659119679205e-12,1.01925652548171e-10
01,118997318,G,A,0.0149477353073465,1.30056341751446e-08,2.8320299644997e-08
09,35769371,A,T,0.0186586050810762,1.02880230920079e-16,1.04838040647953e-10
04,102926923,G,A,0.0331733318098852,6.6637112484221e-12,1.10555347215272e-10
05,172779475,C,T,0.0185111371645881,2.49456696894932e-17,1.28314896152264e-10
05,172746513,C,T,-0.0350931139214186,2.07664545279328e-07,6.0255809027301e-07
15,99492313,T,C,-0.0142460179521694,1.07030259247642e-13,1.40486563026839e-10
15,99183876,C,T,0.0209860581366133,1.72896430175159e-17,1.40577871129635e-07
15,99227787,G,A,-0.0230933786599944,4.06771455043762e-13,3.24326695432564e-07
11,14413213,G,A,0.0325497246312954,3.22517682315323e-10,1.18743230788879e-13
11,14399564,T,TTG,-0.0135672613075468,1.51709255418093e-10,8.85220629747077e-11
11,15030244,C,CT,-0.0142041447068262,4.28838771119327e-08,8.44585930385148e-09
06,105402083,A,C,0.0248746422385439,5.38671221925149e-13,1.52707009733774e-10
08,10665444,A,C,0.0161741552332287,2.69437139431102e-23,1.55849177476324e-10
07,6396021,C,A,0.0267018668776174,8.10853704675194e-12,1.60699970351247e-10
07,6062747,T,G,-0.0379977254983601,4.30538669043845e-06,2.49218726093801e-06
14,94023972,A,G,-0.0164985634095069,8.24023539891784e-21,1.64382963933902e-10
11,47421962,C,CGG,-0.0164266389407741,1.04130210209037e-28,1.74950402814182e-10
03,138099161,T,TTTC,-0.0215555849595853,6.00554452671783e-14,1.82242581959745e-10
03,194864804,T,G,-0.0183956442774499,8.98319379205918e-17,1.86857648100527e-10
06,19839415,C,T,0.03363687313043,3.60239192353405e-10,1.936139625811e-10
06,19812732,ATGAT,A,0.0390738490876849,6.41948138079117e-07,9.00336936309184e-08
05,170864021,G,T,-0.019689636484448,6.11064137923246e-15,2.0192312306678e-10
01,66534149,A,C,-0.0159255465242809,6.58982131158778e-26,2.02133357488654e-10
08,77220405,T,C,0.0157015303268297,1.75995443979917e-24,2.26266632047018e-10
08,76808121,G,T,0.0201025171472625,2.87082098514229e-07,7.07036434438479e-07
17,7095507,C,T,0.0153629921454723,1.30284366548435e-17,2.42646182623557e-10
17,7559037,C,T,-0.0188010454341545,6.63888366985983e-11,3.37726257810474e-10
17,7571752,T,G,0.0577710661359611,4.01660818556567e-07,1.99195382761291e-08
14,35864990,T,C,0.0176540735403151,3.71810676831379e-17,2.48565139536104e-10
11,130817579,T,A,0.0157481647490346,1.14691718955697e-27,2.61214429982566e-10
13,28012527,G,A,-0.0165518701630808,2.40789268131877e-19,2.65242040497488e-10
01,42407229,T,C,0.018037821690017,7.36754952172962e-17,2.6848817968197e-10
03,131750352,C,T,0.0166848666380135,2.51194318278976e-18,3.57592833523325e-10
19,45412079,C,T,0.0288174380673622,4.5814373085794e-11,3.60483615101816e-10
19,45500925,T,C,-0.012088715951404,9.09105994592777e-10,7.43469389556283e-06
12,66361453,A,G,-0.015710752289757,1.98788534153268e-27,3.61136340797151e-10
15,51540387,G,A,0.0156577019382453,4.01458313651787e-28,3.64150240813282e-10
12,116196316,CAA,C,-0.0182518241236531,2.81044242232121e-11,3.80730530195369e-10
12,116450006,C,T,0.0129943778760738,2.11264737587145e-11,3.06940133202762e-08
22,38572526,C,G,0.0157672626352858,3.88567209483154e-18,3.87606531912757e-10
22,39058239,T,C,0.0140344712764584,5.72168085593962e-09,5.37034958166043e-07
01,108001307,A,G,-0.0167570777586821,1.34092129541833e-12,4.19855480663376e-10
01,107903982,CAT,C,0.0122871903728926,6.60548697641977e-12,1.19141220924511e-06
15,43703277,AT,A,-0.0713243143189138,2.01296272211004e-10,4.74861231972398e-10
16,783865,T,C,0.0185420934126561,5.49964616286978e-12,4.88477358380114e-10
16,433242,C,T,-0.0136040759203409,7.00492866183486e-10,2.02800439696233e-07
16,1124507,G,A,0.0127418023301088,2.24986352865565e-08,2.20282238366422e-06
04,840553,CTTT,C,-0.0160061897440992,2.96538371103382e-21,5.03178377893101e-10
01,74995110,C,T,0.0156740733328263,1.97409390722544e-21,5.39201437287489e-10
14,29743761,T,A,-0.0163434380136302,1.15858134893113e-19,5.43118342247716e-10
11,134611807,C,T,0.0156570794622995,7.48024214678228e-10,5.95634610049643e-10
11,134612701,T,A,-0.012612883395961,6.79763987394573e-11,4.22661591532897e-09
02,56106928,C,T,-0.018438629018256,5.78113966319956e-15,6.16147418974489e-10
06,164105984,T,C,0.0167494159917838,5.2047103625945e-13,6.19781166025249e-10
06,163790580,T,A,-0.0117387202598714,3.88770949093296e-10,3.75692090043519e-06
22,35697307,A,ATATAT,-0.016080965621122,6.6004461548049e-19,6.51105446951322e-10
02,181517642,C,T,-0.0158860754939703,9.62887850154712e-22,6.54346965170814e-10
15,59096144,GA,G,0.0201707877364757,1.07214160846972e-13,6.92393908009086e-10
04,82276621,C,CT,0.0166828131544241,8.49967961753646e-18,7.25816636773819e-10
09,119128245,C,T,-0.0194218039819817,7.54717035966869e-14,7.33425800259471e-10
06,131387823,C,A,-0.0164526348172259,5.77899570864879e-18,8.18924506739095e-10
02,218314141,C,T,-0.0197450240459757,8.48020257010752e-14,8.23706076715098e-10
16,72996162,G,A,-0.0161641760236462,1.02151186979496e-20,9.26307274849458e-10
16,73426890,C,T,-0.0247722395720386,1.46201032355886e-08,1.94444496715119e-07
07,71585126,C,G,-0.0161031428868475,1.64906445919231e-18,9.93572083919747e-10
03,94037499,C,T,0.0152139640255714,4.57561613886455e-23,1.02584875604399e-09
06,20679709,A,G,-0.0171924380880528,9.5951184791483e-16,1.06119807824447e-09
11,2179864,AGCCCT,A,-0.018177721821379,3.94066047746611e-15,1.14601133998388e-09
X,137166980,G,C,-0.0190622079877192,2.94760581992415e-11,1.25329205360362e-09
12,103681233,CA,C,-0.0182796116007241,7.16046999463739e-15,1.25503923208148e-09
11,68812781,C,A,-0.0144619159141196,1.49946910897864e-14,1.29432161573395e-09
11,69143284,G,A,-0.0172400997682865,2.38798436798102e-09,1.0166349406067e-07
11,69247147,C,T,-0.0143170861839444,1.05144825000613e-07,4.22177388823098e-06
18,52501012,A,G,0.0179039264502853,6.89747080482443e-15,1.36405255439859e-09
05,139721351,T,C,-0.0171148918008986,2.29416816548122e-15,1.39887144076071e-09
09,94186973,C,A,-0.01685549028778,8.24225329465199e-16,1.459818785812e-09
06,26604140,C,T,-0.0325189102949384,-99,5.64890536773452e-16
06,34183057,A,G,0.0761420645106018,-99,3.82917784932919e-20
13,51047353,C,T,-0.0659093437070534,-99,4.95680437226373e-10
12,122528402,CA,C,0.0381248437012387,-99,7.64378032241973e-22
