chrom,pos,major,minor,beta,p_value,gwas_p_value
07,46708387,G,A,-0.106943158537789,0,0
16,1129010,C,A,-0.15942011703794,2.04853669304051e-202,1.02286508867143e-179
11,2179204,G,T,-0.0734710710565744,1.61793675816069e-200,2.49899079078067e-177
11,2156930,G,A,0.0563514262487711,1.12320395073099e-118,8.3981942279551e-127
12,102803893,T,A,0.0758546985276646,8.77019894428753e-259,4.85002582571937e-152
06,126760994,T,C,0.062670754872381,0,4.95100866028434e-134
02,27730940,C,T,-0.0616284414512654,3.32250862413926e-285,1.57304032226979e-125
01,91531022,A,G,0.0671851470397214,5.03250382860614e-147,6.41921340448878e-99
07,130584684,C,G,0.0576795912351299,4.53890321477789e-181,7.49951218476797e-97
17,61995170,C,T,0.272766336893564,3.50640518354899e-105,2.96532302581314e-96
17,61987405,A,T,0.0371185161809972,5.64787345711183e-66,1.22951797437373e-31
03,172165727,C,T,0.0553452513223697,6.83410069711098e-177,1.84202915149072e-92
01,176522365,C,T,0.0721244521639826,1.54193883341297e-122,9.67765996070747e-90
12,31997635,C,A,0.0545354615767782,3.74087275344084e-138,1.63864413380221e-80
12,121416864,C,T,0.139165524795702,1.36838577182714e-80,3.68641465438306e-76
16,1842973,G,C,0.106609367900799,1.34425604278259e-107,3.97482571185065e-72
16,1839377,C,T,-0.043046683052728,2.15491599845962e-101,1.37622091336864e-19
16,1858403,A,G,-0.104578586141779,9.58969379417476e-24,3.59529750253828e-38
15,44027885,T,C,-0.14373138490554,1.25070174062105e-73,4.74259526914856e-70
07,45960645,G,C,-0.0419162179341372,1.43627707928533e-124,5.75075878214513e-68
07,46460209,CA,C,0.0645607447957766,1.10831911067223e-45,7.10472741488264e-44
07,45996425,T,C,0.107124226238295,1.98592129038747e-22,1.72854328087282e-27
06,109005588,A,G,-0.0476036821407988,4.66680205585675e-116,6.02193996835869e-64
05,168256683,AG,A,-0.0520523863139748,4.04011649169336e-94,1.56297313840299e-62
20,20068635,C,G,-0.0462608630250974,3.13538255622378e-105,3.27322656303943e-60
02,26006922,CTAAATAAATAAA,C,0.0487590252071231,2.46786307952153e-94,2.74893178336207e-59
06,166316105,G,GC,0.0424281616381529,1.09077993479414e-117,3.38378078870681e-57
20,21217976,C,A,0.0411724249170347,1.44347536036455e-104,3.85542162761556e-53
10,5246210,AAAAC,A,0.0558382688641465,6.7279416810748e-69,2.0039188138484e-51
19,4984351,T,G,-0.0395444969098571,2.2932881141772e-99,1.44599860090528e-49
01,221051333,GA,G,-0.0352613355982101,2.53446506438259e-51,1.89784203771671e-48
01,221052802,CT,C,0.0275939115525214,1.57769822853335e-23,2.8896456171602e-28
01,221001727,A,C,0.0810483960542499,1.00711179344533e-14,2.02425161336645e-15
19,10347032,C,T,-0.0373154149926648,1.42769238062795e-34,3.39254871374827e-48
15,62370818,AT,A,-0.0368315889667725,1.52198684286131e-123,3.02890147526319e-47
05,42687629,T,C,0.0679502944644571,2.16807868645938e-73,9.5636444072022e-46
05,42711940,A,G,0.03092875871615,2.08337274667586e-44,1.17683405781923e-13
21,37448312,AAAC,A,-0.0351000274354451,4.84932180397403e-94,2.4624927171973e-45
21,37372907,G,A,0.0807286910436475,1.46121556379025e-12,2.86498807076567e-16
11,48182237,A,G,0.0400192196111239,1.64675782336892e-73,8.49410187886053e-44
04,69491284,A,T,-0.042222350066948,1.99839496539009e-55,1.23192413052682e-43
04,69533221,A,T,-0.0243185888747976,5.13025321869645e-42,2.04346235055184e-21
04,7219907,A,G,-0.0358182650649673,4.31707720361033e-95,3.94714443652583e-43
05,59021562,C,T,-0.0364231909358387,1.1323255330333e-80,1.06903433775743e-41
06,160769811,C,T,-0.0344447894287371,4.17831809424188e-71,2.50967094538309e-41
06,160564476,C,G,0.039066427070151,3.0002321331385e-37,8.23100483655004e-18
06,160551204,C,G,0.0283190198428722,7.65163382485423e-27,2.27221546173528e-13
04,45121873,T,A,0.035709135008317,2.76354374757998e-80,1.52483173210276e-40
06,26045929,C,T,0.0361369286765187,1.13352401131643e-72,1.82048105796408e-39
07,6743332,T,A,-0.047556941592059,2.35800306802446e-50,1.40812313071794e-38
03,135932359,T,C,-0.0387893785277735,3.30500776617246e-59,8.22588063579177e-38
03,141154542,T,C,-0.0335398399158976,1.46607038379901e-83,1.37114119631718e-37
01,27021913,G,C,-0.106510757875573,4.60085409828108e-38,4.46546155984694e-37
01,26528181,CTT,C,0.0231912319740193,1.20591510941955e-18,2.64816308274666e-13
13,40769897,G,A,0.0407011287393745,3.93539062327639e-51,1.23263584271944e-35
11,47275064,G,A,0.0285189636581469,3.13397235985726e-28,1.94716102178515e-33
11,47773226,C,T,0.0232505945125727,5.49584396217154e-14,4.18351258066498e-24
04,100053894,T,A,-0.0312388653245893,2.12762992078096e-53,1.35364860899864e-32
04,100239319,C,T,0.0933293698709593,1.7592222162793e-28,3.20934103105245e-30
05,132313382,AGTTT,A,-0.040398548517223,1.01905249833559e-44,2.11209066711858e-32
03,138848505,G,T,-0.0326725833193785,9.22953338803054e-59,2.45807950843242e-32
19,49236102,C,T,0.0284031808911236,2.25155527331567e-77,4.61423096880933e-29
06,87980735,G,C,-0.0281766771064072,5.73255423339437e-81,8.56840419393199e-29
05,137713134,CAG,C,0.0349926751581245,2.12237544933031e-42,1.06925093353282e-28
16,81569071,C,CTT,-0.0292296808362217,1.97774343819325e-45,2.04967103968987e-28
16,81722532,G,A,0.0222062262494501,9.10639066437287e-27,6.33623166130263e-15
16,81527679,C,G,-0.0353050858849253,8.53460589376536e-13,7.85164544790811e-12
16,31022639,G,A,-0.028766715509231,5.40270135199182e-59,5.79286421105949e-28
09,4851966,T,C,-0.0434578991556381,1.00405497060066e-35,4.92497297486246e-27
09,4864237,C,T,-0.0539408747866475,3.81182932198575e-21,4.43980311661163e-17
09,5149890,A,C,0.0446987890731943,2.97003597806232e-15,3.6902558761867e-17
12,98157010,G,A,0.0291648585517895,5.26637916675844e-49,2.49261429319904e-26
22,39096602,T,C,-0.0274508228577656,4.4629145678051e-58,3.24033560428933e-26
03,101242751,A,G,0.0240938760412127,2.50968499134988e-36,1.47793067801951e-25
03,101308254,CT,C,-0.0318431142536749,1.73369177803078e-14,9.52986806644529e-19
X,99886830,T,C,0.0226723260344833,1.17866562462684e-44,1.75370955573858e-25
04,39700173,C,T,-0.0289353933894816,6.87116456935299e-50,2.75133624407498e-25
04,39414993,G,A,0.0204862280412276,5.41247762023571e-19,2.08795727358157e-10
10,102659337,G,A,-0.0263188805868965,1.68809762683304e-63,4.17783059488887e-25
17,64210580,A,C,0.0768970642509161,1.56252061667816e-26,4.47591902003515e-25
X,107962789,A,AC,-0.0265539234511879,1.29511047169619e-33,1.01166933114091e-24
19,10446734,G,A,0.0292615840072983,1.60609703290698e-28,2.18067980043184e-33
X,136656146,G,C,-0.0295954817905945,7.65740316496532e-29,1.33096706290014e-23
06,31236690,G,T,-0.0267627179146181,2.37491537787101e-33,2.4516245113291e-23
06,31241761,T,A,0.0157609688926592,4.89829376051421e-16,1.7221620599014e-09
X,53120346,G,C,0.0266081965333351,3.58028812437809e-30,2.76465863489693e-23
20,62711459,C,T,0.0246594396566833,1.43781633929689e-55,4.80373077489757e-23
20,62374219,C,A,0.0331941487728826,2.35437499288977e-13,1.32957689725553e-13
08,18272881,A,G,0.0298264232606221,1.63243401775987e-34,1.30015616826735e-22
12,111515020,G,C,0.0495146004095526,1.16876983470695e-25,1.33040780498612e-22
01,243940076,C,T,-0.0315922410239449,3.44034743082328e-32,2.07474646800405e-22
06,32529695,C,T,0.0272125758432841,5.94928346681591e-21,2.46631156768129e-22
06,32594399,A,G,-0.0237559330220872,3.11357714605663e-22,1.53142118133356e-21
02,70271143,A,C,-0.0864605548800351,5.26473832869045e-23,4.24108195211127e-22
15,99177652,G,GT,-0.0256448236284229,1.11500602169928e-38,5.11456434819411e-22
15,99489265,C,T,-0.0205686228521129,3.20490580345896e-18,7.32757591479437e-13
01,109822166,A,G,0.0309389907663651,7.36728617145466e-37,5.83209299277864e-22
01,110216436,G,A,-0.0574066765753563,2.55455863459424e-12,1.76660686652259e-09
06,152164548,G,C,0.0242833288808181,1.5979608200465e-55,9.90938773618132e-22
16,83980529,C,G,-0.0241728424169482,5.01212069056948e-54,3.75319689932993e-21
05,39076228,C,CT,-0.0244014115223844,1.18602993939484e-49,4.17671853394542e-21
05,88385308,G,GAA,-0.0242594023717552,1.03942803308342e-44,9.61183612439943e-21
14,101204319,G,A,0.0236408305339566,1.2937579815787e-55,1.35761474908076e-20
01,26933591,AC,A,-0.0789910191783282,7.17810721571754e-28,3.85579573400383e-27
01,26446886,AT,A,0.0298454469607326,1.50608345434981e-26,2.97737909045469e-20
12,66374247,G,A,-0.0235379182362921,6.78679679231871e-56,3.07673531439412e-20
17,38150492,C,T,-0.0238228042745343,7.80710136652487e-45,3.708063329392e-20
15,74336633,T,C,0.0233007518048208,9.51455704956726e-52,4.00357751933915e-20
04,106038169,G,T,-0.0251732386614992,1.37839762425524e-36,5.53105542198815e-20
02,27486134,G,A,-0.0451840056648278,2.20162509286681e-31,2.49852418799195e-21
02,27380523,G,A,-0.032983027965598,3.3917046644257e-64,5.58608384844376e-11
02,27493045,T,G,0.0339894494563095,3.39724498274241e-21,3.65516672985846e-12
12,11858191,T,C,0.0237700712468585,1.95100696624813e-39,2.27452199071309e-19
01,44015809,C,T,0.0236717730937165,1.6946143517466e-39,2.8711874519799e-19
06,26921528,G,A,-0.0360442243283225,9.24177046351507e-24,3.37162217128379e-19
01,154557685,C,T,-0.0226128210020725,1.20841178727662e-50,3.80076460535585e-19
01,154928707,G,A,-0.0469087903067212,2.88389009936879e-09,3.5281322778152e-09
22,41923644,G,A,-0.0285693469033144,1.57803394985592e-27,4.59468989749127e-19
14,60976537,A,C,0.0231825852301699,2.81775454097215e-41,4.82490055545285e-19
08,59393273,G,A,0.0238276126464625,2.04146038522096e-36,5.85277220473142e-19
07,14219213,T,G,-0.0245662202395728,4.88484399528825e-34,7.25697627298098e-19
20,49199355,C,CG,-0.0405519272401376,2.69335306749003e-21,2.5824383823068e-18
X,81978259,A,G,-0.0201172555568532,4.79710832453769e-27,4.31026403608378e-18
02,121306440,G,A,-0.0221123874831371,2.58782295734326e-40,9.54402248253302e-18
09,109641260,ATAAAG,A,0.0463502258768096,7.66290572429137e-18,1.24129486654312e-17
09,109556807,C,T,-0.0312968080165209,1.98905109272736e-10,1.17588302746356e-10
16,5922263,G,T,-0.0276001230579498,1.70537731477442e-24,2.98668397156119e-17
11,18312953,A,G,0.0221031062681244,9.20130633805768e-36,4.81251463882467e-17
14,74250126,T,C,-0.0240364392178739,2.56020167954099e-29,5.74337320411809e-17
15,95829524,T,A,0.0238325930064549,1.39191602269417e-30,6.67489401612347e-17
06,153391843,CAT,C,-0.0215813702274778,5.06976538104305e-41,7.33099543139606e-17
07,73121713,G,A,-0.0177999296538085,2.28887670140062e-24,1.14253444549279e-16
07,73020337,C,G,0.0247701249147472,3.26272616829894e-13,4.57309809351717e-16
16,69775500,C,T,-0.0280917254129832,6.10120623550933e-23,1.28789063017786e-16
18,74983055,A,G,-0.0516249514690937,4.04195552671294e-17,1.89735351723473e-16
18,75209278,T,G,-0.0174614576219521,4.39532794976177e-21,4.350127039666e-11
08,116518583,A,G,0.024770085113984,2.81387268090799e-41,2.08557803448904e-16
08,116960729,G,A,0.0240933413767396,2.11966417033272e-33,1.49012788570911e-14
05,53304991,C,T,0.0329389575996613,3.20522544200069e-20,2.09057320715678e-16
07,1195796,T,C,0.0194602093583894,1.52153519698233e-27,2.18791026948022e-16
07,910322,GT,G,0.0213076361966446,2.56906866649621e-11,5.61665073899132e-13
10,96039597,G,C,-0.0209217950351208,9.46503226296839e-39,2.42822567066361e-16
17,17622666,C,T,-0.0207935277355644,5.63031530922161e-40,3.33382236290477e-16
03,98528178,ATCT,A,0.0207296059564141,6.47496629578009e-40,3.63877165271574e-16
12,115106688,C,A,0.0236109917307639,6.61862888495092e-26,5.46388756915883e-16
02,178565913,T,C,0.0515477335696515,3.45295873492369e-17,5.89947555960843e-16
06,154421359,A,G,-0.0239275468878424,3.5709721593034e-25,8.53674387060349e-16
20,33153650,GCA,G,-0.0260564017884767,1.06029035263094e-26,1.11231181448028e-15
08,134592408,C,G,-0.0201830450363001,1.33391181616648e-37,2.44205873389733e-15
10,94839724,G,T,-0.0189331093053329,6.89935911159603e-28,3.19978614263692e-15
10,95333063,A,G,0.0225946695027492,2.10995004640004e-15,3.18865210033501e-14
17,62016440,GCA,G,-0.0327606289300366,1.13283797400476e-68,1.56994533786844e-41
17,62206299,T,C,0.0682095749070412,2.2842915117196e-25,1.06310394059591e-37
17,62065311,G,A,0.080195800475524,4.34085719213177e-22,3.82771537810455e-37
01,214163069,T,C,0.021531790187755,1.08096958919035e-36,3.89893319848244e-15
01,214334246,G,T,0.026143005300199,1.00642059087305e-17,5.83819194855058e-13
01,234858597,T,A,-0.0202757203793313,9.2326179162772e-30,4.0771701265251e-15
01,235014058,G,A,0.0171582623198909,7.97271538978241e-12,3.49693197875338e-09
09,97662448,A,G,-0.0404368481572569,5.36225018185154e-17,4.26776728960981e-15
02,16120506,T,C,-0.0318240633273304,2.81651854427702e-18,5.14769948602885e-15
09,96445803,G,A,0.0221471465915671,2.74216070686775e-25,5.93078055195116e-15
01,16526194,G,C,-0.0198739417483182,2.30728815061721e-39,6.15125418379047e-15
12,116196322,A,G,-0.0238654843943452,9.20832115245001e-20,7.14945319365564e-15
12,116261411,C,T,0.0443516872928814,2.35393264857169e-11,4.73546544784188e-12
05,134586980,G,A,-0.0211418227933355,3.2116064447634e-35,7.74759399372247e-15
05,134344497,C,T,0.0270759842415132,1.05269967813199e-12,3.36165513580727e-10
22,41866938,G,A,-0.0280954411633665,5.96594522071001e-28,5.36084521217982e-19
06,130375544,G,A,0.019776236412269,2.59219631495204e-34,9.82435382114285e-15
06,79497645,G,GTA,-0.0207101595268308,3.56964851822268e-36,1.08680038204507e-14
09,128406453,T,C,-0.0202201660045432,7.96563986040314e-30,1.47940453421587e-14
04,148982559,A,G,-0.0222403653443003,1.10590880515654e-23,1.50524765494425e-14
06,25868226,C,T,0.0325724666762724,2.48384136362309e-96,1.53853537624957e-37
14,94838142,G,T,-0.0676986491556997,4.91471288969472e-15,1.77821123815686e-14
06,38149238,G,A,-0.0224400280740196,5.47100080712188e-23,1.90871434002179e-14
04,46448465,G,A,-0.0331036714732692,2.76930684164294e-17,1.99676498407742e-14
10,117988795,C,T,0.0194298006561424,2.31091335694804e-37,2.09623215915911e-14
19,10463118,G,C,-0.104521941957458,-99,3.25074992128159e-15
19,10469975,A,C,-0.103776173397738,-99,3.30445754199962e-44
