chrom,pos,major,minor,beta,p_value,gwas_p_value
07,46708387,G,A,-0.106943158537789,0,0
16,1129010,C,A,-0.15942011703794,2.04853669304051e-202,1.02286508867143e-179
11,2179204,G,T,-0.0734710710565744,1.61793675816069e-200,2.49899079078067e-177
11,2156930,G,A,0.0563514262487711,1.12320395073099e-118,8.3981942279551e-127
12,102803893,T,A,0.0758546985276646,8.77019894428753e-259,4.85002582571937e-152
06,126760994,T,C,0.062670754872381,0,4.95100866028434e-134
02,27730940,C,T,-0.0616284414512654,3.32250862413926e-285,1.57304032226979e-125
01,91531022,A,G,0.0671851470397214,5.03250382860614e-147,6.41921340448878e-99
07,130584684,C,G,0.0576795912351299,4.53890321477789e-181,7.49951218476797e-97
17,61995170,C,T,0.272766336893564,3.50640518354899e-105,2.96532302581314e-96
17,61987405,A,T,0.0371185161809972,5.64787345711183e-66,1.22951797437373e-31
03,172165727,C,T,0.0553452513223697,6.83410069711098e-177,1.84202915149072e-92
01,176522365,C,T,0.0721244521639826,1.54193883341297e-122,9.67765996070747e-90
12,31997635,C,A,0.0545354615767782,3.74087275344084e-138,1.63864413380221e-80
12,121416864,C,T,0.139165524795702,1.36838577182714e-80,3.68641465438306e-76
16,1842973,G,C,0.106609367900799,1.34425604278259e-107,3.97482571185065e-72
16,1839377,C,T,-0.043046683052728,2.15491599845962e-101,1.37622091336864e-19
16,1858403,A,G,-0.104578586141779,9.58969379417476e-24,3.59529750253828e-38
15,44027885,T,C,-0.14373138490554,1.25070174062105e-73,4.74259526914856e-70
07,45960645,G,C,-0.0419162179341372,1.43627707928533e-124,5.75075878214513e-68
07,46460209,CA,C,0.0645607447957766,1.10831911067223e-45,7.10472741488264e-44
07,45996425,T,C,0.107124226238295,1.98592129038747e-22,1.72854328087282e-27
06,109005588,A,G,-0.0476036821407988,4.66680205585675e-116,6.02193996835869e-64
05,168256683,AG,A,-0.0520523863139748,4.04011649169336e-94,1.56297313840299e-62
20,20068635,C,G,-0.0462608630250974,3.13538255622378e-105,3.27322656303943e-60
02,26006922,CTAAATAAATAAA,C,0.0487590252071231,2.46786307952153e-94,2.74893178336207e-59
06,166316105,G,GC,0.0424281616381529,1.09077993479414e-117,3.38378078870681e-57
20,21217976,C,A,0.0411724249170347,1.44347536036455e-104,3.85542162761556e-53
10,5246210,AAAAC,A,0.0558382688641465,6.7279416810748e-69,2.0039188138484e-51
19,4984351,T,G,-0.0395444969098571,2.2932881141772e-99,1.44599860090528e-49
01,221051333,GA,G,-0.0352613355982101,2.53446506438259e-51,1.89784203771671e-48
01,221052802,CT,C,0.0275939115525214,1.57769822853335e-23,2.8896456171602e-28
01,221001727,A,C,0.0810483960542499,1.00711179344533e-14,2.02425161336645e-15
19,10347032,C,T,-0.0373154149926648,1.42769238062795e-34,3.39254871374827e-48
15,62370818,AT,A,-0.0368315889667725,1.52198684286131e-123,3.02890147526319e-47
05,42687629,T,C,0.0679502944644571,2.16807868645938e-73,9.5636444072022e-46
21,37448312,AAAC,A,-0.0351000274354451,4.84932180397403e-94,2.4624927171973e-45
21,37372907,G,A,0.0807286910436475,1.46121556379025e-12,2.86498807076567e-16
11,48182237,A,G,0.0400192196111239,1.64675782336892e-73,8.49410187886053e-44
04,69491284,A,T,-0.042222350066948,1.99839496539009e-55,1.23192413052682e-43
04,69533221,A,T,-0.0243185888747976,5.13025321869645e-42,2.04346235055184e-21
04,7219907,A,G,-0.0358182650649673,4.31707720361033e-95,3.94714443652583e-43
05,59021562,C,T,-0.0364231909358387,1.1323255330333e-80,1.06903433775743e-41
06,160769811,C,T,-0.0344447894287371,4.17831809424188e-71,2.50967094538309e-41
04,45121873,T,A,0.035709135008317,2.76354374757998e-80,1.52483173210276e-40
06,26045929,C,T,0.0361369286765187,1.13352401131643e-72,1.82048105796408e-39
07,6743332,T,A,-0.047556941592059,2.35800306802446e-50,1.40812313071794e-38
03,135932359,T,C,-0.0387893785277735,3.30500776617246e-59,8.22588063579177e-38
03,141154542,T,C,-0.0335398399158976,1.46607038379901e-83,1.37114119631718e-37
01,27021913,G,C,-0.106510757875573,4.60085409828108e-38,4.46546155984694e-37
01,26528181,CTT,C,0.0231912319740193,1.20591510941955e-18,2.64816308274666e-13
13,40769897,G,A,0.0407011287393745,3.93539062327639e-51,1.23263584271944e-35
11,47275064,G,A,0.0285189636581469,3.13397235985726e-28,1.94716102178515e-33
11,47773226,C,T,0.0232505945125727,5.49584396217154e-14,4.18351258066498e-24
04,100053894,T,A,-0.0312388653245893,2.12762992078096e-53,1.35364860899864e-32
04,100239319,C,T,0.0933293698709593,1.7592222162793e-28,3.20934103105245e-30
05,132313382,AGTTT,A,-0.040398548517223,1.01905249833559e-44,2.11209066711858e-32
03,138848505,G,T,-0.0326725833193785,9.22953338803054e-59,2.45807950843242e-32
19,49236102,C,T,0.0284031808911236,2.25155527331567e-77,4.61423096880933e-29
06,87980735,G,C,-0.0281766771064072,5.73255423339437e-81,8.56840419393199e-29
05,137713134,CAG,C,0.0349926751581245,2.12237544933031e-42,1.06925093353282e-28
16,81569071,C,CTT,-0.0292296808362217,1.97774343819325e-45,2.04967103968987e-28
16,81722532,G,A,0.0222062262494501,9.10639066437287e-27,6.33623166130263e-15
16,81527679,C,G,-0.0353050858849253,8.53460589376536e-13,7.85164544790811e-12
16,31022639,G,A,-0.028766715509231,5.40270135199182e-59,5.79286421105949e-28
09,4851966,T,C,-0.0434578991556381,1.00405497060066e-35,4.92497297486246e-27
09,4864237,C,T,-0.0539408747866475,3.81182932198575e-21,4.43980311661163e-17
09,5149890,A,C,0.0446987890731943,2.97003597806232e-15,3.6902558761867e-17
12,98157010,G,A,0.0289397855108461,1.43750019086273e-37,2.49261429319904e-26
12,97799133,A,G,0.0147347078086028,1.85816425217865e-10,4.3482667684541e-08
22,39096602,T,C,-0.0274508228577656,4.4629145678051e-58,3.24033560428933e-26
03,101242751,A,G,0.0240938760412127,2.50968499134988e-36,1.47793067801951e-25
03,101308254,CT,C,-0.0318431142536749,1.73369177803078e-14,9.52986806644529e-19
X,99886830,T,C,0.0167249808711518,5.21973017122354e-14,1.75370955573858e-25
X,99946825,A,G,0.0135803352007848,1.8147970821873e-09,7.54035246704315e-22
04,39700173,C,T,-0.0289353933894816,6.87116456935299e-50,2.75133624407498e-25
04,39414993,G,A,0.0204862280412276,5.41247762023571e-19,2.08795727358157e-10
10,102659337,G,A,-0.0263188805868965,1.68809762683304e-63,4.17783059488887e-25
17,64210580,A,C,0.0768970642509161,1.56252061667816e-26,4.47591902003515e-25
X,107962789,A,AC,-0.0265539234511879,1.29511047169619e-33,1.01166933114091e-24
19,10446734,G,A,0.0292615840072983,1.60609703290698e-28,2.18067980043184e-33
X,136656146,G,C,-0.025142605841907,7.59416066191964e-21,1.33096706290014e-23
X,137069699,CAA,C,0.0122824834546291,8.96252094564306e-16,2.02601132075562e-15
06,31236690,G,T,-0.0267627179146181,2.37491537787101e-33,2.4516245113291e-23
06,31241761,T,A,0.0157609688926592,4.89829376051421e-16,1.7221620599014e-09
X,53120346,G,C,0.0266081965333351,3.58028812437809e-30,2.76465863489693e-23
20,62711459,C,T,0.0246594396566833,1.43781633929689e-55,4.80373077489757e-23
08,18272881,A,G,0.0298264232606221,1.63243401775987e-34,1.30015616826735e-22
12,111515020,G,C,0.0495146004095526,1.16876983470695e-25,1.33040780498612e-22
01,243940076,C,T,-0.0315922410239449,3.44034743082328e-32,2.07474646800405e-22
06,32529695,C,T,0.0257198600916107,1.34162207021918e-17,2.46631156768129e-22
06,32594399,A,G,-0.0263111829373453,3.27318858100695e-23,1.53142118133356e-21
06,32996802,C,T,0.018830354532651,1.28899341043709e-08,2.35632370879649e-06
02,70271143,A,C,-0.0847871233200521,3.69238343552264e-22,4.24108195211127e-22
02,70410527,C,G,0.0261173131644893,8.26260195989442e-08,7.49798389781825e-08
15,99177652,G,GT,-0.0256448236284229,1.11500602169928e-38,5.11456434819411e-22
15,99489265,C,T,-0.0205686228521129,3.20490580345896e-18,7.32757591479437e-13
01,109822166,A,G,0.0309389907663651,7.36728617145466e-37,5.83209299277864e-22
01,110216436,G,A,-0.0574066765753563,2.55455863459424e-12,1.76660686652259e-09
06,152164548,G,C,0.0242833288808181,1.5979608200465e-55,9.90938773618132e-22
16,83980529,C,G,-0.0241728424169482,5.01212069056948e-54,3.75319689932993e-21
05,39076228,C,CT,-0.0244014115223844,1.18602993939484e-49,4.17671853394542e-21
05,88385308,G,GAA,-0.0240111647747229,1.96352858707654e-35,9.61183612439943e-21
05,88140962,T,C,-0.0166669895724884,3.48082613949506e-09,3.48415232139285e-08
14,101204319,G,A,0.0236408305339566,1.2937579815787e-55,1.35761474908076e-20
01,26933591,AC,A,-0.0789910191783282,7.17810721571754e-28,3.85579573400383e-27
01,26446886,AT,A,0.0298454469607326,1.50608345434981e-26,2.97737909045469e-20
12,66374247,G,A,-0.0235379182362921,6.78679679231871e-56,3.07673531439412e-20
17,38150492,C,T,-0.0205105293577935,4.80538988346171e-25,3.708063329392e-20
17,38364764,C,T,-0.0193822561568546,3.29758550449033e-08,1.728605879907e-13
15,74336633,T,C,0.0233007518048208,9.51455704956726e-52,4.00357751933915e-20
04,106038169,G,T,-0.0251732386614992,1.37839762425524e-36,5.53105542198815e-20
02,27486134,G,A,-0.0451840056648278,2.20162509286681e-31,2.49852418799195e-21
02,27380523,G,A,-0.032983027965598,3.3917046644257e-64,5.58608384844376e-11
02,27493045,T,G,0.0339894494563095,3.39724498274241e-21,3.65516672985846e-12
12,11858191,T,C,0.0248106598712332,9.33814969908042e-30,2.27452199071309e-19
12,11782170,T,A,0.0137909345870616,1.19879417783751e-14,2.03265784514041e-06
01,44015809,C,T,0.0218980750344063,5.12345431335075e-31,2.8711874519799e-19
01,44377286,T,C,-0.0195436232269072,1.94672752394431e-09,1.39157909530069e-10
06,26921528,G,A,-0.0325114673529247,4.56995128574656e-19,3.37162217128379e-19
06,27067657,A,T,-0.0396395836774036,5.4383595819932e-16,3.31855618126394e-08
06,26552993,TTCTA,T,0.0169805377304857,2.39321473401478e-16,3.28242683252504e-08
01,154557685,C,T,-0.0225133789720152,7.00658107345804e-48,3.80076460535585e-19
01,154928707,G,A,-0.0465548776332874,3.79578216918411e-09,3.5281322778152e-09
01,154189847,T,A,0.0324056370189035,3.57605035434873e-07,3.17092787392979e-07
22,41923644,G,A,-0.0254270734815916,1.08037146313085e-21,4.59468989749127e-19
14,60976537,A,C,0.0231825852301699,2.81775454097215e-41,4.82490055545285e-19
08,59393273,G,A,0.0239051057271104,4.94142490080461e-27,5.85277220473142e-19
08,59781424,G,GA,-0.012485261861987,5.57080378544756e-09,4.67924217155465e-06
07,14219213,T,G,-0.0245602419128982,2.79232340858388e-30,7.25697627298098e-19
07,13985466,A,T,0.0197628835607253,4.14022906043255e-09,5.94081336043212e-08
20,49199355,C,CG,-0.0405519272401376,2.69335306749003e-21,2.5824383823068e-18
X,81978259,A,G,-0.0201172555568532,4.79710832453769e-27,4.31026403608378e-18
02,121306440,G,A,-0.0221123874831371,2.58782295734326e-40,9.54402248253302e-18
09,109641260,ATAAAG,A,0.0463502258768096,7.66290572429137e-18,1.24129486654312e-17
09,109556807,C,T,-0.0312968080165209,1.98905109272736e-10,1.17588302746356e-10
16,5922263,G,T,-0.0287438430119783,1.70665290531403e-23,2.98668397156119e-17
16,5966991,A,G,-0.0156437654968179,3.57901864450561e-13,2.79924794205881e-07
11,18312953,A,G,0.0221031062681244,9.20130633805768e-36,4.81251463882467e-17
14,74250126,T,C,-0.0240364392178739,2.56020167954099e-29,5.74337320411809e-17
15,95829524,T,A,0.0238325930064549,1.39191602269417e-30,6.67489401612347e-17
06,153391843,CAT,C,-0.0215813702274778,5.06976538104305e-41,7.33099543139606e-17
07,73121713,G,A,-0.0177999296538085,2.28887670140062e-24,1.14253444549279e-16
07,73020337,C,G,0.0247701249147472,3.26272616829894e-13,4.57309809351717e-16
16,69775500,C,T,-0.0277739634498727,8.03533372761456e-21,1.28789063017786e-16
16,69354682,C,T,-0.0193273670616,5.64036399060864e-09,5.99571401605658e-08
18,74983055,A,G,-0.0516249514690937,4.04195552671294e-17,1.89735351723473e-16
18,75209278,T,G,-0.0174614576219521,4.39532794976177e-21,4.350127039666e-11
08,116518583,A,G,0.024770085113984,2.81387268090799e-41,2.08557803448904e-16
05,53304991,C,T,0.0308542337109508,2.62513023284986e-16,2.09057320715678e-16
05,53063208,T,C,0.0169494787694451,1.33472253588883e-07,2.02222730659642e-08
07,1195796,T,C,0.0191986442512387,5.08917635736986e-20,2.18791026948022e-16
07,910322,GT,G,0.0212967009375581,5.05147842976251e-11,5.61665073899132e-13
10,96039597,G,C,-0.0209217950351208,9.46503226296839e-39,2.42822567066361e-16
17,17622666,C,T,-0.0201903017087294,2.65402045191178e-29,3.33382236290477e-16
17,18064195,C,T,0.0161987651766469,1.66296438706245e-10,3.39472861187886e-09
03,98528178,ATCT,A,0.0207296059564141,6.47496629578009e-40,3.63877165271574e-16
12,115106688,C,A,0.0221513767791385,7.51996400389728e-23,5.46388756915883e-16
12,115089940,C,T,-0.0336900299589942,2.51695159334438e-06,6.78956906155358e-08
02,178565913,T,C,0.0519308245227862,2.16841384512376e-17,5.89947555960843e-16
02,178545566,C,T,0.0476263682924753,5.53803813808258e-08,1.63844931991966e-07
06,154421359,A,G,-0.0242817118901364,1.08373172157258e-20,8.53674387060349e-16
06,154760809,C,T,-0.0128538422565917,2.30776348205301e-11,1.88730697907125e-06
20,33153650,GCA,G,-0.0260564017884767,1.06029035263094e-26,1.11231181448028e-15
08,134592408,C,G,-0.0157638226191654,8.66826599589333e-22,2.44205873389733e-15
08,134610512,TCTCA,T,0.0171124951810752,5.93213640512808e-10,3.05605858114305e-13
10,94839724,G,T,-0.0148739189903791,2.26471053668517e-11,3.19978614263692e-15
10,94588487,A,AT,-0.0146152763913678,7.49300561279477e-08,3.6509852021562e-13
17,62016440,GCA,G,-0.0327606289300366,1.13283797400476e-68,1.56994533786844e-41
17,62206299,T,C,0.0682095749070412,2.2842915117196e-25,1.06310394059591e-37
17,62065311,G,A,0.080195800475524,4.34085719213177e-22,3.82771537810455e-37
01,214163069,T,C,0.0203440641693288,9.04011869704802e-31,3.89893319848244e-15
01,214334246,G,T,0.0254077530956234,1.29401259078249e-16,5.83819194855058e-13
01,214219331,C,G,-0.0182517698771349,2.63028296074145e-07,4.74722566876717e-09
01,234858597,T,A,-0.0205087261942892,1.06112455837027e-26,4.0771701265251e-15
01,235014058,G,A,0.0167142659307342,7.48933586175577e-11,3.49693197875338e-09
01,234786831,TATTTTTGCCAATTAGGTGAACACTTTATA,T,0.0143978030071803,9.91175473282139e-07,3.98893276244415e-06
09,97662448,A,G,-0.0404368481572569,5.36225018185154e-17,4.26776728960981e-15
02,16120506,T,C,-0.0318240633273304,2.81651854427702e-18,5.14769948602885e-15
09,96445803,G,A,0.0192002686629638,5.8340612620095e-13,5.93078055195116e-15
09,96224036,T,C,0.0142498593504482,1.45275325930334e-12,8.48138178928314e-12
01,16526194,G,C,-0.019841763262158,1.91199595331092e-33,6.15125418379047e-15
01,16170903,C,T,0.0216179868524906,2.23331793657742e-09,1.38747444919833e-08
12,116196322,A,G,-0.0238654843943452,9.20832115245001e-20,7.14945319365564e-15
12,116261411,C,T,0.0443516872928814,2.35393264857169e-11,4.73546544784188e-12
05,134586980,G,A,-0.0228130627434105,3.0263653532617e-32,7.74759399372247e-15
05,134505938,T,TG,0.0146168035466333,9.12323966392187e-07,9.17424410563872e-06
22,41866938,G,A,-0.0249146603265928,7.3456089949828e-22,5.36084521217982e-19
06,130375544,G,A,0.019776236412269,2.59219631495204e-34,9.82435382114285e-15
06,79497645,G,GTA,-0.0207101595268308,3.56964851822268e-36,1.08680038204507e-14
09,128406453,T,C,-0.0202201660045432,7.96563986040314e-30,1.47940453421587e-14
04,148982559,A,G,-0.0222403653443003,1.10590880515654e-23,1.50524765494425e-14
06,25868226,C,T,0.0287598050763843,3.98558584623201e-27,1.53853537624957e-37
06,26000885,G,T,0.0217124690019637,8.8220856758628e-10,1.65505113978343e-37
06,25835439,CA,C,0.0123164996976574,4.35885477594333e-11,3.84552142680275e-11
14,94838142,G,T,-0.0676986491556997,4.91471288969472e-15,1.77821123815686e-14
06,38149238,G,A,-0.0224400280740196,5.47100080712188e-23,1.90871434002179e-14
04,46448465,G,A,-0.0331036714732692,2.76930684164294e-17,1.99676498407742e-14
10,117988795,C,T,0.0194298006561424,2.31091335694804e-37,2.09623215915911e-14
08,16012594,G,A,-0.0913085459277331,1.30414285937165e-14,2.54180466377979e-14
05,142564823,A,C,-0.0266842776427036,8.08317312376562e-18,3.04094132986001e-14
04,90016295,C,T,0.025131157262708,7.58002840988702e-20,3.15368760159935e-14
11,61579463,A,G,-0.020208061230579,1.52847027272991e-27,3.55804068970623e-14
13,47155975,G,A,-0.0216569080236594,3.33988246369005e-23,4.21544410461417e-14
20,39179822,G,C,-0.0559879891064496,1.06240140139249e-14,4.93758482738942e-14
19,54759361,T,C,-0.0193952512000254,3.46934523952943e-30,5.68793266236762e-14
01,29136686,A,G,0.0184449554622603,1.15664291815612e-06,5.92344993317285e-14
01,28992281,C,CA,-0.0151156464540388,4.48324876702647e-09,1.47580807622604e-09
01,29476194,AG,A,0.013279430702954,5.44765616268364e-10,7.09366249384833e-11
06,147592611,G,A,-0.01832063471651,8.73043394733539e-21,6.51202177713225e-14
06,147940786,C,T,-0.0121870091930281,1.46543794587649e-08,3.2090460294588e-07
03,88167095,T,TA,-0.0263890996270429,3.80007816063708e-18,1.57616800506268e-13
17,15882984,AC,A,0.0188363037878002,5.60029759993256e-34,1.60648009199146e-13
03,170630520,G,T,0.0229490435177822,9.0746600231956e-20,2.09878085870112e-13
10,13535398,T,C,0.0190040116144333,6.02290929521449e-29,2.52004973200226e-13
06,126970895,C,A,0.055898269093547,1.68137555396396e-299,8.75386083885406e-113
06,127170574,G,A,0.0526030844091489,5.12998187665655e-07,1.00650079972939e-12
05,42724294,A,G,0.0629390192492418,1.07220697137058e-58,1.0331278885242e-42
05,43183986,A,AT,0.0151551561075361,5.15063451585915e-13,8.5441084356063e-13
04,3449915,A,G,-0.0794663999157736,2.08369926111798e-10,3.72011482201553e-13
04,3443931,G,A,-0.0158792159555876,6.43335894445135e-19,3.86565257695877e-12
16,28836378,T,TA,0.0192984759315645,6.03798528948072e-28,4.25583021141371e-13
07,137594938,C,G,0.0188969871410075,5.58332851894221e-24,4.30372235951448e-13
07,138080774,A,T,-0.0173007228022941,2.61393645467952e-07,6.35663155273458e-07
X,118631222,A,C,-0.016098380662307,1.35354076718368e-21,4.55686000465615e-13
07,1975624,C,G,0.0190229041226357,7.62160126990881e-20,4.79537054389513e-13
06,43760327,C,G,0.0180473005796738,1.65146725530458e-21,6.21073775300731e-13
06,44259181,G,C,-0.0147386770289062,3.41344055951182e-07,1.26395220458727e-06
06,43349308,A,C,-0.0126714286023799,1.26521264071857e-07,2.36729019792725e-06
12,102797293,A,G,0.0735149654789768,1.85424345203763e-185,7.90397355564444e-151
12,102403033,G,A,-0.0779435206541385,2.31959999777501e-21,6.99843183771789e-26
12,102793569,C,T,0.023115852824311,1.76836773598352e-32,1.21968125012767e-11
15,68353652,A,G,-0.0379797177304213,2.09991336466052e-14,6.95583735200093e-13
02,64928603,C,T,-0.0198811719830563,2.70489219479896e-22,7.9850711273992e-13
18,1616505,T,G,0.0197685459467209,1.24678485411662e-22,8.03509486392204e-13
11,66867155,T,A,0.0319493525413944,5.36975144556161e-15,9.78707701360679e-13
02,203349081,C,CCCTT,-0.0207478000599439,1.13475258518253e-20,9.84815876390299e-13
17,40363296,T,C,-0.0224600041622723,2.75680829715406e-13,1.04183545072915e-12
17,40599241,C,CA,-0.013204276453811,9.93336923291413e-09,1.56178889602217e-07
09,97805531,G,GAT,-0.0324756225527331,3.33319480672879e-11,4.55965980427729e-15
09,98277367,AGTACCACC,A,-0.0176736355284879,2.27073406455709e-11,1.08840065938805e-12
05,133865435,A,T,0.0167492213155971,2.26473474302849e-14,1.09712045162303e-12
18,60845884,T,C,-0.0185970515611055,3.21548196569722e-26,1.10053167196681e-12
01,183446533,TTGTG,T,-0.0270215947201276,4.1214806985e-16,1.17552974810652e-12
13,28395297,C,T,0.0585831264947279,4.7887418507252e-13,1.31262585999475e-12
13,27951090,C,T,-0.0198661571514008,8.20620586771745e-07,6.31328614564595e-06
01,208300342,T,C,-0.0173957876006683,2.87319048339398e-19,1.31703745000755e-12
01,207999200,C,T,-0.0161414528663869,1.33765658775163e-12,5.29324772508859e-11
01,208623959,G,A,0.0389846190323769,1.82542952101726e-06,3.3560669179009e-06
15,40929373,C,CT,0.0182863609607275,1.50642822401857e-30,1.45383280950026e-12
03,33457493,C,A,0.0279387399236655,1.46308792006691e-15,1.66681359030537e-12
01,93286939,A,G,0.0191533894575593,1.79537911367757e-18,1.85712230770563e-12
01,93758450,C,T,0.0129325426581859,8.04808352655021e-13,1.87475907749711e-06
X,11434093,T,C,0.0175500507830755,7.0122474741913e-17,2.06401305153954e-12
11,13361005,C,T,-0.019207001480058,3.02987404306119e-22,2.18430208816378e-12
18,56087417,C,T,-0.0182928231544772,3.91001475579826e-15,2.6656564762174e-12
18,56099855,T,C,0.0220313346315044,2.37957548555581e-07,5.73180898715599e-09
07,44929816,G,A,-0.0300479348082938,2.05538465545327e-09,2.72548481665734e-12
07,45426435,G,A,-0.0162908347572108,1.29508387607657e-15,4.865041615782e-11
07,44784259,A,C,0.0129438957307375,2.84191237952339e-10,1.32467549835365e-09
19,48383197,T,TA,0.0242013864633028,6.88056386398533e-16,3.2926787205127e-12
19,47899205,C,T,0.0177569573059305,2.66312053760643e-07,5.88599151787542e-06
07,46768018,C,T,-0.110382729899975,0,3.94604875938436e-184
07,46769995,C,CA,-0.0780458071611683,1.020337904364e-184,6.44631097756292e-66
07,46981414,G,C,0.0789346492868169,4.6157524184606e-27,8.15596439239199e-46
04,121723035,T,TATATA,0.0191679426811818,4.81601455456189e-22,3.48072628136996e-12
01,179310700,C,T,0.0204288801666561,1.24272783212396e-19,3.59455226897921e-12
01,65383632,A,T,0.0260212161405281,1.66168958249855e-15,3.65768755779763e-12
09,22161884,A,G,0.0175949807924762,1.04001348117458e-30,4.74820900306954e-12
05,89466182,T,A,0.0224962292165086,7.3550844151996e-17,5.0994745268817e-12
02,113989267,T,C,0.0181299446097131,9.66305385258473e-24,6.22007468847362e-12
22,36199194,A,AAC,0.0286752384816554,1.98079374512598e-13,6.92914273468473e-12
22,36059394,A,AT,-0.032062689454954,3.00239689065892e-06,1.53781706692895e-06
01,2208908,T,G,0.0334203586481155,2.86651826727496e-11,8.13674412662895e-12
01,2620019,C,A,-0.0137465225228991,1.98132786164258e-13,1.11304121681446e-07
01,2139307,T,C,-0.0140314215345694,3.11538611575089e-09,1.94939115302759e-08
03,47276968,T,C,-0.0176345146758859,1.00688899377027e-25,8.27699121645718e-12
11,46447246,C,T,0.0334846375412252,2.23539043491075e-15,9.84851738391229e-15
11,46159633,C,T,0.0382302124253944,4.6563282068267e-11,1.11902023993368e-11
01,40383552,G,T,-0.0188291388908604,9.97815393993514e-21,1.13622577223815e-11
X,122879374,G,A,0.0156497772315351,1.58716688138286e-18,1.17434183876809e-11
03,142078759,C,T,-0.026312921918702,2.85847059695842e-14,1.31058467785692e-11
03,141623141,C,T,-0.0134382580529548,2.97493755602552e-11,3.67492811563275e-06
02,219274142,A,G,-0.0172224876509432,4.89863907736221e-28,1.56021697309817e-11
11,15772315,C,T,-0.0316039077821088,3.02649265349362e-13,1.58401581674044e-11
14,75506557,TATATATATATATA,T,-0.0171557825248887,9.81445618689946e-30,1.6709497630579e-11
09,34116083,T,C,0.025605247030211,1.89779775804732e-14,1.68664943421696e-11
13,114546549,T,G,0.0196583446497769,7.65310816010902e-19,1.82081363177332e-11
13,114177433,C,CT,0.0176945484091106,3.56899339882573e-09,1.25909208326189e-06
06,7138218,C,T,-0.0349848471775297,6.77615161402775e-11,1.8607650833035e-11
06,6971753,C,T,-0.0166385668484886,9.81175247252009e-19,8.18888520279267e-08
06,7221443,G,A,0.0172431081794155,1.08781885003321e-08,1.47399617015947e-06
07,150498245,T,C,-0.0279851466891498,6.97938318007415e-14,2.06119491055445e-11
07,150784513,C,T,-0.0140852817016373,7.72775506396739e-11,2.74154816260495e-06
22,24340650,G,GT,0.0181899458579355,3.23470260809349e-26,2.17391560702487e-11
01,205774897,C,T,-0.0172595136110124,1.20675640368686e-25,2.22805720510813e-11
08,101674205,T,A,-0.0223638839539441,8.33888638068772e-16,2.29767488822268e-11
10,95347041,G,A,0.0768900864598002,4.75368486054307e-14,2.60201167200805e-11
10,95065655,G,A,-0.0164456485301894,1.27718792051292e-16,2.57565792317475e-10
10,62082737,G,A,0.0171170510627687,8.05136242073618e-26,2.61263880631428e-11
01,176446394,A,C,0.0640318811305848,2.49045148264558e-43,4.66103238858318e-38
01,176455975,G,A,0.0304221902651466,7.49265169836362e-11,3.4466128674669e-08
01,176273391,AC,A,-0.0149945403365574,6.46939793244789e-20,6.79811798253484e-11
03,107252190,A,G,-0.024521390138316,1.7442651098248e-14,2.76825609587629e-11
20,54856397,C,T,0.0195049888737046,6.18053036753427e-18,2.86047363824743e-11
07,114110568,T,C,0.0176823819018291,5.77252277841741e-22,2.88829094975952e-11
06,100082251,TGCAGCAATGCTTATG,T,-0.0168039685883598,2.2687504658776e-14,3.63728112398328e-11
06,100248282,A,G,0.0135124943084582,2.12467585995306e-08,3.12472677599346e-08
14,77928525,G,A,-0.0181026235596461,4.8649490254467e-20,3.69307680179987e-11
05,142597290,C,T,-0.0209374003108717,1.82463240933381e-13,2.82656784862117e-11
11,27905664,A,T,-0.0156202468811457,8.93932503460198e-15,3.99432785147598e-11
11,27701365,G,A,-0.0135329778080383,3.37780467409299e-07,3.81858570145855e-08
19,47564643,T,C,0.0179310203471785,1.06307815596896e-20,4.07275238780228e-11
21,40699449,ACA,A,-0.0171271981070185,3.00217845453838e-26,4.24620169412795e-11
05,180661980,T,C,0.0422822603088885,2.14782503293699e-13,4.5099962657117e-11
05,180678290,CA,C,0.0164026753600415,1.14529906967522e-12,7.93301459358297e-07
12,103064247,A,G,-0.0220809719875524,2.10757460752571e-29,1.37397882280681e-21
12,103522952,C,T,0.0162609939831426,8.07204644243943e-16,4.75253306661228e-11
12,103066119,G,A,0.0425150593810405,1.38255594181455e-07,1.66050211471197e-11
14,93926852,C,CAA,-0.017911429248046,6.06380671754051e-20,5.01154471962305e-11
16,27325021,G,A,0.0170622207682548,3.97710266308655e-23,5.02493588764382e-11
16,4420817,GC,G,0.0188905655267564,5.33713384604957e-17,5.34851852000902e-11
16,4030658,C,T,0.0259937668700446,2.75204094909748e-07,5.70782022894506e-07
15,93452846,A,G,-0.0229352552598629,1.65709845279247e-14,5.63159289760613e-11
02,231039037,T,C,-0.0180638622836154,4.64749355204081e-19,6.00982092350893e-11
02,17927275,C,T,-0.0166004335996408,6.08644600952354e-28,6.39417707617993e-11
05,58242587,A,ATTTTT,-0.0200862452398978,8.00610686668246e-15,6.51350182738934e-11
05,58715833,G,A,-0.0266625066129115,2.88520245158147e-07,1.42360779475168e-07
15,51549044,G,A,-0.0167138238783686,4.71213270640675e-26,6.5147441835877e-11
16,30025509,T,A,-0.0169592433433075,3.08967097974858e-28,6.78200836246592e-11
16,68957024,AT,A,-0.0249074064401772,3.54305834577266e-15,7.01740869323965e-11
07,2762386,C,T,0.0179462602948876,9.48379673275381e-19,8.37256493963801e-11
17,67081278,A,G,0.0520240685619341,2.95658609550696e-10,9.37923407444825e-11
17,67082962,C,G,-0.0171187329597855,2.17581426935783e-08,1.86846861503129e-07
13,42736966,CT,C,-0.0198098497880078,2.11721791170423e-17,1.03048348736449e-10
12,56368078,G,A,0.0157017768812328,7.54539898091483e-20,1.06534094013413e-10
12,56861034,T,C,-0.01656751102232,2.42076245349169e-08,3.57472931729868e-08
03,101084604,T,C,0.0252885303731415,1.65796390570403e-38,2.22261617559818e-25
03,101066992,T,A,-0.0265570556693143,5.7917118081707e-13,4.38438581744636e-15
07,31011485,A,G,-0.0176228301690891,7.09598429382837e-16,1.13290393717186e-10
07,31020029,G,A,0.0568120311526392,6.99099935347547e-08,8.07744934027673e-09
08,135660469,A,T,0.0175953945198124,6.02852176298573e-19,1.14810362868428e-10
11,120196433,C,G,0.0163933656183429,1.79878964612345e-14,1.16853108373441e-10
11,120060673,T,C,-0.011928185102647,3.50529296464791e-10,9.08946284523046e-07
19,30718774,C,G,-0.0183296538171183,9.06938532095404e-14,1.21162947597785e-10
19,31211647,C,T,0.0202927158361219,2.60070822193203e-11,1.29471735180726e-07
19,31033472,T,G,-0.0188753190694969,2.31996745912816e-10,2.01340332594382e-07
06,34172055,A,C,-0.021659192054784,2.12424257355462e-14,1.24163848177878e-10
07,138169158,A,AT,-0.01733701246627,7.63828780638728e-19,1.27340768899833e-10
17,17988591,A,G,0.0198339052346486,2.76591876681245e-21,5.0445242757156e-15
17,18260593,C,CAAAAAAAAAAAAAA,0.0167698213923281,1.10329313630085e-12,1.52325973906111e-10
08,78204926,T,C,-0.013515951707239,6.38903506279634e-16,1.6223905609206e-10
04,97552791,T,C,-0.0165590410545997,6.47732309445999e-23,1.71120541841142e-10
01,41490761,G,C,-0.020695986133758,8.3225029804138e-15,1.72382664156735e-10
06,105461882,G,T,-0.0171771358271611,8.59937326110657e-20,1.73948300198307e-10
08,26361175,A,G,-0.0164701249918522,7.08537089527318e-23,1.75016061630932e-10
19,4048561,T,G,-0.0179772071907865,2.7326003934383e-14,1.82962338067826e-10
19,4458063,A,G,0.0159557469092434,1.79979625522689e-11,1.51766539426474e-08
03,124407090,C,T,0.0192059530281081,8.86312306615018e-16,1.97326188174738e-10
20,57466093,G,T,-0.0514978807587904,6.04750914499922e-11,1.97810065133003e-10
14,69282930,A,G,0.0152184419557452,9.65933447928081e-18,1.99159106406405e-10
14,69414322,G,A,-0.0154906473704617,8.85288072578705e-12,9.2789982409906e-10
14,24883058,C,T,-0.0161151342156821,1.33371663453138e-26,2.10423453616011e-10
08,77082494,G,A,-0.0160356430118216,2.42215967329207e-21,2.11568146249805e-10
08,77288895,G,A,0.0419130520973457,4.60094496840057e-06,2.10077224514229e-06
01,66016301,G,A,0.0167982915018921,2.62390149603994e-14,2.15783088971691e-10
01,66217735,G,A,-0.016992311092794,1.05996219007687e-08,5.49003217299289e-07
01,65521306,T,C,0.0215954701385776,1.04765327838504e-07,1.41663288105945e-08
20,3355567,C,T,0.0159922971939057,1.41556057256089e-27,2.56104733609568e-10
10,22030203,T,TC,-0.016563342766385,1.57001546695592e-21,2.63726869159177e-10
02,6400586,G,A,-0.0170940783503061,1.21889018612519e-20,2.77522211721387e-10
07,99831168,T,C,0.0165915991514565,4.30525643181471e-10,2.90473675155079e-10
07,99476160,A,T,0.012804805808692,1.28508353134923e-09,2.75257568274608e-08
17,1622177,A,G,0.015955230848564,1.69625026917733e-26,2.92364040509686e-10
05,35241205,C,T,-0.0402147278874551,4.88919402953133e-11,2.93409324753748e-10
13,21356540,C,T,-0.0172917239522202,3.48027698795015e-18,2.96927965614159e-10
11,122771528,G,A,-0.0165657346673363,7.65094694720959e-18,3.10643041238218e-10
11,123239728,C,T,0.016427092935563,6.47791703651639e-07,3.25980715559244e-06
04,124823820,CA,C,0.0237897156316895,9.56379967544901e-14,3.19027307411453e-10
03,50868620,T,A,0.0166818904978284,4.09724803817522e-22,3.23826496760476e-10
X,139220202,C,T,-0.0134076990060695,2.66699360548523e-21,3.78850611856973e-10
09,82246351,T,A,0.0212607952463543,1.05503738344565e-13,3.83001881828218e-10
06,52673388,G,T,-0.016109096548071,6.74607510155475e-23,4.0930979378255e-10
06,108983527,T,C,-0.0470590280898666,1.11082904602407e-113,1.37724997985292e-63
12,121322348,T,C,0.135393827316589,5.61088530747482e-48,3.42462682215325e-51
12,121220375,C,G,-0.0163053102497292,2.06600128426485e-26,6.22311302580932e-20
12,121178214,C,A,0.0432909087872702,9.4173773291e-08,4.83209189395825e-09
12,20953761,G,GT,-0.0168351058376497,1.49502410840433e-14,4.60329269739326e-10
12,20595535,T,C,0.0147536125970924,2.13814871352992e-13,1.7851140372202e-08
01,221110268,G,GAC,-0.0328643003045246,1.51328918272738e-40,6.42650786315434e-38
01,221122268,C,T,0.0211835887297828,2.7637579051166e-14,4.13225297194473e-21
01,221627155,G,A,-0.0150081632358513,9.47655240589979e-11,1.25529319732492e-08
X,129147373,G,A,0.0204306528128445,1.50904267321224e-11,4.94569382139452e-10
06,35278796,C,A,0.020392622869522,7.66544591130505e-14,5.00452472307872e-10
09,119434113,C,T,0.0226426976862306,7.34748899782868e-13,5.31218605952517e-10
01,11904076,T,C,-0.0181878496279451,1.27090827438528e-15,5.70187653941092e-10
12,123837003,G,A,-0.0448693340922861,5.27478392919078e-10,5.7851680858311e-10
12,123801305,A,G,0.0299232699917617,1.13007859991231e-06,1.06229702165916e-06
17,5565958,T,A,0.0143460668795763,5.24501623993189e-10,6.26899171911113e-10
17,5402028,AT,A,0.0127460123125334,6.59006111406438e-10,1.0950065383312e-08
09,22874755,A,T,-0.0156827642108359,2.05809827506362e-24,6.56959446117187e-10
12,39145737,C,T,0.0157403108198009,2.56338450096748e-23,6.90242843212916e-10
22,29450923,A,G,-0.0158310537675406,6.7997225206377e-22,7.66109385125e-10
09,74081072,G,A,-0.0212562297537127,4.11744079139726e-13,7.73314697765134e-10
12,94150321,G,T,-0.0165037012800579,1.01388505585996e-23,7.75052151956686e-10
12,93961353,A,G,-0.0181946224523149,1.57990147015318e-10,6.551449220773e-08
18,57054935,C,G,-0.0423329577301647,2.07572245647458e-10,8.49809734560317e-10
19,38933120,G,A,-0.0227553237128066,1.42467945752103e-12,8.78466727561311e-10
10,53223058,A,G,0.0166610334212867,2.52933828879884e-18,9.52655777688817e-10
11,113318196,G,GA,0.0176405754089257,1.18336267797662e-17,9.57450827483783e-10
10,12459773,A,G,0.0508762251581822,3.46540279387966e-10,9.62349753313877e-10
10,71144324,G,A,-0.0175962933413516,8.91948456681894e-16,9.72528867850715e-10
03,186381220,G,A,-0.0179644996372035,1.21455558714202e-12,1.19005758954971e-09
03,185991970,G,T,0.0136888418641172,1.69482839604595e-09,1.03557607335187e-06
05,111542784,G,A,-0.0275445801887116,3.27594020002549e-11,1.19403542964067e-09
17,53349172,G,A,0.0205972213661571,1.18116170859998e-13,1.28698147426473e-09
17,61649170,G,A,0.131560613659811,2.74368464308402e-52,2.22985252354692e-40
17,61874712,C,CA,0.0391078069997588,2.84814276628271e-67,3.01495710495637e-25
17,61888693,A,T,0.0476053593438435,5.95620927054228e-21,3.48465794718392e-10
X,81837044,C,T,-0.0270900331387525,1.56857001133291e-10,1.44111819636207e-11
X,81917216,TAC,T,0.0116016647269313,5.80914866929393e-08,4.83859329828499e-08
09,102260916,AG,A,-0.0208611369095963,4.19288428284448e-13,1.45578510935442e-09
16,53822169,AT,A,-0.0165554598103399,1.31058453419756e-14,1.47932037996091e-09
16,53375703,T,C,0.0156570065921107,8.05361134305424e-11,7.81440827201327e-08
07,55835078,T,C,-0.0182193885908131,2.64352321727817e-09,1.53171033859699e-09
07,55982894,G,A,0.0141030286870894,9.16829199266071e-09,2.20377694984069e-08
08,81400281,C,CAG,-0.0161692141894007,3.8845261088636e-12,1.55956304668863e-09
08,81876393,T,C,0.0121032978368214,3.12349343302554e-09,1.49703605037424e-06
08,116559894,A,G,0.0248648687490291,2.69939647007636e-41,6.0797390995627e-16
17,57773195,G,GAAA,0.0214464511238739,1.3900564178949e-12,1.65298531571946e-09
17,44330106,T,C,0.0198984670246939,8.32374203818616e-14,1.66481864004426e-09
22,46238123,T,C,-0.0156270645451233,3.00560840302113e-21,1.67617115013994e-09
12,905582,T,C,-0.020347421297515,7.48591018651236e-13,1.7300233078807e-09
01,68695236,G,C,0.019477145777046,3.91690431088199e-13,1.98694617108848e-09
01,173930701,TA,T,0.0215926817806174,1.26188442275574e-13,1.98946861441794e-09
12,46393518,G,A,-0.0168557881798664,7.10419350772503e-16,1.9965372427541e-09
01,163027266,G,A,-0.0421373953543518,5.78816033178472e-10,2.06268232801012e-09
04,20460809,C,A,0.015608208198305,2.52403501545262e-24,2.10727207772006e-09
17,7537792,C,T,-0.014001007096435,2.5603191218808e-15,2.38285269763217e-09
17,7769571,ATTTTTTTTTTTTTT,A,-0.0201409723413498,3.25273366871127e-10,4.39286897581011e-08
17,7571752,T,G,-0.0595423679238138,4.24969819795287e-07,3.03689924286446e-08
14,92789548,G,T,0.0263888745788341,5.27926357990992e-11,2.39229882343341e-09
20,10643850,A,C,-0.015180430454011,1.35439539914942e-23,2.39666738169902e-09
01,176788154,T,C,0.0558831460039063,1.48914449083352e-75,1.76364071727495e-82
01,176819687,A,T,0.0701720583356027,3.89181111683146e-15,2.74590790347216e-45
01,176937124,C,T,0.0500419430757526,1.75722557921113e-12,3.76385668810006e-07
14,79936964,T,C,0.0181553194619534,6.84114171132731e-14,2.47666389743156e-09
20,62689037,C,G,-0.0153596988563526,6.58183188418388e-14,6.054840507058e-11
20,62134228,C,G,0.0128554849872875,2.03493403911704e-10,5.56050973245357e-08
X,101099333,A,G,-0.0127475846696351,2.29722308019838e-16,2.5743713006432e-09
22,31860641,G,A,0.0234068825260464,1.73267149697158e-11,2.6149155162822e-09
02,225380412,C,CT,0.0225524395333253,8.62399293161053e-12,2.63163276549642e-09
02,215481251,A,T,-0.0217780578821971,6.89123272221815e-12,2.6571282869668e-09
07,32925084,TA,T,0.0155604822263238,2.94696296419729e-21,2.67104506315013e-09
19,7222039,CAA,C,-0.0154129230768384,2.39636859494977e-16,3.13282286258664e-09
19,7636994,CGG,C,0.0140100551847911,2.78803512463521e-07,5.81879484172697e-06
10,104640059,AT,A,-0.0160146469018727,3.31813539658613e-14,3.37735921340262e-09
10,104148686,C,CCTCT,0.0151013585932863,1.59698956387881e-08,7.77599098193698e-07
02,222313445,A,T,0.0150064647103342,9.05078002351714e-25,3.49863738982035e-09
04,83864045,T,A,-0.0152740728298055,3.90971307139072e-23,3.76710533844804e-09
18,893999,A,G,0.0213397167738305,1.08049894402043e-11,3.8815915010753e-09
15,67341477,G,A,-0.0156340625570009,1.16322310512437e-11,3.96644969541119e-09
15,66899853,T,A,0.0125192165569797,5.73801911315744e-12,4.94884798814492e-07
02,230190815,G,C,0.0258172145558181,8.36552647768895e-11,3.96934491133464e-09
16,17482044,T,C,-0.014908071014482,1.69756721259568e-24,4.00986169687821e-09
07,129651108,C,CTTT,0.0151368207883266,7.2218145249821e-20,4.05420179611559e-09
10,77221744,C,A,0.0150439873518185,2.80802333872471e-21,4.13371008117527e-09
11,2147419,A,AGT,-0.0580839198239433,5.00397381124904e-65,1.86849644228873e-109
11,2128228,GGATA,G,0.0522838342692171,1.39628820021108e-74,6.71470694501387e-97
11,2113931,A,G,0.0209867386635848,1.81065406195472e-08,2.54674728074004e-35
11,65543736,T,C,0.0321575205305116,1.06203870705597e-10,4.28950422613289e-09
11,65715204,G,A,0.0289702135773715,4.47297419222043e-07,4.81965415126472e-06
04,69764890,C,T,-0.0381279180281523,2.54153975217338e-12,1.90658597407431e-10
04,69917993,C,A,-0.0269856175800059,2.92990153280199e-07,7.37310376510401e-06
05,55857548,A,AT,0.0217522291710857,3.46415954968578e-13,4.38303987593913e-09
05,55796639,C,T,-0.0167069655080882,3.06861699578476e-11,1.63285009341005e-06
17,79046374,C,G,-0.0156500374701658,1.7096309865523e-17,4.47267796358997e-09
16,85201405,G,A,0.0150130395145913,2.06560044460163e-23,4.64015892547924e-09
03,23202845,AAC,A,-0.0152858418957132,2.91341204984867e-18,5.05088802489582e-09
09,86701267,T,C,-0.0162080294488759,4.17769856281681e-19,5.21954161059297e-09
09,86279025,T,C,-0.0141117166566138,2.37969643120137e-11,2.21500945788954e-06
03,11390375,G,A,-0.0154215059504905,1.01245096620164e-17,5.22087304113833e-09
08,145013164,T,TC,0.0152018108395619,4.42241228154484e-20,5.28285790742767e-09
10,61467182,T,G,-0.0174835219684581,1.37947160337189e-13,5.30261268806276e-09
11,94133404,T,G,-0.0416512382161837,1.46989272357323e-09,5.36006810844888e-09
X,150572548,A,AT,0.0126398638224864,3.46847994863026e-20,5.43305604328654e-09
09,92230747,T,A,-0.0133036930712382,5.63582477195367e-13,5.81983004205927e-09
09,92267239,T,C,-0.0140681808507432,5.65204594198333e-07,5.48642402388894e-08
12,57681798,CT,C,-0.0162523780458249,1.37712112282778e-14,6.16678279980107e-09
12,57485798,C,T,0.0540503540392103,4.8846757917945e-06,1.34714944698845e-06
05,64004936,C,G,0.0462518900422232,2.04617443492265e-09,6.56149224705069e-09
10,125052730,T,TA,0.0206424030984485,9.3066355755034e-12,6.89460049998875e-09
03,14158725,T,C,0.0147471372871672,2.59388842471026e-20,7.443253507618e-09
06,165724052,C,A,0.0157149394037259,1.17877922121529e-11,7.45837559624492e-09
06,166064315,T,C,0.0124529158605196,3.56997831599296e-09,3.13221137405162e-07
06,166197081,CACAA,C,0.0151537994029093,2.69211077663013e-07,1.84695750607579e-07
17,42625886,C,T,0.0184822696618859,7.04484102865736e-08,7.54916647142157e-09
17,42500412,G,A,-0.0141667392789124,1.57319416386154e-09,9.03644246303879e-09
X,8910963,A,C,0.0135661466363175,1.00655436833509e-12,7.63965685563662e-09
11,3777835,T,C,-0.0177334688323009,5.73689012818822e-13,7.6969802328467e-09
07,151402902,T,C,0.0163908830615028,1.70237486364021e-14,8.17456699820623e-09
08,78277263,C,T,0.0149919429796677,2.45224850258491e-11,5.69965093921817e-09
11,130279168,C,T,0.0149111637050543,1.60735174039894e-18,8.89768329851106e-09
11,77925233,C,G,-0.0196433328929825,1.18094853732563e-11,8.91018883730786e-09
08,10635887,G,T,-0.0171026351754592,2.82598987710828e-13,9.38755688468287e-09
22,30333408,AT,A,0.0155451650222041,1.84376056798837e-22,9.39935474672232e-09
10,22839463,A,C,-0.0149034900847295,2.26819956807427e-18,9.90542715515129e-09
19,53837110,A,G,0.0145734636266303,1.37958339300302e-21,1.04610742942406e-08
19,54078472,C,T,-0.0277368458391448,1.5531999385939e-06,2.38674176058363e-06
19,34711072,G,A,-0.0154301311091232,6.37011917827048e-16,1.05996358943753e-08
X,151524113,C,T,-0.0438474251574752,6.08145655178253e-09,1.10684888012328e-08
15,64857043,C,T,0.0223460894138317,2.54739805727699e-11,1.2124645534242e-08
02,32183767,C,T,0.0145054077889542,3.13756620999324e-20,1.23967101147801e-08
06,21928131,A,G,0.0160805854061503,3.08303679165045e-14,1.24599309374302e-08
13,110373668,TAA,T,-0.0148041502137098,1.89759444373853e-19,1.24963425433139e-08
16,51170026,G,T,-0.0350031832946743,2.54284809281506e-09,1.28831753686471e-08
11,30675675,A,G,0.014251892123742,1.07846801100335e-10,1.39776900684959e-08
11,30355707,A,C,-0.0141135757404086,2.33684639254119e-10,2.09278944356194e-08
06,18399750,C,T,-0.0165772308066554,3.27458323367685e-13,1.60604576184011e-08
12,40674039,G,C,-0.0183017930358934,8.96081673058198e-12,1.6209640141894e-08
14,64918412,A,G,0.0158831764442039,5.87839928645888e-12,1.62573739386183e-08
14,65116292,T,C,-0.0559943464405936,1.27323045893763e-06,3.28693370183297e-07
11,8647090,CACACACACACAG,C,0.0179345745800018,1.87825993116648e-12,1.65065172218457e-08
04,145520608,A,G,-0.0144811637000769,1.31514018177794e-20,1.72804393102154e-08
07,41470093,C,G,0.0204405109285928,5.40713835500455e-10,1.76881880569651e-08
07,41374723,A,AT,-0.0235827229359775,7.18116135203737e-07,1.27671480920457e-06
01,200256649,C,G,-0.0198070636202011,4.66365188948563e-11,1.80928524265252e-08
03,188472322,A,G,0.0145193191062242,1.02824787210305e-17,1.95967241392583e-08
06,160715939,A,G,0.0323350682959432,1.82714927363514e-63,4.32763487121902e-38
01,243710190,C,T,-0.0320441907926185,1.09962874081296e-31,2.33731151223337e-22
18,40701725,C,T,-0.0142509039584882,4.21726525628134e-21,2.379205675658e-08
02,44347953,T,C,0.0342274043539101,3.84701767976777e-09,2.39407232327303e-08
02,43850220,C,T,0.0185443819714904,1.87980037901911e-08,1.16558758035202e-06
06,107420516,A,C,0.0147583040839293,4.72130949841094e-16,2.41683908728617e-08
07,115082406,A,G,0.0141806129739885,3.67222766541992e-22,2.42140215101568e-08
06,161074143,T,G,-0.015863028088584,6.00854784014967e-13,4.38974508592816e-10
06,161475528,A,C,-0.0228999913882093,1.93707652254555e-09,1.00977797358931e-06
06,161641480,A,G,0.0173346440412114,1.18824920764549e-08,3.62516067808809e-07
10,119260225,G,A,0.0143596358954267,3.60866541839345e-18,2.73729219201868e-08
22,50866353,A,G,0.0153645553480605,1.99711039521171e-14,2.76301762667394e-08
19,41813375,T,C,0.0171555537659646,6.14986368879224e-10,2.81069951974372e-08
19,41833784,G,A,-0.0389207520877237,2.9986357923556e-06,6.90675272929908e-07
03,50149847,T,TAAAAAAAAAA,0.0128840519796854,7.87132937265226e-12,2.84731980373573e-08
03,50632595,G,A,0.0384580916600741,6.31140405044393e-06,8.59780216758903e-08
05,95843694,C,CATTATTATTATTATT,-0.0157359593097949,1.1885199927991e-16,2.85517418156314e-08
05,77158507,T,G,0.0323885719390551,5.39196060656305e-09,2.86676845764446e-08
01,23292603,T,C,0.0296542657912199,2.82624589785898e-10,2.8771305854907e-08
01,23695275,G,T,0.0178252365569657,1.14733014719771e-10,5.95725539232464e-07
16,56124884,G,C,0.0142203365352373,3.8612458867546e-18,2.8873439421924e-08
13,74810070,A,AT,-0.0142699192559916,8.88613903312501e-15,3.02865801949959e-08
13,74399853,G,GA,0.0143429605379513,1.3262878984841e-07,1.85391137574328e-06
01,10621061,A,G,0.014927332418472,6.59788177892204e-15,3.05510607068915e-08
11,86014833,T,A,0.0140318963177213,5.52090475837961e-13,3.10466534720848e-08
11,85759879,CAAA,C,-0.011648467885394,2.28536897911442e-08,6.24301389228247e-06
04,72016755,T,A,-0.0295299476736428,3.9542798853548e-09,3.23623500757829e-08
07,1592772,AT,A,0.024457990805543,-99,2.07699381155818e-06
19,10463118,G,C,-0.104521941957458,-99,3.25074992128159e-15
19,10469975,A,C,-0.103776173397738,-99,3.30445754199962e-44
20,39630692,TTTA,T,-0.0475189852081711,-99,1.53505834632709e-10
22,41530438,G,A,0.0429806775165837,-99,2.43334112774597e-12
05,42711940,A,G,0.0594794266635726,-99,1.17683405781923e-13
20,62374219,C,A,0.0640347116042224,-99,1.32957689725553e-13
08,78660258,A,G,-0.0426122369305379,-99,1.90914010333391e-09
10,95333063,A,G,0.0457171376759872,-99,3.18865210033501e-14
08,116960729,G,A,0.0485343399604147,-99,1.49012788570911e-14
05,134344497,C,T,0.0443003076151462,-99,3.36165513580727e-10
07,137922246,A,AT,0.0446356867860961,-99,1.81687619568616e-06
05,142933619,T,C,0.0372435683187864,-99,3.00050685753305e-10
05,143059433,T,C,-0.039878198596188,-99,3.34278969764249e-11
06,160551204,C,G,0.05639766822336,-99,2.27221546173528e-13
06,160564476,C,G,0.0773823601491598,-99,8.23100483655004e-18
