chrom,pos,major,minor,beta,p_value,gwas_p_value
20,4157072,C,G,-0.099971305630671,0,0
19,11288976,A,AG,0.171598519249355,0,0
06,139829560,G,A,0.0900298817825887,0,0
06,139841653,C,T,0.18695593682372,3.34493226084902e-168,7.3647195950041e-282
06,139834349,A,G,0.13477917983828,1.33629285166222e-99,1.44549118362237e-41
01,248039451,C,T,0.0939395297338818,0,1.10407640866376e-279
10,25218243,G,T,-0.0764509355016797,0,5.68114383552616e-193
03,50329826,G,A,0.0755543914874929,0,2.62803155034595e-175
X,40847852,A,C,-0.0664879070508004,8.00111267249884e-195,8.02578573572561e-145
05,52088271,G,A,0.152930376977503,5.83852882670001e-143,9.38610638339332e-117
05,52095943,G,A,0.132844392166202,1.52672701419307e-59,4.72007606668637e-47
05,52096889,A,C,0.069494555732676,1.1244975358246e-61,3.77420364754259e-39
12,120902111,C,T,-0.0559056474526967,5.08070023621481e-197,1.69358854776483e-99
19,4502201,C,T,0.0525817938425874,8.33320682754233e-237,2.09777709384288e-95
01,22014471,G,T,0.0387174916026246,8.85767136133583e-79,1.75071742213149e-91
01,22003793,T,C,0.0381383718467891,1.02331047553179e-33,7.90342370417388e-78
02,24124241,TC,T,-0.0558100224238126,2.54645719369926e-65,2.20483860459908e-67
02,24234974,C,T,0.0297567352343435,1.59579006206597e-38,4.44844912471735e-42
09,4852599,A,G,-0.0516025100673964,4.33923238645506e-97,5.69275522878334e-64
10,45953767,A,G,0.0442313482868633,3.01992844849496e-116,2.66350654859812e-61
04,144914507,A,G,-0.0432932135021426,2.77131527829385e-108,4.55577996245461e-58
19,913048,C,G,0.0412253162589752,1.03835934899314e-112,7.85046912300374e-55
19,906510,G,A,0.10817111493966,9.00354947993014e-26,4.62726207088403e-25
19,1170445,C,T,-0.0265001573737624,5.59741957454135e-29,5.4859008466967e-24
19,10743161,A,G,-0.0446621085479993,2.8008680744709e-78,6.48177306068578e-54
19,11165048,G,A,0.145362474986287,2.92927356158634e-28,3.42724579440159e-31
17,27098024,A,T,-0.0461161352413106,1.2784309141532e-78,8.04862065729628e-52
02,218683154,G,A,-0.0377672473487565,7.97652142962035e-113,8.1477573183372e-50
08,116663898,G,A,-0.0404474940754208,4.40020174455541e-86,9.85596622363111e-49
19,45413233,G,T,-0.0669176040124539,1.94675700407506e-56,2.60594592347576e-48
07,134382784,C,T,-0.0376026204420577,1.88675826167689e-96,2.4248923026752e-47
05,95162475,G,A,-0.0491296407866946,4.43952705804477e-51,3.34033424900472e-46
05,95163437,A,G,0.0321678913671235,8.91909144556483e-18,2.00042958088866e-21
06,30086422,G,C,-0.0429152220814746,8.08817539483837e-88,2.56765919711648e-45
06,30256936,C,T,-0.0326275165198127,3.15315028012644e-34,2.17362815994637e-18
07,50427982,G,A,0.03520065269437,7.66247830675877e-117,6.70601610522116e-45
20,55977759,G,A,0.0405328314320881,6.82323536607714e-67,1.08066556400544e-42
09,137117496,C,T,0.034360139936867,1.73949786158444e-106,3.3408836179856e-42
04,55408875,A,T,0.039293304396712,5.77805102708925e-69,6.4863625087377e-42
01,25736299,A,T,0.0338790815497638,1.06230695434788e-97,1.23410378330334e-40
05,173287763,G,A,-0.0331697819154068,2.97417633006658e-90,3.54626072534042e-39
01,56624095,C,G,0.0293688716124512,6.1828667040057e-41,1.53993838955712e-37
01,56298497,T,C,-0.0243851049930835,3.27527009687631e-34,7.60405733376934e-32
01,56907563,C,T,-0.0193720912780734,9.20636951377336e-19,2.47141986137613e-16
02,182394145,T,C,0.033308759441871,1.39281142350614e-50,1.64805013861215e-37
02,182324186,C,CTT,-0.0158711592215767,9.05916982384082e-18,1.6911343587151e-11
01,172425529,C,G,0.0307005494639401,2.97090745284358e-100,1.30871876865532e-34
17,21155585,CATTGTG,C,-0.0282207571732838,2.38886252354195e-45,4.59739260901999e-33
17,21279605,G,T,0.01830787592197,2.94014825225664e-18,3.44799945713616e-18
09,33836751,G,A,-0.030238614918908,1.9735155903436e-75,8.46719132316778e-33
11,65473798,A,C,-0.0301870401538037,1.6337006148612e-43,2.84495841290839e-32
02,8762414,T,G,0.0303437656537698,3.29065763051694e-70,3.76466147251048e-32
01,205201325,A,C,-0.0297528252492867,3.12416355807435e-75,4.12164599957357e-32
22,30169069,C,CA,-0.0425278214945415,4.4344446009281e-25,9.58074644761137e-31
22,30377820,GA,G,0.0234675270655498,6.61411426874289e-10,1.31964192009059e-10
03,51689306,A,G,0.057787713296444,1.05697851115251e-115,2.86675233467553e-73
03,51659430,A,G,0.0606389452827038,9.35855685662326e-12,2.43513753040694e-07
03,52069421,G,C,0.0505655782488934,4.16279751260177e-09,9.06964559838655e-08
14,67883624,A,C,-0.0472380751279382,1.76237382004736e-36,4.17235831254635e-30
15,62812655,T,G,0.0267781560121368,5.63199308586596e-53,3.46605244833351e-28
15,63092900,G,C,0.0778272443492928,5.41767669357923e-14,2.23108403419368e-17
15,63104210,CAATA,C,-0.0173903103844393,1.12305195833086e-08,6.27314131829913e-08
01,3691528,A,G,0.0326900867976499,8.26152214269751e-44,1.03963182288711e-27
X,70361967,G,A,0.0238263891761559,9.26191307620516e-44,3.21317062169077e-27
08,26266834,A,G,-0.0293275048595312,2.38534804664149e-48,8.78061609177634e-27
10,64926226,T,C,0.0746084107572283,6.99719330025288e-28,3.47517215276247e-26
01,45810865,G,A,0.0500135704130162,8.95969892938255e-32,1.43593264267029e-25
01,45833328,A,AT,0.0210793191165688,5.96669608901126e-20,2.48068347775419e-10
17,40026345,G,T,-0.04567818456625,1.54437717904802e-28,1.5252092700298e-25
17,40003690,C,A,0.0381584799450259,4.98995692874694e-10,1.51729670275323e-10
11,95308854,T,A,0.0330686669373365,1.02501230107602e-32,1.26487950861141e-23
12,111884608,C,T,0.0205668470431001,2.24425891834369e-43,1.32774778880158e-23
12,112287753,CTT,C,-0.028651010873789,2.14607994026897e-11,1.13375753311655e-17
12,95857072,T,C,-0.0260428828925535,4.77588870223587e-45,4.87175146292844e-23
19,47104535,T,A,-0.0315998352459997,2.1353603695606e-33,6.14470752757544e-23
10,71094504,T,C,0.0406206165565631,7.10176220126355e-26,6.80342978224013e-23
10,71231952,C,T,-0.0167330558835045,9.3255431802771e-25,5.82518385814941e-10
18,43304182,G,A,-0.0499976580393116,3.76143692405819e-25,8.87177642981576e-23
18,43774771,A,AT,-0.0185587495785746,2.09506703536954e-15,7.46596410221089e-10
01,118147892,T,C,-0.0337933873348157,3.82209888397184e-32,9.70805510156319e-23
01,118373213,T,C,0.036136500230768,1.58414551770532e-07,6.72124148185185e-06
01,158585415,C,T,0.026484992071519,4.00834494892818e-35,4.51662605037779e-21
01,22692078,A,T,-0.0292214341567307,1.08739235187395e-24,7.53044023807025e-21
01,22256814,G,A,0.0364526568402853,1.35095351801469e-07,3.39031140502433e-08
01,22384978,GT,G,-0.0231297987670959,9.35164485637066e-07,2.53530729600681e-07
20,31108108,A,C,-0.0254669529887811,3.66017169814772e-37,1.04057275726009e-20
17,76370896,C,T,0.0244778871013555,5.61962179198439e-39,1.70256861060451e-20
17,76251087,C,G,-0.0246369891740887,5.28009064711737e-23,2.45091902022029e-18
17,76124846,G,C,-0.023836513565718,2.01800599398279e-15,2.3082468086385e-13
11,8847041,C,A,0.0230892628956694,2.5861268488241e-57,2.0273244601493e-20
09,100747611,C,G,-0.0277504860230905,7.22031130786267e-31,2.51709658378827e-20
14,35225820,C,T,-0.0377011646604678,4.66192647118541e-24,8.11279269593923e-20
06,29849348,G,A,0.0325275456792076,1.31549452212304e-53,3.47262007758176e-37
06,30018523,A,C,0.0188109178649064,1.28273477816031e-20,9.9017925308754e-15
06,30034289,T,C,-0.0366506828314386,7.93423894630856e-15,1.78044063077635e-29
06,47441871,T,C,0.025066290570347,4.18762214270863e-33,2.1359592701353e-19
09,89371743,T,C,0.0230534689109313,4.52756618503253e-31,2.79384086128016e-19
09,88897082,G,C,0.0148343224815668,7.89670019273609e-13,3.23503802555253e-08
10,104923628,C,A,-0.0231357298792738,6.7466943230913e-42,5.11703911119504e-19
17,78111877,T,C,0.0221646592350769,8.0240914972148e-50,6.42546936731784e-19
08,142234747,C,T,-0.0211396460720818,7.2331795933568e-31,9.73424943632457e-19
08,142279383,G,C,0.0175245378250014,4.43098725527876e-14,2.98708877105524e-11
08,142225961,T,C,-0.0627113211186666,2.80569342216037e-07,1.08898924552143e-10
02,61627245,A,AT,-0.0226657687256192,9.60568079151807e-52,2.18388942346834e-18
07,5234362,T,G,-0.0347650501060171,1.80798019356604e-22,2.78581252366122e-18
12,112007756,T,C,0.01992369256548,7.27260765943403e-41,1.30242228339815e-22
12,112599935,GAC,G,-0.0289831448328811,8.99710251294181e-12,8.03035728844973e-18
11,63950598,C,G,-0.115623053971027,1.62923209464332e-20,5.17549561358775e-18
11,63948354,G,A,-0.0139212002616161,3.07157467508548e-22,2.93108539709948e-06
10,51575535,C,G,0.0619697721248791,8.53291389784759e-21,6.281823175621e-18
10,51586514,T,A,0.0190282760200467,9.59374631158684e-10,4.09824584841819e-06
14,74237247,G,A,0.0695315542501479,2.31983233761125e-18,1.53056129701678e-17
07,47437274,G,A,-0.0583478197224968,3.40176623902808e-19,1.70353276020209e-17
07,47634093,G,A,0.0185703297709488,2.07164788399471e-24,1.56739173736774e-11
06,30276679,C,CT,0.0293779976474426,7.84809856164918e-59,8.06228188790506e-41
06,30128442,C,T,-0.0577610294674401,3.19085075756827e-33,4.48648890125067e-39
19,35693120,T,C,-0.0211298746129501,4.34488539238712e-24,6.09059668988875e-17
19,35477041,A,G,0.0158530846539383,2.60438882546018e-17,9.88355972275879e-11
01,220094000,C,T,-0.0262702699485391,6.99091246658579e-24,9.53800307498991e-17
07,16731042,G,T,-0.0193567957998633,1.70197051968505e-14,1.43555733531304e-16
07,16702299,C,T,0.0164822401472468,3.26405267281568e-16,6.42415374038859e-16
09,140100317,C,G,0.0302768377967264,7.77460084199896e-21,2.48592252348065e-16
09,135860412,G,A,-0.0570521623171855,1.35331011597538e-19,5.02972720718307e-16
09,136130855,TTCTG,T,-0.0427244960832969,1.02504600690252e-17,3.42568359666057e-15
09,135864436,C,G,-0.0354816570485161,1.18583297119855e-12,4.01599188599865e-10
02,191741197,C,A,-0.0209448320618911,2.07970301625688e-30,1.22555040422693e-15
01,77967507,T,A,0.0301321386658396,2.36545047274813e-19,2.07003502881804e-15
01,203281175,C,G,0.0199451519274165,3.24783888457394e-35,2.85291905689779e-15
01,203657601,AT,A,-0.031030149192236,9.63311789123633e-15,1.77970949490769e-13
21,30339120,C,A,-0.0275163713328415,4.45339625870037e-20,3.27173132235924e-15
20,10646671,G,T,0.0173327118515163,9.32659944629949e-16,5.57121469406375e-15
20,10719307,A,T,0.0243330056502546,6.36014510469383e-07,4.1912338145102e-12
18,67522821,C,T,0.0194627204166509,3.35565460952674e-39,6.24160813616971e-15
20,52230030,TAGATAGCG,T,0.0797072270404868,1.91519367665917e-15,6.36731084868228e-15
06,2505169,CCCT,C,0.0202146015167229,1.94633578944448e-43,6.64460330012431e-15
10,45399946,TA,T,-0.0238293527910634,1.50000599248325e-33,9.21698260703724e-15
10,45887965,C,G,0.0325624353814075,6.91418682850462e-24,2.40649431348883e-14
10,45866149,A,G,0.0300723920154823,4.23396798578606e-13,8.0515520284857e-08
03,186656602,C,G,-0.0195540858803946,2.49772909175984e-33,1.11902374608123e-14
01,24136007,T,C,0.0193194960153666,1.0953133296495e-33,1.6390492077529e-14
14,25445362,G,A,-0.0195351978599181,2.55361802279169e-31,1.80721952265404e-14
08,103901908,A,G,0.0216167640302174,1.22518624467076e-19,1.89928469958823e-14
08,103441291,T,C,-0.0130126385191495,1.58318446166817e-09,2.25047387156243e-06
05,51817324,T,C,0.105240376444743,2.61314922887528e-33,2.36235103157429e-30
05,51793806,C,A,0.0420901854405186,4.27889631144269e-13,1.51224812464866e-10
05,51807685,A,G,0.0676843736543018,5.36559828190342e-08,5.54992392046043e-07
19,33070644,T,TA,0.0211110572741368,9.28977591910055e-27,4.20844978519463e-14
08,41540622,A,G,-0.0486235895934878,2.13440000290088e-13,4.9238699182136e-14
08,41630447,G,A,0.0175970095305621,9.53922618999037e-14,6.26891514092175e-12
08,41589736,T,G,-0.068770388925786,1.41698879036213e-08,6.66576071827899e-09
05,127418850,G,C,-0.0213161453525842,1.66457827464409e-22,7.88913909226377e-14
04,1144702,G,A,0.0194714357002413,1.38399706523692e-26,9.3790384349374e-14
17,31149426,A,G,0.0235942301921234,3.65236070993882e-19,1.46166354310578e-13
07,116200092,T,C,0.0299312431330824,2.39846302990205e-16,1.62209965911666e-13
14,103190362,A,G,-0.020273687506602,2.6724504390252e-23,1.67691184824044e-13
05,177635181,G,T,-0.0341771543002023,1.12697780601355e-15,1.79664017388807e-13
17,75369578,T,C,0.0183339852832003,2.12850593303507e-36,2.18950680212916e-13
06,135282656,T,C,0.0184362480690988,8.35963656339836e-32,2.29672097674674e-13
03,58032182,G,GT,-0.0196138529631597,5.68015784653117e-26,2.57577575853288e-13
22,30164369,C,T,-0.0440415896220361,2.92148454561043e-26,1.55627300881684e-30
22,29165525,T,G,0.0129889877962511,1.49206468950819e-12,9.849804974276e-10
07,6066450,T,C,0.0444565044512805,3.68918517330064e-14,4.16262444112944e-13
05,38996638,A,G,0.0184151754524194,6.79922457810733e-29,4.57562015577926e-13
07,142651354,G,A,0.0799399766789409,1.14100242811883e-11,5.00716266090031e-13
07,142650475,C,G,-0.0150390128328092,6.72086801779685e-20,8.73832161313587e-11
11,44588754,G,A,0.0180604938977949,6.85217779844647e-36,5.02493876123022e-13
05,126250812,C,T,0.0552970706447324,1.20529725518529e-13,5.63282587400533e-13
22,29105558,A,G,0.0211312721386479,4.98699558053144e-20,6.21034141535403e-13
02,219272294,T,G,-0.0199987798283201,6.65178334510032e-22,8.66516491006965e-13
02,219191569,G,A,0.0153272501862681,3.8398296834906e-12,8.02630725185063e-07
03,195782184,C,T,-0.0190023442154219,7.72824695257315e-18,8.6894297092227e-13
03,195925103,T,C,-0.01279119047526,4.19579309245128e-08,2.20808486885354e-06
17,20354406,G,C,-0.0186693166544516,3.78066215623363e-33,1.09688237793654e-12
16,53824226,A,G,0.0179539927231996,5.56382522607476e-28,1.58737626651979e-12
02,112145488,G,T,0.0211825900379415,2.37163625903314e-10,2.08112922767503e-12
02,112167931,T,C,0.0159269296082958,1.65444915751342e-10,2.64740232504561e-11
02,111935081,C,CT,-0.013435635919262,1.70003355299669e-13,2.99623573289576e-09
02,43451957,G,A,-0.0334961334456596,3.31622627469097e-14,2.13536100992531e-12
06,6708672,A,T,0.0259526517764141,5.03215110272681e-15,2.47787675754971e-12
06,7202278,T,C,-0.0234970215903514,3.63098122602205e-09,1.5409611551811e-07
09,112736742,A,C,0.0220539428038465,7.67320536415588e-16,2.52983178117585e-12
09,113018755,T,C,0.016790968508046,2.20699962791805e-07,1.68016353101457e-06
14,23497629,C,T,-0.019269904268276,2.89582189124665e-20,4.2458541464951e-12
X,153522983,C,T,-0.0250252379970981,1.37632654312966e-13,4.51826924067626e-12
22,30343186,C,T,-0.0501381333690732,7.53182073110716e-37,1.05295634493412e-30
22,30876892,T,C,-0.0151441923090278,7.74645419301734e-12,8.6578325815527e-06
22,30312987,G,A,0.0264438506198899,5.32067710798019e-07,9.24928119304299e-10
19,18110574,G,A,-0.0166869475272704,3.95274089692767e-13,9.2718244853766e-12
19,18043973,A,G,-0.01216024571067,4.60425701932934e-09,4.27923390260645e-07
19,17862925,C,G,-0.0112310635527028,8.94182485574381e-08,9.56942308458989e-06
08,25278509,C,T,0.0174597498839163,3.56861342674057e-26,9.60777278217312e-12
19,33754044,G,A,0.0172729185561815,2.98808904111254e-10,1.15101760372615e-11
19,33323509,AAG,A,0.0169685980705806,1.04603596105226e-09,6.66927581183099e-08
19,33798537,T,C,0.0225587009045544,1.38705063833888e-06,1.23369800265853e-09
08,108409669,TTG,T,0.0175771195483363,4.45409780967426e-27,1.16156098838139e-11
02,220081416,G,A,0.065096075823031,8.38315070145382e-11,1.38450301274081e-11
02,219658170,A,T,-0.0126457686057798,6.95854276568157e-16,4.74673966496059e-08
05,43073531,C,T,-0.0206453500953645,5.74273602434453e-14,1.62250840034001e-11
05,43436851,T,TA,-0.0136591457421039,7.34982916211893e-16,1.55976744998445e-07
06,108877653,G,GT,-0.0182234277097774,6.10307764742252e-21,1.98426539757332e-11
03,12515602,T,C,-0.0183077750545404,9.76136324759024e-20,2.1449654165599e-11
12,120903936,G,A,-0.0540137981170094,2.42702977495226e-155,2.07551673957038e-99
12,121375558,A,T,-0.026634686197904,5.59644449259827e-10,7.92740300011872e-17
12,121870066,T,C,0.0275347222291126,2.86465778901441e-07,8.86179401607773e-08
08,86255898,T,C,-0.0168929436243557,2.36921335837493e-24,2.88753619666953e-11
11,65561369,G,A,-0.0254547443121071,1.56946286806803e-23,2.48212720028071e-22
11,65644363,G,A,0.0127442225917963,4.82418653668151e-08,4.88656091248426e-11
20,44546821,AT,A,0.0213237903606908,1.10386976383746e-15,3.44692908909968e-11
06,168245607,G,A,0.016715640908075,3.43055072916977e-27,3.74554408941725e-11
10,26727390,GGAGGGATAACAGA,G,-0.016783808497461,3.23678815351592e-24,3.80035930983857e-11
14,66881258,C,T,-0.0751058557674045,2.40193403648897e-12,3.81278093162721e-11
14,67297434,T,C,-0.0408854961582448,8.74451609937557e-12,7.39348091704413e-10
14,67369288,C,A,-0.0414906469993721,8.21427448344149e-09,1.89852146492031e-07
02,86976519,CT,C,-0.0232465018917542,1.35740625906588e-14,4.05168373764936e-11
14,103800314,A,C,0.0258699762377371,1.49401021800756e-13,4.3753412047177e-11
17,74458062,A,C,-0.0153431134787,4.32847658839168e-17,4.62107833669626e-11
17,74360192,G,A,-0.0568296416790045,2.83511722998787e-07,5.47121112437609e-11
17,74621737,G,A,-0.0500214602232953,7.81305871346675e-07,5.07199061737604e-08
12,122212023,G,A,0.0199161272292333,7.7365496589242e-13,4.69092131066766e-11
12,121821867,A,G,0.0221751908429552,4.43450253980724e-10,8.00606736892339e-10
12,121874125,C,T,-0.0488585149721014,2.58357184597035e-06,2.76909261907747e-07
01,93400349,G,A,0.0263421656521446,2.10786607175254e-13,5.09511533632438e-11
20,62529699,C,T,0.0383170009625058,4.9505990130887e-12,5.66391671088863e-11
06,31573577,T,C,0.02401005570966,3.27221619455452e-12,6.39323846710439e-11
06,31567992,G,GT,-0.020141177380261,6.1345357462772e-08,5.65044164357907e-09
06,31428967,A,G,0.0130068243892664,2.09523344898851e-08,2.24700416907718e-06
14,64239877,T,TTTTA,-0.0221754528980114,1.93297530432904e-14,8.20649412876851e-11
14,65487694,T,C,0.0162786925717137,4.26824614032306e-26,8.29337932194865e-11
03,72291224,T,C,-0.0176087283508261,1.4616747891194e-18,9.99673120774231e-11
03,142765897,T,C,-0.0165234742567775,2.02395052815448e-22,1.0078656432314e-10
08,9030160,G,A,0.0196966740397633,1.21465614910768e-15,1.0641849509987e-10
20,2823380,C,A,-0.0170612321131903,1.27130559836618e-20,1.20771854385691e-10
20,3212225,A,G,0.01893327382393,5.32006816498412e-12,9.1228266030564e-10
01,248129689,G,T,0.0466018828445282,1.9870871719636e-26,2.65208600544827e-23
01,248106292,C,T,0.0475783647999223,7.75784425068392e-16,2.26886297131309e-13
01,248145684,T,A,-0.0235851970651797,5.42830649907788e-09,6.23751455270236e-11
13,47237952,A,G,0.0167731752177741,2.16191947859807e-20,1.34067021481271e-10
17,42330122,T,C,-0.0162333772415227,2.04060945464365e-25,1.40322016298119e-10
05,43824677,A,G,0.0251949227405247,3.88539647352413e-13,1.4073384385413e-10
17,44019103,T,G,0.0186999527899418,1.8953688147421e-18,1.46787259296323e-10
02,145227458,T,C,0.0170744230603401,5.02069554907628e-19,1.5037254183277e-10
03,24343330,C,T,-0.0166931759125623,3.57057175951788e-20,1.64034369626082e-10
11,122533293,T,C,0.0162501236721083,4.12140378863869e-21,2.38424583050322e-10
17,37430074,GA,G,-0.0176994230010968,1.30856841436177e-19,2.48809933166412e-10
17,8112253,C,T,-0.0398718440994947,4.50852954733287e-10,2.77821851300927e-10
17,8124563,AATC,A,0.0222453885932681,9.47404720271214e-08,1.34612412338028e-07
06,7269220,A,G,-0.0389504672202136,2.88368517064826e-09,2.9281480070423e-10
06,7262540,C,G,0.01248301852121,3.16004102397438e-11,1.93690760671175e-06
02,233929975,G,A,0.0540944541125352,1.2531507319709e-09,3.61993212938529e-10
02,233945615,C,T,-0.0241669769914306,1.01552207202196e-08,5.4515462244769e-09
02,234145618,T,C,0.0128940133733601,2.30417479449368e-16,2.6066498335064e-07
19,8459565,A,C,-0.015788530748467,3.48741221240438e-15,3.86446757412019e-10
19,8411756,G,A,0.017490212677659,2.25301735924593e-10,9.89613671200664e-09
20,3336218,C,CA,0.0192572973778926,4.95437204660173e-12,3.92633384306418e-10
20,3008775,T,G,0.0154293153919662,2.16925465962222e-20,8.54723983146953e-10
02,227606545,A,AAC,0.045006769393329,8.25178586765199e-11,4.50219246538013e-10
06,140104489,A,G,0.0320973991178054,2.77821329361031e-15,1.17843855445268e-22
06,140036472,G,A,0.0989859511847197,1.21583220315372e-13,3.12187755269974e-21
06,140274844,T,TTATATATA,-0.0176480477498696,2.9626947586484e-16,2.43827121658837e-06
07,96117918,C,G,-0.0164646860206233,9.99343808745778e-19,5.57249400034493e-10
18,43308083,T,C,-0.0507820275612306,7.86643805191508e-26,1.85964399866434e-22
18,43816796,G,GT,-0.017830814339999,4.2767991711307e-22,6.50818874711163e-10
13,51390598,A,G,0.0156519752937266,6.37737507873284e-23,6.09032682327481e-10
16,31000726,T,TAGAAATGGGACTCTGAGGGCTAAC,0.0160241617079479,1.21986264767414e-20,6.51400869411816e-10
06,16281187,C,T,-0.0173665473929578,7.93549764421202e-16,7.50278117330214e-10
05,72277724,A,C,0.0153616520073615,2.96798064708084e-24,9.04091436432319e-10
X,57749268,A,AT,0.0153678971483747,5.46410712200941e-13,1.02585492344305e-09
05,131627536,C,CAAAAAAAAAAAAA,-0.018722027549651,5.27792308769862e-15,1.09266948452756e-09
10,80802333,GA,G,-0.0181860845073943,1.64773022387235e-11,1.10930418760821e-09
10,81156754,G,A,-0.0140465197895915,2.35354503651818e-08,1.05531440798493e-08
10,81108956,A,G,0.0120353232326355,5.06625178897481e-11,1.33715042655387e-08
14,68446954,A,G,-0.0190148702569959,1.03907096317768e-13,1.15541858818883e-09
05,102621877,C,A,0.0157628526268357,4.31174887353728e-19,1.18964762408095e-09
13,45605747,T,G,-0.0290968882780895,5.59686408066023e-11,1.28501436484223e-09
12,960343,C,G,-0.020090731327858,8.60961273026197e-12,1.65605192463927e-09
12,724279,C,T,-0.0129623507689929,3.0477210543851e-08,8.26860914221958e-06
01,221001142,A,C,0.0253797837123055,3.07649576135355e-11,1.72396940037762e-09
22,21811991,C,T,0.0316213147699018,2.02315383306205e-09,1.76951583518734e-09
22,21997591,TC,T,-0.0166787918577769,1.09443550244542e-07,6.52767093645845e-07
02,202367618,G,GT,0.016336923650908,5.47718996043057e-16,2.47073639738312e-09
11,47652476,A,T,0.0362153232779797,3.05673632185462e-10,2.54568691984652e-09
20,33869793,C,CTT,0.0204463509903323,2.15188675791134e-12,2.55721488282978e-09
20,33772476,C,T,-0.0256328757949245,1.53092643630755e-06,2.02091285608507e-06
06,126258892,A,G,0.0148743249134513,2.28143501989535e-22,2.66204016959691e-09
16,84749734,A,T,0.0179513793636464,7.46477155905583e-14,2.78501458114705e-09
17,7423230,CT,C,-0.0153000865198198,1.21609834464323e-19,2.89026534998007e-09
19,49377319,A,G,0.0149797601514758,8.3846080280346e-12,3.05061830435388e-09
19,49132867,G,C,0.0767952425715658,8.38176522102161e-10,3.28150319015047e-09
19,49237062,CA,C,-0.013128264944713,8.14833113582833e-13,9.63461753399878e-08
01,171533614,T,A,0.0159310489766993,7.09204199070196e-16,3.11861624560431e-09
01,171739295,A,G,0.0170277978120997,2.82546165958227e-08,1.09036307355391e-06
20,1923973,A,G,0.0164758620842306,6.44018721101867e-11,3.18263304135088e-09
20,1607388,C,T,0.0148326977540002,7.10590739279468e-07,3.94374363270518e-06
20,1818613,T,C,-0.0116982528363414,5.30618166275826e-10,2.19570524014877e-06
06,27180037,A,G,0.0218049421471581,2.80664067293409e-16,3.68767275000153e-09
06,27448089,T,C,0.064593757917152,5.55075127499e-10,1.94131429214219e-08
06,27025687,G,GATAA,0.0508701426717505,1.05381953979214e-07,3.00423656283188e-06
01,45736852,A,T,0.0203697581463356,9.94986882748127e-17,2.21018434771839e-10
01,45306595,G,A,0.0313613340034316,9.51209678716077e-08,2.72510752619661e-06
08,102076240,C,G,-0.0235898757093007,1.11263253814376e-10,3.76296828250408e-09
08,102005728,G,A,-0.0133214705753122,2.54146480465152e-13,2.03387927913036e-07
08,101780726,G,A,-0.0128841385255787,2.34575793741276e-07,2.00956666570369e-06
16,68702077,G,A,-0.016640462026916,1.48161740186785e-14,4.13533416072702e-09
17,80464070,C,CTAT,0.0200260410451577,4.60289251323895e-14,4.13812184861557e-09
17,29349688,C,T,0.0237196123759131,3.75867432663167e-11,4.72283075908201e-09
15,80368156,T,C,0.0152734752759811,1.55392590449252e-17,4.79950520217146e-09
16,88752602,C,T,0.0804702103640938,1.04091021359102e-09,5.14510430706571e-09
16,88766740,C,T,0.0164445369013334,5.50161610711664e-10,7.59298552267804e-07
16,89043454,T,C,-0.0236733743863328,4.47174146534862e-07,6.50931404081859e-07
14,54457231,C,T,-0.0150626746020495,3.31943397111281e-18,5.32593358612894e-09
13,113869045,G,A,0.0174025878714701,1.91553143309164e-13,5.3626522334901e-09
14,55708364,GA,G,-0.0260503519409607,1.92101389817111e-10,5.37078812655123e-09
01,56579583,G,A,-0.0283444660214691,2.66544331387921e-49,2.09107564942633e-32
01,56313991,TG,T,0.0247689065636094,4.26750272087165e-33,7.11809244515448e-25
20,38563245,A,G,0.0147245773152534,3.2631492637185e-19,7.02837841400032e-09
06,110760008,A,G,0.0169673342549604,1.86474274802253e-13,7.31754035399395e-09
16,4497199,C,G,0.0165935703536399,7.67928269644842e-14,7.81682772916562e-09
12,94136009,C,G,0.0148523147858754,3.66413346369497e-23,7.86368620967834e-09
12,93745485,A,G,0.0293197485020255,1.46723896333552e-07,6.66489462116531e-07
06,137107938,C,CT,-0.0150426682496823,1.85431785943901e-17,8.84592722213967e-09
12,48512285,A,C,0.0183719566152481,4.57724711993731e-11,9.25255585545117e-09
12,48175570,C,T,0.0175838522139255,1.32609264809001e-10,2.36043603250134e-08
01,2996602,C,T,0.0170496219241766,2.86772560658319e-13,9.85780573804837e-09
16,89888201,G,GT,-0.014769202228244,3.43689791078305e-21,1.05821580038635e-08
20,30520131,C,T,0.0348673146115568,2.72154769791274e-10,1.06925473348711e-08
20,30863169,T,C,0.0191894955920877,5.72183647382746e-09,1.57183658045855e-06
15,63888495,A,G,0.0146963720314317,5.42918561976461e-19,1.07373599433385e-08
09,16885017,A,G,0.0148487537842091,2.91312373859501e-18,1.08777689972626e-08
12,50993178,C,T,0.0144756391005915,1.13429862430342e-18,1.10915233065843e-08
12,108101129,T,G,0.0145234393696601,5.38442943034179e-18,1.18523013081509e-08
16,209816,C,T,-0.0147404186639822,7.98057249019173e-17,1.21352097791676e-08
14,105644421,A,G,0.0144345174257758,1.14428088296414e-17,1.51340660251608e-08
19,45741353,A,G,0.0158409432512071,8.62432808270516e-12,6.44011421080965e-09
19,46182304,T,A,-0.0169058632159574,7.16141186226203e-10,1.5199052827827e-08
15,42229838,G,C,-0.0155055864759213,2.95351270605915e-14,1.65848647187106e-08
02,37063240,CT,C,-0.0141613253765575,1.14110295735274e-20,1.67641591444618e-08
22,37462936,G,A,0.0141891377946873,1.4611606172023e-19,1.76654447314302e-08
19,13111374,G,A,0.0172833308172786,4.19576618148272e-21,1.88348326260831e-08
19,13072596,G,A,-0.0260553196460121,1.46969173095718e-10,2.67235894985334e-07
06,141207029,T,C,0.0630588242138795,2.96145659264097e-09,1.88602934505714e-08
06,140914470,G,A,0.0353388528254135,1.02264026185156e-09,2.72519266781503e-08
06,141449580,C,T,0.0671051999508347,2.32948651380996e-08,1.15658079337922e-07
04,83654117,G,A,0.0164257105434081,6.27421331644859e-13,1.91361915440411e-08
06,33239869,C,T,-0.0265585923751317,1.47335282882122e-09,1.99386112368627e-08
12,133294371,A,G,0.0334505256337099,4.61379041887291e-09,2.16704732414356e-08
20,61552984,AT,A,-0.0146352905597086,4.68057716381091e-20,2.24364863512901e-08
12,8846076,C,T,-0.015575262782359,1.47484021968984e-13,2.40309257048928e-08
04,187816644,C,T,0.0184050350723697,2.78753346743466e-11,2.42712985866713e-08
07,138713130,A,C,-0.0139870854839184,7.52612114178885e-22,2.6014180987567e-08
13,33184753,ATT,A,-0.0143730458679093,1.20165382423911e-16,2.72569135226195e-08
07,100235248,AAAT,A,-0.0169780474533549,6.13471526131792e-12,2.76741724759468e-08
02,65684152,A,G,-0.0140562543872404,1.17055347831583e-17,2.82525257360661e-08
01,247981513,A,G,0.0697090788645101,2.06336528815012e-57,9.72146861187263e-41
01,247959038,T,A,0.060382529836691,6.3415890184934e-44,1.22395796153878e-29
01,247952002,T,G,0.0866784159280051,3.39238801860744e-17,4.30104196068694e-13
02,60724087,T,G,0.020466325316935,3.26374933546024e-10,2.91745008468888e-08
02,61183882,G,A,0.0145805326484359,5.06906943856778e-17,4.24941484971219e-08
18,57914679,G,A,0.016281896045268,5.77537912178185e-13,2.97991715256005e-08
03,141253434,GT,G,-0.0146399652881111,1.6538347611317e-15,2.99393090755212e-08
05,40774652,C,T,0.0151802142899768,8.19754633757837e-15,3.36658979980449e-08
06,7143859,C,A,-0.103585354459525,-99,8.02868731499613e-06
22,29748859,G,A,-0.0438960600937742,-99,4.32925637251009e-19
06,30138476,T,C,-0.262099074884905,-99,1.23391203591335e-23
11,65837599,T,C,0.0316883532591273,-99,1.29075722073776e-13
