chrom,pos,major,minor,beta,p_value,gwas_p_value
16,53806453,A,G,-0.0319243813380444,1.7116787609799e-155,3.61919795278791e-67
01,149906413,T,C,0.0318502710386271,3.65679427449324e-157,4.90923073298186e-67
18,57856414,TG,T,-0.0331310689664275,8.12098416693652e-101,8.9648241470325e-59
01,155175089,C,T,-0.0881922380529191,3.22617060135848e-51,8.16528881690855e-49
15,84575367,C,CCACACACCA,-0.0244716218271671,2.98897217515877e-117,1.32367479509606e-41
10,96038686,G,A,-0.0241210308729134,7.21845682608537e-98,7.21779877465416e-40
15,89415247,C,G,-0.0250814582702691,1.91874127308842e-58,1.33301841071117e-34
02,27730940,C,T,0.0182674249047417,2.17413197500945e-48,1.0623153863401e-33
02,27674931,AAAC,A,-0.0168689035815057,8.05297797538988e-15,1.65085038609704e-23
02,227047771,T,C,0.0199894631033221,6.44456435083442e-37,2.20673359698415e-32
02,226980559,C,CT,-0.0133874991601137,4.12812667213221e-14,1.52864044348893e-13
02,227261317,A,T,-0.0123885562330804,1.83751269502711e-13,1.26531308017367e-14
05,82810884,T,C,-0.0539843783537977,4.7412555465738e-35,2.76521820432834e-32
02,198643631,G,A,-0.0214503690074199,7.36855009247559e-87,4.44071780300067e-32
04,73519842,C,T,0.0350276965280496,1.3256800385054e-23,1.92382211966736e-30
04,73504378,T,C,-0.0136719314298252,2.55476557341094e-38,2.62569707276357e-23
03,38496193,C,G,0.0206597576491088,1.36533212710912e-79,1.02061411158713e-29
X,68381264,C,A,0.0191288842280123,8.09916304682874e-39,1.20400752592697e-27
01,219753509,T,C,0.0214134773425095,2.40467791910493e-49,2.03635901772827e-27
02,620297,G,A,0.028054166024733,3.95609213434508e-35,3.42866560077554e-26
02,466003,G,A,0.0443456664413053,8.24457690080897e-29,1.12725655059792e-25
11,27679916,C,T,0.024564484854869,6.49839631303495e-38,4.33897627574765e-26
05,53112756,A,AT,0.0194513601411523,3.65660022874323e-58,8.07272190611598e-26
15,100692953,G,A,-0.0320711672086655,3.01443950899276e-32,9.37181901295082e-26
15,100514063,T,C,-0.0161115294905528,1.06326756475185e-24,2.11697169108184e-13
15,100779250,G,A,0.0135612828824483,3.1506728387144e-18,2.87372916329941e-12
07,73012042,G,A,-0.0278534115378939,7.28336077469184e-32,5.96106585094369e-25
22,40697377,A,G,0.0192540529461206,5.16685416092015e-48,5.43571569541668e-24
19,47569003,A,G,0.0193600215505946,1.43138305826394e-44,1.88490586528557e-23
09,95055429,A,T,-0.0189697550475524,7.34096172582068e-44,9.53299482594191e-23
01,177889025,A,C,-0.0214674866248847,1.44744379000266e-32,6.25576983318179e-22
01,201016296,G,A,0.0265814400315709,8.24145651350315e-27,2.19302599720945e-21
05,55804552,C,A,0.0212143011082581,6.22228010057761e-29,2.80610539277903e-21
05,55868097,C,T,-0.0167460430330316,1.29148094300125e-23,5.96088764762226e-15
02,217674017,CTCACAT,C,0.0174370085301784,2.06575782352045e-38,5.42170658212406e-21
02,218120700,C,A,0.0124921773942017,1.41410821234682e-11,2.48126245596876e-09
12,124409502,G,A,0.0182472448112233,7.20268490644739e-39,6.72011595546234e-21
10,72431265,GAATAT,G,0.0191425283304345,4.06899759568813e-36,7.7674587730946e-21
01,170705685,C,CTATATATATA,-0.0174028816607561,8.83054754403661e-44,2.25649290312395e-20
06,105397418,G,T,0.017868801477906,6.46910233406543e-38,2.97914224718435e-20
11,130268147,C,G,-0.0168546639484096,1.22108661270672e-44,1.18054950411518e-19
15,74232437,G,A,-0.0163248434399192,4.47998099553362e-51,2.19400427940971e-19
05,108106624,A,AT,0.0192704393386953,1.26506931653349e-29,3.84179438726917e-19
03,50022069,G,A,-0.0198969122815658,3.42433646386812e-51,4.7930329829648e-19
03,50434984,T,C,0.0209694793008932,2.24981716592632e-15,4.55222036475764e-10
09,136149229,T,C,0.0172627341654846,1.02137870302584e-34,8.02257821514271e-19
08,10517347,C,G,0.0162617540029369,2.80800772476391e-43,1.23656281140375e-18
06,34395300,TA,T,-0.0223749583982711,7.8546185890157e-25,1.63430750480463e-18
12,48408013,A,G,0.0183587816541467,3.28910549071457e-25,1.69306325513532e-18
12,48148180,C,G,-0.0115301557802139,3.24689471631877e-12,9.95756229335227e-09
03,52725718,ATT,A,-0.0160198342597484,1.3824592666388e-51,2.08920157204686e-18
19,8670147,C,T,-0.0438013498573231,1.17601343860313e-19,3.24306801148133e-18
12,111826477,AAATT,A,0.0159342867077759,2.30024065932503e-49,3.59289667021494e-18
03,85650284,G,A,-0.0166264286087047,2.95640173295761e-36,4.39003312353102e-18
17,47382240,GTA,G,0.0166508459706433,4.43295272480812e-41,5.1916245069011e-18
02,211540507,C,A,-0.0167754170870662,5.29924635358129e-33,5.98858102656998e-18
03,185828465,T,C,0.02008388871281,2.59350358363254e-25,8.98659454790593e-18
12,46752872,C,CA,0.0159478807709406,4.52173731206444e-42,1.12728638402048e-17
09,78511889,G,A,-0.0236997402864877,4.28566200250092e-22,1.50925928166301e-17
04,25408838,G,A,0.0182566923268605,3.15959656638673e-27,1.53613305613596e-17
19,33891013,A,T,-0.016925319714308,7.78209819971173e-30,3.1461804177842e-17
07,127015083,G,A,-0.055304893050624,1.04885044072236e-17,5.34172700965612e-17
09,94975957,C,G,-0.0161738877373207,6.23947659259062e-27,7.93601615591637e-22
09,94486321,T,C,0.0131385827463752,1.11023988234821e-18,5.51668517941504e-17
19,19665643,C,A,0.0189270551022498,1.58227779893334e-24,7.87099476579222e-17
01,221313900,A,T,0.0152579207167057,2.94649264735629e-38,1.02855107430638e-16
16,88321027,C,T,0.0385942156915332,3.34704816806258e-17,1.06062720149671e-16
16,88554317,T,C,-0.011141883073661,2.54492830392482e-19,5.23957180776604e-09
03,150097635,G,C,-0.0294283387321349,8.12224758249844e-19,1.91496730859997e-16
10,77209145,C,T,-0.0149925440858545,1.74692178428645e-40,2.38142592436846e-16
03,50174572,C,T,-0.0166829644224922,1.71848497246513e-32,1.98504999105657e-18
03,50569152,C,A,0.0209982874974387,5.442150900539e-19,2.53665887099305e-16
11,65608274,C,CA,0.01512972826395,1.03839507483908e-45,3.27898495152189e-16
17,7571752,T,G,-0.0709928147051922,7.18240226577242e-18,3.64948090004872e-16
17,7732351,A,T,-0.0127646961290932,2.9577469569411e-27,1.13496491056313e-10
20,61451332,C,T,0.0297978850101445,1.54530823929858e-18,4.34970065915958e-16
02,56102744,A,G,0.0165615040977717,1.24830206328379e-14,4.57853090198911e-16
02,56094578,C,CT,-0.0138496926553445,4.50226602384383e-15,4.51165865047185e-15
09,96426049,TCACA,T,-0.015904743585389,1.05175728845406e-29,4.64474469831282e-16
06,130349119,T,C,-0.017140908418654,3.43306177314739e-25,4.80751714185878e-16
10,65112397,C,CAA,-0.0148363039767852,1.27597849812009e-41,6.1503625574504e-16
07,150668070,T,C,0.0152520797107876,6.92274699602799e-32,8.51965609892408e-16
14,25948867,T,C,0.0158022108666359,3.28125568527225e-31,8.89825560870134e-16
01,152285861,G,A,0.0511785785221118,1.20400741730105e-16,9.62482199001607e-16
19,7115650,GT,G,0.0193176075223546,5.36810988906955e-23,1.01084235200006e-15
06,50788778,A,C,-0.0188597175342294,9.07210786576098e-22,1.32348220582914e-15
16,29954654,G,T,0.0145423867360992,3.41086562809853e-38,1.37312675524984e-15
16,19904344,A,T,0.0205103707898291,3.01017115420583e-20,1.87019630366942e-15
09,127085612,G,T,-0.0239091341804707,1.78937442901957e-18,2.15230136597518e-15
14,50923249,C,T,0.0279534885951348,1.35089533170683e-17,2.16243962730159e-15
14,102590527,ATT,A,-0.0198399279628957,7.33394266952077e-22,2.48624128920504e-15
16,24550930,G,A,-0.0169154291550692,1.38623724986687e-23,2.59972619919143e-15
16,24950880,C,T,0.0638127050067335,1.76491692492403e-14,1.87213328582107e-14
03,136011078,G,GT,-0.0153933627163957,3.20752818418066e-31,3.10314671286837e-15
11,77925880,CTCTACTGAA,C,0.0193588846091208,1.52552979683552e-20,3.14321061195858e-15
03,12329783,C,T,0.0220693170921627,7.15655061255537e-19,3.50271437015615e-15
16,81511079,C,G,-0.0131731256060938,1.72468394060844e-20,3.66402902056165e-15
16,81603619,C,T,0.0125296134642008,1.51104996659786e-16,1.26223847046981e-13
06,32066177,T,C,0.0144178951263282,6.50538609853124e-22,3.6672567813501e-15
06,31866939,G,GT,-0.0319641106689891,4.04380674271605e-10,8.23471320099215e-12
03,70661885,C,T,0.0156740864961054,1.2378836336773e-25,5.65255569142093e-15
01,1669143,C,T,-0.0152753722956834,9.17632127683877e-36,5.67522642739919e-15
05,75003678,T,C,0.0143842471620776,5.84330983276431e-32,8.38606704053365e-15
09,86526044,C,T,0.0168645208356192,1.48294467620172e-21,1.85051196228382e-14
05,88055481,C,T,0.0168283369751618,1.31345178401138e-21,2.16241634670284e-14
01,10378451,C,G,0.0188004744981469,1.91461635096352e-12,2.9818083557653e-14
01,10731625,A,G,0.0124799775106679,2.24801439006271e-26,3.90521214396921e-14
13,51254196,A,G,0.0140733742104092,4.54331228144062e-32,3.14048844008013e-14
07,76686511,G,A,-0.0219718868121625,1.80757915742744e-18,3.42524679639965e-14
11,10393468,G,A,-0.0117112182189711,2.70409593039655e-20,3.77641432809323e-14
11,10366873,AAAAC,A,0.0118801304846744,7.80481946256768e-17,4.53230517941248e-14
02,220353440,G,T,0.0146409415897951,3.57922991540321e-26,3.95672814079735e-14
03,49106976,A,AT,0.014820229036867,2.2479003556759e-33,3.96361845657153e-14
04,145659064,T,C,0.0231282430141117,9.80542432976172e-17,4.67665602466734e-14
22,41753059,G,A,0.0181767206322715,7.38096748555113e-27,5.11727089396826e-14
22,42038786,C,T,0.0300135465820033,1.92275783193676e-15,7.99252966970278e-11
12,54437750,GTT,G,0.0154287249848734,8.48834776815241e-24,7.46889673470619e-14
14,94838142,G,T,0.0473298545334314,2.02264704047222e-14,7.68900733409831e-14
05,127849716,A,AAT,-0.0189694131555116,2.55296988528899e-18,9.03317237421454e-14
05,64555615,C,T,-0.0136139379433194,2.01113600326409e-34,9.87162291815917e-14
01,154848581,T,C,-0.07913571073879,8.98174966914691e-42,7.62156929117106e-40
05,88798722,GA,G,-0.0148689707065168,5.64232076238949e-27,1.21152445528704e-13
01,9418833,T,C,0.0152459165099484,4.02705372551491e-24,1.30707816739865e-13
01,9349150,C,T,0.0154622334869601,2.36803373527599e-19,2.52585752049571e-12
17,43996430,TA,T,-0.0156802341477347,1.87443064639415e-22,2.01512394775681e-13
02,165555597,AT,A,0.0139438933475422,1.92719060092393e-26,2.04131013169599e-13
06,108994826,A,G,0.0147373059388204,6.06820091466648e-23,2.23533460932115e-13
20,50951298,A,G,0.016906738249706,5.78676900084192e-19,2.49295108105311e-13
01,150552042,G,A,-0.0187415360192164,3.51021151374649e-17,2.49868011826885e-13
01,150116525,A,G,-0.0202831672633842,1.6888331131298e-13,2.01269493340685e-11
15,67370121,A,G,0.0135865697540449,1.46880604725084e-34,3.22971421456145e-13
15,67463106,C,T,0.0488142017815301,2.190018157027e-10,9.91769508032299e-10
01,72819884,C,T,0.0165426938858289,3.8859379182669e-19,3.58322567071756e-13
05,176520243,G,A,-0.0143790686909343,6.52186325957476e-23,4.01709942679158e-13
06,126678331,T,TA,-0.0131408403455446,1.45987948880482e-33,5.16909188170584e-13
07,39170263,CA,C,-0.0149637468726569,1.43345604325403e-16,6.2245600231903e-13
07,38769011,G,GGT,-0.0211766011183885,2.91611640589886e-10,9.74965494762828e-11
06,26328365,A,G,-0.0130615354236503,1.26153650470846e-34,6.38622413813576e-13
X,99961929,C,T,-0.0111743785228698,2.49079827847728e-21,9.10468657694565e-13
X,129297278,CA,C,-0.0111156451469031,1.16597789818759e-25,9.22806672603514e-13
05,107458637,G,A,0.0172714129777473,1.77847594454359e-17,1.05326102699366e-12
14,23312594,G,A,0.0157270765232778,6.5729721024673e-19,1.06343188745218e-12
10,99980127,C,CT,0.0139962222207215,4.89808943855398e-23,1.08288916161171e-12
03,42733468,C,T,-0.0149718942630231,3.36030298015677e-20,1.16202038516166e-12
15,77591777,T,A,0.0135113301695375,1.1767695914333e-24,1.27785868924137e-12
07,94021475,T,C,-0.0156145781008516,4.18108986390189e-19,1.40522750066563e-12
07,50802158,C,A,0.0228320264917088,9.26387444002697e-15,1.49688630255296e-12
18,53397199,C,T,0.0164730641736716,1.08864454767261e-17,1.54443660621686e-12
02,242050740,A,G,0.0135010235474987,5.01008309552824e-23,2.27659879931238e-12
07,46642734,A,G,-0.0127924206127877,5.72657944331126e-30,2.64997592348078e-12
07,27241660,C,G,0.0140734815462487,7.04489813210165e-21,3.3628379185415e-12
20,32679575,ATT,A,0.0129824049115018,3.87659653026849e-27,3.44573277765441e-12
01,65943872,G,A,-0.0129013384115594,9.67230282131302e-26,3.63442493449327e-12
02,176966889,TC,T,-0.0133023529401806,1.95863564260348e-17,4.01956979831355e-12
02,177016728,T,C,-0.0125138377844424,6.57981519048193e-15,9.65447911937236e-11
06,18924009,G,A,-0.0127073821352718,1.07655237473492e-26,4.94255113156385e-12
19,7972615,G,A,-0.0126044598531192,5.76185901575699e-28,5.21985736020746e-12
01,33795572,G,A,0.013304068673506,5.81940345320109e-22,5.79110623081659e-12
11,62447563,C,A,-0.0136605222484891,2.39770073945985e-21,6.18995510815104e-12
02,37995422,T,A,-0.0132473461164313,1.04202211120835e-31,6.52237564845389e-12
02,38055143,A,G,0.0235707098868617,4.32421836675792e-10,1.30853287718867e-09
13,50426772,TTTTA,T,-0.0135542122283376,2.64997369927795e-21,6.53578369824109e-12
12,3338920,GCACAGCTGGGGCTGA,G,-0.0155634379840591,3.8833412095976e-18,6.54862657867254e-12
05,137719106,GCGAA,G,-0.0154951328181343,2.87394421787834e-17,6.95540254314218e-12
09,119124535,T,TAA,0.0154438759325325,4.07559547475794e-17,8.10714788929026e-12
13,76083185,CA,C,-0.0130582842794777,1.0688805366769e-25,1.27057363755336e-11
08,95568527,G,T,0.0135988265359084,1.42638187347455e-19,1.30466540983952e-11
07,19016871,C,T,-0.0170188487594816,2.0174450750751e-15,1.3935380042875e-11
01,109946095,C,A,-0.0135605300955802,6.44635737414506e-21,1.40290348152432e-11
02,33577965,C,T,0.0304584556719672,1.73056877936327e-12,1.40454738240507e-11
12,991306,G,A,-0.0149312430477691,6.12783753959734e-17,1.48061023203874e-11
06,140578098,T,A,0.0136717453522128,2.71241022257109e-19,1.49596248380607e-11
14,35454396,A,G,-0.0122761100946438,1.06534482214699e-27,1.51203916500435e-11
X,131428143,G,C,0.0144202111837585,7.13627384929302e-14,1.57426401895045e-11
02,183238919,T,C,0.0128551249469161,3.35424557954074e-22,1.86722249727701e-11
01,150950800,G,A,0.0140438836706225,1.62069274579216e-16,1.67611613830035e-11
01,151451346,T,C,-0.0153242478344913,6.95101782703148e-12,1.91503810092535e-09
16,2160973,A,G,0.0207954558742335,1.5497888266297e-13,2.25209545685306e-11
09,139089066,TC,T,0.0172317795892072,5.7713426205117e-15,2.26961426198194e-11
17,77772068,G,A,0.0121523062096438,3.60194701280122e-31,2.31052574954545e-11
19,18386813,CTCCAGGGAGTATGCA,C,0.0125911340879027,3.76522966119668e-23,2.37973037695106e-11
19,17214073,C,T,0.0133513096911644,3.47388549817747e-19,2.59110114642996e-11
22,38613768,C,G,0.0122220199836069,1.391550720762e-28,2.64805760379672e-11
01,119550480,C,A,-0.0122509129812149,3.34900254145461e-26,2.72398345452078e-11
20,62426393,C,T,-0.0258118990229558,1.71246751740254e-12,2.76276393529779e-11
02,172414553,A,G,0.0139442549161927,5.74223685296488e-18,2.94419852682934e-11
14,101999598,G,A,-0.0126600467100596,4.2195857764409e-22,2.95459088312411e-11
16,86417539,C,G,0.0141044814523022,1.11346307215239e-17,3.00993797890563e-11
07,28189411,T,C,-0.0120131978694775,2.99582509031741e-31,3.25080460688133e-11
09,129672095,A,T,0.0121456850691719,8.17051253150104e-30,3.51376674283268e-11
X,53717223,T,C,-0.00995196573266379,7.59087565965166e-25,3.74253756429763e-11
01,113256368,G,C,-0.0178429435595499,4.90150022242378e-14,3.77638324322241e-11
04,89730074,C,T,-0.0120052528918192,1.10018523154859e-27,3.95487784610054e-11
12,51116036,GTTTATTTTATTTTAT,G,0.012864553774905,7.06878550828915e-20,4.20290610228e-11
08,145504343,C,T,0.0125916886926227,1.8161158160002e-22,4.29675860212451e-11
01,201865763,G,A,-0.0125973214312822,6.96125446649509e-21,4.4287488525794e-11
11,69307444,C,T,0.0119541118310954,7.70531311470756e-30,4.89341757261188e-11
08,89427964,GAATTA,G,0.0129005876170869,2.11206625520851e-19,5.13051848955802e-11
14,91499131,G,GA,0.0123849766300537,4.05919309541731e-24,5.21190520033647e-11
05,41927601,A,C,-0.0200832317012943,5.44803637500794e-13,6.87668312795285e-11
14,84900327,G,A,0.0123365789636345,1.31962402098101e-23,7.59554759300786e-11
02,1645761,A,G,0.024250130528182,3.98977799014483e-12,7.66460818562017e-11
04,159808910,C,A,-0.0122300193398206,4.59695525376917e-24,8.2466238160491e-11
08,98943598,C,T,-0.0149572818076393,2.90389983764283e-15,8.76632487721542e-11
14,56166871,C,T,0.0133315508890373,1.5714881288166e-17,8.83450687742426e-11
X,137050402,C,CT,0.0143876542990174,2.14072000153233e-13,9.27876843921006e-11
19,13612011,AT,A,-0.0122912954370031,5.86722450880388e-22,9.60355538050304e-11
15,89972437,G,C,0.0369347146662761,3.46070636154174e-11,1.05900242469885e-10
06,101033379,A,C,-0.0117282474943567,2.12645800565086e-27,1.06810354263104e-10
08,34348903,T,C,0.0130807406279131,3.39585998317232e-18,1.07981439596825e-10
02,69299382,T,A,-0.0116898716737458,6.06701614988059e-27,1.16240083215449e-10
05,68048389,C,T,-0.0126010798564941,2.61304660024379e-19,1.17499571621214e-10
17,45622690,G,A,0.0221765926522655,1.63795736153092e-12,1.19241456370585e-10
03,133923423,A,ACACAGC,-0.018120157013792,4.24551993151976e-13,1.19406913009506e-10
04,57792682,A,G,-0.0117501210825766,1.4174627830891e-24,1.22431031273476e-10
01,160160801,T,C,0.0328208788622991,3.21265261061898e-11,1.31575459984306e-10
17,42326258,T,C,0.0127430074866455,2.31853265701493e-18,1.57820626795534e-10
