chrom,pos,major,minor,beta,p_value,gwas_p_value
16,53806453,A,G,-0.0429972309241833,2.2232899148321e-241,8.93789358964806e-104
18,57848651,A,G,-0.0443805496198446,2.18910969818893e-132,6.9930143146844e-83
10,96038686,G,A,-0.0325060712161895,9.91386283926664e-152,2.5106931061543e-61
15,84575367,C,CCACACACCA,-0.032207271746123,1.21040365960646e-173,5.13386393689738e-61
02,417167,T,C,0.0690220761465723,2.80959271627249e-55,6.36038178068449e-46
02,613046,CAT,C,0.0362007281852419,6.68022470560864e-55,6.36143903091784e-40
02,286756,C,G,0.0149903129817712,2.02772675709804e-22,8.56294855999712e-08
15,89415247,C,G,-0.0289833895427944,7.72118344812615e-67,1.76643109670484e-39
01,149927034,A,C,0.026480042112993,3.52464171636514e-57,9.29265509491468e-38
01,150257714,A,G,0.0137557201614061,9.7375345271211e-21,2.38872867486822e-11
02,27730940,C,T,0.0235064261279249,4.74895247873517e-57,1.09171794016219e-36
02,27738632,ATTTT,A,-0.0149608976359778,2.24410727409767e-17,4.32010520446844e-17
04,73519842,C,T,0.0456845739088919,1.50519734987077e-30,1.52203016453747e-35
04,73771353,C,G,-0.0131342917351048,2.40164612585231e-14,1.42295181785142e-06
04,73504379,G,A,-0.0130038032670702,5.41461044299591e-20,2.38150687250314e-20
01,154989823,T,TGGGGGCAGTAGAGGGGGCAGTAGA,-0.0242371239221966,1.05033562038858e-32,4.2732007045994e-35
01,155413304,A,C,0.0174347173700105,2.61394152661006e-21,6.79891564426301e-16
01,177889025,A,C,-0.0293346329593219,3.04635665427973e-51,3.21470470624793e-34
05,127357526,C,T,-0.0271800369949348,5.07164069240258e-54,3.70193379281615e-33
01,155174106,C,T,0.014587932301047,7.4734397156237e-31,6.11392249304444e-21
01,156146689,G,A,-0.0418518921321583,1.29863404144024e-09,3.12186602138102e-10
15,100692953,G,A,-0.0383776460374814,1.46946107034416e-39,1.02717592872012e-31
15,100514063,T,C,-0.0173731863797835,3.42694172184179e-25,9.63250126646804e-13
15,100758385,G,C,0.0156204777856473,1.63693267222163e-18,8.27913662327132e-13
05,82810884,T,C,-0.0571505085111612,7.63657744905948e-34,2.91801648146469e-31
02,198643421,G,A,-0.0226378199804502,2.31269168317923e-83,6.69431769479211e-31
19,47569003,A,G,0.0236323917232055,1.30743704874386e-56,1.27104356111092e-29
11,27679916,C,T,0.0281948256128506,1.00626134850284e-42,2.48076592532414e-29
X,68381264,C,A,0.0211802680403612,7.84745919972257e-41,4.6673540979388e-29
17,47328183,C,T,-0.0204602224033792,4.32388100417899e-35,3.00145909935787e-26
17,47536040,GGC,G,-0.018352480630191,2.54397855639437e-08,1.4983586587193e-09
03,38496193,C,G,0.0206963113322383,4.38898756646671e-65,4.77009275678892e-25
03,38964159,A,G,-0.0256814921504639,4.81825327037354e-07,4.86951933065126e-06
03,185828465,T,C,0.0259664575692213,1.17584779054414e-35,6.37366885493325e-25
03,52725718,ATT,A,-0.0198746572584359,1.09342654041536e-67,7.80313037339166e-24
06,50788778,A,C,-0.025472709160773,3.2303562314709e-33,1.52921644821059e-23
03,50190346,G,A,-0.0200734794935404,1.20216755788666e-48,1.95224379457374e-23
03,50569152,C,A,0.026347156431712,1.7670422770748e-24,5.43607729558511e-21
16,19926191,T,C,0.0248211233044978,2.08303753427458e-23,3.01751526615876e-23
16,20021535,A,G,-0.0148904778612204,1.60130722490425e-15,5.34389784993867e-15
16,20245283,T,C,0.0164105046579466,5.20173760367239e-09,6.64628543781071e-06
10,72433203,GA,G,0.0218838163201743,3.48284814705386e-40,3.33514526264837e-23
07,150668070,T,C,0.0164330800952377,8.08306121203867e-28,5.10401067711028e-23
07,150524681,T,C,-0.0135243539732488,8.92207481733931e-18,2.95421211123129e-20
07,150784265,T,A,0.032304133670612,5.63524494481144e-07,6.59696639901471e-06
13,51099577,G,A,0.021982244593596,1.61085122937642e-27,5.69110071310486e-23
13,50703690,C,T,-0.0156868463948838,5.64204772406365e-15,1.24808229201304e-09
13,50730084,G,A,-0.0317798228559326,4.02769182020279e-10,8.97240063885878e-10
16,29954654,G,T,0.0192060013619921,2.10509218479084e-56,1.33858003428328e-22
12,48396920,G,T,0.0228940732320105,5.24696006421823e-30,2.01216414295591e-22
12,48143315,A,G,-0.0481428084148635,2.08257736027589e-07,3.17133782321141e-07
12,48139351,C,T,-0.0123575282953961,6.77718410410558e-09,5.92851122532222e-06
12,46752872,C,CA,0.0179115302285926,1.24302255661357e-43,2.0844172222154e-22
12,46704740,C,T,-0.0179581471476469,1.28980156852824e-07,1.09076468026405e-10
05,176520243,G,A,-0.0207540760591548,9.89914782933803e-40,2.72521349610945e-22
07,127015083,G,A,-0.0691028217679999,3.13632993252009e-23,2.77107359553086e-22
07,72995910,C,CA,-0.0254652468841216,1.27781595879157e-19,3.27312621967215e-22
07,72699130,GC,G,-0.0167232585894652,2.83269587412163e-07,9.03534087054941e-12
22,40611012,G,A,0.0202157490759453,8.67828981166166e-42,5.26502753310068e-22
17,7571752,T,G,-0.08620033155815,2.13967797018474e-22,7.33504892495628e-22
06,34405046,T,C,-0.0219243717628859,2.66545882387746e-19,1.17675408158012e-21
06,34706358,G,A,-0.0111998607702452,5.77989367423708e-10,8.1660545504746e-12
03,51311574,A,T,0.0243252329805482,2.48305041198525e-30,1.61329225535616e-21
08,11440019,A,G,-0.0184057672965836,6.72854658318572e-55,6.85716493670444e-21
07,46642308,T,C,-0.018233318366284,1.71924257558053e-35,8.08247327800265e-21
07,46143950,G,T,-0.0155107471124302,1.84335296029436e-09,4.7108035890517e-10
07,46736904,T,C,0.010838018120367,5.34658546902365e-08,2.38291718483299e-06
15,74234082,C,G,-0.0170167833342612,7.76525486633663e-34,1.04866055392248e-20
15,74472716,A,G,-0.0131680755379484,6.89453211777078e-10,1.79087257774178e-11
02,172414553,A,G,0.0210699451119818,1.0195580544271e-33,1.11343453449202e-20
02,211540507,C,A,-0.0194606933424896,6.32536774539831e-38,1.58722821087202e-20
11,10323828,C,T,0.0151761670601312,6.71435989329954e-27,5.72135037266877e-20
11,10393468,G,A,-0.0128274936572843,5.82087318649533e-20,2.74107610671326e-16
14,25933965,G,T,0.0194435916141824,1.79191808217069e-35,7.54540011827302e-20
09,95055429,A,T,-0.018908414125608,9.98936816496884e-38,1.11139867424335e-19
16,24550930,G,A,-0.0209455605807581,1.41987180999606e-30,1.25009314933625e-19
16,24950880,C,T,0.0661452253382529,1.71517015266883e-13,1.87653241586426e-13
07,76686511,G,A,-0.0273937533867323,4.1677691344347e-21,4.10637858382325e-19
07,77059041,T,C,-0.0113802379202789,3.7551586221181e-12,1.72384578626259e-08
12,51116036,GTTTATTTTATTTTAT,G,0.018613053991851,1.78368931548353e-34,8.66091768715523e-19
02,217674017,CTCACAT,C,0.0177056095474736,2.94395471222411e-34,9.00051289147321e-19
06,32014575,A,G,0.0178320313717754,9.57885467235837e-36,9.96294303662312e-19
06,31892641,T,C,-0.0256338946174933,2.0255374780262e-14,2.9256953019178e-08
06,32450249,T,A,-0.0146414110375011,3.48126460719519e-13,9.63380565658549e-12
11,65608274,C,CA,0.017507365128277,2.29876494100687e-52,1.96686188815143e-18
03,50174572,C,T,-0.0195550305133615,2.05572476216455e-32,2.52511249520532e-22
03,49189030,G,GA,-0.0124898344900091,3.56177134851427e-13,5.04328777249776e-10
01,170705685,C,CTATATATATA,-0.0155963393323519,6.33107585779395e-29,2.9469457764639e-18
01,170862041,C,T,0.014390719856847,1.29086360639371e-08,2.99477547971218e-11
03,85650284,G,A,-0.0179904376460056,1.71684445069926e-36,3.38848428716127e-18
05,75003678,T,C,0.0173175812497897,2.04271145668909e-39,4.49034875423659e-18
01,219734960,A,C,0.0180871878678126,2.33641663345101e-33,5.20955912411461e-18
12,3338920,GCACAGCTGGGGCTGA,G,-0.0198899364707864,2.04672975226156e-21,5.52286038982004e-18
12,3238142,A,G,-0.0157000645593055,2.07088825100709e-11,1.88874186545765e-09
12,3393100,C,T,-0.024662686006248,8.65719619445931e-10,3.88723966886932e-11
04,25408838,G,A,0.0199197849869877,7.81617799347492e-28,6.60392779912339e-18
08,89427964,GAATTA,G,0.0191055850928969,2.19227613166431e-26,9.45746531575513e-18
08,88981540,G,A,0.0106103815347656,9.81311815067141e-15,2.8598589993734e-06
02,227062080,G,A,0.0172788293016468,3.67962005644874e-29,1.42994156425218e-17
02,227530721,C,T,0.0190760437996121,4.17231788309505e-10,9.67393083278252e-09
02,227335604,T,C,-0.0414029712245007,7.30113106885269e-09,4.3729830349403e-11
11,69306579,A,G,-0.0137199233846595,1.21999259060032e-23,1.57912260689084e-17
11,69448294,G,A,0.0113500007696048,1.25853930081502e-14,3.53480795177803e-14
05,53098449,T,C,0.0154712343747779,1.79382037855372e-18,5.2716986791212e-17
05,53405952,G,C,-0.0198838876728116,6.62548558793188e-15,3.45668027162378e-12
05,52843133,A,T,0.0107436688431997,1.83985216227363e-08,4.35673937611916e-13
14,93112924,G,A,-0.0171851419260748,6.17819323951575e-16,5.37117077550374e-17
14,93131547,A,G,0.0103640767307422,1.80840400308113e-13,2.181422425023e-12
11,68271686,GT,G,0.0164964772138975,5.41307868646262e-21,5.6413696296441e-17
11,68681769,A,AG,-0.0110088249428243,6.34229454692911e-11,2.00522192841141e-10
20,6612832,G,A,0.0168820985169613,4.48499042188983e-35,8.4495794522785e-17
04,120246249,G,A,-0.019640230406405,5.48561669476847e-21,9.90879624740405e-17
04,119776279,CA,C,0.0113461348351688,1.27304106330781e-15,3.85964617639835e-09
16,88321027,C,T,0.0431359578625995,2.30127495465831e-18,1.10174716218587e-16
16,88298795,T,A,0.0214551067060246,1.09531492706092e-09,3.09209228568848e-08
16,88554317,T,C,-0.0108426092901717,6.93827986082874e-15,5.95613009684377e-08
X,137050402,C,CT,0.0197818909254661,8.08043963244286e-21,1.46232215226888e-16
09,119124535,T,TAA,0.0198829224781135,1.75172933075874e-23,1.50376363299625e-16
09,119144427,AT,A,0.0434093334321858,2.46027343765335e-06,1.26734469492829e-06
07,28189411,T,C,-0.0157326872624441,1.39052309933983e-29,1.92914709205228e-16
07,27994847,T,C,0.00991533347937454,3.05538371931336e-09,1.89786822057753e-07
01,1669748,A,G,-0.0184276361471039,2.85841457996114e-31,2.03693724920348e-16
01,1597020,C,G,0.0116575112024754,4.63825635102741e-09,9.78682711099798e-06
03,12344730,C,G,0.0244461957866468,3.99691481246776e-20,3.7978889596397e-16
05,55804552,C,A,0.0193522941137088,4.75852682983292e-20,6.77129450291713e-16
05,55868097,C,T,-0.0161980730582637,4.1808761185207e-18,3.04489529533322e-11
05,56207123,A,T,-0.0146363017138417,6.42230548988596e-13,2.17803008992142e-09
02,242050740,A,G,0.0166648914724468,1.16233030605514e-29,1.03172509772784e-15
12,111932800,T,C,0.0168291552071503,4.29736947407078e-48,1.9957892444819e-15
12,112070949,G,A,0.0469889530249376,7.18368641285441e-09,2.83424021320633e-06
05,108197374,G,A,0.0189579554217174,4.76047287134976e-23,2.01234125486149e-15
01,9418833,T,C,0.0167670450552973,9.89448073817675e-27,2.43386345759078e-15
01,9352808,G,T,0.0187526193957082,5.44273644238339e-13,1.17733167008019e-10
05,64542365,T,G,0.018361413667544,2.33580593975661e-23,2.7437825183476e-15
09,94975957,C,G,-0.0168199630771921,1.95134909284742e-22,3.60845420893845e-19
09,94186973,C,A,0.0125834761648542,1.02262570720177e-09,5.95597587027284e-10
09,94486321,T,C,0.0119011412730739,1.63304166733541e-11,2.93181993152699e-15
15,67339055,T,C,0.0158604056481361,1.30095240158382e-24,3.72451537794427e-15
15,67011980,C,T,0.0120539966103208,1.98260644603031e-11,1.01414226653037e-09
15,67572668,T,TTTTGTA,-0.0126319310494664,1.02441939850744e-08,2.00682600829517e-06
06,130353612,C,T,-0.0166217274638968,6.27987855401514e-27,4.29899009195663e-15
19,19393657,T,C,0.0211830334373573,1.63341565688988e-20,4.52570219285593e-15
05,137707315,G,A,-0.0190349703106099,6.13491618243836e-22,5.10822322120447e-15
04,145659064,T,C,0.0254065049366942,7.62874052951381e-16,5.31231256460611e-15
04,145261999,A,G,-0.01227262608405,1.88284986846117e-19,2.52133117816972e-10
01,109946095,C,A,-0.0169089450757175,2.00832927702887e-27,5.53558675784695e-15
06,105367616,A,T,0.0163261227624233,9.70066276063586e-28,5.64253528003141e-15
05,122699198,C,CTA,0.0152401667676256,9.30128130694901e-38,6.77378251779494e-15
19,8670147,C,T,-0.0488329234345531,1.38228268494196e-20,8.50249928713711e-15
19,8675220,A,AACAC,-0.0137276773900025,3.87272630788907e-18,2.87414484938835e-09
19,8647948,A,G,-0.0109836445671924,7.436155784918e-07,4.29682297811384e-06
06,126683594,A,G,-0.0151714117031098,3.22097700201645e-38,8.90753151008861e-15
10,102686838,GT,G,-0.0153574114003389,1.40672923787491e-23,1.37846264703353e-14
10,102897659,C,T,0.0101806567036618,9.39585113759802e-09,4.35522469847477e-08
10,102359466,A,G,0.0128350798966844,6.73175641258652e-07,6.27460948332846e-06
01,119550480,C,A,-0.0151089440125593,9.29828619394243e-34,2.47214743357432e-14
06,32244080,C,CTACA,-0.0139018151648537,1.75177795548886e-15,3.66857051568082e-15
06,32177900,T,C,0.0145760183114598,2.194741164893e-14,4.12959749480894e-15
05,88798722,GA,G,-0.0146093776913169,5.12703903300128e-22,3.13841096341748e-14
05,88431074,C,A,0.0185243291579075,5.46408848731159e-08,6.48212188459271e-10
09,78511889,G,A,-0.0231115935658763,8.29552511872741e-18,3.93657730933791e-14
09,78759705,T,A,0.0212458845283197,1.78455931276308e-07,2.05632317344817e-06
X,99961929,C,T,-0.0127408566036845,1.17253467009471e-23,4.08691956500655e-14
01,221313900,A,T,0.013274575488195,4.1348923810689e-21,4.56835120512597e-14
01,221032881,C,A,0.0167044716963886,2.00500490466942e-07,3.42722879626544e-10
12,4384844,T,G,-0.0558514857951556,1.75573959020981e-14,7.83650392097038e-14
11,2665357,A,G,0.0248740495148521,2.7554706518747e-15,8.14164596445297e-14
11,2204322,T,TTTTGTTTG,-0.0145513206836182,1.34660122704906e-10,1.74450896967501e-08
11,3128823,G,A,-0.0177880240066417,1.31365429744125e-07,7.76034604650573e-07
16,4014282,G,C,0.0151151386042073,1.43029751159497e-22,9.02934060195117e-14
16,3583173,C,T,-0.0121056348686442,2.32943111389929e-08,5.57212726355565e-07
16,4083361,C,T,-0.0151683340130691,1.0559672737277e-06,6.01932164275393e-07
20,61451332,C,T,0.0278370015146236,3.66267434173771e-13,1.00716548011759e-13
20,61543781,CT,C,0.0111675829825266,1.6776940407382e-09,4.54526197804965e-08
19,7115650,GT,G,0.0178157459213025,4.06743033531927e-15,1.11500861439755e-13
19,7198903,C,CTT,-0.00944956068089,1.41495501696249e-10,5.63646481674592e-08
14,91499131,G,GA,0.0151018526432898,2.22755292195249e-30,1.13023134712508e-13
10,96471765,A,AT,-0.0132605100311716,4.53591456108007e-25,7.46162421985309e-16
10,96348694,G,A,-0.0267737121626554,2.67487508932389e-09,1.2110421908555e-14
10,96689028,C,T,-0.0412888018372125,5.97163529970356e-07,3.57357449931708e-06
07,74073392,G,GCTGA,0.0145353349728995,1.53818912096215e-38,1.35484851952821e-13
05,95856501,T,C,-0.0147410105439221,6.31788195918003e-27,1.36606551493668e-13
05,95646460,A,G,-0.0191966679936153,8.8966190489405e-07,1.35531693316233e-06
10,77210191,T,C,-0.0145250776799422,2.63037295329283e-34,1.41726913092211e-13
19,9688718,C,CA,0.015071342300102,7.46543513842202e-28,1.47714194145493e-13
03,184020542,G,T,0.0195656498163624,3.61652132312363e-18,1.55867425382988e-13
03,150097635,G,C,-0.0257602796342442,9.17980303543317e-13,1.59842440449136e-13
03,150201785,A,G,0.0107838938078597,5.47800655475075e-09,1.63993828668501e-08
22,41753059,G,A,0.0191344856781358,1.13447206038005e-25,1.81289277070569e-13
09,136142185,C,T,0.0293444945211945,1.78979581893516e-13,1.92260602902943e-13
09,136465097,GTC,G,0.010052711242923,7.60901707570768e-13,2.38950265375002e-07
12,939480,G,T,-0.0174875048562093,7.33125985729382e-20,1.97868375920937e-13
07,94021475,T,C,-0.0173397299036762,3.63934384001226e-20,3.14575808019646e-13
10,99980127,C,CT,0.0154489385075036,4.64532451468398e-24,3.15720381249445e-13
05,88016153,AT,A,0.0122436652487953,1.96723465569952e-13,3.2540006277662e-13
05,87826959,T,G,-0.0191096330750287,1.04549557947389e-11,7.80246732289964e-11
05,87949118,T,G,-0.0164184730410693,3.06916127536748e-08,2.68472686358606e-08
13,78474468,C,A,0.016796162202116,2.34499049068439e-20,3.59590359004074e-13
16,86417679,CAA,C,0.0145712259851987,2.97999868931685e-19,4.13547493812692e-13
16,86725801,A,G,0.00916373915473604,5.94276314408712e-10,2.92206833026905e-06
20,50951298,A,G,0.0162187414836877,3.84952251438484e-15,4.94695223008828e-13
20,50809034,T,C,-0.0168931046299236,1.10936235566023e-07,5.05412289844633e-09
19,33889215,C,T,0.0158651966948713,6.73608254706029e-17,5.52556440408191e-13
19,34311481,C,T,0.0129942644324374,1.61253753991881e-15,2.8422113434512e-10
01,78444764,C,CGGCCG,-0.0215679026226797,1.61287882992969e-16,5.53674029956982e-13
07,46094089,C,T,-0.0228102884807998,1.41563186363593e-15,6.98388979688751e-13
07,46280563,A,T,-0.0109018466000293,3.4323938499509e-16,3.51145021601057e-07
X,53628625,AT,A,0.0121116118460781,3.35211713464753e-28,8.22209919047936e-13
01,39704868,G,A,0.0368040821260567,3.1732012918834e-14,9.23725114506049e-13
01,39571211,T,C,-0.010325051047603,6.3519827716996e-15,4.00426514091444e-06
01,65939443,G,C,-0.0142792841640173,2.1513642413781e-27,9.37363315929647e-13
19,17214073,C,T,0.0154278007655787,8.53897776658637e-22,9.53839129878862e-13
17,61986027,G,A,0.0149618657685472,1.53145090381257e-23,9.91687272063326e-13
17,46725779,C,A,0.0342247720283183,3.15816254521524e-11,1.00951262543159e-12
17,46521107,G,C,0.0222234940801218,5.50658942411639e-08,5.30785228642769e-06
03,136011078,G,GT,-0.0149397677539305,1.32651689479449e-25,1.28523186422494e-12
02,43451957,G,A,0.0264605068463364,2.05871541131197e-14,1.43036062553281e-12
17,43758898,A,G,-0.0149473749632753,5.28680410314909e-17,1.44126856370263e-12
17,43276993,C,A,0.0253219102605112,1.43686342079938e-07,1.34400674910382e-08
14,102590527,ATT,A,-0.019019023305135,1.32129794137173e-17,1.92646648329114e-12
02,190354871,T,C,-0.0144604055867213,4.06510857024732e-24,2.19835972254583e-12
02,218314141,C,T,0.0165555701769712,4.12785353818985e-13,2.29806444325669e-12
03,13587256,C,CA,0.017176061518026,6.32376200067436e-14,2.50088946552117e-12
03,13805578,G,A,-0.0116887121539158,2.95216985726233e-17,7.53987513140879e-10
13,50426772,TTTTA,T,-0.0142934627917423,2.03121400914402e-17,2.63795297103391e-12
13,50811673,T,C,0.0138366140914761,5.77000002784257e-12,6.05387767940062e-10
12,56508409,G,C,0.0148987549054272,2.48794436247954e-21,3.2319758219058e-12
08,145504343,C,T,0.0143352546377887,7.41199958455276e-25,3.38042499156529e-12
01,201806106,T,C,-0.0117959282443677,5.63839932886639e-13,3.40243154539462e-12
01,201895664,T,C,0.0174036226292106,3.5672170030941e-07,3.75920146817162e-10
01,202002317,CT,C,0.0102790613891464,1.72378166471323e-08,1.10642367220131e-07
01,33795590,A,T,0.0144780500234151,1.71142388163216e-22,3.40753364318037e-12
01,150552042,G,A,-0.0181215870941009,4.76224811065831e-14,3.87768083075804e-12
01,150116525,A,G,-0.0184921530576422,4.85184606935139e-10,2.23395321594793e-09
01,150314850,C,T,0.025076034858035,2.60507332482651e-07,6.04280896975145e-09
13,96922867,G,GGTATATA,-0.0137929738165807,4.69932263233022e-27,3.97071811204865e-12
08,57112046,G,A,0.0206540759079267,3.20550252896206e-15,4.03876233027968e-12
02,223960207,C,T,0.0151029939512055,2.40059012867145e-20,4.09023422839716e-12
X,131428143,G,C,0.0159498179209046,1.62019712268996e-14,4.70835773857619e-12
16,81603619,C,T,0.0146475754035405,5.46187147242358e-15,5.045430897002e-12
16,81644677,G,C,-0.0119705773091461,3.42063736017399e-12,5.59730561843356e-06
16,81511079,C,G,-0.0119197258292989,3.65702706971036e-13,2.0989471900695e-10
02,40425793,A,C,-0.0204029042416135,4.23836029770644e-14,5.29209811646965e-12
02,40680149,T,G,0.0132102787667733,1.16389461321862e-12,9.60438254481763e-09
09,96484342,A,G,-0.0139310421838234,1.53084725322333e-11,5.58347918434962e-12
09,96354554,G,A,0.010927827921476,5.71978113706685e-11,1.99630157584609e-07
09,96631550,A,AGAGGGGACAAGGAGAAAGTT,-0.0270116256767082,5.75740105196605e-06,8.64299626465788e-11
19,18398030,C,A,0.0143449077051109,2.6217907527827e-16,5.93600747896368e-12
19,18490284,G,A,0.0119410793875436,2.90814313209496e-14,2.53751209295626e-07
19,18835115,G,A,0.0108910055244547,5.07970113464867e-09,2.75825988369817e-07
01,10731625,A,G,0.0123895435019023,1.90415153145696e-17,6.8519449382421e-12
01,10839085,T,C,-0.0132413145847679,2.00839373030959e-12,1.70977694522629e-09
01,10378451,C,G,0.0173882782741582,2.06041341981329e-09,1.12634133483343e-10
01,201016296,G,A,0.0207032750516126,9.77189541053845e-15,7.28582870626806e-12
14,94844947,C,T,0.0477205000231018,2.24619990878261e-12,7.41150385447962e-12
16,2160973,A,G,0.0226504926724554,1.84363325577812e-13,7.78961235214325e-12
16,1663250,T,A,-0.0211071674195644,2.71778198225468e-11,4.80674564546741e-10
18,56878075,A,AG,0.0180162582912255,6.23341237127735e-16,7.92762269937774e-12
15,77591777,T,A,0.0140202242790935,5.97261834665315e-23,8.09555436702848e-12
03,70654472,C,A,0.0137586239329929,9.27130370950417e-13,8.3681695021383e-12
03,70470834,C,G,-0.009576079418829,2.21548946492406e-12,6.70666564535963e-09
17,2308046,T,C,0.0133680852299877,7.634760887409e-12,8.46764331589756e-12
17,2178300,CA,C,-0.0105765980938015,1.12125367888107e-11,6.76081134488912e-10
17,2540710,C,CA,-0.0111859660709815,6.91840401734425e-07,1.3239654108179e-06
02,56112440,C,A,-0.0134976901603888,4.19175160094494e-27,8.78021986054897e-12
19,50363585,CAG,C,-0.0345275264258257,1.23582764496095e-11,9.28615335659366e-12
19,50401036,C,G,0.0155813173700685,9.67660124148575e-08,2.90966482751085e-07
20,62322896,C,T,-0.0261744055573049,7.63025855783539e-12,1.01011902375729e-11
20,62749415,TG,T,-0.00931158326174195,9.1238671364087e-14,1.32252096030468e-06
16,75281964,C,A,-0.0132664882961755,2.9342997145697e-29,1.12804898903204e-11
05,42173965,G,A,-0.0223170029680899,4.42920233776571e-14,1.19523934960454e-11
06,26327394,A,T,-0.0132618254158038,7.22335419847261e-29,1.25615370996343e-11
20,32679575,ATT,A,0.0135962839337765,1.08762400901199e-25,1.32371307873575e-11
02,9780744,C,T,-0.0141092331395119,1.59674622039364e-21,1.37165519756385e-11
20,33880363,A,T,-0.0106425438890904,4.48379229406341e-17,1.39323178337911e-11
20,33889677,T,C,0.0172434729648848,1.71643237938134e-08,3.59044407383339e-11
13,27049616,G,A,-0.0137774882621787,9.70113969183679e-27,1.45563152575461e-11
02,220353440,G,T,0.014107486292856,3.18492643791523e-21,1.50134359908827e-11
06,116430382,G,A,0.0132842359327905,6.46786455959925e-27,1.51982311429216e-11
03,53175017,G,A,-0.0134330249353274,2.42826196458041e-20,1.88502974857716e-12
03,53393844,C,T,0.0239935414861986,5.03244364334025e-11,1.57278272809741e-11
14,70348141,C,CATAT,0.0133487592259157,2.16927399407871e-22,1.74705842423424e-11
14,70225745,C,G,-0.0124561191945085,5.33520874054422e-07,1.10795205594282e-06
02,219286541,G,C,-0.0139260930130949,5.14364443451353e-22,1.7886815655163e-11
07,103444978,C,T,-0.0133200886481089,2.76231028762355e-26,1.83717558400674e-11
18,53397199,C,T,0.0168823749330504,3.97831879120168e-16,1.86056828672456e-11
06,18913380,T,C,-0.0111218871332016,2.49804349341587e-12,1.86794384551393e-11
06,18667003,A,AAT,-0.0109825953106556,6.17868380532567e-08,3.41703056127986e-10
02,183238919,T,C,0.0138514194912669,3.61896240667784e-22,1.93903743706194e-11
09,127085612,G,T,-0.0177226137251391,2.83178601569547e-09,2.10301224015014e-11
09,127016044,C,T,0.0101747879663807,5.02984484004531e-14,1.54395386147225e-10
11,28808617,G,T,0.0154006819621466,5.1996600119071e-17,2.24485901710082e-11
11,29198384,G,A,0.0161064283797015,7.38454637237862e-10,1.95335956152764e-06
11,28577867,C,T,-0.00901709793339597,7.41317580451013e-10,6.99561264409788e-07
06,101033379,A,C,-0.0130619168535612,4.08697791393608e-29,2.58064197088344e-11
06,45157323,G,A,0.0139203585141439,1.18023877998448e-20,2.65780093072454e-11
02,177006290,TCCTCCGCCCAGGG,T,-0.0277755720223643,2.13985192574652e-10,2.81017111817231e-11
02,176537083,C,T,-0.0112380015573966,8.4324293348048e-09,7.5368608547134e-07
02,176974104,T,G,0.0101486923424567,1.99588087220361e-10,5.52814278228578e-09
22,45829560,A,G,0.0175582520451709,4.8995989343805e-15,3.0264709471072e-11
08,81397105,A,T,0.0162362371290182,3.72439800671208e-16,3.05836408081003e-11
02,112249583,G,A,-0.0156248669524583,5.48849222742665e-14,3.13114712601842e-11
02,112673147,T,A,0.0111227346904836,4.98036482503112e-10,1.78445617369736e-07
01,36260437,C,T,0.0600953327888609,2.61862982088778e-10,3.24394361348482e-11
01,36655652,T,C,0.00957658819021851,4.10946124092453e-14,1.43462390712253e-07
02,213238548,C,CAT,-0.0131648485747773,1.98024326942587e-30,3.39119159111667e-11
05,134578641,G,A,0.013068939957231,1.32194898240495e-25,4.03252933999563e-11
16,1629964,CA,C,-0.0248177044545197,1.48145219204277e-11,4.17135841263883e-11
16,2111230,A,G,-0.0107415807610167,4.36666639552671e-19,2.37341899585918e-08
06,35458662,G,A,-0.0542821217649214,3.64457485972607e-12,4.75437398751362e-11
06,35057331,G,A,-0.0160136120468589,1.65081768398594e-09,4.55125004362411e-07
04,105541740,C,T,0.0315863977844812,6.31325576725322e-12,5.12795778381303e-11
03,42733468,C,T,-0.0142471922172139,1.07003958548293e-13,5.15338430316004e-11
03,43196804,C,T,-0.0117101636586056,1.93432026879829e-07,3.48317889807438e-07
12,124826676,C,T,-0.0144337866362926,1.58326999306803e-09,5.5175574652709e-11
12,124409502,G,A,0.0133496163828587,9.39075552938831e-16,7.84752651070764e-11
12,124804566,G,A,0.0143196861250127,1.99943531416377e-07,1.09819869696244e-07
05,102044478,CA,C,-0.0132452048169584,3.92836081851221e-29,5.59483248055909e-11
15,68251687,T,C,0.011999014807695,2.21488490370739e-16,5.78147810693852e-11
15,68080886,A,T,0.009364635710681,1.89770519502055e-07,2.64481165008468e-07
10,104681143,A,G,-0.0239259233630644,1.55422703059455e-12,6.22546218555606e-11
05,168312829,T,A,-0.012851737825456,8.07831182828005e-27,6.96758214925678e-11
19,45623770,C,T,-0.0380715128210607,1.90405407814701e-11,7.2332274496371e-11
14,93903994,A,G,0.0128120721533896,1.8441890723181e-25,7.31687918746742e-11
16,31539386,G,A,-0.013668027687223,8.43396483138112e-19,7.50008199611822e-11
16,31066641,GAAATT,G,-0.0114363748512409,5.97295501050741e-09,2.22732760275079e-06
14,35231690,A,AT,0.0166828386223571,1.5612305998861e-15,7.53991770793531e-11
08,95595162,G,A,-0.013448743713661,2.85715653070998e-20,7.97049800380286e-11
02,58964083,C,A,-0.0132087428344552,4.68691268761754e-12,8.84127151470996e-11
02,58465027,T,C,-0.0111420395815216,6.40534918979228e-10,2.69103417763229e-08
02,59311536,A,G,-0.00984783810178922,2.00593857029186e-09,1.30460590359381e-06
17,43657393,A,G,-0.0161722777260016,1.8058704629939e-15,4.33793571471478e-12
17,42867429,A,G,0.0302866575038925,2.638263983775e-09,6.13939150568666e-10
01,79476511,T,C,-0.0149652244044168,1.2264664549811e-16,9.34657181460914e-11
03,124481760,T,A,0.0188161233743606,1.14734481746915e-13,1.02016353324328e-10
05,107433446,T,A,0.0169040519980219,1.15030283809314e-14,1.1120415328606e-10
17,77771548,T,G,0.0129152088393166,3.83164086520583e-27,1.12724071796957e-10
02,199612796,C,A,-0.0133320460676954,3.15475318297468e-20,1.32228258649288e-10
12,54420098,C,T,0.0130143708737144,6.57680560864757e-21,1.47614004987761e-10
19,13612011,AT,A,-0.013079476609566,6.60472254158873e-16,1.48430730153968e-10
19,13946454,C,CA,-0.0104262685621748,1.51955359704345e-09,5.62124726433623e-07
07,50749870,G,A,-0.0152922611979278,1.73942295078855e-12,1.4866088726895e-10
07,50904146,A,T,-0.0105354508933028,8.8224510027256e-16,2.77672805597809e-06
07,50638463,G,A,-0.0128301015895395,1.24390551861807e-06,1.02307614640346e-07
11,17034044,A,G,0.0127988841739589,1.46090638699941e-14,1.66982398048759e-10
11,16543871,T,C,-0.01328769551459,4.51137645564315e-08,2.6864101594072e-07
11,17498057,G,A,-0.0125192371842359,5.27035180701537e-07,2.12607086813299e-06
04,57779851,A,G,-0.012567522958658,6.56557755229482e-24,1.77766642833818e-10
14,80601392,G,C,-0.0218320458710573,2.98184455912288e-12,1.78058517674516e-10
09,5914727,C,A,-0.0156071819960687,5.74759405198234e-15,1.8168874180975e-10
06,108998266,G,A,0.0138128134490108,1.11670959089948e-17,2.0061594884087e-10
04,26206514,A,C,0.0259441811506814,1.43174027663815e-11,2.12268786191879e-10
04,26062913,G,GT,-0.0140012366848667,1.01172344735759e-09,2.22208200178262e-07
04,26152727,A,G,-0.0388380071838,5.82001919406097e-07,3.81937928115212e-07
01,227168555,G,A,-0.0151180078917481,2.91924996809443e-15,2.24001045438914e-10
19,4442336,T,C,0.012394323844771,3.50122049764146e-25,2.25195786602364e-10
12,103692799,G,T,0.0143596583873623,3.40470811069114e-16,2.31986490311954e-10
11,115041012,T,C,0.0124112069162272,1.61400784778838e-26,2.402158412054e-10
07,14645949,G,A,-0.0396490429820209,8.46344226428344e-11,2.48739956852393e-10
09,139137204,A,G,0.0130354185785849,1.78777490441372e-13,2.90546555190313e-10
09,139085865,T,C,-0.0088247325043192,6.30363793943976e-10,5.65382047620151e-06
04,83221074,T,G,-0.0146761826251489,8.64140435613189e-16,3.21115963821506e-10
06,41838817,C,T,0.014491012102138,1.5490186640438e-15,3.23593449083857e-10
05,139712239,A,G,0.0117608483716007,3.4625683922335e-21,3.40227338279486e-10
05,139824813,A,G,0.0402126781570793,4.79059680622794e-06,6.27285857219954e-07
11,77925880,CTCTACTGAA,C,0.0166097057407612,1.44360045830815e-13,3.53068640800935e-10
22,36548406,A,G,-0.0158034403351292,2.70740132387156e-12,3.66330632138528e-10
22,36868260,G,C,-0.0128739703076242,1.0364733084862e-08,2.67900742243623e-07
12,131621997,G,A,-0.0136214019225796,4.46441002751369e-17,3.68810232344348e-10
02,58311684,C,T,-0.0129406749969017,6.31433256738685e-19,3.7138560878389e-10
11,825110,G,A,0.0124201152137734,8.63764172251062e-24,3.71637814871558e-10
12,57146069,T,G,0.0187649938763808,3.88965466247892e-10,3.7211543047113e-10
12,56678341,C,T,0.0144007415583067,9.57655676647099e-07,4.52473245938212e-07
09,16916454,A,C,0.0195043209740389,1.88032260447075e-11,3.79950025874268e-10
09,16757722,GGA,G,0.0235821222098852,2.50080054588265e-09,4.31632677354919e-08
09,17023805,G,GA,-0.014099985373023,6.19519317660949e-09,2.12296286215071e-08
21,18067612,C,A,-0.011636564174997,4.04391732125648e-08,3.81005218247702e-10
21,18154015,G,T,-0.0105935275813423,1.33023776794457e-08,7.86870888160233e-10
01,97077942,G,A,-0.0132794415967655,8.02477478466043e-18,4.03940299198392e-10
01,93120897,G,GA,-0.0206958730793425,4.54505022213357e-12,4.198683184179e-10
19,1849147,G,A,0.01234126994755,8.9950688200115e-24,4.23968252293311e-10
19,2230029,CTT,C,-0.020121853968897,1.01576896933774e-06,2.75612271938437e-06
10,25056538,ATCCT,A,-0.0138354072027889,1.45440470103184e-16,4.34021853827362e-10
02,25365642,T,TAATA,0.012818099949286,3.77765270725344e-19,4.57183133536681e-10
02,24169206,GT,G,0.0171570949283418,3.81310627244548e-13,4.78988743625837e-10
06,40409243,C,T,-0.0128880914264389,7.49335360125086e-29,4.92819708078698e-10
09,80548797,T,C,-0.0121482623341074,1.71509514059618e-24,5.920143957271e-10
02,207114286,A,AT,0.01235306981482,3.60457987723227e-24,5.94036868700111e-10
04,45181334,A,T,-0.0122010875325145,4.5711525234699e-23,6.02611152283249e-10
01,113205526,C,CTGT,-0.0134519250225387,1.13119868030844e-16,6.48790498146201e-10
08,38193007,AT,A,0.0148464258114148,6.76166736605921e-15,6.60183275338832e-10
02,69299382,T,A,-0.0127378439633804,2.9320912518809e-16,6.64191845655886e-10
02,69389757,T,A,0.00968085634161351,1.19875704544915e-09,7.60686826158987e-06
X,109888230,G,GCCT,-0.0103370797797581,1.84704105249028e-17,7.1766838995826e-10
06,2030894,T,C,0.0126665681828117,1.79762326187421e-19,7.38869896431824e-10
17,79093822,A,G,0.0126460768096247,1.41224657489523e-13,7.40788655452766e-10
17,79421254,G,T,0.0120274633689037,4.73288993034004e-13,1.10381179513283e-09
17,78757626,A,G,0.0126383020112905,9.20018134727121e-12,8.17685249215919e-09
05,141016288,G,T,0.0123086584482329,8.81406379767639e-21,7.46279811948488e-10
09,140257189,C,T,0.0180627054137495,3.95726103794482e-11,7.62876238565092e-10
09,140025284,C,A,-0.033952810825414,4.61034770556063e-06,2.14253058544851e-07
09,139923507,CA,C,-0.00985590637235603,1.46245943263684e-08,1.3077570847503e-07
01,51784438,C,G,-0.0171813895107957,1.16862839795961e-12,7.63647465063313e-10
03,11630252,G,T,-0.0158898214814063,1.92305306015668e-13,8.08625012461437e-10
03,12096471,T,G,0.0421228604643193,6.38128131581544e-07,9.23489583246164e-07
12,97792368,TG,T,-0.0121187103996318,3.74382959731588e-25,8.2317347678562e-10
07,138817193,T,C,0.0201112245285373,1.22196073803648e-11,8.82455099439353e-10
13,59175727,A,C,0.00987662790287138,7.6009112400288e-12,8.94512516877155e-10
13,58682468,A,C,0.0112022191880839,1.33316285567568e-06,2.106465029025e-09
20,42766253,G,A,-0.0182856987164705,3.69208597339906e-12,9.62037774785497e-10
10,125228161,C,T,-0.0125321451890391,1.92300904469893e-18,1.00638162458636e-09
11,62447563,C,A,-0.0131002955604214,3.28584722405076e-17,1.01329043713693e-09
03,46934290,G,T,0.0509088730211864,5.45397851198136e-10,1.08641220282434e-09
17,42326258,T,C,0.0132322888637358,6.86982325421399e-17,1.11183330046015e-09
17,42284294,C,T,0.0257659666653451,1.4203407160335e-07,6.39230549487962e-06
17,42325043,CTGGCAGAGTTAGCTCTCTGACCCTT,C,-0.0311182895474601,6.71047064615387e-07,1.25237876359168e-08
10,27881308,T,A,-0.0121461579332343,8.14308138765965e-12,1.11493649505764e-09
10,27567902,A,G,-0.0107397130675564,9.92021718103491e-09,9.26229373500554e-08
03,133968762,T,G,-0.0183623226177564,6.79829795386403e-12,1.15108456688493e-09
13,58627256,T,C,0.0141225176763831,1.7978419422606e-14,1.24993748768894e-09
10,65112397,C,CAA,-0.0115404782914962,5.05232593137664e-22,1.34789026413658e-09
10,64648411,C,G,0.034458495194732,9.8634015359358e-08,3.5478142054924e-08
05,71695918,C,G,-0.011958713664261,9.84320678494947e-24,1.366413010837e-09
11,130268147,C,G,-0.0122285693361601,3.13884995939967e-19,1.37563530567089e-09
11,130704411,C,CAGTGAGA,-0.0162291851924082,1.18056564720756e-06,4.15155912631466e-06
15,89960286,T,A,0.0141293427983072,2.60558138393024e-08,1.44203783320363e-09
15,89972437,G,C,0.0301491080095717,1.60610103878812e-06,2.5274868486501e-09
02,1643208,A,G,0.0237552318459931,1.15946908284833e-09,1.50520101148484e-09
02,1838677,T,C,0.0101456558350349,4.85529691641616e-11,6.25543257159245e-07
16,68311219,TTTTATTTATTTATTTA,T,-0.0122867637727267,5.11392577393932e-17,1.54259381158594e-09
16,68647285,C,G,0.0467968844347331,6.66420321653322e-09,3.05329523146887e-09
04,87666916,G,A,-0.0248342448711328,1.33724563741732e-10,1.54402187647039e-09
20,21081455,A,C,-0.0164890154196077,2.1641314312478e-12,1.5814256179202e-09
01,56597724,T,C,-0.0141621393842667,1.07892318035663e-13,1.62823410608566e-09
01,56964310,C,CT,-0.01486712722933,1.32973565709377e-06,9.51693011534498e-06
22,38606780,G,A,0.0168792853841606,2.52406033236023e-12,1.63925048432847e-09
16,50268275,T,TG,0.012937363951267,2.02587442107117e-16,1.65474732885563e-09
01,154848581,T,C,-0.076905406336514,3.08937761941475e-34,1.84013163415513e-31
01,154905310,C,T,-0.0384502526222524,3.82443784284094e-13,3.63694979762971e-11
02,3642361,C,T,0.0154961572445666,3.80796789326905e-13,1.65832220431315e-09
03,131775314,AT,A,-0.0127805182176946,5.68273475111925e-13,1.68271270836297e-09
03,131626048,G,A,0.0164082921235142,3.9431893786834e-07,1.46131368898258e-06
03,132184526,A,G,0.00927313338308825,1.69668295555046e-08,2.50029511366855e-06
15,42101694,G,A,-0.0152910428414962,2.66875511641084e-13,1.68459109103398e-09
07,1272278,C,CCCCT,0.0147637568750478,1.21371256414888e-12,1.72311514057997e-09
07,1112813,C,G,0.0125695823565561,1.73580358529662e-12,9.81498553837156e-08
07,934622,G,A,0.0250651822311993,5.64605619846628e-07,6.83733745686208e-06
19,46182304,T,A,0.0145526701592951,3.4266427898912e-12,1.84843579848357e-09
19,45684109,C,T,-0.0139062030873591,5.20112224295113e-07,2.70181661541709e-06
20,35276585,C,A,0.0219036549322391,5.58441962200483e-11,1.98420730194353e-09
09,28410683,T,C,-0.0124672292826185,2.45858639361349e-17,1.99604666892916e-09
05,32768634,A,G,0.0133626321430557,6.23259860567902e-15,2.03389722651022e-09
21,38071988,A,G,0.0143323293951216,6.09684145288273e-14,2.04264627087017e-09
08,15139681,C,T,0.0170962538946818,1.28729181038421e-09,2.08240829163522e-09
08,15183006,T,G,-0.0141112288154727,8.11636234127573e-08,6.98585287524605e-08
04,120236630,T,A,-0.0150467691081406,1.47216705582711e-18,5.27857285154484e-14
04,119736796,A,C,0.011284448262264,5.85425195676685e-15,2.11100039274722e-09
09,129412938,A,G,-0.0119718523862374,7.67596784133823e-23,2.14075950065746e-09
07,93271273,G,C,-0.0118799911168563,1.75905535342645e-20,2.14967018823537e-09
X,129297278,CA,C,-0.0100435102036817,1.7199538379207e-18,2.21320720562748e-09
X,47167011,CT,C,0.0104275546403932,1.57425602119598e-14,2.24672584477417e-09
05,36882988,A,T,0.0128830839216265,3.51241672211547e-16,2.2693429831687e-09
13,76083185,CA,C,-0.0124257626087572,2.29546335153167e-20,2.30756797667782e-09
20,20072414,C,T,0.0135281892067923,6.74293672259234e-12,2.30789448646447e-09
20,19740568,C,A,0.00909087089504742,1.22599882357094e-10,7.92756772318477e-06
02,33586840,C,G,0.0269445329694023,4.12045465799925e-08,2.3659015296436e-09
02,33383215,CA,C,0.0106488647334015,1.08693907925236e-13,4.84044534462445e-09
02,33301389,A,G,-0.0108891017308116,1.62862233383166e-07,1.9040691103705e-06
17,39261560,A,T,-0.0126406317543019,1.99675147777398e-16,2.49444201849927e-09
09,86381582,G,A,0.013999039394768,5.54277407514738e-13,2.56846013387228e-09
09,85980099,G,A,-0.0217347135465366,2.0607762880724e-08,6.87063151192104e-08
X,67652748,C,T,0.0172031642914483,2.59000561037037e-10,2.62911570762264e-09
14,23299135,T,G,-0.0117129759768183,2.59077857344308e-23,2.77634534371774e-09
03,20578543,GTTA,G,0.0122376118962153,1.71936501286884e-18,2.80155634732816e-09
04,30837143,C,T,-0.0129117690465814,1.26360253504533e-15,2.82843774019267e-09
22,32182708,A,T,0.0116008202977257,4.5297695365795e-23,2.96491052013738e-09
04,177430120,T,C,0.0131723033764013,6.6087048711416e-15,3.2884287806827e-09
08,34186054,G,A,0.0122419675113448,1.05274728580514e-17,3.36189851447463e-09
02,202893657,T,C,0.0128486037466887,1.74332102989871e-15,3.63816189846069e-09
07,70192021,G,A,-0.0182061597544061,3.66072839260454e-11,3.64996457728011e-09
19,7972615,G,A,-0.0116440305765666,5.90378908002146e-21,3.73921888840877e-09
01,72837490,T,C,0.0117680268183968,7.24053910177752e-20,3.82623990080807e-09
09,13226945,G,A,0.0260769692661174,6.67745165587782e-10,3.8264153706963e-09
09,12746651,T,C,0.00999921924788086,3.57522940884948e-10,3.98681959922207e-06
02,37995422,T,A,-0.0120541489729445,1.79443089351846e-18,3.86823993060336e-09
02,38055143,A,G,0.0213322114487778,1.70511084482651e-07,5.60900462079567e-07
02,37505527,G,C,0.0111188371097749,2.86691723112697e-07,2.41207022952982e-06
11,12662809,TC,T,0.0132072405490205,1.93896975149683e-15,4.01914655543887e-09
10,18549889,C,T,-0.0181229385158747,3.4290047265547e-11,4.30318348450545e-09
08,74660875,CT,C,-0.013497234624545,7.97075380515281e-15,4.3373918698324e-09
10,87354315,AGCT,A,-0.026381080951545,6.38760868696417e-10,4.3611208545775e-09
11,43878459,G,A,-0.0127150831738527,1.56823928696419e-15,4.41405563020819e-09
11,86179542,G,A,0.0116532092129713,9.71125246798925e-20,4.58937145387007e-09
07,72668604,T,A,-0.0220682424327476,2.94796535956775e-15,3.86164821310734e-12
01,108001307,A,G,0.0124559376790118,9.48515748208958e-16,4.75618652403271e-09
07,75044431,C,T,-0.0137450932908164,4.87299791544858e-14,4.80382369652464e-09
04,56426124,T,C,0.0118486304900937,7.67885681002751e-18,4.9790425352061e-09
12,108629780,G,A,-0.0131520306265537,1.57730047347043e-14,5.43950576165961e-09
01,235503379,G,A,-0.0347934603874776,1.99560033119111e-09,5.44442814292455e-09
15,62808539,C,T,0.0118367846675207,4.07468594049589e-11,5.66738077715135e-09
15,62343850,C,T,0.00965361991512765,3.95576594332673e-11,4.68643105008853e-07
03,156885337,C,T,-0.0120086810870957,6.0238443937319e-12,5.9116957519129e-09
03,156542704,T,A,-0.0105387646006361,2.07380633802039e-12,8.60733816810753e-08
22,42014364,TA,T,0.0201411984585289,1.51986953521352e-24,2.23768507153774e-13
10,63319580,A,G,0.0284511481222909,5.86852266955185e-08,6.55203956992664e-09
10,63782043,C,G,0.0104259107882658,1.64834209501576e-12,4.87644294738693e-08
10,112412111,A,T,0.0133298713897357,1.46416664808045e-13,6.77801933807879e-09
18,74970687,A,ATGG,0.0309140880980142,2.36672609309554e-09,6.86660323565296e-09
18,74671147,T,C,0.00999599929984067,4.17639465617958e-14,7.09203410168345e-07
09,103061366,A,G,-0.0122000935118465,5.68175708282481e-16,6.88450307802994e-09
02,27358006,C,CA,-0.0126385043111932,1.9647350077981e-18,1.71784809758595e-09
02,27270059,C,T,-0.0303090511389068,1.78360139006196e-08,2.55495111892469e-06
02,26940912,C,T,0.0203535699163188,1.55068311009471e-07,7.05599856135831e-09
01,190230564,GATTA,G,-0.0113711383397166,1.98639413078619e-20,7.10846136098752e-09
15,99527701,A,T,0.0115456440253443,1.98636170096254e-20,7.23046694312457e-09
14,61108825,A,C,-0.0115534879207082,1.1986902792802e-18,7.25606948341002e-09
06,55024065,AAAAAAC,A,0.0118355690868607,3.87724744738883e-17,7.26891937795689e-09
09,98268396,G,A,0.0516348860814248,5.82853193590886e-08,7.37246186398231e-09
09,98225056,G,T,-0.0178680232269974,3.99195024543977e-09,1.66814620124626e-08
09,98661886,G,A,0.00995554297732814,1.84268712429562e-13,6.54987931079976e-07
09,73792848,CA,C,0.0122001121127023,1.91605878760579e-18,7.44277693446394e-09
02,165555597,AT,A,0.0117941166788377,7.04615067374506e-17,8.31599121369982e-09
01,208029182,T,C,-0.0112476287604216,3.40057983924338e-22,8.68851409723291e-09
14,56166871,C,T,0.012754722383041,4.01253487079876e-14,8.71122460473614e-09
05,157895013,A,G,-0.0115561497937094,4.41392062801348e-19,8.92739259384254e-09
22,42038786,C,T,0.0592920572570287,-99,1.25409171116067e-09
17,47112109,C,A,0.0211644606548598,-99,1.07888998244428e-08
01,155175089,C,T,-0.133135994891029,-99,4.55693594324271e-35
02,218122764,A,G,0.0275034468929361,-99,2.02009454989059e-10
