chrom,pos,major,minor,beta,p_value,gwas_p_value
19,11185919,T,C,-0.232807844239217,0,0
19,11192226,T,C,0.258639246672922,0,2.85666990169292e-31
19,11231203,G,A,-0.360523462148237,2.25922531553259e-219,5.1001462072959e-185
02,21221399,G,T,-0.0765797920465234,0,0
01,55505647,G,T,-0.465153615713082,0,0
01,55521313,T,G,-0.0537362558767826,5.77448223939837e-181,6.93418067823328e-93
01,109814880,C,T,-0.149019080840413,0,0
01,109815368,T,C,-0.148256885398515,2.84937575530041e-126,6.6738518731196e-76
08,126500031,C,G,-0.087754065659784,0,1.10181138608512e-245
05,74656539,T,C,0.0802934788257089,0,2.88106459080047e-208
19,19379549,C,T,-0.144528293079498,2.56524988767616e-226,5.012632792437e-188
19,19396616,C,T,-0.174966636152066,3.20917305712672e-52,4.94602638866603e-44
06,160985526,G,A,0.135522642074037,1.16536710885363e-207,5.10932813705679e-159
06,161013013,T,C,0.205169388180531,6.25524843429911e-88,4.83193488696994e-74
02,44072576,T,G,0.0622605157243643,1.62809779802636e-220,3.05791073221087e-157
02,44069772,G,A,-0.114147649106627,6.00918725154141e-120,1.02639811190708e-149
11,116648917,C,G,0.0985753145826825,3.68677964598191e-196,1.02485535619917e-150
09,136138765,GCGCCCACCACTA,G,0.0794412635571327,3.62659298709037e-181,3.72549555370017e-125
01,62950858,C,T,-0.0576679228546022,1.67664086573153e-213,9.9005526118624e-103
20,39179822,G,C,0.138427515871664,4.06041157505503e-77,1.61170210568858e-93
20,39656342,A,G,0.0361700183883755,1.46397248196546e-75,2.62278362864177e-49
20,39192317,C,T,-0.0283977629490683,1.82860448086715e-38,1.64390821310435e-40
16,72101525,C,G,0.0391852777172644,6.95306412318735e-45,2.57901714748105e-91
16,72144174,T,C,-0.0577544791656943,8.41626659021671e-94,6.76108524318854e-56
17,67081278,A,G,0.163122514254362,3.30066989930457e-85,3.90972153137447e-88
17,67082962,C,G,-0.0433468239525932,1.0290155091535e-44,2.90510569953388e-40
02,27730940,C,T,0.0515998743469335,3.2164296452368e-196,1.2431685040644e-86
05,156390297,C,T,-0.0474423286998104,2.63630661189592e-151,1.85275716297138e-71
01,234850422,C,A,-0.0443242528951318,3.24342247417402e-188,7.50391334718173e-67
19,49206108,G,C,-0.043415434612822,1.96340738381169e-184,3.55235001752095e-63
16,56993886,A,G,-0.0439346580081888,6.92892714365942e-113,2.74962988950397e-58
19,10915324,A,T,-0.0860217981564277,1.00377245343204e-220,2.90663694849368e-140
19,10865095,A,AT,-0.183107516558306,1.65488882177976e-96,4.06944358162559e-86
19,11097709,C,T,-0.174369348809699,1.02572744548392e-46,3.64532952782239e-36
11,61575158,A,G,-0.0418050888464551,5.98249058220095e-110,2.01326438801414e-54
X,109934939,A,G,-0.0328821015325419,4.19439021180672e-98,2.11440505964085e-52
06,32535637,G,A,0.057091240457818,5.2789409677998e-67,8.04906029148175e-52
20,39755154,G,A,0.037364728054541,4.24451105572131e-117,1.47770263120784e-49
20,39301495,G,A,0.0524816891205373,2.37766175452715e-23,8.56870507949437e-22
20,39267671,G,A,0.0957094924237443,1.45608814527412e-19,9.44651154941907e-19
07,44581986,T,C,0.0506514509255214,5.025617711026e-64,1.61692342877503e-49
07,44599206,G,A,0.0217047816314743,2.24641393943264e-35,9.62478593475914e-14
11,126225876,C,G,0.0729202207852626,1.41251949808108e-56,3.23314280486831e-49
17,45664861,G,A,0.0371517420350016,7.41994019875091e-135,3.81280308186116e-47
08,59393273,G,A,0.036347528357986,3.11891382142946e-79,8.17396052349474e-47
08,59256985,A,T,-0.0426654852887207,3.20759551990376e-14,1.83831295102439e-19
06,26072992,C,T,-0.074249711975317,1.06403872307595e-61,1.49336354941755e-46
06,26104632,G,T,-0.0309787829486737,8.47576607911757e-24,1.1700413754638e-11
12,121416650,A,C,0.0389987971555208,1.78963634081863e-84,7.26009788775331e-45
19,45880690,C,T,-0.236107301521142,1.6787871981934e-115,3.92949304906644e-106
19,45813629,T,C,-0.0765112635858556,2.34052028582316e-41,8.8680373016904e-31
19,45820144,C,T,-0.0866335535370848,3.33412754909126e-25,1.24862265217334e-19
07,21601659,G,GCTCT,0.0364280921487336,9.90770239337392e-45,1.64105144959627e-43
07,21499857,G,A,-0.0270593994141161,4.992850758709e-38,1.1193461492894e-34
08,9183664,G,A,-0.0703977187094014,6.98913462009207e-67,2.68610559925788e-43
08,9183339,C,T,-0.0311430164521103,4.8905046261769e-45,2.49020534092745e-14
20,17844684,T,G,0.0352176396442505,7.76384980803494e-77,7.16129058337867e-39
09,107661742,A,C,-0.0355198938249137,1.54665767819986e-50,1.1783444236989e-36
09,107595978,C,A,0.0333978318668946,1.08972001169395e-20,6.62647494986596e-17
09,107647019,C,T,0.0272805728383165,1.61506925862522e-12,1.35087228334016e-09
17,7080316,C,T,-0.0404845087926398,3.58010417626431e-51,1.71235055224705e-34
17,7217099,T,G,-0.0426661857686086,1.53626102753867e-10,7.14070702141009e-09
06,160894878,T,C,0.166593995109532,1.51558947148004e-71,2.93307640478341e-57
06,160750643,C,T,0.0645206081482933,1.11415021668084e-98,9.99724090241413e-53
06,16126673,G,T,-0.0310851903541268,7.3877443156791e-86,1.34728542940361e-33
01,25818398,G,A,-0.0306464115530688,9.88205012707675e-82,1.20290477520807e-32
08,116658583,G,T,-0.0336020077026688,2.94083069143614e-56,5.07217175130233e-32
01,220970593,G,T,-0.0314306434114063,2.62437584512865e-56,3.51627137450604e-30
04,3452345,G,A,0.0307847219144156,1.02806316683468e-56,6.51399208195595e-29
16,72078989,TG,T,0.0445386703570327,8.19151556363568e-56,2.03877511021234e-89
16,72078043,C,T,-0.0454925575077529,7.07439300150312e-51,3.81280044434374e-33
08,18272881,A,G,0.0339945042862732,2.18689632513419e-43,2.6636082743788e-28
10,94839642,G,A,-0.0280556514422469,3.83215173050573e-70,9.13053380348293e-28
02,203556224,T,TA,-0.0245317182610983,3.4646799539106e-52,9.30135442232118e-28
02,203412513,A,C,0.0267058086892616,6.26473141775421e-13,4.39290198627083e-18
13,114551993,T,C,0.0297991561879864,6.17165726985597e-53,1.09397676386043e-27
15,58678512,C,T,0.0307094839667744,2.516910434092e-42,2.55608401147268e-27
15,58731153,C,G,0.0334182621761852,3.04278914059458e-35,2.10957265626342e-26
06,31106459,C,A,0.0467187581299586,8.41182380507292e-22,3.31234991845267e-27
06,31081503,C,G,0.0490912942901349,1.33686297360303e-19,7.40914083542161e-13
06,31603591,A,G,0.0161205224406564,2.58444923502985e-18,4.77945324177252e-14
20,43042364,C,T,-0.0790213627884481,8.04899416509685e-29,4.03482297918183e-27
17,64210580,A,C,0.0810669969080359,1.11617278193239e-28,4.41150703539365e-27
13,32976656,GC,G,-0.0279672610234469,8.11701980807217e-75,9.14523514327883e-27
01,27021913,G,C,0.0876351720700579,3.97349627468131e-26,5.67978400914086e-25
08,19824492,T,C,-0.0292206371939119,1.47396203697084e-43,7.71855505267124e-25
02,62988169,G,T,-0.0281315636526708,3.97754976484071e-45,2.28679974603579e-24
11,5701074,C,A,0.05092128879432,9.13755016687562e-28,2.56603122611561e-24
16,72256903,T,C,0.047042088236626,6.87301518146076e-46,5.79826807127531e-43
16,72252600,C,T,-0.0991751420551858,4.12201658689217e-30,7.27324303562719e-25
16,72252752,A,G,0.0283438361779994,5.81626015259966e-39,2.17547429370677e-14
03,12327431,T,G,-0.0294811530432931,2.15936604190121e-39,8.67580782632808e-24
06,32341843,CTTGT,C,0.040546268248005,6.32686472463581e-33,9.25334212027232e-42
06,32230354,G,A,-0.0183350038756117,4.68328434949642e-21,5.03799613042541e-18
06,31556581,T,A,0.0188224219753234,2.30146768452218e-12,1.50057102159745e-21
02,118684133,A,G,-0.0427748032344673,1.9394974327023e-23,4.88522417171374e-23
02,118860561,G,A,0.0440056597169128,1.78421310310543e-21,1.09152566089884e-21
04,100239319,C,T,-0.0862177651623978,2.71981249394647e-24,5.12832661074212e-23
14,24871926,C,T,0.0255266753973203,8.90167904924092e-59,5.21374457930343e-23
04,69373407,T,C,0.0298123406905411,6.00611655766224e-36,1.28351708335388e-22
19,58662235,C,T,-0.0361330876272445,1.45335533298126e-27,2.72940589979869e-22
19,59039829,CA,C,0.0206184415807736,2.39984026772536e-13,6.5080655349298e-09
08,55436793,G,A,0.0301724537154622,3.07127232138636e-32,1.04143491086914e-21
02,121306440,G,A,-0.0249319231548272,1.06614836459413e-49,1.07596429563781e-21
05,74816944,C,G,0.0679318274710335,1.855686924757e-204,7.37043472426638e-176
05,74733593,TA,T,0.0252150991320947,6.04679809465734e-12,1.20711913409184e-57
02,169831177,A,T,0.0247050485886769,1.02155786545045e-46,6.66379993751918e-21
02,20371167,C,T,-0.0251528024836046,1.16923181829012e-40,9.9991878798574e-21
02,20852025,A,C,0.0645583689115395,9.31550416306223e-17,2.15880359685756e-15
02,20417488,C,G,-0.0197010960685862,1.5664020574294e-19,5.45654354390808e-12
03,32541328,TC,T,-0.0418666560208814,4.22153878112045e-24,1.88019677485891e-20
07,25991826,T,C,0.0322450339905288,2.1415614958356e-27,2.60375305414425e-20
03,122285218,CT,C,0.025527982199151,7.17533563874794e-37,4.63223885309013e-20
05,122902603,G,A,-0.023570346249802,5.36525170752889e-51,5.05703487273569e-20
10,113901637,T,C,0.0273238156726013,4.76321748900736e-32,5.45548171782663e-20
08,145031968,C,T,0.0241569828182432,7.7626937886653e-40,1.86523262608159e-19
06,29944458,C,T,-0.0202589817469634,4.17141787019557e-32,4.79240624690099e-19
06,30335350,T,C,-0.0227922308019515,2.96188229942022e-10,6.11181192883133e-14
03,58398215,C,T,-0.0409115165153345,1.67450707749195e-21,1.8419186841533e-18
14,70874146,C,CA,-0.0229445945594028,2.50295074570174e-50,3.03475804362955e-18
12,112059557,C,T,-0.0223356997407134,1.47432410423248e-43,6.81532251515588e-18
10,124686656,C,T,-0.0222342909277443,1.38487969800558e-41,8.339058565215e-18
03,132217703,G,A,-0.053203179442974,8.38698699092603e-23,1.06481085542085e-17
03,132222823,T,TAA,-0.0347803576689957,5.90520182549463e-21,2.72004098299419e-14
03,142648844,G,T,-0.0241295792326114,1.37177387248544e-31,1.07708117058992e-17
19,19717056,A,G,-0.123582922522307,5.41943693577746e-151,4.56008601106426e-128
19,19855549,A,C,-0.0815746369145193,5.67044712636625e-22,1.57931140540149e-17
16,11706100,G,A,0.0415082225896178,8.95497025624281e-20,3.28072504760177e-17
10,71093392,C,T,-0.0319239491609253,8.45141457591868e-22,3.97858836264396e-17
12,57645789,T,A,-0.0268529082269344,3.7544031011982e-25,4.71083732595109e-17
05,52095024,C,T,-0.0537979318862866,3.23582493275321e-18,6.92760707484863e-17
06,116321429,G,A,-0.0214752508553986,1.09050440178883e-38,1.26527230248059e-16
20,34120437,CACACACACAA,C,-0.0261543956751964,1.3708133483056e-23,4.11559551860936e-16
17,46521144,G,A,-0.0225254713321112,9.53046829161389e-29,4.94519451409822e-16
08,29024943,G,A,-0.0795664328819417,1.57649521250431e-16,5.66762147061384e-16
11,103870761,AT,A,-0.026158397751358,2.66712242097758e-22,1.4818565328392e-15
16,71437689,T,C,-0.0254302454494468,1.19997862945496e-19,1.74379808825474e-16
16,70729954,C,T,0.036822461716538,1.69316546742754e-12,1.61847627828628e-10
16,70876611,C,T,0.0423641876774272,6.58830376370701e-11,6.58164815965241e-11
06,34622561,AG,A,-0.0318561207759768,4.30950114841955e-19,2.1822303718814e-15
04,87918913,C,CA,0.0229507787978,1.37394773115663e-29,2.6578324452113e-15
06,135418916,A,G,-0.023084446226497,3.80170512458737e-25,2.6937798000163e-15
18,47109955,A,G,0.0862783029558487,3.43118735647339e-15,2.79473461164378e-15
18,47158186,C,T,-0.0240651601924582,3.79359582830836e-18,1.91594947053061e-13
02,21244000,G,T,0.0744492343857596,0,0
02,21295065,C,T,-0.0721934357076464,5.54033250041241e-92,9.86819700931785e-30
17,29618023,GAAAT,G,-0.0222671046069833,2.64202978079231e-26,3.99884534520377e-15
12,125312425,G,C,0.029002737638876,2.76804700732093e-17,4.07738854324138e-15
12,124856660,A,T,0.0158582435732496,2.12009673095752e-17,1.84871988117413e-09
02,165501927,T,TG,-0.020258081498775,5.73361341504717e-33,9.48416718160099e-15
06,161108144,C,A,0.0718829079008907,3.0907107556179e-46,5.32733478993178e-119
06,161111700,C,T,0.203161776578071,1.14875172222954e-84,1.67058360111641e-70
06,161089307,C,T,0.0466405209928871,3.66032269516288e-35,8.26252817236497e-102
12,9061971,G,A,0.0237746474697469,1.36464078949462e-22,1.18912244042687e-14
03,119697032,T,A,0.020432218085236,6.0605296208131e-30,1.77140433985044e-14
12,72179446,C,T,0.0698205012875535,5.88748074591726e-15,1.98127465300329e-14
17,26694861,G,A,0.0196487132491108,5.74628790697307e-38,2.15157805219029e-14
05,55861595,G,A,0.0240995618365703,5.5758407719344e-21,2.81958144676328e-14
07,100216773,C,T,-0.0196376865569157,3.06460052368188e-16,5.26600215008898e-14
07,100280896,C,A,0.0260260847791991,1.26476455361051e-11,3.81302731080319e-13
07,73020301,C,T,0.0473093990392901,3.42821673985802e-15,5.64763557258547e-14
06,30221891,G,C,0.0370214526337581,5.40190607148156e-32,1.05618110703498e-18
06,30260982,C,T,0.0343344565066549,3.30262329069999e-24,1.56630357846056e-13
07,1032637,G,A,-0.0234854775967216,3.19226639298516e-20,9.94777923528028e-14
09,2640759,A,G,-0.0381629037607908,1.73499337399232e-15,1.07337212946507e-13
X,2868554,A,G,0.0162831254319303,8.22411283326599e-30,1.34710520268672e-13
17,76382791,C,T,-0.0192403393467053,9.65108689816569e-37,1.46224013941369e-13
06,127456122,A,G,0.018979211294477,1.43303667464916e-34,1.47297368298717e-13
02,204015972,T,C,-0.0301674585589678,8.34758499441584e-19,6.55293305602956e-15
09,19357230,C,G,0.0315870494666532,1.99953392987257e-16,1.75194362368081e-13
12,4384844,T,G,-0.0717550357174928,5.00646753982076e-14,2.13107724268457e-13
09,131575063,G,A,-0.0284833980577785,1.0163295103337e-16,2.48363425957876e-13
14,94768196,T,C,0.0458151260131226,1.79129217218268e-14,2.64683944949733e-13
14,74250126,T,C,-0.0212052837014716,1.06058206346291e-22,2.83466866913264e-13
07,87096623,C,T,-0.0241155230966832,3.37222095873435e-18,4.26234019309092e-13
07,130437124,A,G,-0.0185403998401084,9.17658086392193e-36,4.27073187300158e-13
02,44081627,T,G,-0.114767875301778,4.370519368727e-118,1.60237663859903e-142
02,44092066,T,C,0.0620095093861532,3.86767090653889e-179,1.90152039433721e-119
02,44084300,G,T,0.0712002201657195,8.58249240729306e-31,9.9745853169858e-22
01,183085264,CAA,C,-0.0188793756276708,3.93578701533491e-34,4.95812231191209e-13
16,83980965,C,T,-0.0185782483814703,1.00688207593192e-32,6.84680855664965e-13
11,66251451,C,CT,-0.0220367556384319,3.87387322051623e-20,7.79724089678922e-13
11,18640477,T,C,-0.020853555027905,9.84083159536931e-21,8.69187715979414e-13
17,46646427,CT,C,-0.0198595500111428,1.65955778761793e-24,9.92932941898115e-16
17,47038434,G,C,0.0292717677911601,7.17673260666117e-12,9.02990036570077e-13
01,92971702,A,T,-0.0190728273694229,9.47953166158208e-26,9.30085750104689e-13
19,41353338,A,G,-0.0247934569393003,4.21584924422988e-17,1.02364286602239e-12
X,99890204,C,T,0.020244457798989,1.04035104201286e-15,1.12618884947202e-12
02,21288321,G,A,-0.219960898007333,-99,0
19,45232161,G,A,-0.790968780193317,-99,0
19,45241248,C,CA,-0.820398088770537,-99,0
16,72079657,C,T,-0.118852238471914,-99,5.11510583317638e-71
06,160564476,C,G,0.112460548087826,-99,5.22351191322246e-48
