chrom,pos,major,minor,beta,p_value,gwas_p_value
18,57829135,T,C,0.0424967255057952,3.46649751987613e-176,2.59483312423001e-110
20,34025756,A,G,0.0353554154492444,1.65636800774567e-237,1.11031884129372e-102
16,53806453,A,G,0.0340373623074181,5.14930778834229e-221,3.98945003262396e-95
12,4384844,T,G,0.107317583136712,6.4776122474252e-71,2.30766122291512e-67
13,51099616,C,T,-0.0324998454861923,3.3571084244824e-96,3.00150714046271e-67
13,50655989,G,T,0.0734548057688721,1.58174849782781e-35,3.26317594123402e-39
03,141105570,A,G,0.0263667444577864,2.70919088740342e-152,2.9133837282585e-59
02,417167,T,C,-0.062326418155639,1.8134516207229e-66,7.28409481498691e-59
02,632536,G,A,-0.032034332156628,1.06236588447122e-69,1.3631602518388e-47
12,66361453,A,G,-0.0253476538173037,3.57775621707654e-159,5.5990571056461e-55
06,34589632,C,T,0.0331551511893641,2.01304249779038e-56,5.86295065649625e-55
01,177889480,A,G,0.0289094408595905,5.06771209135718e-72,1.32176777684141e-47
07,92253972,G,A,0.0247863982374329,6.16074397048726e-90,8.27808610120822e-47
05,127357526,C,T,0.0268830298027171,2.29746064395689e-76,1.57135070276376e-46
08,57112046,G,A,-0.0346361375812234,3.90109114169006e-53,7.45378046932281e-46
08,57184728,A,G,0.0171726247747939,7.09635972924531e-28,2.02105579567169e-20
01,78444764,C,CGGCCG,0.0352335284089878,1.3463577090838e-59,1.10357961788449e-45
06,31272261,T,C,0.0187171568518007,1.50698152836024e-30,4.19304542703538e-43
06,31610479,C,T,0.0171164839762409,4.81276780943666e-16,1.14322300496423e-35
06,126704795,C,T,0.0220974527967657,1.8499314161093e-104,6.78489878573977e-42
01,154989823,T,TGGGGGCAGTAGAGGGGGCAGTAGA,0.0247158906000595,2.52800023764413e-69,9.21877852767629e-41
13,51064533,CCT,C,-0.0281145348842911,2.76922893723108e-72,1.5242564890935e-58
13,50565104,ACT,A,0.0694609189081101,5.62972540557699e-33,1.08364463188443e-39
13,50468730,C,T,-0.0139248331145307,9.0261917572306e-15,6.76250990095513e-17
06,130384187,T,C,0.0228769757191727,9.52998875464669e-73,3.02707093414041e-39
07,2859847,G,A,-0.0226010002021715,4.63700760107134e-69,9.02234950639951e-38
17,29206421,G,T,-0.0252024018767769,2.58729254470573e-60,6.10027247778658e-37
07,150668070,T,C,-0.019800934330345,4.11816552675361e-57,3.44449754432138e-36
07,150554553,C,T,-0.0195691880452943,2.5979075431041e-11,3.69706029930495e-16
09,119124535,T,TAA,-0.0248613289788294,5.47329843712842e-52,6.04692443337633e-35
04,17875735,TCTC,T,0.0181508104892915,5.11505902224621e-37,1.43602235795115e-34
04,17932319,C,T,-0.021801470327953,1.1794117793191e-28,1.02260995870014e-33
16,29972465,C,CA,0.0208443705728006,1.25422786748458e-84,8.16948058146946e-34
17,62017421,G,A,-0.0257285799771553,1.77017098140643e-105,8.69494315743041e-34
17,61996273,T,C,-0.0330253523504074,9.57513064860912e-43,5.38583325918722e-17
02,27730940,C,T,-0.0200087034090643,2.30738732254508e-75,1.77622643701258e-33
X,78655777,G,C,-0.0167387139417505,1.12736702777093e-58,1.93484653532909e-33
14,61072875,C,T,0.0197185363097258,1.01710955489976e-71,1.16238269077405e-32
05,122699198,C,CTA,-0.0190434856728271,9.18078977622461e-84,6.27676130723791e-32
04,145568352,C,T,-0.0198745249236888,5.76534832761915e-26,1.68661574076221e-31
02,172416533,C,CTTT,-0.0215114030592128,4.19382634214756e-50,1.13112970668814e-30
05,75003678,T,C,-0.0187379334251279,4.20205797293823e-66,9.36429784483208e-30
02,218278503,C,CTGTT,-0.0193841145431194,4.50748490570188e-43,1.00638332656073e-29
02,218146818,T,G,-0.0147460346603888,6.62184602703249e-20,2.38345437244103e-16
06,41909521,C,CCG,0.0363601328452001,8.24154261177365e-32,4.39661052963474e-29
06,41903798,C,A,-0.0709019160293544,6.6063551265216e-24,6.35149122534723e-25
06,26180634,G,C,-0.0205397353183603,1.98584567594923e-47,1.38370942002717e-28
20,32287917,C,T,-0.0184777986461921,7.0623161441094e-35,1.63268598233128e-28
20,32542814,A,G,0.0121145238689093,1.02959962534937e-20,2.29940634254114e-17
12,50261809,C,T,0.0186190636990053,1.52846717124586e-61,1.67905776380626e-28
18,20711927,A,C,0.0123351384364372,1.873064519341e-34,8.7566048959287e-27
18,20737641,T,TTAA,-0.0141123771680837,3.74052410262492e-18,4.11521745815401e-26
08,135578636,CAAAAAAAAAAAAA,C,0.0145576175851488,1.25431073956282e-36,9.75862245541673e-27
08,135649848,G,A,-0.0159883513704598,1.9009544521202e-22,1.01192383096178e-20
08,135843916,C,G,-0.0113447251199985,2.60202103593781e-13,1.96996953332413e-11
16,4015729,T,C,-0.0176553097056207,2.73263676121992e-57,2.58668753596601e-26
17,7571752,T,G,0.0780681985372596,2.01806321387639e-26,3.68596377732325e-26
17,7366619,T,C,0.0150451860700572,1.13594508511154e-12,1.73875436308076e-11
17,7570930,G,A,-0.0122401665858655,6.06983472538712e-13,8.90772316913342e-14
12,93990553,A,G,0.020097634952647,2.71671245561365e-35,3.38376686662994e-25
12,94136009,C,G,0.0136595984572447,3.55750807738626e-36,1.45166592298916e-14
06,50788778,A,C,0.0216535549720186,5.99418748196259e-35,1.17792772931964e-24
12,124820705,G,A,0.0223966152506276,1.90791371410655e-33,1.68355460620753e-24
06,142716286,G,T,-0.0180576650504124,1.18582792339457e-29,1.70164228243454e-24
06,143185683,C,T,-0.00930583340374038,1.85173307798375e-16,1.97743473792171e-09
03,185490184,A,G,0.0248833332978857,5.85289390131555e-26,4.26412520999137e-24
03,185828465,T,C,-0.0163274270387195,1.81758189815709e-20,2.21276836295431e-17
04,106215108,TC,T,-0.0166883563198965,6.69980388267074e-55,6.74480806115084e-24
11,27728102,G,A,0.0164939710420706,5.21338027807873e-33,1.78566750320777e-23
11,27650524,G,A,-0.0115361340634533,4.64857989860582e-14,1.16907526992248e-12
19,47569003,A,G,-0.0171955586110769,3.67098272436762e-44,2.559162884761e-23
08,126506694,G,A,0.0166841735621694,2.99711388553493e-52,3.42045360166887e-23
06,108876002,A,G,-0.0165920820097657,9.31446043980504e-49,3.65238154005812e-23
16,28632021,G,T,0.0162578619957306,5.08702645410951e-52,6.88154336763445e-23
06,152168974,T,G,0.0159868979934846,1.11236735215576e-58,1.27784906965253e-22
09,98217348,A,G,0.0231278151465843,1.42723845568413e-22,1.33870062949744e-22
09,98316094,G,A,-0.0229922225515884,2.63871325336473e-17,3.37166186289055e-17
09,98268477,G,T,-0.0499359352504174,1.66878286899852e-10,1.49421763649992e-10
20,33430974,C,CA,0.0143738059940219,8.89237436571347e-37,2.4402097758958e-27
20,33326680,T,C,0.0259207454936896,1.04788383045976e-12,8.11354222387383e-23
10,96038686,G,A,0.0158366276771941,8.04719990854112e-54,2.3514142803249e-22
10,102657908,T,C,-0.0161760962629302,9.57855366481208e-48,6.82634585412021e-22
10,102317555,C,CA,-0.0146560597087122,4.18744626299496e-16,6.42058412814084e-12
08,78099782,G,T,0.0167859961430895,3.31711214360166e-35,7.07827282743997e-22
08,77761919,C,T,-0.024725241105288,2.39168210562258e-12,1.4256580059781e-12
11,66913469,G,GT,-0.026032887585284,5.59951969629712e-27,9.25121403536538e-22
06,29355148,A,C,-0.0170956808227094,2.22483593982549e-39,1.32492941647895e-21
02,56106928,C,T,-0.0183967640645646,5.5157551044579e-33,2.65318455582774e-21
05,36796830,A,G,-0.015378676663626,2.19289315205021e-52,4.59664201033584e-21
12,46752872,C,CA,-0.0156556306214335,1.57531989160852e-50,4.78718606629742e-21
01,41544279,T,G,0.0161162245591451,7.62643876581041e-41,5.66244353812481e-21
15,99194896,C,G,-0.0258145681482198,1.0126299977552e-28,7.28187206501778e-21
15,99395834,C,G,-0.0179453369752725,4.24317803833139e-21,1.43681893230632e-09
15,99214192,TTGGAA,T,-0.0219101003044676,1.6882013763364e-15,6.11425036424617e-12
11,68388220,G,A,-0.0202584131205927,1.11618062604093e-28,8.3825822913663e-21
06,19839415,C,T,0.033987988238807,8.9259303273003e-23,1.09408502377436e-20
05,170864021,G,T,-0.0187243709808578,6.78421449985211e-24,2.11655443752343e-20
05,171336723,G,A,0.010384979288031,2.44644490083478e-21,2.21000014200287e-10
16,2160503,T,G,-0.0199216398444054,1.92581918613615e-24,3.09363316852072e-20
16,2266173,T,C,0.014296236856085,1.21447227179419e-23,1.16735172121793e-15
12,122820960,T,TAA,-0.0162995621752232,9.27388922927426e-20,4.12513962721159e-20
12,122630285,G,A,0.0116481490422921,1.75248009500713e-23,1.90169264699105e-18
12,122357049,AT,A,0.013974521313399,7.9204310439051e-12,2.0405267383038e-12
19,30272202,G,A,0.0158614294495216,1.00809411880942e-38,4.17244293592759e-20
13,78474468,C,A,-0.0173879180424589,6.21066000355302e-31,9.24926442363643e-20
04,145762728,G,A,-0.0193679880945769,2.66515997244534e-19,1.69648056133259e-27
05,42734622,C,A,0.0158934714977606,7.82751088354437e-36,1.05811946491335e-19
06,160767905,T,G,0.0146601636692666,3.79784809326616e-52,1.27202955164876e-19
02,211540507,C,A,0.0156143259310241,9.52248666661609e-36,2.18740348067787e-19
02,223960207,C,T,-0.0162508844889973,2.9012147990908e-33,2.39272595314946e-19
06,109781301,T,TCA,-0.0147989747099648,3.09747858430387e-44,2.56835245601844e-19
22,42070374,A,C,-0.0245462974633022,6.0681788114051e-23,4.50376467905611e-19
14,25944152,A,G,-0.0162606469972386,7.74921812463989e-32,4.85856635702622e-19
17,79093822,A,G,-0.0152473027397128,4.60477692888157e-33,8.77320330955362e-19
17,78757626,A,G,-0.0130252444025076,2.292486754092e-19,5.36144871048424e-13
03,9975386,C,G,-0.0182256975887415,7.95063432759385e-28,2.16292170037504e-18
03,184020542,G,T,-0.0188821603304496,3.91785837304642e-24,7.42046533740824e-18
01,11205058,T,C,0.0155902565733902,7.38287869070894e-23,8.30814851589418e-18
01,10833232,G,C,0.0109172074393448,1.34890511038019e-13,2.13724612148458e-10
06,7702659,G,C,0.0139776868267722,1.28098600218027e-49,8.81265527528376e-18
X,78792528,G,A,-0.0155429593479912,5.22852326994063e-55,5.73924873402462e-30
12,111884608,C,T,-0.0136391233136842,2.40434373183977e-46,2.83258406539079e-17
07,46634506,C,G,0.0123866063298683,2.70739840736773e-32,3.08902335317499e-17
07,46557704,G,A,-0.0154034703002177,3.68272147468141e-14,6.46867795865919e-15
20,50927090,A,G,-0.0173963751268876,1.58227801150001e-24,3.38487862669669e-17
03,171969077,G,C,-0.013375324708186,2.56831824208842e-26,3.87876100923041e-17
03,172188000,A,G,-0.0115175650719105,1.0351576886082e-19,4.36619177164584e-13
01,155155608,A,G,-0.0132297388795234,2.31554170173936e-39,4.49362030998504e-19
01,155306195,T,C,0.0304941913461101,4.58476645709892e-10,1.19633662836782e-12
07,23513093,C,T,-0.0156847968346689,3.52079660166586e-27,5.54149892273052e-17
05,77401374,TA,T,-0.015686116869218,6.32458846674225e-27,5.66761472377809e-17
03,128966302,C,T,0.0218151552201336,3.6520449610704e-15,7.04859300169488e-17
03,128992047,A,G,-0.0128277150151288,2.35905528445737e-16,7.84443667740979e-15
01,176787749,C,CT,-0.0135775831901897,2.73467537287514e-42,7.36741157627325e-17
01,56597724,T,C,0.0160181546846561,8.02072358993942e-26,8.7906269114562e-17
05,130833946,T,C,-0.0136688116194358,2.19363569354204e-38,1.32976237059763e-16
07,93231238,T,TGAGA,0.0134201335050152,1.17340284869695e-39,1.79053750024827e-16
05,139059017,C,A,0.0137591865008479,7.62536639437418e-34,2.16083476006185e-16
11,30443688,T,C,0.0143825445569954,3.13354160023228e-29,2.75475934804758e-16
05,95728898,C,G,0.0140997225975407,3.32076924304978e-18,3.34060438606459e-16
05,95856501,T,C,0.0102793454884714,8.55498273230633e-16,1.6813555708103e-11
X,137050402,C,CT,-0.0161131555407533,3.25308023835405e-20,4.95233538526315e-16
16,20050466,C,G,0.0154922876325071,1.61409929534092e-25,4.9845130138251e-16
11,43878485,G,A,0.0145460180948788,3.56955680308869e-28,5.22808920985198e-16
02,24035507,T,C,-0.0143524836638655,2.87094389045034e-28,5.31739633169871e-16
03,50190346,G,A,0.0132934277987898,1.23960902440229e-37,6.26109417001862e-16
18,56876563,A,G,-0.0175081392210857,1.27692321361912e-21,6.66513776353005e-16
16,4946794,C,A,0.0131876768379788,2.78191074229576e-37,6.985298907536e-16
07,73017657,C,T,0.0163354009046642,2.73797927301751e-23,7.04637178038364e-16
01,205679887,G,T,-0.0130155126811709,9.44477714462358e-39,1.12554311728543e-15
19,2176403,G,A,0.0130461214016404,1.63679414212961e-34,1.93639956001872e-15
15,89394600,T,C,-0.0401298154989413,4.49987302315965e-18,3.29119265643921e-15
15,89386652,G,A,-0.0135358018943551,2.66640256190566e-15,4.96613213052186e-09
10,104943048,A,C,0.0274517264540022,4.6158080067049e-17,4.51275775633425e-15
12,991306,G,A,0.0154925466079422,2.41826485098246e-22,4.67141043633905e-15
05,67596088,G,A,-0.0126614993480573,6.40594251613284e-38,5.16549102274799e-15
11,2165576,G,A,-0.0157997179099617,6.13490155622426e-17,6.53102619070254e-15
11,2077271,C,T,-0.0129507108356509,3.75015747514342e-12,2.26732399254459e-11
11,2665357,A,G,-0.0170043156699787,1.05285851428875e-10,6.30717323864341e-10
07,76638755,A,C,0.0166963446041443,2.57444701931755e-20,9.28210246328382e-15
17,43223292,G,A,-0.0134896865016227,3.17801359265584e-27,9.35178760026002e-15
07,127015083,G,A,0.045583795234277,2.50877106511541e-15,9.59805421253382e-15
04,45182527,A,G,0.012607862629583,5.57796293540157e-35,1.25456358231232e-14
11,69303727,T,G,0.010799980707685,1.8588351470243e-21,1.27349097671697e-14
11,69509343,G,A,-0.0107706998702344,9.54855451324733e-15,3.36491296977193e-13
08,13372120,G,A,-0.0259212446769963,1.54883627578955e-16,1.29422640106357e-14
14,23757428,C,CT,-0.0133294783749818,1.4040642756616e-43,1.46509203958454e-14
10,79572587,T,C,-0.0462583514830441,4.74491445567998e-15,1.54065467914413e-14
06,26207175,C,A,-0.0197628201181611,5.01865499153155e-45,5.88718703921112e-27
16,783865,T,C,0.01472137489759,2.69055847351868e-22,1.65369787025409e-14
08,116631278,T,C,-0.0152373052058505,2.09159325300512e-21,1.7323918757792e-14
21,39689979,TAAG,T,0.0128462237755648,4.1964394767313e-31,2.03456615041507e-14
19,8670147,C,T,-0.0342961153568555,1.74245582135474e-15,2.234218584803e-14
09,99106848,TA,T,0.0154478570138744,9.91756086727582e-21,2.69520802397887e-14
12,123759417,GAA,G,0.0148014912673965,6.82596111390399e-15,2.84874629241799e-14
12,123329101,A,G,-0.0145828511230055,4.0050158481207e-13,7.0932314081861e-14
12,56364321,A,G,-0.0129597690595952,2.61482543407647e-27,2.92454679515588e-14
12,3338920,GCACAGCTGGGGCTGA,G,0.0141123283627859,1.81448345682828e-17,3.0531059685773e-14
12,3393100,C,T,0.0231497259299491,2.668222626792e-12,1.74888799000165e-13
07,139749346,G,A,0.0158213152609762,5.51748854292861e-20,3.17093941431862e-14
12,120867798,A,G,-0.0315595706638499,2.85779708514621e-15,3.21590730810237e-14
15,67007813,A,G,0.0141380140256459,3.5670738744302e-24,3.71584684473872e-14
15,67457698,A,G,0.020610024925069,4.99230503236219e-10,8.30536003684963e-09
12,116196316,CAA,C,-0.0155244727342869,6.978261157925e-21,3.79730327691669e-14
01,218634787,A,G,0.0137022949230057,9.16928627503524e-24,4.51628147263544e-14
19,10745764,C,T,0.0128355732607704,6.29751101699616e-27,5.86091761119841e-14
01,214609127,T,G,-0.0123924352970023,3.600876099988e-30,6.09495603274583e-14
05,137618925,G,C,0.0148303200608216,1.54743618850095e-20,6.47767159458739e-14
01,33776441,A,C,-0.0130700181361668,2.13598992957919e-25,6.49351146946237e-14
04,122713863,A,C,0.0123840357606852,2.92246577523961e-30,7.66157819470011e-14
12,103067437,T,A,0.0123564168199262,1.98354985378871e-31,7.99290629792899e-14
05,87795525,G,A,-0.0145801049476762,2.80457942350377e-21,8.15261900076049e-14
06,140623538,C,T,-0.0140403037909573,1.08468107161319e-21,9.02642166846325e-14
01,149906413,T,C,0.0122462980199084,1.20485866222601e-30,9.29889245461869e-14
05,168256240,G,A,-0.0148156916879349,4.0760155399878e-20,1.08198421256135e-13
17,68153968,T,A,-0.0184240385167132,4.24997403123288e-17,1.0970125694559e-13
06,126090608,G,A,-0.0118163962217775,3.85386511235489e-30,1.30642967007056e-13
06,126572573,G,A,0.0146083740102298,8.20043371445214e-10,2.23758496496151e-09
03,25118637,C,A,-0.0121125575746962,2.76227775870383e-30,1.64835790604972e-13
15,38502321,G,GCA,-0.0122191820379422,4.29496982516703e-31,1.85220856406093e-13
02,71559445,G,C,0.0120023509211294,2.55980328737653e-31,2.53458094170748e-13
06,80959985,TC,T,-0.011850636334197,1.20377876946772e-35,2.55805394929524e-13
01,50970475,A,G,0.0205578358848268,1.32376753460305e-15,2.91640680905164e-13
12,97792368,TG,T,0.0118565800858053,1.729628766024e-34,3.05028137607506e-13
04,123828042,G,T,0.0144780517378211,1.96053749779586e-19,3.07291900011902e-13
11,2813322,C,T,-0.0443004146512355,1.20178728971387e-13,3.11775199050425e-13
11,2696744,A,G,-0.0136870103409213,6.38029132560505e-16,3.22767231461254e-11
X,53628625,AT,A,-0.0102158392735156,3.15331222167583e-29,3.20464938092533e-13
04,1341553,A,G,-0.0263667233649589,4.45105979135261e-13,3.41235962560703e-13
04,1750487,T,C,0.0108790372426314,5.3193239993651e-20,2.42225782221225e-11
16,88804924,T,TC,-0.0126584839160014,1.4020236965838e-24,3.41316739861693e-13
01,201806106,T,C,0.0125286927118291,7.85326434563346e-26,3.8978481333678e-13
15,62274940,G,C,-0.0117403606990476,2.23124765401359e-32,4.22357806794372e-13
04,88557753,G,A,0.0117825709554126,1.35696039229333e-34,4.36760163276773e-13
20,34769811,A,G,0.0180932560368084,1.36237878546094e-28,7.75380882314855e-27
20,35743138,C,T,-0.0178069476649885,2.50657665548316e-16,2.59735845595973e-11
20,34767240,C,G,0.0242888156385192,3.04176303823586e-13,4.22918626986194e-17
08,129215220,G,C,0.0131880248323886,2.22319004143877e-21,5.28155663233027e-13
10,27914001,A,G,0.0118717710767838,2.07504760146145e-29,5.33759443157897e-13
06,34552736,G,A,0.0336172551748064,3.85708215560341e-58,1.11500793601163e-54
06,34163292,G,A,0.0517105379264467,4.33415827623059e-14,4.06459180231831e-11
13,54104968,C,T,0.0175313365771147,2.03841605278415e-16,6.17585980053662e-13
02,112249583,G,A,0.0142144832527248,5.48058862239741e-15,6.56849675910564e-13
02,111874551,G,A,0.0102637435279165,2.50733443531156e-21,3.51846871186355e-10
17,39261560,A,T,0.0125745434764791,4.93931306513838e-23,7.72341471536966e-13
19,3438636,C,T,0.0124206379887362,1.67924650582578e-23,8.36496410845047e-13
14,93115410,C,G,0.0148243172286329,3.12127493258165e-18,8.70737602779763e-13
02,69378070,G,C,0.0165957498662753,1.008492506776e-16,1.0851952059696e-12
03,41308348,T,C,0.0115627948167242,6.99864839282603e-33,1.1908896300837e-12
10,25178864,G,A,0.0156797214689439,2.18143185185963e-17,1.24458629775799e-12
01,110154688,T,C,0.036477785219536,2.53634990100399e-13,1.32031901804261e-12
11,10126097,TG,T,-0.0114012092936586,6.93095841267463e-34,1.63679469927128e-12
19,19717056,A,G,-0.022728180696171,2.33539838210243e-14,1.67367524473386e-12
15,41970964,C,CA,0.0179641121590117,4.6332347808197e-16,1.78834820779942e-12
05,134372685,T,C,-0.0130692616928339,2.91099254732446e-15,1.95900107332431e-12
05,134578641,G,A,-0.00992656679254087,7.18729345994188e-17,1.13264838016238e-09
X,31854782,G,C,0.00997087750147995,1.83829375929402e-20,2.03794304199898e-12
17,46989416,A,ATTT,0.0147751669340775,5.6830798661003e-17,2.41780461107753e-12
17,46725779,C,A,-0.0249033581023397,1.49012948691337e-09,3.9327537194013e-09
02,9770589,G,GCGGGGC,0.013687660823357,6.54581180217818e-21,2.52068918433297e-12
02,59291172,G,T,0.0120463418218449,1.21919375146918e-14,2.52735369460404e-12
02,58935282,G,T,0.0096553614878539,1.11843539447218e-15,6.25933028360961e-10
13,27049616,G,A,0.0117791868702277,2.0080168893582e-28,3.05376838408491e-12
12,115106688,C,A,0.0129691183501216,1.3161092048747e-19,3.10427874946254e-12
01,22475425,T,G,0.0114546491632324,2.83062187950584e-28,3.20636218390333e-12
05,172779211,T,C,0.0126467634848532,1.40758712521689e-20,3.7244679395959e-12
05,32819073,C,T,0.0114461548993253,2.44625566524326e-26,3.83870813149864e-12
07,28174957,G,A,0.012420469360252,8.54049519351041e-21,4.07950380382184e-12
17,71126150,C,T,-0.0114727014355059,1.36248962028906e-25,4.25874401441955e-12
X,45634577,C,A,-0.0100258802784174,1.67386475189368e-19,4.32563541144159e-12
07,121955468,T,C,0.0115061444070817,4.43752956267491e-25,4.47540021290098e-12
03,85142871,G,A,-0.0116382666840498,4.5997867278036e-24,4.50731345013274e-12
18,46516424,C,G,0.011796353387459,6.92019682732911e-23,4.75862040527291e-12
14,24804088,A,T,0.012729687071185,1.87550169233604e-19,4.89791667111454e-12
X,117865540,CA,C,0.0116172787219311,1.87041872643013e-16,6.35211630569826e-12
13,30177474,TC,T,0.0125875119748056,9.67320678391451e-20,6.38779861532882e-12
08,57170647,A,G,-0.0257647440351946,6.49726563418479e-28,9.57843536620846e-34
08,57187356,C,T,0.0196333062800908,1.41785622472594e-21,2.36758765824847e-25
08,57665019,T,G,-0.0107672164032891,1.04728448784807e-13,6.40804276076742e-12
10,81103862,T,C,-0.0111859154486882,8.15223207540304e-32,6.5385048474427e-12
12,110044918,G,T,0.0138609787791107,3.87758096211657e-17,7.11157757840614e-12
17,29230520,GGT,G,-0.0209309830552551,4.37208285116829e-52,1.08407412498977e-30
14,36220876,A,G,0.0125893894471319,1.82542873854534e-19,8.11108666799598e-12
03,52835514,G,A,0.0171744870493511,1.76887253474274e-14,8.98787298233158e-12
02,183238919,T,C,-0.0116025377796953,1.14357661787454e-22,9.16864556271849e-12
06,81829439,GTTGT,G,-0.011979245451979,1.08562460107565e-23,1.01387193037783e-11
17,36925750,A,G,-0.0111587945513583,5.45737498390052e-28,1.04546453194907e-11
10,124131176,A,G,-0.0111241483681676,3.36219283571996e-26,1.08532824371101e-11
05,80959505,C,CA,-0.0117554370581991,3.33722182723889e-22,1.08655641812145e-11
06,36210480,T,TC,0.0312070230163787,4.01717976563045e-14,1.22675447995558e-11
06,36311463,T,C,0.0104665557537506,4.85018798161648e-23,9.96590166842326e-09
04,82184234,A,G,0.01186450925202,5.4096981066129e-21,1.25638491632397e-11
X,85577163,C,G,-0.00920974705565859,8.96297830962122e-22,1.26678762023318e-11
09,28410683,T,C,0.0117682139550444,4.45492994862164e-22,1.3508814930582e-11
01,190278319,T,TA,0.0110528677079706,1.94777249621538e-27,1.38571870294154e-11
08,10519285,T,C,0.0110011944498329,4.68059926322648e-27,1.48209005736657e-11
19,46182304,T,A,-0.0137923510207441,2.04054580585959e-16,1.53999782299094e-11
08,120456193,A,T,-0.0123822284251193,4.03612384910643e-18,1.70330982377421e-11
08,120596023,G,A,-0.0231874365583429,1.2093339627307e-11,5.10121064809705e-11
17,29087285,G,A,-0.0222405564341444,7.72833406280527e-36,1.99029618322627e-22
17,29037339,G,A,-0.0358101937620304,4.07000878476388e-17,9.65350133100949e-13
06,34183057,A,G,0.0801718585924827,-99,3.08083932043938e-36
04,145839264,G,A,0.0268590899578311,-99,2.26476673009907e-28
