chrom,pos,major,minor,beta,p_value,gwas_p_value
16,53806453,A,G,0.0458326508623108,2.72988618530275e-272,5.55508374084411e-117
18,57829135,T,C,0.0372148266367365,1.73274814431262e-92,3.49510345292808e-64
18,58036384,C,T,-0.0848351917350393,1.14712822150091e-35,2.44049575045795e-40
02,417167,T,C,-0.0690190207323106,8.8778580089936e-56,2.1420362369909e-49
02,632536,G,A,-0.0355329615510948,1.14583980656232e-58,2.83662804737209e-40
01,177889480,A,G,0.0318356600893297,8.90180977821033e-60,8.27924264456898e-40
05,75003678,T,C,-0.0233406360383896,1.01865337375675e-69,2.4582384089763e-31
11,27694241,G,C,-0.023001459036637,1.28188797565908e-27,3.22928246309438e-31
11,27701365,G,A,0.0199662390225851,6.79225753953771e-31,7.68536524057138e-31
06,34735883,T,C,0.0249401305598932,2.98611387028993e-29,3.81819834870592e-30
12,50263148,G,A,0.0220230363630666,1.62859842249855e-60,1.30004238885514e-27
06,50787576,CGAGGTGGGA,C,0.0331607630462655,1.54405559286244e-37,2.21543526385814e-27
04,45182527,A,G,0.0201435582268452,1.73394817634733e-59,1.96857733460501e-24
02,25158008,T,C,0.0160091716986849,8.85925184546507e-24,1.66210048737983e-23
02,25389224,A,G,0.0119961080170252,1.02219061551955e-08,1.1103025265898e-16
16,4015729,T,C,-0.0191665177824468,1.95521723067852e-33,4.35836834708817e-22
16,3624964,AAAT,A,0.0126837745004447,1.31790743819261e-09,1.36375703482611e-08
16,4297651,G,T,0.0124156898624308,2.1936047151951e-08,2.07224466705955e-07
16,28414341,T,TA,0.0210154713155427,5.4516600264801e-47,7.49739466825142e-22
19,46182304,T,A,-0.0236387021359509,3.11466521926469e-31,1.14119554476819e-21
01,72765116,A,G,-0.0185880105099013,5.03224422672669e-46,1.5210484337809e-20
01,78444764,C,CGGCCG,0.0278442332573661,2.53137912513322e-26,1.67236004691389e-20
14,79890677,C,T,0.02132663803489,1.02349159054043e-23,2.23999405948268e-19
14,79522736,AT,A,-0.00949488761483138,4.827329842011e-10,1.2820161491368e-06
04,100239319,C,T,-0.0595644790376496,3.93479991058156e-20,2.88925976612865e-19
03,141117969,C,CT,0.0196574320689794,7.22151510859583e-52,4.30140871404155e-19
03,141298124,G,T,0.0279232204781969,1.80524049574806e-11,1.78622175866488e-07
12,122963550,C,T,-0.026820346460397,9.56812460302896e-17,7.41270861708856e-19
12,123160886,A,G,0.0186574161872127,1.00948492352813e-11,4.78844195836755e-12
12,123425575,C,T,0.0103082649756299,3.45715929147211e-13,3.10515148874035e-07
05,87682877,C,G,-0.0194228049652609,1.52616139522211e-22,1.0231249258196e-18
05,87969925,CGG,C,0.0204192311909956,1.84999317805083e-15,2.74479227215443e-15
06,40363828,T,TAAG,0.0172457291901241,7.55793040017657e-46,1.9852615417572e-18
19,47556375,TG,T,-0.0198003669776432,1.36316966525967e-29,5.74789080140996e-18
06,26168903,A,G,-0.0144638972905836,2.42538307131581e-09,6.3965170574174e-18
06,26604140,C,T,-0.0102835787461739,5.55686376988439e-11,5.82027128947113e-11
06,25842203,C,T,-0.0117101145727482,2.27397491952038e-08,3.26037816707998e-12
X,31854782,G,C,0.0147141495268031,1.49111280465598e-29,9.7168018922672e-18
08,73443198,T,G,0.0182458376389497,5.98531667914683e-30,4.75515210966507e-17
19,18207397,A,C,0.0174737699755551,1.14671061619111e-33,5.09565190227502e-17
X,109888230,G,GCCT,0.0140166427831276,1.41280274840165e-30,6.12943975113356e-17
22,38572526,C,G,0.0164196443858196,5.80858574598836e-37,1.25006884521879e-16
22,38739491,C,T,0.0155257924419564,2.35531806535725e-06,9.74492393992129e-06
03,49907111,A,C,-0.0161686311001527,5.60080868258809e-45,1.35213926724233e-16
18,58155169,T,TAA,-0.051081513202381,1.85966226048389e-17,9.72517949165971e-18
18,58166192,T,C,-0.0230761934660823,4.05023625374129e-07,5.74085281245811e-07
18,58213728,T,TA,0.0103569937038489,2.24836498145742e-10,1.28053649700932e-09
06,108927842,G,A,-0.0165654785564628,9.80151975780725e-34,3.04780034002767e-16
09,28414625,C,T,0.0168818236683162,7.67575308232844e-30,5.6000909881622e-16
12,4384844,T,G,0.0605017367876013,1.22932578106729e-16,7.00775675951324e-16
11,43648786,AT,A,0.016982416485365,3.81537860830672e-20,8.37628779782399e-16
11,43551416,C,T,-0.00973823132018955,2.21065362319385e-12,6.17387919382423e-07
19,45392254,C,T,-0.0192861435363626,1.67134497406235e-18,9.37887733888217e-16
19,45412079,C,T,0.0170893247357303,3.0945042432865e-07,1.23959655381885e-08
14,25931404,G,GTC,-0.0168966997277364,2.88575977100118e-29,9.53632922825956e-16
11,47669861,G,A,0.0159861711168246,5.67717382767726e-35,9.62898883698323e-16
02,165508389,C,T,0.0150646052450705,6.85342079104506e-20,1.3065472809186e-15
02,165441708,C,T,0.00943222962380541,1.2283406171542e-08,6.30219377790935e-08
08,116671848,G,A,-0.0174945895140771,8.29897614158171e-20,1.36695339142897e-15
08,116551405,G,C,0.00981893976911208,2.88495898062022e-12,1.07153726818031e-06
12,991306,G,A,0.0190943640574437,4.74405868398011e-23,1.48308745196351e-15
01,201806106,T,C,0.0160795571535488,5.66080263252496e-22,1.73756589525054e-15
01,202103802,G,A,-0.0094362145334052,1.02119695685272e-08,1.25517864544434e-06
20,50929323,T,TA,-0.0199407253152868,3.61211080506155e-22,1.79030062062791e-15
07,76626619,G,T,0.0204350004298487,7.96471086459783e-17,1.92401940784665e-15
03,85880768,A,G,-0.0147696248690422,7.57276930384528e-20,2.21096017256e-15
03,85683600,A,G,0.00958517724090914,8.14004433943582e-11,4.73057183595479e-09
16,29972465,C,CA,0.0165284348043753,2.96724378322834e-37,2.56132009848314e-15
09,15880555,A,G,-0.0154885179920587,1.05801754610611e-36,5.21919210828275e-15
10,22258152,C,CA,0.0169116125054969,2.23138205116744e-26,8.48435989837052e-15
15,84514290,G,C,-0.0139048292778181,8.19497744194785e-21,8.85230432983297e-15
15,84236464,G,C,-0.0111539815275713,1.13585520405744e-07,2.4787938759594e-09
13,54107352,G,A,0.0241227873165249,5.2036021537105e-20,1.03988899565097e-14
13,54505922,A,G,0.0145713651600792,5.36359250223785e-11,8.96370118115173e-07
17,78757626,A,G,-0.0134582251009874,4.86109398122381e-15,3.36885826696345e-14
17,79084465,A,G,0.0132936893283332,1.28054707672877e-11,2.13344289790547e-09
17,78449948,C,T,0.0140570716437248,3.20813049892701e-09,1.30420890030866e-12
16,4940994,G,A,0.0149217999394911,1.09739289070643e-33,4.47216889148806e-14
03,61269668,G,A,-0.0206056112859902,2.09179570839311e-18,6.89182190310739e-14
12,120907309,T,A,-0.0372503606847144,7.10285857438461e-15,8.31094117995931e-14
17,65831328,T,TA,0.0186707686972275,1.26266238918289e-17,9.82341230243314e-14
17,65394209,CAA,C,-0.0113554428403385,1.12749306548241e-08,2.37623171219336e-06
02,58935282,G,T,0.0144237871155278,2.98383062404087e-21,1.0599081749486e-13
02,59297346,G,A,0.0139907120027963,2.42904072774903e-17,1.00910603054024e-12
01,110154688,T,C,0.047696377370694,3.34029973985848e-15,4.45812894795696e-13
01,110104189,A,C,0.0137629290726924,1.51916544871039e-11,7.74124349002208e-07
06,34569253,TA,T,0.0246824498909272,1.55649142167596e-29,2.60953539090505e-29
06,34006460,T,TC,0.0107570726854662,5.30038224772087e-07,3.33079530659652e-06
19,30286037,G,GCCTGTAATC,0.0150351623177482,2.90631285636698e-24,7.6844799337828e-13
17,46270606,T,C,0.0280413470667122,1.52736769048448e-14,8.45756970860134e-13
17,1835482,C,T,-0.0191901743802728,9.78897337451156e-17,1.29077426979512e-12
06,31606756,A,T,-0.0170153422950161,4.45569057158114e-11,1.77921398223953e-12
06,31613739,T,C,0.0108912152461882,4.19824444117013e-11,1.4641244284278e-10
11,130796248,G,A,-0.0138672158818694,8.37213716824243e-34,1.79528412057106e-12
15,68085555,G,A,-0.0163709635469298,1.6110328173982e-18,2.68252956384395e-12
13,79580919,A,G,-0.0141857853875495,9.9776290746984e-28,2.85237985049895e-12
06,26173767,T,C,-0.0170280108305646,4.95347140450706e-15,2.11776280053426e-17
06,26669871,C,G,-0.012246059699965,5.56380095328954e-09,2.9894135541315e-12
12,124580119,C,T,-0.0125106372258708,2.1094136994987e-15,3.72114787778426e-12
12,123189794,T,C,-0.0150928542086241,3.22923678213987e-16,8.53147369067744e-16
12,123070618,G,GTTTGT,-0.014860514865602,2.50231315363035e-14,1.34395801457069e-14
08,126482077,G,A,-0.0135535535846345,1.06593590364665e-32,4.4645527074577e-12
03,12392272,C,T,0.0184484942963126,4.45128239215396e-12,5.33224506673077e-12
03,12441088,T,TA,-0.0141545786735594,1.63351084557327e-08,5.1660760282218e-09
16,2200622,AGTCTGGGGAGCTGTTCTCTACCCC,A,-0.0149939949769441,9.34227103659348e-12,5.92312482245795e-12
16,2073120,C,T,-0.00962263292401802,5.87401262600336e-08,3.45829246224433e-08
02,181517642,C,T,-0.0139521342741131,1.54974229569731e-26,5.97482022288755e-12
10,99772313,GA,G,-0.0135087844382663,3.21114542444914e-28,7.85217519662205e-12
10,114754784,T,C,-0.0146480539311157,4.35116417974839e-20,1.08465208689803e-11
07,75050086,C,T,-0.0140214355358656,2.03246693477054e-28,1.3033582666408e-11
11,65914766,C,A,-0.0112242242894187,3.42657744508585e-13,1.48589825540243e-11
04,137083193,C,A,0.0133578528307787,1.79322253065467e-27,1.50380389562202e-11
13,112245131,TAG,T,0.0131207704259052,2.01443125725649e-15,1.73260102149481e-11
13,111977280,T,G,0.0093450778185163,3.57171283534748e-09,4.07223843350119e-07
18,39696251,A,G,0.0226269254321684,1.20910719251275e-13,1.75107777663294e-11
X,117960969,T,A,0.0134741154933573,5.72344965575671e-15,1.9431109624539e-11
01,219631063,C,T,-0.0136410113908316,2.81530714822055e-33,2.10937068740554e-11
13,27984135,A,ATAGAATATTT,-0.0141968116432747,2.09624515984912e-20,2.92173631547033e-11
01,49996959,A,G,0.0140521143829566,1.40900948154577e-20,2.94537471311269e-11
18,21109466,G,T,-0.0130882244770574,2.10550222602917e-28,2.95451187383101e-11
11,13349479,G,C,-0.0135802487939916,1.71396816469272e-17,3.19678123678382e-11
11,12888236,T,C,0.0106898819431739,5.11474414907627e-09,5.42008780339548e-07
14,94076978,G,A,-0.0141337018520872,1.6659840729234e-19,3.93077223067507e-11
05,153518766,A,G,0.0138981167865305,7.7238421122722e-20,4.64132934774771e-11
05,153167595,G,A,0.0104351383655715,3.9165324574932e-13,3.15727839296754e-06
03,85044736,A,G,-0.0152622708220147,6.03729363612198e-17,4.66788839935576e-11
12,90136912,G,A,-0.013358356618889,1.17225380780493e-11,5.09110115552791e-11
12,89776845,C,CT,0.0108800601963632,6.50405304431379e-16,5.00559756063363e-10
X,66222744,CAA,C,-0.0147449726473896,1.05885543415221e-13,5.17951618077656e-11
11,134568740,A,T,-0.0173500440434017,9.23080608810686e-15,5.34362426921052e-11
07,77827064,G,GA,-0.0127780009398648,2.01002806538206e-13,6.04118313409964e-11
07,77420388,A,G,0.011519144855441,1.16965777293591e-12,1.26543654355353e-09
07,78141093,TA,T,0.0106514421081316,1.44405144375412e-07,2.15855906890178e-06
02,213414265,A,G,-0.0145386102618338,3.39920074587646e-18,6.0823583066998e-11
05,80928508,T,C,-0.0148387199972371,3.09124826320431e-17,6.95423560025441e-11
06,160766681,TA,T,0.0128821959379029,7.63821455525098e-29,6.96238327965433e-11
01,66505549,A,AGTT,-0.0128576308841851,2.21823395313893e-27,7.41909474654419e-11
06,51480853,C,T,-0.0141763003281735,1.61383463188954e-20,8.8662466645596e-11
06,51003250,G,A,0.0236476753200442,1.21052363574346e-08,3.10547663883683e-07
01,62579891,G,T,-0.0245748891708166,2.24478552069404e-15,8.97926197130902e-11
01,62483623,A,G,-0.0188093573228123,7.2022801416674e-12,1.76913753835702e-07
19,18335715,G,C,0.0150517432434449,4.13956565022274e-15,1.01045079508147e-12
19,18834514,C,T,-0.011924393271563,2.27978664649454e-18,1.06802645427448e-10
08,23392733,C,T,-0.0186784609724538,9.10761186448245e-13,1.13357633115036e-10
08,23058220,T,G,0.0111764752215664,5.53741027657872e-08,5.84867174385318e-06
05,95732457,T,G,-0.0124107803466846,3.32145049573277e-15,1.17153719032206e-10
05,95918919,C,CT,-0.0136736357060757,4.61024788082843e-07,1.8131405753184e-07
06,28578286,A,G,0.0131797753278528,1.15763298165531e-11,1.18085505039794e-10
06,28816061,G,A,-0.013292051581037,1.14830779534398e-07,9.13225375507696e-09
03,41308348,T,C,0.0126660521392036,3.6369798320096e-27,1.33747276907327e-10
03,88097699,AAAT,A,-0.0191124519193845,2.38658658378708e-13,1.34030538100127e-10
16,20002523,A,C,0.0162735479847771,1.27895993739622e-14,1.59612607285795e-10
16,20249395,GTACT,G,-0.0202332468867655,3.91796903739415e-12,3.52635632749388e-09
16,20380004,G,C,-0.0108933760309917,1.41008123982629e-15,8.27132250353905e-08
01,96940119,G,A,-0.012257437189211,5.77418670750721e-15,1.6072394929153e-10
01,97409943,G,A,0.00910845817098339,3.34751280298203e-09,8.66872866010852e-07
04,102708997,C,A,0.0111001277390322,1.87335669250455e-11,1.63545232196283e-10
04,103126444,G,A,0.00999383032147124,1.22605159317106e-08,5.25705463855607e-09
03,84321469,A,G,-0.0264374067482551,1.13596905590661e-11,1.79498099328398e-10
03,131717795,A,T,0.0153685121901737,6.94226890812583e-15,2.53777239332092e-10
15,80991447,T,C,-0.0134884751895736,9.70680085693952e-18,2.71501617570878e-10
03,185828465,T,C,-0.0159315657765419,2.46780175430892e-14,2.9459042404144e-10
07,71586049,T,C,-0.0130436769303709,2.95162373439997e-19,3.35509751353457e-10
10,102626510,G,T,0.0129100077078015,1.36959320566186e-12,3.42005996612792e-10
10,102415609,G,A,-0.0143463938939556,6.88902242266752e-17,9.78338537542851e-07
10,102447647,C,A,-0.0219302276002469,3.55829616972901e-13,7.45682559384682e-09
17,42285460,ATTTTTTTTTT,A,0.0138104457387915,1.8464181119096e-17,3.91953279248848e-10
02,67838694,G,C,-0.0125484335269524,3.71944271162567e-21,4.1499564984782e-10
16,69551467,T,A,0.01222677024921,8.3809213992512e-22,4.56309704680396e-10
16,69202908,A,G,-0.0255888097620995,2.81340042920529e-06,1.56627460655603e-06
05,139070398,G,C,0.0173014344654661,4.15651172269605e-13,4.59207347215695e-10
20,15809756,G,GA,0.0186060602116472,1.01500281922107e-12,4.78934372018684e-10
06,66919338,C,A,0.015491929590485,7.65398589745763e-14,6.40928837618334e-10
12,91237920,T,A,-0.0125717944945636,8.79611449456819e-20,6.6124801028656e-10
11,30408954,G,A,0.0123806852280089,7.54937254129274e-21,6.81932349181335e-10
14,99700080,C,T,-0.0122062220595012,1.945225096298e-22,7.36711461305228e-10
12,103651399,G,GA,-0.0129101032662578,6.25020930164304e-18,7.42552385387372e-10
15,99232767,AT,A,-0.0133437270540761,1.28366810874409e-12,7.83557573264643e-10
15,99519259,G,C,-0.0109793404481236,7.63830175616798e-12,5.72608519081087e-08
07,70045443,G,C,0.0121762022008927,8.35802506927447e-22,8.31776742174352e-10
17,28522836,AT,A,-0.0124781805056795,6.22677093223385e-27,8.52318500021259e-10
07,6396021,C,A,0.0208349735528437,1.32665687198705e-11,8.57912665726449e-10
01,150539706,C,G,0.0209683784892436,2.19393289071013e-10,8.76325106495545e-10
01,150346106,A,G,-0.019664000369069,4.63523814193732e-07,3.43170594756923e-07
11,113234679,C,T,0.0122807936073306,3.86866598626018e-20,9.24630827797404e-10
08,8088230,T,C,0.0122386967569008,2.66491293241208e-25,9.62702951739032e-10
10,16751164,T,G,-0.0125231036637691,2.75116957420134e-19,9.96101306100932e-10
09,96395221,GCTGT,G,0.0128758836539242,1.20406557626395e-17,1.05452964019586e-09
02,227105921,T,C,0.0125209095536411,6.90599788588631e-19,1.05521119777185e-09
04,18351898,C,T,0.0120363035546325,6.66539480598584e-23,1.06016927663028e-09
02,205363596,G,A,0.0184725569493235,5.51450107504395e-12,1.10076160718519e-09
02,27730940,C,T,-0.012188017365143,2.64428204623998e-20,1.11711567775086e-09
05,107478679,T,TATAATA,-0.0144463160123414,2.97013892471106e-15,1.15553945138038e-09
08,135637337,C,G,-0.0121371788026818,3.36348442496201e-20,1.23739696277478e-09
15,73687743,A,C,-0.0234973699935719,6.41295614345044e-11,1.24635725198881e-09
09,27782517,C,T,0.0119216747026257,1.18903397941147e-25,1.24966267694417e-09
20,25027526,A,G,-0.0123873941275808,1.14711754860777e-18,1.25025306576578e-09
18,31251221,T,G,-0.0120403277742729,3.05201616193009e-21,1.28870832248052e-09
18,40744790,C,A,-0.0122905321066116,2.08733237129352e-19,1.31616449171257e-09
07,103427228,T,G,0.011987559322512,1.35875866503977e-21,1.4402501045951e-09
03,94038085,G,C,0.011826225744302,1.08596201953846e-24,1.47071829018313e-09
05,43190861,TA,T,-0.0124191067733728,8.15438879551093e-22,1.72234318449001e-09
14,103246470,G,A,0.0124681857022588,2.09104828629765e-17,1.86007314901367e-09
01,149995265,G,A,0.011081409271662,1.41063140683591e-15,1.91576992680155e-09
01,150055211,AC,A,0.0294210436846889,6.42920672647317e-07,1.50530495392904e-08
17,4850748,T,C,0.0156626033366042,4.5217365719676e-13,1.9499813958049e-09
03,44016371,C,T,-0.0119035119333574,3.64071869352808e-21,2.00155341581721e-09
04,145718861,GGTTA,G,0.0120741468460862,1.01723129668074e-20,2.03188580269479e-09
01,42414686,G,A,0.0119014802829679,2.82260212122221e-23,2.04766559971328e-09
01,8662449,C,CA,-0.0124942876499687,5.91545552405367e-18,2.13548195076133e-09
03,170743141,A,ATAT,0.0145521228060378,1.59257763630469e-14,2.15098311080269e-09
07,50571996,C,T,-0.0119101699122557,2.0600112527695e-21,2.1631363314384e-09
13,96982541,T,G,0.0119061437654547,1.90348514427584e-20,2.20259845013579e-09
08,77224112,G,A,-0.0118117565480675,1.33854444576224e-21,2.2591662022355e-09
06,29355148,A,C,-0.012911900731219,2.79425866930755e-16,2.36774658272555e-09
09,120902240,A,T,-0.0151789176383663,7.82763098318594e-13,2.5386455915652e-09
08,79280152,CT,C,-0.0135650396367735,4.73448178103823e-16,2.73337338601534e-09
08,78945243,A,G,-0.0190906091532689,6.91185540671287e-07,8.98334664813536e-06
01,1551428,C,T,-0.012472812049667,2.11761528473012e-13,2.84796233704738e-09
01,1866376,A,G,-0.00958014229282546,2.41004626936861e-11,8.92397089159685e-06
06,130345835,G,A,-0.0132888559173048,3.81440723212199e-15,2.8543123450445e-09
14,47303114,G,T,0.010924768996044,4.39605017939427e-21,2.9114843856886e-09
14,47799707,C,G,-0.0257356048452001,1.27866688412725e-06,2.3467511655507e-07
19,1850165,T,C,-0.0117802753075057,1.07030414350493e-21,3.02392235992018e-09
19,2230029,CTT,C,0.0207221789943032,5.21112030979892e-07,1.43177964238636e-06
03,138122122,C,T,-0.0158838640083752,4.23053875707852e-12,3.29214928895625e-09
09,103143419,C,CAAA,-0.0119917067392956,1.36885763200986e-25,3.43480193766922e-09
07,76814053,A,C,0.0267698003056894,1.71929786508632e-11,4.68425533262755e-12
07,77417584,T,C,0.0126585187375825,5.04407382373421e-18,1.11504428301049e-09
20,29539588,G,T,-0.0331644686118377,1.01675459018547e-09,4.08232183507195e-09
20,33280482,CTGT,C,-0.013411837761168,2.33506377222274e-15,4.11076110925945e-09
02,57351713,TACACAC,T,0.0119197317281262,1.20607607755297e-18,4.16159960321891e-09
06,33516762,GGTA,G,0.01395869831794,1.14410781139738e-14,4.29969241912361e-09
06,34013546,C,T,0.0405985611225043,1.38130056033214e-07,2.82199328651174e-07
09,87172665,A,AT,0.0241718282012024,4.21104075866735e-10,4.73913291183009e-09
20,45519805,T,C,-0.0115682801181157,7.93977793311915e-21,4.94811792572657e-09
21,46494995,C,T,0.0119007702013047,1.70346733700996e-17,5.35885043845936e-09
05,50802257,C,A,-0.0118590502839558,5.06606599196278e-18,5.38918426613983e-09
17,47063204,A,C,0.0207666338952321,5.71027040113721e-11,6.10690339385928e-09
17,46766398,G,T,0.0342819275283764,1.06870787291694e-07,5.66981087346702e-07
03,196934710,G,C,0.0161285304021534,1.29042433389255e-11,6.16123075891952e-09
07,121952981,T,C,0.0140842024057324,4.34446277028858e-13,6.16712931180001e-09
07,113013865,T,TTTC,0.0117496453679111,2.3372276347571e-18,6.60196001356231e-09
03,153673681,G,A,-0.011506817697854,5.68482075349341e-20,6.68430222956567e-09
22,42259524,C,T,-0.0207188187701086,3.1762646102387e-10,6.95652463632943e-09
02,100838157,C,T,-0.0115595890220233,6.07422862517673e-19,7.05908944713067e-09
06,12084445,G,C,-0.0126526398900383,1.11620331054352e-14,7.18511472446026e-09
08,77165846,G,T,0.0117987780982922,5.17175477772778e-15,7.23485699187108e-09
08,76564503,TTAC,T,0.0100946792184376,4.93578413280315e-11,1.14810702829189e-06
15,73086731,G,A,-0.0132971152516478,1.20434658847543e-13,7.68153358432166e-09
08,95685147,A,C,0.0107552903328661,1.72038446614221e-12,8.38478776595672e-09
08,96044076,G,A,0.0123489048156565,2.21193258382234e-06,5.0519627656037e-07
20,32544327,T,C,0.0112662769656858,5.17341687048222e-23,8.80358845298764e-09
18,52500292,C,T,0.0133524373786331,1.84128493281669e-13,9.51205219432982e-09
01,156049877,C,T,0.0170822162582735,2.00094704197719e-10,9.90573525797574e-09
01,156496844,T,C,0.010543728882457,6.14383175931737e-12,1.28423971213169e-06
X,53652838,G,A,0.00959474956300216,7.03405004712145e-19,1.00605595136813e-08
15,41970964,C,CA,0.0176206446031069,4.96194057820032e-11,1.05412470675989e-08
06,152170247,G,A,0.0112926962949123,5.42818980812452e-21,1.06227991220159e-08
03,48779421,G,C,0.0203897451473725,5.18388306364692e-10,1.07237498531746e-08
02,113962071,C,T,-0.0112383334177079,3.11037447653541e-22,1.08902310987919e-08
10,88127995,G,C,0.0112005823732489,2.03928797330592e-23,1.0940399248646e-08
08,67205241,A,C,-0.0127987634612776,9.06527739934862e-14,1.11753536234434e-08
14,33298731,CA,C,0.0113344217643955,6.07627010185236e-21,1.12569077407181e-08
02,230627955,C,T,0.0120363544007304,2.37033186664248e-15,1.20899627728556e-08
06,119508871,C,T,-0.0116377970325241,5.63430331482746e-17,1.2634187532949e-08
01,74977277,A,G,0.0113840377747901,1.53852956888376e-18,1.34515062086555e-08
X,137166980,G,C,-0.0140589460872009,5.11184874930748e-10,1.37216796624964e-08
14,35331997,A,AAC,-0.023071166093116,5.55767236070322e-10,1.37630288814116e-08
06,32652281,T,C,0.0149549861230164,3.01016797940742e-12,1.40796168472961e-08
09,16736867,A,C,0.0116223881335299,2.4540159004415e-16,1.43717300508717e-08
16,89535888,C,T,-0.0166596014645871,6.44128338771839e-11,1.44130228589283e-08
04,840800,T,TGCCTCC,-0.0121872172586171,3.48920221698575e-17,1.44709149341837e-08
09,37102413,C,T,0.0100791152971688,1.5958135417976e-13,1.47813489153194e-08
09,36992121,A,AC,-0.00969863834731768,4.09079810457291e-08,2.35038329298295e-07
14,23755607,G,A,-0.0122719250655797,1.35863357250592e-14,1.4917603388316e-08
19,33935102,T,C,-0.0110914852176866,3.25995406972624e-22,1.49470291918909e-08
13,59257224,C,T,-0.014189930723957,6.5372445654154e-12,1.49924963705896e-08
12,41840328,GTT,G,0.0111565469761527,1.06155722550037e-21,1.50450725174105e-08
05,122657199,G,A,-0.0111813685964973,1.89382520790381e-21,1.52100565770736e-08
12,66343400,C,G,0.011073235039427,6.73095364023714e-16,1.58204536102782e-08
12,66423348,G,C,0.0101240290365947,3.42727633085481e-07,5.31360077921402e-06
17,39261560,A,T,0.0119992282219265,7.18687010759917e-15,1.68155491842493e-08
18,13182325,A,T,0.0143502402524802,1.00210627756793e-11,1.71709977951901e-08
05,63967322,A,G,0.0117477031864705,1.5953685085096e-16,1.72851589973033e-08
01,173999106,AG,A,0.01841954190434,2.98868566663722e-09,1.92070909069181e-08
01,174117720,C,T,-0.0260451963926857,3.24591261110606e-06,1.26801665961444e-06
08,25651800,T,A,0.0119139519892481,1.22737045984382e-14,1.93778356482475e-08
22,40611012,G,A,-0.0117975039544085,3.29268579603724e-15,1.97438418824363e-08
09,92187178,G,A,-0.0110754003176993,2.53409479412074e-20,2.05827816945134e-08
09,94186973,C,A,-0.0123103790159338,9.38663345661989e-14,2.13158467823313e-08
10,126474200,T,C,-0.0110578369919542,1.00045718769379e-18,2.26157915774794e-08
09,124630006,A,C,0.0109806705704048,3.42318103689859e-12,2.300954671911e-08
09,124381561,G,T,-0.00934209673566337,9.19089818126996e-09,2.09385538428772e-06
01,54728864,C,G,-0.0112325238034229,2.72127266033402e-17,2.49285015825691e-08
10,34068356,A,T,0.0105857279794252,3.732519133195e-14,2.53752956288195e-08
10,33720175,G,A,0.0135987135329529,5.86698248478371e-07,4.77644498400824e-07
16,72996162,G,A,-0.0119942139948173,1.45905896107091e-19,2.67489142214931e-08
16,73249677,A,C,-0.0306335847528342,2.25077434595606e-07,3.4231510874673e-06
11,8639200,C,T,-0.0113518467044626,9.49725801320972e-16,2.76766958769138e-08
07,130452227,T,C,-0.0110762480633594,4.74653669312734e-18,2.77444585861043e-08
12,112151742,A,C,-0.0113992407386252,1.04125382496068e-18,2.78743456465046e-08
12,116196322,A,G,-0.0114445550232108,1.10597858971242e-06,2.85389937200334e-08
12,116450006,C,T,0.0101680852238609,4.79159055806e-09,1.50364864571709e-07
12,116120567,C,CT,-0.00988395404488084,4.40446480097205e-09,1.49888641298526e-07
14,29681138,G,C,-0.0127679769218462,2.49341838238546e-10,2.98742383545765e-08
14,30137407,C,T,0.00966475436468406,8.80493150833643e-11,2.20910444045863e-06
13,31012904,T,C,-0.0123770490678187,5.44082796664001e-13,3.00317883517625e-08
12,56497903,C,T,-0.0115105784001033,2.38182372431781e-15,3.00684523520187e-08
02,175238924,T,C,-0.0139484535449635,2.18926600592267e-11,3.06729797635648e-08
14,42939471,T,A,0.0110177773346455,1.83454761627952e-18,3.07029703544148e-08
10,125220036,G,A,0.0124206460825525,5.98177413711594e-13,3.25686974701534e-08
04,89720645,TTTTA,T,-0.0111626714947702,1.17087574964173e-11,3.27797582517236e-08
04,89223504,G,A,-0.00952897833556199,4.0231998139693e-10,7.9117406978878e-07
07,2912928,T,C,-0.0117426547344453,1.64322881372464e-12,3.35194205219061e-08
07,3125220,C,T,0.0129363824277944,8.71231054086909e-07,3.93788560379498e-06
03,194855603,T,C,-0.0157291470051152,2.87322823021409e-11,3.38960953808704e-08
05,284768,A,AC,0.0198353826871665,9.2849920119926e-10,3.78249396893472e-08
03,35599288,G,A,0.0116055294081418,2.12956536954511e-14,3.87288047229091e-08
11,122765478,G,A,0.0120988930000482,2.65369466647418e-09,3.915942528654e-08
11,122534504,T,C,0.0103025512061166,6.48260548012825e-11,1.2548775793729e-07
15,47709199,C,T,-0.0115947565212345,1.73124149416124e-14,4.03449569756002e-08
13,33380113,C,A,-0.0107704959532,4.65488580637881e-19,4.06214932644544e-08
01,23422623,G,GA,0.0152327829887762,6.99336957216536e-12,4.10766868035346e-08
02,236824122,C,CGATT,0.0131207259922403,2.87979026395092e-12,4.2359571894517e-08
17,34937572,G,C,-0.0109016087743956,2.5812821996839e-17,4.2405460983443e-08
01,98315893,A,G,0.0129492695174032,3.78879369110954e-12,4.27020103122843e-08
20,33437621,G,A,0.0115667013919387,1.16960377505958e-17,9.97490338967807e-09
11,27516785,G,C,0.0210998711047201,1.87325994957059e-28,4.94072985532691e-25
11,27503936,A,AT,-0.0131223069499364,1.736343895885e-16,1.81249890117647e-14
02,161105876,A,G,-0.0114909940461229,2.22830953406367e-14,4.61141379696077e-08
17,7630365,C,T,0.0135228881823991,2.56483279459531e-11,5.19336393663405e-08
06,120219224,AT,A,-0.0117669622669921,1.74436926366752e-13,5.58349754639185e-08
03,20432033,G,A,-0.0119054429493458,4.18531314327942e-13,5.92557360299404e-08
12,121714935,C,T,0.0114835628843182,5.18315471202945e-11,6.08659168447325e-08
12,122152255,C,T,-0.0233330696490645,1.22518055267438e-07,7.738682315114e-08
06,20725240,T,C,-0.0138141955572556,8.58645838158228e-11,6.11410105679966e-08
07,150668070,T,C,-0.0110953510275235,2.71561133424712e-15,6.26971228101311e-08
07,32399469,C,T,0.011603243170011,9.5661757491855e-14,6.34078804174054e-08
11,13331324,G,A,-0.0129555636983514,3.88390422649577e-15,1.3487839467005e-10
11,12835835,C,T,0.0107509255308122,2.77328040247825e-12,6.59300772376297e-08
18,60845884,T,C,0.0108915725303297,1.01687343565524e-15,6.71223462133095e-08
08,85527010,C,CT,-0.0133712231707438,4.71859401805965e-12,7.176874629807e-08
01,208706936,G,A,-0.0116887278327961,2.91851808367081e-13,7.18896361212761e-08
16,24798079,G,A,-0.0120719899792653,2.82216749498872e-12,7.36079806079431e-08
07,92253972,G,A,0.0112641844547216,4.70176314941041e-14,8.01892682540682e-08
16,64716851,T,C,0.0107544520821601,2.77102525913994e-21,8.25579680792078e-08
01,47702229,A,G,0.0106503732389615,5.81705596407075e-17,8.29835913584056e-08
10,118611403,G,A,0.0114309930153476,2.12682375786673e-13,8.29873150658146e-08
06,105402083,A,C,0.0164221834858043,1.5885678919578e-09,8.3092301221818e-08
06,90330599,A,G,0.0242722775318456,1.80914860345241e-08,8.37220613387706e-08
17,7095507,C,T,0.0105981287060355,4.58284336636176e-14,8.62164489315541e-08
17,7559037,C,T,-0.0115663638748923,3.56398838945295e-07,2.69657241765249e-06
X,100339690,C,G,0.00905158036690955,2.12616171941614e-14,8.8441506493312e-08
01,190278319,T,TA,0.0105995432280849,8.94092966274861e-18,8.9123090832577e-08
02,24956027,A,C,0.0234580275457373,1.07083529394217e-12,2.96431716022118e-10
02,24468191,A,T,-0.0255786934030896,2.66235707148307e-09,8.96770816814766e-08
16,31015998,TA,T,-0.0112103640109503,3.79100487819986e-18,8.99303140322733e-08
12,124508758,T,A,0.0110581607514625,6.85792873409787e-13,1.91181299531792e-10
12,123561638,C,T,-0.0108046321994366,1.60601489668119e-08,5.91884903649467e-09
05,170354039,G,T,-0.0117466202131666,1.77843216593325e-12,9.32021378651613e-08
11,118941596,G,A,0.0106723995332538,4.12090132697204e-16,9.58298433820971e-08
05,61007266,T,C,-0.0108635665018075,3.51061594545912e-15,9.75764105108984e-08
03,82703900,G,A,-0.0128968920877252,4.9732670276624e-11,9.75831325994969e-08
07,44804225,C,T,-0.0106984921453242,4.76118013827499e-16,9.81949563252774e-08
01,6680907,G,A,-0.0110624519390485,3.4327714956039e-14,9.89331387045058e-08
02,50742419,G,C,0.0108064649237171,2.56362785956616e-15,1.0066674246994e-07
01,96304750,A,AT,0.0107735742429122,2.32229714763362e-15,1.01636718544562e-07
10,72466697,T,G,0.0114962798280961,5.0521776764074e-13,1.03295702962242e-07
03,62826934,C,A,0.0109000714851215,1.15884382722018e-11,1.03690032098264e-07
03,62471282,T,C,-0.0107900347768762,2.22771302197876e-10,2.84218092198091e-07
12,118404498,CCT,C,-0.0112754539850943,8.69183535113612e-14,1.08580974124286e-07
01,203491150,G,A,0.0128543438954626,9.44638133405361e-08,1.09109964557606e-07
01,203531107,A,G,-0.00937918749754116,5.88378480190353e-13,5.29772983785699e-07
15,53101580,T,A,0.0148932998951857,7.71881897863666e-10,1.09330994284847e-07
12,99553815,C,T,0.0109090832842805,6.88677016120063e-15,1.09704174608583e-07
10,104610926,G,T,0.0106845171229582,8.00583746003894e-16,1.11014253931267e-07
02,37046711,T,C,-0.00984125611758301,1.59984851892379e-11,1.12059436671571e-07
02,36781020,G,A,0.0100294454194114,2.13250036019207e-09,1.79263407253052e-07
03,156379637,C,T,-0.0192446115523926,7.00134735298551e-09,1.16836602293431e-07
03,108023965,G,A,0.0108299805004362,2.90783631585637e-15,1.22186413834474e-07
19,4798117,T,C,-0.0120055320286514,2.17026329108295e-12,1.24722977216269e-07
04,56294032,A,G,0.0104307460657895,1.83143114367651e-18,1.27954763701192e-07
01,32193647,C,T,-0.0108352168133787,2.11239688411555e-14,1.28765481049987e-07
11,27791178,A,C,-0.0126542898535099,5.2805950853472e-19,8.56254550274487e-10
02,205375909,A,C,0.0220196676718686,1.19998140709494e-10,2.62305853124106e-09
13,67419495,A,G,-0.0106985915367282,3.23796551080149e-15,1.3946877948701e-07
05,77389973,G,A,-0.0119177320765018,1.36093122068599e-11,1.4445872065105e-07
19,8670147,C,T,-0.0285511174939881,4.597492722126e-08,1.45339627005308e-07
01,82440947,C,T,0.0119287072020674,1.34023289338938e-11,1.47131502672596e-07
11,116817978,T,TTA,0.0222865440595892,2.20334178320586e-08,1.54679672398603e-07
06,100629078,T,C,0.0116315405090787,1.33867930415121e-09,1.55748776256285e-07
06,100878858,A,G,-0.0108399434675176,2.15903206612292e-07,1.8187159765248e-06
04,147354089,C,T,-0.0131192718247695,1.74703972353832e-10,1.57897663195659e-07
11,14337575,C,CA,0.017083913289192,5.64732194597876e-09,1.62460454214962e-07
12,17169641,T,A,-0.011200049513905,7.27920065297591e-13,1.64455985178176e-07
09,129464827,C,T,0.0103908746878141,5.66177994729102e-17,1.65927503461088e-07
05,102167151,A,T,0.0107363570634526,1.20596038085875e-14,1.66835833752743e-07
09,132190643,G,GGCGT,0.0118644612232729,1.41992528229751e-13,1.67071920553659e-07
20,54494252,C,T,-0.0103263088668801,8.32354510797479e-18,1.72407801983527e-07
01,108001307,A,G,-0.0123758921244195,5.82691870778466e-11,1.72695620579197e-07
01,107885018,C,G,0.0133198926508182,2.64933480627515e-09,2.87967145849354e-07
01,108070435,T,C,0.0102507403495271,6.61351953972105e-09,2.60762310564653e-06
16,71579667,C,A,-0.0115814372270484,4.16992179643264e-12,1.74506614816539e-07
10,87490850,A,G,0.0201762460286224,2.19983626448306e-08,1.78784539640916e-07
05,94197477,T,C,0.0116803188277202,1.1936952250487e-11,1.80018088747944e-07
06,34418892,A,G,0.0308934800960751,-99,1.28576761249675e-16
11,66292363,TAA,T,-0.0468137026671491,-99,7.62674461093897e-11
07,77045957,G,A,0.0188297605032558,-99,8.0149079199067e-07
12,124203832,A,G,-0.0397599084544698,-99,2.07604928422875e-11
