chrom,pos,major,minor,beta,p_value,gwas_p_value
16,53806453,A,G,0.0453311779576596,1.04080908834709e-272,3.6816700319039e-117
18,57829135,T,C,0.0367647440159437,2.03241426328242e-92,3.59107911497837e-64
18,58036384,C,T,-0.0840459796687152,7.79110070624246e-36,1.62641673900268e-40
02,417167,T,C,-0.0678007819245843,3.89483915655185e-55,8.69444968175761e-49
02,632536,G,A,-0.03579467061755,6.9907102180937e-61,7.87999917792609e-42
01,177889480,A,G,0.0324730973056752,1.4677780729532e-63,2.70549304633874e-42
11,27701365,G,A,0.02027146005293,1.63581961467046e-32,7.87308879687477e-32
11,27694241,G,C,-0.0223197305043901,1.09808699108156e-26,1.10681076870175e-30
05,75003678,T,C,-0.0232561846996111,7.78588978555774e-71,7.98743408123056e-32
06,34735883,T,C,0.0245042420359131,6.26131626793907e-29,9.68181131157645e-30
06,34418892,A,G,0.0149428670709811,1.19482377007498e-12,3.88483604417081e-16
12,50263148,G,A,0.0224434400703562,3.13779267312904e-64,2.86857564033481e-29
06,50787576,CGAGGTGGGA,C,0.0329970270399705,4.96994391305189e-38,1.05546536877184e-27
04,45182527,A,G,0.020009772932075,4.41919534954508e-60,1.14643252905563e-24
02,25158008,T,C,0.015989339596069,2.9837987976519e-24,1.7060279012267e-23
02,25389224,A,G,0.0112659321842231,5.26343213696714e-08,9.26028062262029e-16
16,4015729,T,C,-0.0191631191702717,3.51096412469649e-34,1.42814155790987e-22
16,3624964,AAAT,A,0.0127191894186759,7.54462437873677e-10,8.55913967435636e-09
16,4297651,G,T,0.012530090328012,1.09990395069445e-08,1.15620538067961e-07
16,28414341,T,TA,0.0211232184236794,1.52302159422569e-48,1.56033636993924e-22
19,46182304,T,A,-0.0233841312560622,2.73998752924619e-31,1.04618675044877e-21
01,72812324,A,G,-0.0187939702608159,3.6903504178191e-48,1.98469933958405e-21
01,78444764,C,CGGCCG,0.0261032552312924,1.58754624390413e-23,6.67651420304688e-21
01,77988959,G,C,-0.0145776243915381,1.91828531382531e-07,7.92329274227617e-09
14,79890677,C,T,0.0211973546742296,4.09734401392648e-24,7.95241455040705e-20
14,79557418,T,TA,-0.00963470659649538,1.82368979256148e-10,4.45818059313166e-07
05,87682877,C,G,-0.0197850621192342,7.55173760619032e-24,1.3995578054312e-19
05,87969937,T,C,0.0194311838936491,1.91590954647381e-14,1.79025977763337e-14
12,123024476,G,T,-0.0278518729456647,3.64172542782651e-17,2.03595668714965e-19
12,123160886,A,G,0.0185043092227499,8.66598718217235e-12,5.5422871887544e-12
12,123492112,C,T,0.0111154045705694,2.17681775858864e-15,2.31712715672337e-08
06,40363828,T,TAAG,0.0172586698808707,5.76057680246537e-47,7.40554364889805e-19
03,141180097,A,AAGAGGCTGCTGGCCTC,0.0175295693282731,5.28417191650011e-42,9.96886143210915e-19
19,47569003,A,G,-0.0182200116799133,6.20928789828818e-35,1.256650423362e-18
06,26168903,A,G,-0.0182815509618027,3.5103512077014e-16,1.58382672928646e-18
06,25821770,C,T,-0.017758248891292,1.9859910228882e-09,4.87185725592907e-06
06,26604140,C,T,-0.010834538303434,6.76998064282065e-13,7.66648147407427e-11
X,31854782,G,C,0.0147301276764969,2.80225994548021e-30,3.67875845678215e-18
X,109888230,G,GCCT,0.0141281776821448,9.73278475872807e-32,1.47467525588683e-17
04,100239319,C,T,-0.0560170982106559,2.23342546120661e-18,1.61637837404671e-17
06,108927842,G,A,-0.0170227332798173,2.46402058524392e-36,1.95198604310012e-17
08,73443198,T,G,0.018004412886807,7.30216994634935e-30,5.52918884280406e-17
11,47669861,G,A,0.0164067108944134,1.39832076079104e-37,7.39437542869866e-17
03,49907111,A,C,-0.0160183241019808,3.43138289013808e-45,1.14007503997782e-16
16,29972465,C,CA,0.0171083825283771,1.06707988951331e-40,1.22215992266138e-16
12,991306,G,A,0.0194777645782834,1.88605740837788e-24,1.84978536080226e-16
18,58155169,T,TAA,-0.0505543431906485,1.6770253550701e-17,8.57634779936444e-18
18,58166192,T,C,-0.0229865917688594,3.27636822493286e-07,4.59808755239992e-07
18,58213728,T,TA,0.0103299615739518,1.53497971094795e-10,9.60940812865913e-10
19,45392254,C,T,-0.0197132620901438,9.77208779191993e-20,3.73808492765854e-16
19,45425178,G,A,0.0204960702972388,1.24281208681533e-06,7.71384616692301e-08
08,116671848,G,A,-0.0175716296672846,2.08920468904204e-20,4.77816713915639e-16
08,116551405,G,C,0.0101300214562675,3.09957938787114e-13,3.48283704126854e-07
19,18207397,A,C,0.016723918257403,4.56835200571111e-22,5.20129979098595e-16
19,18444518,A,C,0.00876352919357627,1.46722614797668e-09,7.85495494496303e-06
12,4384844,T,G,0.0599214807772319,1.05971217803931e-16,6.08522100154129e-16
14,25931404,G,GTC,-0.0167777511375531,1.57934750374145e-29,7.29624043493703e-16
01,201806106,T,C,0.0159803063381721,3.33888304530349e-22,1.23947663122229e-15
01,202103802,G,A,-0.00924868013054894,1.34759137874232e-08,1.50237590546896e-06
11,43648786,AT,A,0.0166102327152879,9.17277534082052e-20,1.63709827644691e-15
11,43551096,T,C,-0.00964050076171725,2.01758595994719e-12,5.87934619800489e-07
09,28414625,C,T,0.0163231720453683,1.2336245824959e-28,2.55030761569069e-15
07,76626619,G,T,0.020020578159179,1.45987430131616e-16,3.14972345062586e-15
22,38572526,C,G,0.0153198835767315,1.82207427650544e-36,3.75913738494182e-15
20,50929323,T,TA,-0.0194435023906832,1.27050194670921e-21,4.10305697823831e-15
13,54107352,G,A,0.0241323605646609,1.82596333195724e-20,4.47134638657993e-15
13,54505922,A,G,0.0142159158012029,9.39550952857528e-11,1.34501500178449e-06
09,15647348,G,T,-0.0151787143061185,5.90799473295696e-36,7.01116922584804e-15
03,85880768,A,G,-0.0152575545253692,1.09510892804045e-19,9.51111791981832e-15
03,85384671,G,A,-0.00950550756751507,4.44786224810713e-09,4.12487761006101e-07
02,165508389,C,T,0.0143773501621129,1.17979184965108e-18,1.13957049632515e-14
02,165441708,C,T,0.00903343706297104,3.39925223396026e-08,1.61890559968616e-07
17,65831328,T,TA,0.019089996154987,9.34673593040433e-19,1.32485116727345e-14
17,65394209,CAA,C,-0.0111481698351508,1.40630059969072e-08,2.82295193029887e-06
16,4940994,G,A,0.0147499220127177,1.06457377633272e-33,4.43817379874978e-14
02,58935282,G,T,0.0144394062832086,9.16468554858583e-22,5.17048000027599e-14
02,59297346,G,A,0.0138143370401957,2.59247421011166e-17,1.08056605085567e-12
03,61269668,G,A,-0.0202576382163808,3.13763771090785e-18,9.49258126684527e-14
10,22058137,C,G,0.0160794592273153,1.75816549931932e-23,1.00117403873017e-13
17,78757626,A,G,-0.0130447048312146,1.59361605604575e-14,1.05570638797788e-13
17,79084465,A,G,0.0131973656640339,1.03676199362127e-11,1.78269298145387e-09
17,78449948,C,T,0.0136149524509444,6.54328970637976e-09,3.47151595025736e-12
12,120907309,T,A,-0.0365344254368002,1.13085013736972e-14,1.22163743556986e-13
17,1837168,T,TA,-0.0196590174422675,1.1231871178513e-17,2.90090865404892e-13
06,34569253,TA,T,0.0244313587333354,1.33069779444899e-29,3.87012227745563e-29
06,34421820,T,TCTAA,0.0150494334128365,3.45265611594488e-12,5.88799128592732e-16
06,34006460,T,TC,0.0111481447672834,1.42154595498061e-07,1.52830202220823e-06
15,84514290,G,C,-0.0126569336651756,6.78987371964585e-18,5.94722022100671e-13
15,84236464,G,C,-0.0110893239675182,9.53957019163587e-08,3.36516262766157e-09
19,30286037,G,GCCTGTAATC,0.0149019138760114,2.14762736974719e-24,6.76284283166785e-13
13,79580919,A,G,-0.0143706604108528,4.75174016206112e-29,8.08270716097108e-13
01,110154688,T,C,0.0464548399705122,8.25695537355218e-15,8.75282263481204e-13
01,110104189,A,C,0.0130189797476972,1.06734282753224e-10,2.47313672837636e-06
17,46270606,T,C,0.027631232471869,1.82171789725624e-14,9.75221241654755e-13
15,67987293,G,T,-0.0141284524528317,2.06015527346104e-27,1.18107993082615e-12
06,31606756,A,T,-0.0168719770609775,3.84220410577154e-11,1.58928480959245e-12
06,31613739,T,C,0.0107372752451327,4.68041756804562e-11,1.57487717592691e-10
16,2200622,AGTCTGGGGAGCTGTTCTCTACCCC,A,-0.0152192005478539,2.5836046727219e-12,1.65403441399761e-12
16,2073330,T,C,-0.00964618736696646,3.74251629280877e-08,2.0096397603213e-08
10,99772885,G,A,-0.0136570497208226,1.45207908892999e-29,2.45383810482018e-12
12,124203832,A,G,-0.0216356101835965,4.81826150283732e-09,4.49245574157751e-12
12,124580119,C,T,-0.0121064872100068,7.88617763749773e-15,6.47362423937611e-12
10,114754784,T,C,-0.0147101835406714,1.08621752818498e-20,5.18873642933844e-12
11,130796248,G,A,-0.0133521267599785,3.58132728954479e-32,6.50939815924506e-12
11,134568740,A,T,-0.0177641668452785,9.88082012024656e-16,1.06671512775941e-11
07,75050086,C,T,-0.0139159357035267,1.20303944063678e-28,1.07362700568102e-11
02,181517642,C,T,-0.0136187066758236,6.30566579427508e-26,1.09611969367534e-11
06,26173767,T,C,-0.0172090849804048,1.19465427433096e-15,7.87454393082308e-18
06,26669871,C,G,-0.0115952157139089,2.33779016545904e-08,1.10565489241348e-11
08,126482077,G,A,-0.0130691341247026,3.29443752583078e-31,1.47131331160758e-11
03,12392272,C,T,0.017706224057983,1.78677752758635e-11,1.566143473882e-11
03,12441088,T,TA,-0.0144215453877327,5.82721430062733e-09,2.4106937114143e-09
14,94077077,A,C,-0.0141910562764908,3.89270026369401e-20,1.78019085910048e-11
11,13349479,G,C,-0.0135459944908945,8.64951182339823e-18,2.12922503718705e-11
11,12888236,T,C,0.0100078600127471,3.10443524378244e-08,2.04403078177147e-06
12,123070616,T,G,-0.015376809166963,1.06340618747208e-14,4.88292296876437e-16
12,123189794,T,C,-0.0139992758013029,1.53813843655573e-14,4.9749192550035e-15
03,185828465,T,C,-0.0166185936633425,8.50964910398237e-16,2.84128643549322e-11
X,66222744,CAA,C,-0.0147426916306894,5.46493059033109e-14,3.08486776224952e-11
18,21126081,C,A,0.0128486310713609,9.25311353145955e-31,3.24392693948303e-11
03,85044736,A,G,-0.0151412508213551,4.60374851195002e-17,3.94052216105595e-11
04,137083193,C,A,0.0129091254108943,2.42348533790718e-26,4.16346330908591e-11
12,103651399,G,GA,-0.0136687454978728,2.39165530361324e-20,4.2280955088336e-11
18,39696251,A,G,0.0219166348532494,3.64596851437624e-13,4.36294814582797e-11
12,90136912,G,A,-0.0131108374520778,1.61896314116465e-11,4.99308182634278e-11
12,89776845,C,CT,0.0113950223625289,1.10763631024325e-17,6.12926508489731e-11
07,77827064,G,GA,-0.0126507476670399,1.82176790839157e-13,5.01287240888105e-11
07,77420388,A,G,0.0119203294007767,9.77800116606824e-14,2.21805344776455e-10
07,78141093,TA,T,0.0109034002291687,5.09774708332413e-08,9.17982356615629e-07
05,153518766,A,G,0.0137354750974451,7.72185814109086e-20,5.07602370215925e-11
05,153167595,G,A,0.0105944562776979,8.88212749445764e-14,1.57398120322691e-06
06,160766681,TA,T,0.0127937379877604,4.12403947871611e-29,5.5114679859832e-11
11,66292363,TAA,T,-0.0210319824667579,1.96757446691081e-07,5.87766944259435e-11
11,65914766,C,A,-0.010314783692897,1.32224608496756e-11,1.61280565082046e-10
02,213414265,A,G,-0.0143487359295605,3.77563806099885e-18,6.4596167844523e-11
01,49791149,G,C,0.0134910287403283,9.71339549137385e-20,7.00658754893817e-11
01,96940119,G,A,-0.0128133069757389,2.97724991683856e-23,8.29836652987548e-11
07,6387863,A,AG,0.0187082837512409,9.55224636449174e-14,8.57518891291142e-11
15,80991447,T,C,-0.0136818809269571,1.32551051611087e-18,9.2185303433103e-11
05,139070398,G,C,0.0177685074578063,4.90256322500491e-14,9.37682686710801e-11
01,219762581,C,A,0.0138637734685964,2.64149692256852e-18,9.69412494442273e-11
04,102708997,C,A,0.0111339722317106,9.37141391757671e-12,9.77709847234274e-11
04,103126444,G,A,0.00981193375460356,1.52535979311682e-08,5.80061699651551e-09
13,112245131,TAG,T,0.0123224579099634,5.83349853458196e-15,1.00235031213492e-10
13,111981707,G,C,0.00938875151911104,7.37022486132711e-08,5.25196437399544e-07
06,28578286,A,G,0.0129233605153755,1.6701914451801e-11,1.08514116461441e-10
06,28816061,G,A,-0.0139428807112938,1.83314100579318e-08,1.72862306867763e-09
02,67838694,G,C,-0.0127934062707359,2.06377348025498e-22,1.10942583893354e-10
02,27730940,C,T,-0.0127495561902513,1.4800698773963e-22,1.1335808988039e-10
X,117958174,A,G,0.0127173798542179,4.91547485975661e-14,1.25731183592583e-10
03,41308348,T,C,0.0125189115852497,3.5934404074909e-27,1.3325367538594e-10
19,18334805,C,T,0.0140312512695891,2.584226591999e-14,5.8483580760309e-12
19,18834514,C,T,-0.0116939977567869,6.55132059168214e-18,1.33568041560636e-10
16,20050466,C,G,0.0159039351778778,6.41224228590714e-14,1.40439123759299e-10
16,20259934,AT,A,-0.0184249683668806,1.33262863086948e-10,2.12802103975673e-08
16,20380004,G,C,-0.0103862151734812,1.66646901021607e-14,3.29362479318665e-07
05,80928508,T,C,-0.0143970633741637,1.14229621738285e-16,1.48963931456114e-10
01,66505549,A,AGTT,-0.0124929639299955,1.6039980619946e-26,1.53039797350866e-10
07,70038969,G,T,0.0125615529841301,3.16464582835826e-23,1.88914335057466e-10
08,23392733,C,T,-0.0180637738646095,2.51110566854104e-13,1.91071586391197e-10
16,69551467,T,A,0.0126766924206944,1.600587148357e-24,1.91458393727585e-10
17,42285460,ATTTTTTTTTT,A,0.0138904553593212,4.98040540672137e-18,1.92818612419623e-10
03,84321469,A,G,-0.0260204891918185,1.37627420129177e-11,2.12750904223913e-10
01,62579891,G,T,-0.0237725508296145,8.5443802487372e-15,2.15169238564336e-10
01,62483623,A,G,-0.0180614120049697,2.75518116278453e-11,4.08244993611942e-07
03,88237473,C,CAT,-0.018304944322631,2.90658239923958e-12,2.21656325314787e-10
03,88155120,T,C,0.0460174918393515,2.06574499332819e-06,7.533035123778e-07
05,95732457,T,G,-0.0120331663983564,1.08360135065062e-14,2.38417139367485e-10
05,95918919,C,CT,-0.0137242837706918,3.04682449040349e-07,1.28930287721021e-07
07,71586049,T,C,-0.0129831255011567,1.64312567963448e-19,2.58109029261587e-10
03,131717795,A,T,0.0151596933838405,7.79151391570157e-15,2.74103258967064e-10
13,28011963,A,G,-0.0128663666412234,3.09875078398277e-19,2.99876310613002e-10
08,8088230,T,C,0.0124120603197537,1.47689331765537e-26,3.47165085699215e-10
21,46494995,C,T,0.0125894176345838,8.1046064253742e-20,4.19748301975069e-10
15,99232767,AT,A,-0.013345001987741,6.92162865987893e-13,4.90328575739959e-10
15,99519259,G,C,-0.0112017188470606,1.58794052591447e-12,2.12628299333927e-08
07,103427228,T,G,0.0121687032489471,1.07864804478776e-22,5.08564080205752e-10
11,113234679,C,T,0.0123231615587162,1.0315879949126e-20,5.1052470771475e-10
06,51480853,C,T,-0.0129201709402739,3.57529593399045e-15,5.17928429398668e-10
06,51003250,G,A,0.0210659897645189,5.88531879686197e-07,1.70801567085148e-07
06,51799902,T,G,0.0100895743633364,2.98068140896841e-08,1.20454951682141e-08
09,120902240,A,T,-0.0156088480012887,9.02121139289795e-14,5.67268501359226e-10
06,66919338,C,A,0.015357416413213,6.4322913357047e-14,5.70947944659263e-10
03,94037499,C,T,0.0120409011961367,1.04162175504354e-23,5.75969811136389e-10
01,42422900,G,GC,0.0121550675532466,9.19285911337916e-25,6.03072687542472e-10
05,43190861,TA,T,-0.0126131139698104,5.99330224755636e-23,6.1400319542028e-10
09,96395221,GCTGT,G,0.0128828279579999,4.7806644233032e-18,6.55208722012205e-10
10,16751164,T,G,-0.0125089776129411,1.14201242656631e-19,6.72840362993977e-10
06,29355148,A,C,-0.0132008013567073,2.57962911510102e-17,6.7863248318272e-10
08,77224420,C,T,-0.0120479968829861,3.31419499420451e-23,7.60086920468071e-10
20,25027526,A,G,-0.0101395573692504,6.12442897728623e-12,7.7874801193228e-10
20,25195509,G,A,-0.0265738211330613,2.12375387367609e-06,1.77888664065082e-09
19,1850165,T,C,-0.0120598647021317,3.65276906379702e-23,7.81197828309171e-10
19,2230029,CTT,C,0.0197655222193293,1.27560169404119e-06,3.45272829993751e-06
15,73687743,A,C,-0.0233870378817183,4.69472790281196e-11,9.30588527197596e-10
05,107478679,T,TATAATA,-0.014331136162088,2.33810482906769e-15,1.00509228076288e-09
17,28855373,CT,C,-0.012389982606498,1.88723299239085e-26,1.0053728044992e-09
22,42070374,A,C,-0.0200520782075176,1.74353043409163e-11,1.02369091019941e-09
03,49642946,A,AAT,0.0147194158383357,3.1335324716901e-36,2.45866493005931e-13
04,18351898,C,T,0.0118909477751192,6.9127870768535e-23,1.0749614243549e-09
07,76814053,A,C,0.0262303856536904,2.54513820443592e-11,6.96794787747707e-12
07,77417584,T,C,0.0129868846126333,2.65648344079698e-19,2.37648723588422e-10
11,30408954,G,A,0.0120825877499615,2.27810576237498e-20,1.11115065089498e-09
14,103246470,G,A,0.012486801528034,7.83044317182515e-18,1.12979809905204e-09
20,29539588,G,T,-0.0338990127057655,2.68316077213107e-10,1.18411380416018e-09
04,145718861,GGTTA,G,0.012078378565095,3.45071358051781e-21,1.30827781726973e-09
06,119524516,C,G,-0.0118677155331553,3.29177170111595e-23,1.4039959085552e-09
20,15809756,G,GA,0.0178589792171003,4.41565249048426e-12,1.51574242818458e-09
01,8662449,C,CA,-0.0124575572930755,3.01658981655645e-18,1.53913397116631e-09
X,53652838,G,A,0.00999563845888667,8.38715818650594e-21,1.57473883388694e-09
18,31251221,T,G,-0.0118179884844514,5.65280465362876e-21,1.66659516985024e-09
01,1590291,C,G,-0.0133069010057503,2.21037315169984e-11,1.6742146820341e-09
01,2078250,T,G,-0.0272014058280118,1.19310031201683e-06,4.12703518050557e-07
01,1866376,A,G,-0.00929655946070978,7.64186507160768e-12,3.3051999105814e-06
03,170743141,A,ATAT,0.014452313673653,1.18488053634017e-14,1.76347251797091e-09
08,135637337,C,G,-0.0118626668302435,8.60579545714755e-20,1.87418868963022e-09
14,99700080,C,T,-0.0117392344904151,2.47521080011445e-21,2.06482687492302e-09
12,91237920,T,A,-0.0109203090442488,1.84380351516978e-14,2.11793734252027e-09
12,91496137,T,C,0.0128706589938124,4.39022997997108e-07,1.45240578467715e-07
10,102447647,C,A,-0.0227106133884343,2.54944002004984e-14,2.11814220247875e-09
10,102415609,G,A,-0.0146017435163414,8.10799685585755e-18,4.13730753224482e-07
10,102626510,G,T,0.0115501679065021,1.40076454177853e-10,9.73427132653996e-09
09,37111936,A,G,0.0105552972884813,4.6753561548111e-15,2.21355233907226e-09
09,36992121,A,AC,-0.00946559859816478,5.80157798475e-08,2.11884166019383e-07
03,196934710,G,C,0.0163376455230601,3.95337657433975e-12,2.46466829747287e-09
02,205363596,G,A,0.0178520053405146,1.59406408184477e-11,2.46602181734226e-09
17,39261560,A,T,0.0125343716252072,1.95885610595204e-16,2.46960690217639e-09
06,130384187,T,C,0.0124659052394992,2.27415777898265e-16,2.4912407947441e-09
03,138121509,A,G,-0.0158378494138793,2.9125999557501e-12,2.49944111750691e-09
08,67205241,A,C,-0.0131737415795499,8.28194620570645e-15,2.69923549612257e-09
02,57351713,TACACAC,T,0.0119093598858626,5.06067188486196e-19,2.81242042700351e-09
01,156049877,C,T,0.0174661856012817,4.65974161257185e-11,2.90527891172431e-09
01,156496844,T,C,0.0103255035299832,9.50970514972641e-12,1.66248767306555e-06
17,4850748,T,C,0.0152888157556569,8.68304930280698e-13,2.97838524035655e-09
17,47063204,A,C,0.0209198062486723,2.42734744731552e-11,3.00843626989225e-09
17,46766398,G,T,0.0334931770857692,1.48935430628358e-07,7.80297525981543e-07
08,76676187,C,T,-0.0102685307979246,3.13762278442244e-11,3.38443238228418e-09
08,77168957,GTAAC,G,0.00990290517913392,7.13628405856379e-13,6.44390758910573e-09
09,94186973,C,A,-0.0128254835596382,4.06672701901875e-15,3.48347497384841e-09
07,50571996,C,T,-0.0116128091601533,6.94476646117764e-21,3.63116791560833e-09
20,33280482,CTGT,C,-0.0132897391334449,1.97288729436182e-15,3.74202030710275e-09
10,125220036,G,A,0.0130677436783908,1.7757170203729e-14,4.00464195026113e-09
10,88127995,G,C,0.0114137838803527,8.54816860766399e-25,4.01739805761549e-09
12,41840328,GTT,G,0.0114560504358568,2.67494016597763e-23,4.04984240785495e-09
14,33298731,CA,C,0.0114594769843144,1.37610681487613e-19,4.39353369662424e-09
14,33742884,T,G,-0.0152745321453949,1.32640844942937e-06,2.88159646968325e-06
03,44016371,C,T,-0.0115116010515598,2.46774117599328e-20,4.39935011579332e-09
01,149995265,G,A,0.0107171494174719,5.56164051529279e-15,4.43628814561473e-09
01,150055211,AC,A,0.0280720716392031,1.54112235677786e-06,4.46134982297737e-08
09,27777012,T,C,0.0113766136360348,4.09478112117386e-24,4.49860244899173e-09
14,47303114,G,T,0.0106302661323357,1.73346969544464e-20,4.58183579307182e-09
14,47799707,C,G,-0.0260720810533691,6.89074985101308e-07,1.28116554132243e-07
06,33306235,T,C,0.0142263651149872,1.0506674416787e-12,5.21841957588201e-09
07,121952981,T,C,0.0139594201401004,3.72653442628967e-13,5.57639651371409e-09
15,41970964,C,CA,0.0177173657363617,2.28415117211874e-11,5.87765977305788e-09
05,122657199,G,A,-0.011338669488144,1.69095783717532e-22,6.36567284693909e-09
22,40611012,G,A,-0.0120648198417271,3.54252157695059e-16,6.39772932971758e-09
05,50864788,C,T,-0.0115350090195545,1.03493283363425e-18,6.40567890743458e-09
09,16737384,C,G,0.0117483348803884,5.2094980221252e-17,6.71463883070015e-09
15,73086731,G,A,-0.0131464992024138,1.17772434244669e-13,7.24045835597529e-09
01,150539706,C,G,0.0194737850697445,2.45295915828278e-09,7.46219962950512e-09
01,150346106,A,G,-0.0196604420363007,3.40314787209362e-07,2.84117737103251e-07
02,227105921,T,C,0.0117188576694312,4.23519877708239e-17,7.57526531049587e-09
18,13182325,A,T,0.0145261543438914,3.13932140657491e-12,7.68882904919841e-09
18,52509833,C,T,0.0133220405073994,1.25183651635201e-13,8.09646714863639e-09
14,35331997,A,AAC,-0.0231502534926051,3.02361834156145e-10,8.24809458404101e-09
20,45519805,T,C,-0.0112552399552834,3.10983792530764e-20,8.50605585026286e-09
03,153673681,G,A,-0.0112923872372873,1.027065732014e-19,8.50915497696496e-09
02,100838157,C,T,-0.0113547398734004,9.86417091614082e-19,8.59135569279488e-09
04,840800,T,TGCCTCC,-0.0122214671396801,1.20131772471207e-17,8.92222719326503e-09
08,95685147,A,C,0.0114596925503077,2.22692828932214e-14,9.10349942496872e-09
08,96052050,G,A,0.010801915925957,6.94005846771675e-07,6.81791521858954e-06
14,23755607,G,A,-0.0122985285629007,5.79897725137435e-15,9.19147715050977e-09
03,194855603,T,C,-0.016158146773839,4.66894540166188e-12,9.73032928105768e-09
09,103061366,A,G,0.0119804877936734,1.05742783507595e-15,1.02027219962977e-08
10,126474200,T,C,-0.0111798783437917,1.59075438653735e-19,1.06907643357303e-08
14,42939471,T,A,0.0112318647264426,1.52047468657507e-19,1.13312352746663e-08
12,66343400,C,G,0.0110513710352129,3.4929468218633e-16,1.18346046568966e-08
12,66423348,G,C,0.0102942078169543,1.55894541101194e-07,2.83470189745179e-06
01,74977277,A,G,0.0112849338988157,1.21246655059802e-18,1.21601154149813e-08
20,32544327,T,C,0.0110262154003796,1.34036420304358e-22,1.22323560319297e-08
20,33437621,G,A,0.0115401597503368,5.74499933982529e-18,7.0946007400808e-09
07,113013865,T,TTTC,0.0113816554434849,1.06839654340159e-17,1.29119883227483e-08
13,59257224,C,T,-0.014083054510759,5.33120697629925e-12,1.29494097048576e-08
01,173999106,AG,A,0.0193726430674337,2.57768092780802e-10,1.34390043363301e-08
08,79280152,CT,C,-0.0128389275282994,7.55879051346161e-15,1.35261160266231e-08
08,78945243,A,G,-0.0188401757629941,7.16952241563454e-07,8.83657446572511e-06
06,100602753,G,A,0.012853443854411,3.62961633861408e-13,1.37401578126266e-08
13,96982541,T,G,0.0111503384361318,1.60258373800857e-18,1.39913959790733e-08
01,190278319,T,TA,0.0111231057500835,7.67840580097917e-20,1.40115913081815e-08
11,122765478,G,A,0.0122964735816335,9.31409648833554e-10,1.51025869213567e-08
11,122534504,T,C,0.0108142584346035,3.97720853835139e-12,2.11920631216507e-08
02,161105876,A,G,-0.0117601579536926,2.61138127684388e-15,1.51305714567591e-08
06,152170247,G,A,0.0110162148458931,1.70795418944924e-20,1.62466881588573e-08
06,32152442,A,G,0.0138280012754202,2.2310748370795e-12,1.0350571167775e-08
13,33377830,T,C,-0.0109392285521417,6.55732311683105e-20,1.76937469760182e-08
03,20432033,G,A,-0.012173658187178,6.35063588801324e-14,1.97180362680875e-08
17,34944593,G,A,-0.0110119233254936,5.10155388340324e-18,2.13003585441982e-08
07,2912928,T,C,-0.0117540125517508,8.51626579615687e-13,2.14609836347852e-08
07,3125220,C,T,0.0139197640072476,8.54994417196883e-08,5.2059533769132e-07
14,29681138,G,C,-0.0127493208327852,1.62554106018891e-10,2.20485488037153e-08
14,30137407,C,T,0.00963074548494918,6.15264475461108e-11,1.85463077380728e-06
11,8694830,G,A,-0.0122065804399037,1.10207274420296e-13,2.21481660159016e-08
16,89535888,C,T,-0.0162182124194706,1.23101398463109e-10,2.29329838585546e-08
17,7435823,G,A,0.0202478819903422,1.54290510478414e-06,2.31166493710674e-08
17,7096707,TC,T,0.0095470083764397,1.71433232883711e-12,2.81471326798744e-08
18,60845884,T,C,0.0102070617479981,3.39054349799424e-09,2.3334998298755e-08
18,60737480,A,G,0.00903211294265384,2.40454544811513e-09,3.10881544463279e-07
12,111833788,A,G,-0.0108948965971318,1.21595983387682e-21,2.37268366731143e-08
07,150647969,C,T,-0.0122204510057795,1.18700080501944e-13,2.37570008704045e-08
11,118941596,G,A,0.0118682627292103,6.08553749637246e-18,2.38159240388902e-08
11,119012657,A,AAT,-0.0188393164913673,1.99438313130402e-07,3.9566842955131e-06
18,40744790,C,A,-0.0111560528546186,1.29628221100284e-16,2.53686307239258e-08
01,195029618,C,CT,-0.0122025072814841,4.01102875923825e-15,2.54513440546824e-08
01,54728864,C,G,-0.011091798087241,2.89039065003945e-17,2.60225623298323e-08
09,87172665,A,AT,0.0226867220518604,2.99601918177471e-09,2.71249521587346e-08
07,32399469,C,T,0.0117658783749447,2.16191580829508e-14,2.8062377189878e-08
01,50400597,T,C,0.0131604272606874,4.38531349432772e-17,1.92491060444084e-10
01,50890047,GC,G,0.0182873913608893,3.92418952151842e-09,2.89785184615698e-08
16,72996162,G,A,-0.0118031204757676,2.07739187573498e-19,2.99175400005341e-08
16,73249677,A,C,-0.030049654329508,2.76454024225808e-07,4.0214447773576e-06
05,284768,A,AC,0.0197388171802892,7.11343117665894e-10,3.04579273101213e-08
06,20725240,T,C,-0.0139348952490397,3.48844760000433e-11,3.24733672446363e-08
17,71124903,G,A,-0.0109635567007128,1.618090385793e-16,3.30399341649826e-08
05,63967322,A,G,0.0113732164421243,6.42305354932459e-16,3.34046632098253e-08
12,56364321,A,G,-0.0113459367309765,2.5277145872153e-15,3.40594476967005e-08
13,31012904,T,C,-0.0121721802121754,7.05310491241533e-13,3.50701334466936e-08
07,130465054,T,G,-0.0108399724628505,8.75470100455721e-18,3.64456467581321e-08
X,137166980,G,C,-0.0134778797624217,1.64742046571672e-09,3.65864923115523e-08
02,230705516,TA,T,0.0116858905888877,2.98102653773439e-15,3.71321980335955e-08
07,92253972,G,A,0.0114010039126842,1.14550012530212e-14,3.7406320888734e-08
12,116196322,A,G,-0.0122985379955911,6.04297817048779e-08,3.99695485148453e-08
12,116450006,C,T,0.00978369887826929,1.45470040932018e-08,1.37558544921521e-07
12,116029426,G,GT,0.00932478732203016,1.80742440760446e-09,2.04071819329518e-06
01,23422623,G,GA,0.0150515885304414,7.04876527256766e-12,4.12932145916351e-08
07,44804225,C,T,-0.0108798265646604,6.65779361114439e-17,4.14245098729003e-08
02,37046711,T,C,-0.0100757482028922,2.93457271780177e-12,4.27633803660482e-08
02,36781020,G,A,0.00971018432851488,4.47887623545255e-09,2.87687590125393e-07
X,100339690,C,G,0.00916286319250536,4.93799791342706e-15,4.27916187997399e-08
02,113963739,C,T,-0.010633550807606,1.61504132596466e-20,4.37404093849843e-08
03,35601346,C,A,0.0114199430292899,2.6836752412313e-14,4.40919121405134e-08
15,47709199,C,T,-0.0114214077405757,2.10544272837964e-14,4.46629282961764e-08
03,156379637,C,T,-0.0196318512913985,2.26660086490078e-09,4.48083489310325e-08
06,120173501,C,G,-0.011202336294988,1.07013462728493e-14,4.57818411695642e-08
06,90325025,G,C,0.0244496088402798,9.29102151366392e-09,4.58857274829379e-08
10,104610926,G,T,0.0108596726120897,1.19897814422512e-16,4.77901690814368e-08
06,105402083,A,C,0.0164980340568513,8.52052723826048e-10,5.06713590956646e-08
10,118611403,G,A,0.0114399836244677,1.05774134058851e-13,5.69062748107237e-08
02,175238924,T,C,-0.0135038849479828,5.51168048379791e-11,5.80656870276135e-08
03,25077932,G,A,-0.0152052756397124,3.57548536699033e-10,6.18727380976964e-08
01,208706936,G,A,-0.0116087547425242,2.23274716947897e-13,6.20086995269636e-08
08,25651800,T,A,0.0113452743495113,1.06897770213592e-13,6.20804266170915e-08
04,89720645,TTTTA,T,-0.010785376304015,3.31045055242214e-11,6.52347856026303e-08
04,89223504,G,A,-0.00937555731669568,4.80407032968481e-10,8.8251038391312e-07
19,33935102,T,C,-0.0104559641916814,2.35183170262081e-20,6.62760981563383e-08
08,85527010,C,CT,-0.0132185721444809,4.65020901269657e-12,7.18744624205204e-08
X,150858237,C,T,0.00923344625136707,2.81250696095592e-12,7.23962997440368e-08
06,12084445,G,C,-0.0116246735673267,6.88498101065071e-13,7.47426463369232e-08
06,83433135,G,GC,0.0105236527763459,8.25199120539291e-20,7.72458013701572e-08
09,92212610,T,A,0.0104342982902015,1.16239580739169e-20,7.83572471318401e-08
16,31011183,A,G,-0.0107695695292496,1.249477520207e-15,8.00409023898924e-08
10,34068356,A,T,0.0100341287101616,3.85473031013847e-13,8.27008480496788e-08
10,33720175,G,A,0.0138538482490629,2.61065630473856e-07,2.27243550297288e-07
05,102167152,T,TAC,0.0108691324062032,2.71295831259178e-15,8.29846904184305e-08
05,61007266,T,C,-0.0108001847358745,2.41131760188781e-15,8.35916107445092e-08
02,50742419,G,C,0.010121410193947,2.62524613314327e-09,8.58105341399972e-08
02,50277297,CTTTT,C,0.00910184792978091,5.46478184256629e-09,1.01783364944475e-06
19,4798117,T,C,-0.0119677894796534,1.40193063320897e-12,9.70118994933325e-08
06,41734037,GGAAA,G,0.0103793831040805,3.927717061685e-12,9.97210151002625e-08
06,41903798,C,A,-0.0399242906166835,2.22005688934748e-06,4.31882842996474e-07
06,134901196,GA,G,-0.0114530091151335,3.27194182343804e-14,1.01111351223592e-07
18,56883319,T,G,-0.013337406631159,1.10779061154426e-08,1.03558822161854e-07
18,56458986,C,G,0.009615977179423,4.30405753568475e-12,6.70694631566396e-07
12,114562870,C,A,-0.0103477423485,4.05989669609764e-18,1.0451439547307e-07
04,25355782,AAAG,A,-0.0125717576552588,1.53654333910396e-11,1.04704611270794e-07
12,121714935,C,T,0.0120288178411882,4.41298018702895e-10,1.05408161929106e-07
12,122112135,CA,C,0.0100759479648682,3.48474962576745e-11,8.23977624863333e-07
04,80733423,G,A,0.0127552766712704,4.96051891455862e-11,1.05951646513024e-07
02,24956027,A,C,0.020578343099353,3.10869729328333e-10,4.40955568499823e-10
02,24468191,A,T,-0.0262907197139582,7.70997556062364e-10,1.06842339315016e-07
02,24952712,CT,C,-0.011240638844936,3.86956192160715e-08,4.62154785263004e-07
02,236824122,C,CGATT,0.012562483975216,1.32889108465698e-11,1.08336719199383e-07
04,31015214,T,TACAC,0.0116250727018365,5.98912294880611e-13,1.0890074279333e-07
01,98315893,A,G,0.0124092527862999,1.64952363052503e-11,1.10159860158069e-07
08,64728024,G,A,-0.0151563827209559,5.43121668571767e-10,1.10833515647376e-07
01,82440947,C,T,0.0118947460963026,8.79562418329948e-12,1.15032285502864e-07
06,164105984,T,C,0.0111211995511641,3.42568360157899e-13,1.15164653834532e-07
12,118404498,CCT,C,-0.0111006633197393,1.07961005750076e-13,1.17173956223837e-07
12,108166820,AAATAATAAT,A,0.0108016963555867,1.65086061207683e-13,1.22541002578411e-07
12,107734527,C,A,0.00998667587438927,2.7917609546556e-07,8.97644699425277e-06
01,203491150,G,A,0.0137747885103582,3.00128575871202e-10,1.23534171021297e-07
03,42325865,G,A,-0.0164189817781408,1.62249995843673e-08,1.25112515628767e-07
03,42439589,A,G,-0.0101955064218485,2.67598962511975e-11,1.02004827736739e-06
17,73852890,GGTATGTCA,G,0.0132323104053432,1.3169505620853e-10,1.34615367591628e-07
03,82692029,T,C,-0.0126065507459016,8.11260391895267e-11,1.34891298949003e-07
16,71899586,G,A,-0.0123361999289086,2.69488503902182e-11,1.3542675467705e-07
10,72466697,T,G,0.0112515400821301,8.4383923654173e-13,1.36950243926201e-07
02,69698158,A,G,-0.0102332744851508,5.42244020664238e-18,1.38419810596124e-07
15,62112657,C,T,-0.0371477887404766,8.05567043378271e-08,1.41103155986177e-07
08,65311200,A,G,0.0104441237023346,3.53507071758638e-19,1.44627230275983e-07
03,108023965,G,A,0.0106201336246662,4.73942270057631e-15,1.50878265518415e-07
09,124646722,G,A,0.0119102504701964,6.60735357299054e-09,1.52472958505254e-07
09,124381561,G,T,-0.00920532722395467,7.39249214117326e-10,2.14145675266263e-06
08,30863938,C,T,0.011021059965515,2.72348730333544e-13,1.52698718286741e-07
03,62826934,C,A,0.0106171214749591,2.27299777802574e-11,1.53379688942889e-07
03,62471282,T,C,-0.0103775384173171,6.63629839713738e-10,5.87822778607682e-07
05,170354039,G,T,-0.0114012855410465,4.36874454166662e-12,1.5716038721496e-07
17,52925502,T,C,0.0136234588866102,4.38487253453468e-10,1.64669921414018e-07
01,107536799,T,C,0.0112640462876184,3.97818117962213e-08,1.67276812340011e-07
01,108001307,A,G,-0.0118494190476748,5.62142712801457e-11,2.0084181878745e-07
01,107885018,C,G,0.012363847554342,2.70749797595869e-08,2.89912143275928e-07
08,118884738,TA,T,0.0172850326759065,3.54679960761776e-09,1.72259734903797e-07
08,118771075,A,G,0.0113610413527,2.29352577536762e-09,3.37100303176857e-06
01,47690438,G,T,0.0102647841740228,3.12526224780371e-16,1.7333866376201e-07
11,133707509,A,G,-0.0120911813174915,3.40674371567346e-11,1.76218412405693e-07
05,3520064,G,T,0.0101398761390455,1.65489864437731e-17,1.80618659622163e-07
11,3126263,A,T,0.017624584403473,9.27282106969991e-09,1.80807825390001e-07
03,81769513,G,A,0.0112773092016823,6.37303400651441e-13,1.81646276347049e-07
20,54494252,C,T,-0.0101425284083853,5.15145948341644e-13,1.87108562294241e-07
20,54748148,C,T,-0.00963875263242927,2.86770649625441e-07,6.53076835830694e-06
05,6754402,C,T,0.0106948832045253,2.43937070425671e-13,1.92952550871174e-07
05,94197477,T,C,0.0115158913293903,1.33646834032542e-11,1.93107921601992e-07
06,163041759,A,AATTTTTGT,0.0101563801332067,3.48295548968236e-19,2.00785829078488e-07
11,116817978,T,TTA,0.0218284661671414,2.93371906808051e-08,2.01136082375106e-07
16,24798079,G,A,-0.0115195765387809,1.52480618502347e-11,2.02938404868114e-07
13,40762556,C,G,0.0135306682688865,7.79194210310594e-10,2.04137882108269e-07
X,113875450,TTTTC,T,-0.0112452672103216,3.56192929038932e-09,2.04966506958926e-07
X,22339565,TACAC,T,0.0087650152349674,2.65307993882326e-12,2.08762304659281e-07
11,46172038,T,G,0.0406794728857203,1.33252491750863e-07,2.12054508277615e-07
03,183406520,G,A,-0.0113327743918952,6.34482410926192e-12,2.13601560107507e-07
12,21680363,T,C,-0.0112319335596438,8.66785989326762e-11,2.14281573288063e-07
12,21340507,G,A,-0.011012885027689,1.33050017747963e-07,6.2890186492271e-06
05,178746447,A,G,-0.0105688654343819,7.11397373063841e-16,2.15152749595091e-07
02,205375909,A,C,0.0211631370717746,3.79930521126312e-10,6.83563453725605e-09
04,147354089,C,T,-0.0128198725226657,2.78680276526717e-10,2.23902866946626e-07
11,92712544,T,C,-0.021185410295099,2.76866217762795e-08,2.24116307357333e-07
15,95240593,G,A,-0.0163660184366347,9.27145985713419e-09,2.27219025791275e-07
07,77045957,G,A,0.0188533262641328,-99,6.16482621153678e-07
