chrom,pos,major,minor,beta,p_value,gwas_p_value
18,57829135,T,C,0.0434125827273688,2.16783958993623e-180,6.57584725154956e-113
16,53806453,A,G,0.0358874995230455,6.55611909176423e-241,1.31132876010797e-103
20,34025756,A,G,0.0346518276932078,5.1284452904268e-224,6.67386574200732e-97
12,4384844,T,G,0.10850900874025,3.86079960122706e-71,1.30497536686744e-67
13,51116901,G,T,-0.0314533682279664,1.13949276322426e-86,1.77604140775511e-61
13,50655989,G,T,0.0749977051424425,2.62124635970199e-36,1.13678279169086e-39
03,141105570,A,G,0.027120664926053,4.85812413372032e-158,1.92543398508665e-61
02,417167,T,C,-0.0641895560240236,4.09688896183081e-69,3.1652894613493e-61
02,632536,G,A,-0.0326877302827007,3.54803310708415e-71,1.43794597269132e-48
06,34589632,C,T,0.0335221868464716,1.35588565323851e-56,4.03191046611224e-55
12,66361453,A,G,-0.0249971438354196,5.22632226491803e-152,1.29618774878777e-52
01,177889480,A,G,0.028934935089198,7.76312221799003e-71,7.05787908324778e-47
07,92253972,G,A,0.0248719374496817,6.83248020667464e-89,2.83342907449863e-46
01,78444764,C,CGGCCG,0.0352682734788149,1.23913388487098e-58,4.7992560295054e-45
08,57122215,T,C,-0.0327344478923704,2.05616103593115e-50,1.54451813644876e-44
08,57185471,C,A,0.0168420453309866,5.97868446884557e-26,3.41343082219206e-21
05,127357526,C,T,0.0258950090672802,1.06685241488481e-69,1.60934635298854e-42
06,31272261,T,C,0.0181529241862636,2.51075682242462e-28,6.92821526710246e-41
06,31610479,C,T,0.0174173757874581,2.80876533830241e-16,3.38639968793329e-35
13,51064533,CCT,C,-0.0273066671499626,6.4487283790686e-79,6.54031408872566e-53
13,50565104,ACT,A,0.0743410119498134,7.02689428786834e-37,1.00278046307516e-40
06,130377843,T,C,0.0179809520386095,5.78702530072288e-43,1.66034924424308e-39
06,130341235,T,C,-0.0138893115691663,9.55817791459017e-22,1.52510496696341e-30
06,126704795,C,T,0.021407486586703,2.29330418678029e-96,1.01061512065438e-38
07,2859847,G,A,-0.0230571664034399,1.70760092197247e-70,1.55045441952681e-38
01,154989823,T,TGGGGGCAGTAGAGGGGGCAGTAGA,0.0218632803531208,2.05328418198598e-44,2.11281908227083e-38
09,119124535,T,TAA,-0.0252763363785712,1.03793488220215e-52,2.00624886370866e-35
17,29206421,G,T,-0.0245816530991972,1.97809648532629e-56,1.33463831957059e-34
07,150668070,T,C,-0.0191101355338011,2.32172466028935e-52,2.61124888400946e-33
07,150554553,C,T,-0.0192206545561507,8.7310081726582e-11,2.74182073735263e-15
16,29972465,C,CA,0.0207863096304219,1.23594388315706e-82,4.59353958511854e-33
X,78655777,G,C,-0.016739647299127,1.27437800125385e-57,7.50232292794196e-33
02,27730940,C,T,-0.0199460789791609,1.52696510740418e-73,1.0203235141271e-32
04,17922866,A,G,-0.0230007782934675,5.48834155902788e-29,1.77412561234856e-32
04,17956213,T,TG,0.0169495712028914,2.8023109414855e-24,1.21705062275374e-31
04,18346979,G,T,-0.0103546255752538,5.29736932826519e-18,2.60000074520632e-07
05,75003678,T,C,-0.019600224184687,7.69589030842699e-71,7.9460418617966e-32
04,145568352,C,T,-0.0202445997275225,1.55160482193191e-26,5.8114831084956e-31
04,145718861,GGTTA,G,0.0138355671671116,2.56610917325249e-35,1.95211571387515e-27
06,26180634,G,C,-0.0195881591899201,2.7136739731963e-29,1.41430068861445e-30
17,61996255,C,A,-0.0256410616577207,8.45746808438265e-103,2.21605020564191e-30
17,61996273,T,C,-0.0335382554855155,1.54236553058574e-43,7.45318818375011e-16
14,61108825,A,C,0.019047872188269,9.07998000858112e-68,3.29552620430289e-30
05,122699198,C,CTA,-0.0186247672171195,9.62744038031935e-79,4.50450324938377e-30
06,41909521,C,CCG,0.0372683280347566,9.64042768873093e-33,7.23267214739367e-30
06,41903798,C,A,-0.0706466260792975,2.50456294840961e-23,2.27201570914704e-24
12,50261809,C,T,0.0191470970310746,8.46360860121922e-64,1.64950812142743e-29
02,172416533,C,CTTT,-0.0210916160213457,2.26970469263961e-47,5.13064012918077e-29
16,4015729,T,C,-0.0187408546936766,7.48596213565023e-50,5.17891600206253e-28
16,3583173,C,T,0.0112913024097897,2.65135063163118e-10,9.24416708466792e-08
18,20737641,T,TTAA,-0.0151773624491454,2.1499157383509e-20,7.34990334972873e-28
18,20711927,A,C,0.0121100692164871,1.10718009300731e-32,8.13416066160905e-27
02,218314141,C,T,-0.0219806080485196,5.32763350901138e-30,7.84880200754293e-28
02,218146818,T,G,-0.0127186613479427,3.34722999020282e-15,1.0106312600793e-14
02,218604987,C,T,0.0171676913336768,1.94476737125969e-08,7.46759727788596e-08
20,32287917,C,T,-0.0180450461952782,9.42970548524301e-33,6.39048247847673e-27
20,32542814,A,G,0.0121753671103253,1.51369604885683e-20,4.354786013414e-17
06,50788778,A,C,0.0226871627457119,1.61152994850644e-37,1.82399080934016e-26
08,135578636,CAAAAAAAAAAAAA,C,0.014554329771452,5.81164085633309e-36,2.55958200573298e-26
08,135649848,G,A,-0.0161301046519633,2.00973225816058e-22,1.15477109299458e-20
08,135843916,C,G,-0.0114291500935228,2.90027160970488e-13,2.27191468212859e-11
12,93986693,CTTT,C,0.0203060809773743,1.91668494600583e-35,2.71515741491901e-25
12,94136009,C,G,0.0134277698204314,2.38526904477674e-34,8.76205856553818e-14
11,27728102,G,A,0.0171283728662292,7.79537735137158e-35,8.22798539625993e-25
11,27650524,G,A,-0.0120680457250397,5.48122263422523e-15,1.75425254405792e-13
12,124820705,G,A,0.0227242544492039,8.96578440742672e-34,9.77893957679232e-25
17,7571752,T,G,0.0882444254976727,7.7832707662966e-31,1.18995482656567e-24
17,7579472,C,G,-0.0121259246265595,2.45469778467877e-15,2.06705784009742e-07
17,7366619,T,C,0.0144146394985458,1.50731699270657e-11,3.00133851071111e-11
16,28632021,G,T,0.0170468088004869,5.54106688441441e-56,1.37520208301126e-24
06,152168974,T,G,0.0167469609041933,1.56422494247876e-43,2.31326172379432e-24
06,151727545,C,T,0.00942731856267361,1.91550367586519e-10,4.06727215426884e-08
06,142716286,G,T,-0.0180258313554093,4.93376682216449e-29,5.24938363994727e-24
06,143185683,C,T,-0.00965422367368869,2.68603590135006e-17,7.40154135078495e-10
04,106215108,TC,T,-0.0168325967998127,8.15599109934216e-55,7.75561320142687e-24
08,126506694,G,A,0.0125483555500828,4.82679456499063e-28,8.94832949998765e-24
08,126498265,C,A,-0.0116761246736458,5.91076472880698e-14,1.6138723339804e-20
06,108876002,A,G,-0.0168925530722982,1.44123545672818e-49,1.5111790149024e-23
19,47557098,G,C,-0.019179978665374,3.73448296882386e-38,1.6638775099914e-23
03,185490184,A,G,0.0305406193279262,4.99141147973282e-37,1.85223132345559e-23
03,185288661,C,T,0.0126734240693049,3.24535223748685e-28,3.90633760738231e-06
03,185828465,T,C,-0.0143134409321121,1.27670888456513e-13,2.92759554174332e-15
20,33430974,C,CA,0.0107581676088298,2.77314747843046e-20,1.16964403378044e-27
20,33326680,T,C,0.0253326665391698,5.27902658960334e-12,3.75218602068204e-22
20,32987687,T,C,-0.0160573960686001,4.0232629532299e-15,3.19030908721803e-23
02,56106928,C,T,-0.0167996319930748,1.19769315814502e-26,1.27288798280668e-22
02,56076480,C,G,0.0120307818068319,7.10795322784361e-10,3.05117802686179e-13
11,67024534,C,T,-0.0288380421897411,2.22502564018276e-26,1.44003834507055e-22
10,102661251,T,G,-0.0135216407465037,9.04655939022206e-31,2.34315477519134e-22
06,19839415,C,T,0.0345022986158231,6.36303258803427e-22,1.84068682597803e-21
06,19724989,T,C,-0.00901937691794083,1.64029889808341e-16,1.58902703134486e-08
09,98217348,A,G,0.0282324176224248,1.86221737758552e-31,2.37517184914385e-21
09,98192383,T,A,0.013432895575124,1.95722043610947e-24,4.61177313046546e-09
09,98380222,G,A,-0.0193570869845165,3.94404194554033e-11,1.05446485556301e-14
06,29355148,A,C,-0.0161672371394688,1.06458320230668e-23,1.13638130357137e-20
06,29842444,A,G,-0.00749408439779133,9.67064736997313e-10,1.14384223994473e-07
01,41544279,T,G,0.0161424497342523,3.05747001795232e-40,1.14032444411471e-20
11,68388220,G,A,-0.0171692843753243,1.59516434702616e-18,1.45268665712944e-20
11,68070095,G,A,0.00954842454340512,8.12574906824796e-09,2.64368042120122e-11
11,68594136,G,C,0.00853202312167814,3.84599561752902e-10,1.64752423464611e-12
12,122820960,T,TAA,-0.0170078600910986,4.92612608778908e-21,2.42188127252415e-20
12,122583781,A,G,0.0121297044819244,1.92073886075396e-22,1.27800157100224e-18
12,122357049,AT,A,0.0126169620596812,9.41917632242504e-10,6.91569342250234e-11
17,79093822,A,G,-0.0159821358805238,3.43745733970185e-30,4.10384010297742e-20
17,79426756,C,T,0.00940388546183386,2.04732338020146e-10,7.10450584952356e-08
06,160769811,C,T,0.0149363956230868,3.16952806191164e-52,5.7424059570209e-20
08,78125457,C,T,0.0160911436410663,6.20175195056257e-32,6.37955582321295e-20
08,77761919,C,T,-0.0243978101923917,7.27942666275981e-12,4.70753503262256e-12
04,145839264,G,A,0.0136476346749801,1.88945549011401e-40,1.68935940364368e-28
04,145762728,G,A,-0.0192459067537925,9.42073218458784e-19,4.89808339152212e-27
16,2160503,T,G,-0.0191433675634028,3.19541089554053e-22,6.69889847345925e-20
16,2266173,T,C,0.0112484563942215,1.92233796679227e-13,2.40559485036726e-14
16,2262987,G,A,0.0293878872211713,2.36166387866492e-07,4.49001244410566e-14
14,25948867,T,C,-0.0161384744002446,1.2775268406147e-39,7.83527134319262e-20
05,170864021,G,T,-0.0187246656021118,1.16437196950244e-22,1.1025536986953e-19
05,171198771,C,CACACAT,-0.00878830261526763,4.04784723507181e-09,2.05983628128641e-06
19,30272202,G,A,0.0154717715189986,1.40422807342608e-24,2.03007536657001e-19
19,30609964,G,A,0.0081344792523273,7.87897830826251e-12,2.29446150992254e-07
12,46752872,C,CA,-0.0137953854776262,2.42436505316663e-37,2.28338004193499e-19
12,46704740,C,T,0.0142529578910163,5.26411880109328e-07,1.13084505777849e-09
15,99186488,G,C,-0.023395953967208,4.16659124296074e-32,4.97302382939731e-19
15,99395834,C,G,-0.0183314055664051,2.58480617085318e-21,1.76834855502265e-09
15,99214192,TTGGAA,T,-0.0235871256689694,1.32048836429045e-17,3.27860502838271e-11
05,77431886,A,G,-0.0148285085968634,6.96724542349538e-22,8.35055096087499e-19
05,77624228,G,A,0.00975427943569333,9.93631003150404e-09,6.44631384752112e-11
05,36796830,A,G,-0.014427680941428,6.10271357561234e-33,8.40835608377847e-19
05,36646032,G,C,0.00892915472130987,3.21466097827626e-09,1.68909975831727e-07
13,78474468,C,A,-0.016976079697782,4.80766905551774e-29,1.37264053589586e-18
06,109781301,T,TCA,-0.0146107279895288,2.17412410622817e-42,1.46891171676234e-18
20,50951298,A,G,-0.0182203862305826,1.90370144472606e-26,1.73696407030994e-18
02,223960207,C,T,-0.0159782059453526,1.20813172508885e-31,1.79366045106104e-18
22,42070374,A,C,-0.0242527535445438,4.7708667091695e-22,2.29541247487854e-18
05,42734622,C,A,0.0138515776736836,6.60503979742771e-18,2.42078619663247e-18
05,42304469,C,A,0.00905856027665437,1.36470897767959e-10,2.59376440327722e-09
11,43878485,G,A,0.0157909157239574,2.5287036079696e-32,2.83306948822297e-18
03,50190346,G,A,0.0142454023121944,3.43227334671717e-42,8.34129282893586e-18
07,23513093,C,T,-0.0162257246295832,1.84057995802458e-28,9.307424822606e-18
03,9975386,C,G,-0.017869552537437,7.11744449299238e-25,9.86807984571459e-18
03,9504099,G,A,0.0120852492934035,1.51694756148183e-06,3.91379174783762e-06
03,171969077,G,C,-0.0137394109185626,3.41746624734061e-27,1.07837405959277e-17
03,172188000,A,G,-0.0118969891470054,1.44851845811936e-20,1.17407260933939e-13
10,96026184,CA,C,0.0127097478819318,4.38841880200842e-26,1.53384886265383e-17
10,96085377,T,A,0.0133481317245227,1.17813426642189e-08,3.20854278594064e-11
X,78792528,G,A,-0.0128382962448986,9.4091032901078e-31,7.85077778838721e-29
X,78911186,A,G,-0.0158720689618237,7.53980758315566e-08,3.85271754545592e-18
06,7702659,G,C,0.0139937727266654,1.28837615781773e-41,4.54240547453533e-17
06,7231843,G,A,-0.0129858032569974,2.92231043221843e-07,2.46083725968612e-06
05,130833946,T,C,-0.0162598984114286,6.39624974692559e-48,4.68389904274013e-17
05,130711004,G,GAAAAGGTTAGTT,0.0345627227548979,4.93273144495322e-11,2.26423956569854e-06
12,111865049,G,C,-0.0137373606021544,6.67878293335632e-46,5.53262473908334e-17
01,155306195,T,C,0.0301205809345581,1.07373684178683e-09,2.01865470162457e-11
01,155303097,G,A,0.0217214703643824,1.23103896370929e-06,1.33477530045802e-08
01,11205058,T,C,0.0153143635243605,5.72276350737973e-19,5.98217228379176e-17
01,10833232,G,C,0.0108316045131127,3.57265083648105e-11,5.44225198433868e-10
01,10734800,A,G,-0.00867804441030695,9.60410016383642e-13,1.24422348093653e-07
02,211540507,C,A,0.0146179349911997,5.54058043835817e-31,6.83796118019074e-17
07,76637391,A,G,0.0183588424753478,2.40034807955498e-23,7.45827044136543e-17
X,137050402,C,CT,-0.0138553483141071,1.33175338014748e-11,7.82161042280838e-17
X,137082312,C,A,-0.0071185727358238,2.9307661602299e-11,1.22385637782506e-12
16,4946794,C,A,0.012543376354684,4.03155985870432e-31,8.15072729868079e-17
16,4720744,CCAGGTCCCTG,C,0.0254161403266002,4.73445925938374e-06,5.83865527966505e-09
19,2176403,G,A,0.0134547289526662,1.19057338527473e-23,2.00626826136878e-16
19,1849147,G,A,-0.0089603334628112,3.33805046299344e-13,1.77857387649453e-08
19,8670147,C,T,-0.0372356744977208,1.12846141369588e-17,2.04460447991804e-16
05,95728898,C,G,0.0143051916300648,2.25024883410998e-18,2.61405943597078e-16
05,95856501,T,C,0.0101269171933317,4.08082545560163e-15,4.52626151980718e-11
03,183976103,C,T,-0.0149374901696853,5.12977183269277e-16,2.89771197307904e-16
03,184010048,C,G,0.0105368662819303,1.91612979997888e-13,5.96830498150031e-13
01,149906413,T,C,0.0142561216992979,3.85348450911629e-34,3.69108213583577e-16
01,150186091,G,A,-0.0142475724023068,1.35161908939802e-08,1.57497956574271e-06
12,116196322,A,G,-0.0163101938723309,6.75350927011334e-20,5.43182057554602e-16
12,116595957,A,G,-0.0107637742144433,3.01844046317503e-07,4.70388484991952e-07
16,20002523,A,C,0.0145342988289234,7.08900403251228e-20,6.24959818758622e-16
16,20249395,GTACT,G,-0.0172705365312413,4.24825420843651e-13,4.90343089972055e-09
16,19933600,C,T,-0.0138016410197129,2.92754755881773e-11,1.37472670542617e-12
04,45182527,A,G,0.013288365612568,5.58368757607228e-38,7.97312742722951e-16
05,139059017,C,A,0.0136170498234144,1.34966267178839e-32,8.1610091257136e-16
15,89394600,T,C,-0.0398128447771978,3.77699340680209e-17,8.28098176927892e-16
15,89386652,G,A,-0.0141388504815053,6.74465147755347e-13,3.98795052086262e-09
15,89367562,C,A,0.00958803820654518,1.57594468713404e-16,2.09569454200664e-08
03,128966302,C,T,0.0212062290073598,3.58969355913958e-14,8.77880055172041e-16
03,128992047,A,G,-0.0125439172136426,1.93120292065188e-15,5.46884537677801e-14
11,30408765,C,T,0.0133377282327635,1.40146443278194e-33,1.53377917498341e-15
07,46642308,T,C,0.0130463883745724,3.07537269585222e-29,1.55387012717792e-15
07,46557704,G,A,-0.0162675455085089,5.18671845576061e-14,5.69656604384765e-13
07,46734307,G,A,0.0110350735880594,9.49421631737287e-13,4.55342953534966e-07
06,26207175,C,A,-0.0188146568806366,1.21359970759351e-27,6.26499770569161e-29
07,73017657,C,T,0.0149325302510644,1.04631641266507e-16,2.20367703893165e-15
07,73121347,G,A,-0.00881422044899262,1.55269344769524e-14,1.07760222454982e-09
10,104749244,T,TA,0.025739104236518,6.60608657645613e-19,3.64096536866953e-15
10,104398895,G,T,0.00985855807191179,1.38433307281127e-12,3.8394899126059e-06
07,127015083,G,A,0.0464883696601446,1.30281284610433e-15,5.12111898074555e-15
01,176787749,C,CT,-0.0131274512152512,1.66053529346245e-32,5.42767559258354e-15
01,176500060,T,A,0.0171152751450908,1.21383653328072e-08,9.1776180262663e-08
01,176404571,A,G,0.0131122824498189,3.47567047216343e-06,1.99138259820598e-07
07,93234412,T,TTAC,0.0128327854430429,4.67995720514883e-36,5.69202086404266e-15
12,120867798,A,G,-0.0311340895538764,1.59455859772765e-14,6.159438554032e-15
12,120433563,G,A,0.00900037718137552,1.77445832549792e-08,2.73171270763329e-07
10,79572587,T,C,-0.0404823792387062,8.09418313796725e-11,7.42100109095803e-15
10,79659934,G,A,-0.00931908528372177,4.84991314849842e-10,1.19440729851212e-10
12,991306,G,A,0.0153070366646613,2.59104173135495e-17,1.06344789350802e-14
12,588372,C,CT,0.00870819306998963,4.82149322089646e-12,3.49044988180328e-07
14,23779877,C,A,0.0138679042066937,1.50870156886291e-11,1.39569988722356e-14
14,23755607,G,A,-0.0104515599055634,2.55651503342551e-11,7.08811254757216e-14
14,23299135,T,G,0.00793431625386591,2.23411493779441e-10,1.70335032453193e-06
01,205720483,A,G,0.0125817079122389,4.44926906822906e-36,1.42055174730815e-14
11,2165576,G,A,-0.0157115382024146,1.74819291459874e-16,1.4296657645787e-14
11,2077271,C,T,-0.0134274240622898,9.70903824410082e-13,7.41639878106328e-12
11,2665357,A,G,-0.0166902182858374,3.37464643642188e-10,1.78226467139168e-09
18,56876563,A,G,-0.0172081369215998,1.91002351894556e-19,1.5295850466096e-14
18,56676022,T,G,0.0161396024036261,3.00007509444316e-08,7.55743927668387e-07
08,116631278,T,C,-0.0153929873432689,1.95329472847697e-21,1.65598786253774e-14
01,56592414,G,A,0.0149907410134894,4.77260181523594e-22,1.68496013099362e-14
02,23896049,G,A,-0.0140110624533563,2.81574626885272e-24,1.7427102687276e-14
01,218609702,A,G,0.0147131757048819,1.41024147946284e-24,2.33713045846428e-14
01,218986185,G,C,-0.0146914720131663,6.15060643577861e-09,1.63603345952074e-06
01,214619101,C,A,-0.0126993777385903,7.17164507460016e-31,2.64454619370775e-14
16,783865,T,C,0.0146616959100652,2.92970069336483e-17,2.64596191215212e-14
16,398623,G,A,-0.0179190333163705,9.07423625185269e-09,8.98098268211385e-09
16,1113847,G,T,0.00922660163683948,1.04431725887444e-13,3.47010619406578e-08
05,168256240,G,A,-0.0152558820188775,7.22026389844129e-21,3.42428663853322e-14
08,13372120,G,A,-0.025715467987848,5.03788003510923e-16,3.49152284353307e-14
09,99106848,TA,T,0.0155230864430327,1.48378439949986e-20,3.52609342931829e-14
12,123759417,GAA,G,0.0148356320575906,1.05506052378767e-14,3.70056453716456e-14
12,123329101,A,G,-0.0148822565042405,2.21519402291737e-13,4.42475675558927e-14
05,67596088,G,A,-0.0123478295549904,1.66378017302934e-35,4.11158475492428e-14
19,10748073,G,C,0.0132501982538847,4.17351413176091e-20,4.17220907097469e-14
19,10418784,G,A,-0.00855568895998595,6.74374198177268e-10,5.93476025238386e-06
19,10335552,G,T,-0.0367736146067925,2.11393383581488e-06,2.03679928117874e-06
01,201806106,T,C,0.0116787275844739,4.67621885685156e-15,5.33696845940919e-14
01,201996215,C,A,-0.00835008167226655,5.52146627269657e-11,1.29982469914454e-07
01,201895664,T,C,-0.0148911335207496,3.20268131090354e-07,1.716810615081e-11
17,43223292,G,A,-0.0125252627196122,6.46355554543508e-19,7.50577766104039e-14
17,42774033,G,GA,0.0095692221297941,6.48684742173854e-11,1.04825239465362e-08
11,69509343,G,A,-0.0123715072566829,4.81323610498345e-15,7.85709628952152e-14
11,69283141,G,A,-0.0107935777884446,4.85144235244263e-14,2.9058177113957e-12
11,69938920,A,G,0.0104818320609287,8.98674795117516e-14,3.76278520046006e-10
05,137618925,G,C,0.0148605738764769,2.93927559246466e-20,9.85796445436503e-14
02,69378070,G,C,0.0175046471771169,4.08341389012791e-18,1.01670788747409e-13
06,34552736,G,A,0.0340230982325451,1.98369557078324e-58,5.72079011326527e-55
06,34163292,G,A,0.0513637436397203,1.09012946223114e-13,8.74498037631613e-11
05,87694757,T,TA,-0.0146249644299328,1.69380389891649e-17,1.14946171160976e-13
05,87949118,T,G,0.015170847083125,8.92242969849295e-10,7.90197585958379e-10
01,33774752,C,A,-0.0130532958781477,7.05679103710013e-25,1.31225695971862e-13
17,46989416,A,ATTT,0.0148690287401503,7.71243304859731e-16,1.40713518807301e-13
17,46506929,C,T,0.0152774138017466,2.92991196990429e-06,5.63524270828739e-08
06,140623538,C,T,-0.0140344781444703,2.66583310768325e-21,1.55431014052953e-13
11,2813322,C,T,-0.0451917985285132,7.34537727971625e-14,1.92487643596833e-13
11,2696744,A,G,-0.0128030683064146,2.73568284033483e-13,5.31330305176684e-10
11,3126263,A,T,0.0156722346080642,3.8167463618929e-09,2.59560672300191e-08
04,88557753,G,A,0.0115406324564057,2.50751429738463e-29,1.95093438956378e-13
04,89052323,G,T,-0.0119445106663436,7.6548535223093e-07,2.52987228337223e-07
13,54107352,G,A,0.0180033742882065,5.26819601906649e-17,2.24266111035141e-13
07,139749346,G,A,0.0154238039061977,9.58212143130085e-19,2.28164890227538e-13
12,56364321,A,G,-0.0125963355802115,1.94061483741738e-25,2.49236870049697e-13
06,80959985,TC,T,-0.0119494048535833,1.43427848377318e-35,2.70633050653205e-13
X,31854782,G,C,0.0104547402919087,5.96603123436649e-22,2.73454438396438e-13
15,41970964,C,CA,0.0180726429010955,6.13272003257418e-15,3.17007653429836e-13
15,41560127,TA,T,-0.0101144467546296,7.92248199394023e-09,3.95314761094848e-07
09,103061366,A,G,0.0127365629218428,4.64727215916991e-24,3.28167517883195e-13
06,126090277,C,T,-0.0117029020885448,4.76191394049284e-29,3.43628578094322e-13
06,126572573,G,A,0.0143203682037833,2.46219376073951e-09,6.4582988209594e-09
01,50977279,G,A,0.0147370152704327,2.10200864063377e-11,3.65406592676733e-13
01,51109269,T,A,0.00928082748486586,1.14386633331547e-14,1.08710730858653e-10
21,39690072,C,G,0.0124846200157862,1.07718913953056e-18,3.69527924365432e-13
21,39983448,C,T,-0.0342776621158038,2.14627538255561e-07,5.26746464314932e-07
21,39235370,G,A,0.00839029180469241,5.39729032453677e-12,2.61240996485575e-07
17,68153968,T,A,-0.0183698185010477,9.8234859727026e-15,3.85311622853611e-13
17,68202513,C,T,0.00795752676635806,1.69541585224771e-11,3.55184972489517e-06
05,172779211,T,C,0.0118290384285171,4.11252205933972e-14,4.14901608981477e-13
05,172761005,A,T,-0.00984594429519862,1.37249310794239e-12,4.94850761359535e-11
05,173269929,GA,G,-0.00998188920115812,1.10789315136164e-08,1.55788672212454e-07
01,110154688,T,C,0.0375251960043721,8.86003406998192e-14,4.86335413048262e-13
04,122713863,A,C,0.0120738113231008,2.43483664357353e-28,5.36338044760482e-13
12,3338920,GCACAGCTGGGGCTGA,G,0.0130784990633584,8.55819840167803e-13,5.43914513140272e-13
12,3393100,C,T,0.0234459970281919,3.05541057908205e-12,1.31099093380267e-12
12,3295708,TTGTTTGTGTG,T,0.0109219777124231,1.13566000433932e-13,3.09099563353158e-09
12,97792368,TG,T,0.0122258984893247,3.12216142444469e-23,5.61627577160888e-13
12,97604246,C,G,0.0108764143472385,6.8371118306768e-11,3.32181524244655e-08
12,97764804,A,G,0.0117561251861914,4.0487608830103e-07,3.32171088702932e-07
03,41308348,T,C,0.0118042540169207,1.36477847462353e-33,6.62917090336982e-13
12,103067437,T,A,0.0127509320686946,4.39513276505144e-26,7.40814790671872e-13
12,103147927,G,GT,-0.0143889748744187,2.02875254474849e-10,9.63966853701038e-08
12,102826653,CATAA,C,-0.0238094479016071,2.18460290557806e-08,2.24229774080586e-07
10,27914001,A,G,0.011046139410976,3.06573210879617e-22,7.64696234429377e-13
10,27515564,C,T,0.0145549062319733,1.42687126078857e-06,3.94855001552558e-08
16,88755325,C,G,-0.011833892623995,1.97275482796752e-31,8.52859893763759e-13
16,88321027,C,T,-0.0235040358339689,1.23240127105997e-08,3.39697322189601e-08
04,123828042,G,T,0.0134407041045555,8.05150139111169e-16,8.73405242829892e-13
04,123760527,A,AAAC,0.0196283707599274,2.42936528698856e-06,1.1635788886918e-07
X,45634577,C,A,-0.0104056360256354,2.169245943889e-16,9.07563881886558e-13
X,45226975,T,C,-0.0065349231963135,1.03912385966686e-09,1.66737395196639e-06
20,34769811,A,G,0.017383581765084,4.67471696882441e-26,1.00055134351477e-24
20,35743138,C,T,-0.0169022914620969,1.30212285557368e-14,4.66454363065711e-10
20,34767240,C,G,0.0243864700683609,4.07119243915846e-13,8.42712323426408e-17
17,39261560,A,T,0.0126011108763449,1.00757124543951e-22,1.12761871993106e-12
15,62274940,G,C,-0.010710136747205,8.97226923000889e-26,1.22844653624498e-12
15,62367582,G,T,-0.034200800734761,5.99040623336323e-06,8.13388521887054e-08
X,53628625,AT,A,-0.0100120076606188,1.20560116940185e-27,1.48722990462501e-12
07,121955981,G,T,0.0118274118301468,5.88471633034172e-26,1.71441428163721e-12
19,46182304,T,A,-0.0145421497553186,9.04842489210468e-18,1.81568855583328e-12
09,28410683,T,C,0.0123433339084067,1.04525287172539e-23,1.86353494556705e-12
05,80959505,C,CA,-0.0122640278863331,1.32021059393691e-23,2.18461196602699e-12
02,112249583,G,A,0.0140110751277954,2.32367060343982e-14,2.24907422002225e-12
02,111874551,G,A,0.0104129165873987,1.58239823400315e-21,2.73786336180127e-10
15,67007813,A,G,0.0128735373010636,2.39910156306452e-17,2.2982621654742e-12
15,67457698,A,G,0.0222707848273091,4.50225809972024e-11,4.410694637501e-10
15,66514155,C,T,-0.00832376676106984,7.40837617227383e-08,1.03782225235533e-06
03,85142871,G,A,-0.0118982101689669,1.22223253939183e-24,2.40931103087292e-12
19,19717056,A,G,-0.0227679510490366,3.66781104764689e-14,2.43663182667213e-12
16,15147788,A,C,-0.0123325015817268,6.77940494074577e-22,2.7751152547481e-12
14,24835773,G,GA,0.0124775135181467,2.33841577591852e-21,3.0691239973802e-12
10,25178864,G,A,0.0155283717762046,8.58344351484794e-17,3.2124095204748e-12
02,59291172,G,T,0.0120703438644624,1.90208505085794e-14,3.51813996858928e-12
02,58935282,G,T,0.00992758394993942,3.297068315837e-16,3.14603008378884e-10
15,38502321,G,GCA,-0.011656710113658,6.0081526691588e-28,3.53670235398634e-12
09,35753898,G,A,0.0132161870211918,4.76509877710391e-19,3.55691170990848e-12
06,40369081,C,T,0.0120251970124674,4.34061756678933e-23,4.23660927310507e-12
17,59497277,G,A,0.011940819709743,2.03077789661252e-22,4.86287024785336e-12
12,110044918,G,T,0.0140888022997079,2.35085732479809e-17,5.10513729748784e-12
X,117865540,CA,C,0.0117548853572226,1.58754613416007e-16,5.48278112088685e-12
03,52835514,G,A,0.0174948251075334,1.02478623732181e-14,5.82112891556091e-12
03,25110415,A,T,-0.0114118088139071,1.30228662728156e-26,5.90906455604105e-12
05,32831670,C,T,0.0114265968962172,4.33246927780415e-26,6.07710439832094e-12
04,82165790,T,C,0.0122073379565141,2.82311113101961e-21,6.27295290772118e-12
08,129215220,G,C,0.0126507159338764,1.84586081105663e-19,6.93414220061603e-12
01,22475425,T,G,0.0110892649345503,1.01862146778684e-19,6.98232294861886e-12
01,22682366,C,T,-0.0101499654996569,6.09789062717491e-08,6.78626431204672e-07
01,22524522,G,GT,-0.0112330439845669,3.59705638938401e-07,1.68369500235668e-07
08,130721793,AATAG,A,-0.0144964370178875,7.40175102472016e-15,7.27023864941721e-12
08,131033480,G,A,0.00853902763856111,1.20503030533851e-11,1.73549742910454e-06
18,46516424,C,G,0.0119115152941049,1.33525203607992e-16,8.82086541987407e-12
18,46602964,T,C,0.00931120971498388,2.83107945040509e-14,1.11208619946371e-07
18,46277324,C,T,-0.0145543451804116,7.34306865570438e-07,2.53273222355688e-07
14,35864990,T,C,0.0117690445361334,5.65383809104333e-16,9.15366571551693e-12
01,172155522,G,GT,0.0102566530164439,1.01075399231476e-15,9.84555522925198e-12
01,172186310,C,T,-0.0137410316621141,3.12834701719312e-07,2.94749964440496e-09
19,3411021,G,T,0.00958137873598601,4.25162890426673e-15,1.01034693006766e-11
19,3376042,C,T,0.00970614077342527,2.6302719266039e-06,3.42858992711624e-09
04,1012300,T,C,-0.0239011995613523,6.88170890709871e-11,1.01845943701279e-11
04,840616,C,G,0.00906393043146742,1.78327741107137e-09,4.70643997558502e-08
11,14413213,G,A,0.021315826731684,3.25971656454124e-10,1.10150589979408e-11
11,14352199,T,TA,-0.00843754402663905,1.32357573672454e-12,2.99953787404004e-09
17,71124903,G,A,-0.0112949869095617,6.62906901203793e-24,1.44301046236408e-11
07,28174957,G,A,0.0121721931909419,1.08519084207063e-19,1.62455771580907e-11
10,81136129,A,C,0.0109929365535589,3.02344753663247e-31,1.79697690518457e-11
08,120456193,A,T,-0.0117615582206268,2.50282920422251e-14,1.83225711160661e-11
08,120596023,G,A,-0.0227095824833581,4.7902041426007e-11,2.33518907304767e-09
08,120662942,G,A,-0.0115947462668106,4.4340110165737e-07,2.25746981615991e-06
10,120434096,T,G,0.0109434505578277,1.27528337522106e-28,2.12119202472846e-11
02,71549440,GT,G,0.011203709415139,3.50471475473396e-24,2.22857290924672e-11
02,71889624,GTA,G,-0.0155063111089972,2.85268154019814e-07,1.45307597571716e-06
07,50661735,G,T,0.0117179256822324,1.95850426885325e-21,2.26787607706968e-11
10,124138255,CA,C,-0.0112743889199766,2.00993250283554e-26,2.43001273463632e-11
12,77457439,A,G,-0.0111478994906956,1.01040085658397e-15,2.47764640622079e-11
12,77429695,T,TGG,-0.0114842921230364,3.96221135311888e-09,9.51681130038811e-09
13,96982541,T,G,0.0110381535423644,5.9672120430226e-25,2.61441056711228e-11
01,39562627,C,T,0.0133634778200218,1.11327891046955e-16,2.73160176435654e-11
03,85171302,T,C,-0.00962190830591775,4.91555603305503e-14,3.87840129873803e-12
03,85671119,C,T,0.00908193202958201,2.69802582422661e-12,2.82585319047278e-11
18,35129076,A,C,-0.0126126365497317,9.39410319332401e-18,3.03232569493653e-11
12,53831064,C,T,-0.0146702985661073,6.38663081290426e-10,3.13092922636853e-11
12,53788193,CTTTTTT,C,0.00933626014065084,1.02284683788928e-10,8.96958642521803e-10
05,134372685,T,C,-0.0125161563971308,6.54386956280276e-14,3.17738548355868e-11
05,134597890,G,A,-0.00956003790269886,9.76058448297877e-16,6.66144676965765e-09
02,242495392,T,C,0.00961937862468289,8.72534634755203e-17,3.59198743423157e-11
02,242308625,GTTTT,G,0.0147584576805901,9.51835467183807e-07,3.38303754849034e-09
14,91517973,A,AG,-0.0118985613549502,3.64946472895849e-19,3.62215107744365e-11
X,85574990,T,A,-0.00907972636034385,7.68237948863396e-21,3.79830289025793e-11
08,57170647,A,G,-0.0259807779102072,7.4255672030401e-28,1.73648137908916e-33
08,57187356,C,T,0.0194499426485996,7.73698513497124e-21,1.28586445708291e-24
08,57665019,T,G,-0.0103995543977231,1.13019039521566e-12,4.02367796511936e-11
06,81829439,GTTGT,G,-0.0117226940257552,2.31785522453481e-22,4.09163688602375e-11
06,105390567,T,C,0.011545291608139,2.51312881638605e-20,4.65887027690956e-11
12,115106688,C,A,0.0123519933616616,1.26193917370975e-17,4.73877386794665e-11
17,36925750,A,G,-0.0108860107124144,2.9936141356246e-26,4.93237210245299e-11
02,9770589,G,GCGGGGC,0.0129649169456356,1.33851779586084e-18,5.04104755600043e-11
12,12871099,T,G,-0.0121798327284238,2.33220591815518e-14,5.24901811208208e-11
12,12876111,C,G,-0.0144896643268188,3.89162860030933e-09,6.93886495705916e-09
17,65960854,T,C,0.0135369710175713,5.25699887641512e-16,5.32729052624608e-11
12,102376639,A,AG,-0.00999814711492957,1.78052480217905e-14,5.88120049104254e-11
12,102324872,T,C,-0.0111213434123486,5.44812564391151e-18,6.71025088565097e-09
12,102339359,G,A,-0.024147633030004,5.30066289799646e-08,2.54538694158717e-06
06,45090977,C,T,0.0109758880026663,1.60934425748788e-22,6.125585984894e-11
06,36210480,T,TC,0.0317810482089916,3.15290055005886e-14,6.15137971799878e-11
06,36311463,T,C,0.0110136975539374,1.32836603461883e-18,6.8344736453245e-09
06,36645203,T,C,0.00966094306178354,1.54087591599524e-11,5.5854675383052e-07
14,21542766,A,G,-0.0144280218247631,1.47572807062188e-13,6.32171939735333e-11
14,21976052,C,G,0.0117425076286829,4.52431211111264e-13,3.06808988356631e-09
03,62711674,G,C,0.0114897104229414,1.1956672355107e-19,6.53490320235986e-11
20,54398541,AT,A,-0.0137232902943385,2.73856944692881e-13,6.71607482258743e-11
20,54884793,T,G,0.00977422977220532,1.63667546312024e-12,6.42664228447955e-08
03,88196211,C,A,-0.0118044902866094,1.91810102431049e-18,7.20250560061669e-11
11,10126097,TG,T,-0.0106189705067909,4.25134593201962e-29,7.20882377738181e-11
21,46466927,T,C,-0.0107202008995903,3.95702285335509e-28,7.39924175505225e-11
04,1341553,A,G,-0.0243302567013887,3.60645141818782e-11,2.60217130772586e-11
04,1750487,T,C,0.0107281683716551,3.70412686496996e-19,7.6739769578732e-11
09,129464856,A,G,0.0101689132357589,3.60184504822175e-17,8.2580427412479e-11
09,129270262,A,G,-0.00831097476341079,2.98476205887762e-08,5.30583262759367e-07
01,190278319,T,TA,0.0107124753545921,2.02242546887401e-25,8.43020264391386e-11
06,51796751,G,A,0.0100272870351784,1.76167768415247e-15,8.68191654228029e-11
06,51345479,G,A,0.0285485601822635,6.67494154149729e-07,5.88591878422924e-09
17,76766437,G,GA,0.010632641164718,2.14963291256021e-27,8.77474692816457e-11
06,2101285,A,AT,0.0126213125100764,1.30410781208624e-16,8.85794261195534e-11
17,79087537,G,C,-0.0157205507074743,2.7370649879191e-34,1.48355417377322e-19
17,29230520,GGT,G,-0.0159347269572424,1.99954401152263e-23,2.3713806316726e-29
17,29285075,C,T,-0.0332350997976263,3.06827050226137e-09,1.03272076021716e-13
17,29707521,A,G,0.00978120959701831,1.66229692488374e-17,2.3829554809771e-10
08,10519285,T,C,0.0106550916095089,4.87770310980436e-25,9.40934175247919e-11
09,94186973,C,A,-0.0118354384740721,8.05924369845822e-18,9.82938949187312e-11
10,18549889,C,T,0.0166247060566336,3.42385504278464e-13,9.92429054009327e-11
17,1835482,C,T,-0.0143701648908188,1.63293723970334e-11,1.11123125528299e-10
17,1508641,A,T,-0.00961457821431086,8.54607675674541e-08,4.90532453921077e-07
17,2159502,A,G,0.00807162217801347,3.31828488464494e-10,1.8661529263956e-06
13,30177474,TC,T,0.0119172441219164,1.49348450994839e-17,1.13698806774385e-10
01,72812324,A,G,-0.0107037598980238,6.56525483450042e-23,1.15878202040635e-10
12,133361298,CCA,C,0.011387967969514,2.41876791170519e-19,1.20339187280246e-10
14,79937216,T,A,0.0127158418152022,5.1329534161836e-16,1.29180866330992e-10
07,71585126,C,G,-0.0109105394552597,1.81236060282661e-16,1.31602435250627e-10
07,71979229,C,T,0.00929747333543637,2.32044435186083e-07,2.68229589131713e-06
19,7193392,G,A,-0.00989569455349501,1.25231911902887e-15,1.34820540921309e-10
19,7112645,C,A,-0.0108080717560091,2.78450183804732e-06,2.60698220657579e-07
10,126629608,A,G,-0.0100220822865292,2.21652967132256e-15,1.44525786780398e-10
10,126572612,AAG,A,-0.009256152763283,8.69518346702686e-08,7.05934776655955e-08
14,93115410,C,G,0.0135920901321444,6.35229814104611e-13,1.48580026681298e-10
14,93406702,G,A,0.00920886831433353,5.97146250219893e-14,9.52818199850076e-08
08,73449940,A,G,0.0116304271496343,3.2028074424231e-18,1.49128499446193e-10
18,57920877,G,A,0.0294845532540672,1.53857342159825e-79,1.25499605658412e-51
18,58036384,C,T,-0.0598427428536867,4.72038800346574e-26,5.51005041931454e-31
18,57945602,C,T,0.0234855695115745,5.83501525140463e-10,6.06333573597181e-06
11,120190141,T,C,-0.015570862291398,1.98135401664929e-13,1.70005704638521e-10
17,17397131,C,G,-0.0121244289536293,9.21682906810786e-17,1.7030169662813e-10
02,36777825,G,A,0.0114439771718031,3.70700413287469e-18,1.72826772437038e-10
07,6399723,GATTATTATT,G,0.0157280985072822,4.02875534720462e-13,1.77424426803733e-10
20,21111710,G,A,0.011294046998344,2.27247533381073e-18,2.11804658840848e-10
02,241729878,T,G,0.0110007263430598,3.45198927565452e-16,2.29031600631255e-10
02,242189231,T,C,0.0141407428627634,2.99021352746235e-08,6.24727065957418e-08
10,64502796,C,T,0.0105505758386154,7.03770262477391e-22,2.41042301287647e-10
16,24714679,T,C,-0.0109472762154638,5.87504388628362e-17,2.51725120467024e-10
16,24550930,G,A,0.0111825040215031,6.60552518763688e-11,1.83012257450114e-08
15,86276000,C,T,0.0103260603853867,1.43535344519837e-25,2.60833158949124e-10
04,184200442,C,T,-0.0209242018314094,1.43682022697646e-11,2.68769345205378e-10
13,28010734,A,G,-0.0108356802507047,3.26220219496894e-19,3.06256452416162e-10
12,57146069,T,G,-0.0175896426167039,1.10669418478524e-11,3.13101154694282e-10
12,56918566,C,T,0.00979339969665116,3.02819434788368e-12,8.60204149857022e-08
12,57540848,C,G,0.00899764521899483,2.66330469376346e-08,6.55289555529787e-06
13,27049616,G,A,0.0107004636705375,2.49391467651318e-23,3.45081273346869e-10
02,233585299,G,T,-0.0109391941802257,9.69305836606211e-15,3.57869402041188e-10
02,233448850,CTCTG,C,0.00846374225076966,3.96230811921524e-08,2.97670627274962e-06
18,74970687,A,ATGG,-0.0275735304821404,7.05747691953547e-11,4.23265136110869e-10
08,65002075,C,G,0.00860520313701865,1.59637110509564e-12,4.32733397773607e-10
08,65295461,TAC,T,-0.0109502483491355,2.08621621037437e-08,1.56862773059319e-09
08,65230229,C,T,-0.00768638819466447,6.16665422877189e-08,1.32510988461158e-06
16,89381305,G,C,0.0155617927788975,1.26322170326841e-12,4.65763513714748e-10
05,112162299,A,C,0.0108581519423875,2.12516373537434e-19,4.89004121089259e-10
01,184007119,C,T,0.0109405631677973,4.51503755497309e-18,5.14401537990153e-10
22,30342010,TTGTGTG,T,0.0102648183444526,6.23284494361418e-25,5.14788776430792e-10
01,2038662,A,G,0.00964113162257627,1.04556190039463e-11,5.14836014827861e-10
01,1665702,T,C,0.00970754981041629,4.86885250367377e-13,2.40309460464004e-08
01,2253864,G,T,0.0391183112219014,1.23044313552179e-06,7.88787663972303e-08
02,183247431,G,GA,0.010285642316243,6.03981904263673e-23,5.24213710240458e-10
05,176509193,T,C,-0.0111909323063226,1.95330901852286e-17,5.25528130083266e-10
05,176337556,TCA,T,0.0329532565254058,3.73808153264599e-06,7.4483548329229e-07
22,38556260,T,G,0.0104517423630579,3.47429366903112e-20,5.36819397930351e-10
10,4961278,T,C,-0.0149282156629019,1.02976738666576e-12,5.46644086635064e-10
19,4954455,G,A,-0.0130127204878477,5.47089837171354e-12,5.60506051804947e-10
19,4475606,C,T,0.0090123579911684,1.60352676686876e-14,1.10084673550021e-07
01,107971673,C,A,-0.0119979037517541,1.50075117085659e-13,5.67525022827795e-10
01,107886278,A,G,0.0110181323689701,7.76801976727784e-09,1.43054215075762e-06
01,107656927,C,T,-0.00873427178085921,1.18258723845718e-11,1.38364111479743e-06
17,69307999,C,T,-0.0106502173881796,2.82690422233006e-19,5.72773026534701e-10
13,59175727,A,C,-0.0102049601119159,2.08952742588522e-26,6.07617564790269e-10
18,60845884,T,C,0.00943552521679917,6.86327403467519e-11,6.14869862644939e-10
18,60755065,G,T,0.00808772500021243,1.10204221368729e-09,2.86572846531643e-08
X,109888230,G,GCCT,0.00865047923594102,1.63713968688555e-17,6.81118999053406e-10
12,28644895,G,GGT,-0.0109139023270878,1.14442671218e-17,6.92974531797921e-10
11,65608274,C,CA,-0.00913694183918052,2.32012788038197e-19,7.75862478297305e-10
11,66003852,G,A,-0.0192126086332336,1.36274896028982e-06,1.819326828281e-08
03,61187732,G,A,-0.0103022215950821,2.60388772368359e-21,7.84799034370441e-10
12,69828534,C,T,0.0102262870491211,1.28640196460737e-14,8.17216850412893e-10
12,70215960,C,T,-0.00868583687478023,8.10013786449608e-08,1.43949892873521e-06
01,23508673,T,TA,-0.012194736651554,8.89891214685563e-15,8.64237741514749e-10
01,62570321,G,A,-0.010198103674435,1.46178697600183e-18,9.10275195361181e-10
01,62135020,G,GA,0.0101454503296052,3.87014261975008e-07,4.64062160653965e-06
17,29098253,T,TA,-0.0218945000330316,9.58557713325798e-31,1.9828875302256e-19
17,29037339,G,A,-0.0355255586486642,1.38033634495356e-16,1.42446167976248e-12
20,6709838,A,G,-0.0107942909829122,1.37701047803063e-13,9.30356442876086e-10
20,6542634,C,T,-0.00753681842872453,4.848927312902e-09,7.63103565388019e-06
16,81663793,G,A,0.0109793799105329,1.65171327102392e-18,9.62253890190679e-10
16,81565749,A,G,-0.0102494541691574,8.17959392478963e-09,3.27630505867535e-06
06,100602753,G,A,0.0111274753952809,1.67121781080043e-12,9.90102683652315e-10
06,100878858,A,G,-0.00921370068175763,1.14770875468535e-07,9.12380195047919e-07
01,86823503,A,G,0.0145890967969047,2.46148123989329e-12,9.94818515840689e-10
20,43514203,C,T,0.0112018179798223,1.07207092173503e-15,1.07797866348603e-09
16,86417679,CAA,C,-0.0102860219858869,3.70144274259323e-22,1.11327104072016e-09
20,39179822,G,C,-0.0291379516825085,2.99269709093581e-10,1.11437421095882e-09
05,53405952,G,C,0.0131687637564888,8.02845471989966e-11,1.12151371693194e-09
05,52976825,A,G,-0.00750403933207929,1.28455344160965e-09,3.18770816772833e-06
02,44991100,T,C,0.0136149008234919,7.31857495776254e-13,1.12853326694354e-09
09,98104492,T,G,0.0112863955255908,1.59822687792717e-17,2.24343497102665e-10
09,97409311,A,C,0.00859373662587946,3.44514876564175e-12,1.12765989153298e-06
01,8015560,A,G,-0.0105093521865145,2.38579748088431e-18,1.16590745407558e-09
03,119997606,A,C,-0.0134099559775396,5.68189774552731e-13,1.23041644698177e-09
07,148627479,TA,T,0.0126600932165798,3.58100292747692e-13,1.25812866197987e-09
07,148383377,A,G,-0.0101542034977034,2.46237164605991e-09,5.99227661866969e-07
06,90327385,A,G,0.0126836235944697,2.01745086447617e-13,1.28521677501593e-09
13,40766662,C,T,0.0112668278670218,6.11776844174647e-13,1.29653904394444e-09
03,11630252,G,T,0.0130659062352931,3.5614107268693e-13,1.3217129407433e-09
03,170743141,A,ATAT,0.0125256539946035,7.78486999019382e-13,1.35256782798284e-09
03,171125759,A,G,0.00807563881764838,2.00197632423336e-09,6.42389717197651e-06
14,65520246,T,C,-0.00998153901487162,6.31051317646898e-24,1.44445384546336e-09
06,131429452,C,T,-0.0105009830352837,5.76503420342142e-15,1.44902938732515e-09
06,131897278,C,T,0.0104870692964021,1.21251733919398e-07,1.07557681326456e-06
09,111659483,T,G,0.0125339777095751,2.49360219801055e-13,1.5488051430424e-09
17,44262496,T,C,-0.0106031011581491,1.21773928514234e-17,1.55960908640414e-09
19,41902522,C,CTTTT,0.010682860099124,1.98143590763878e-18,1.69519538067937e-09
01,26432121,T,C,0.0115613735166399,1.5715384507697e-08,1.73251384846e-09
01,26814942,GAA,G,0.00782021299156057,3.45537655227876e-10,6.97566608104988e-08
01,38455891,C,G,0.00987739285739662,2.35236356719227e-22,1.77766696911465e-09
14,35218831,G,A,0.00843232360893499,4.23032368322105e-13,1.81279628989337e-09
16,72505534,T,C,-0.013494205635874,8.85206384743002e-09,1.87886735684147e-09
16,72996162,G,A,-0.00784229950520113,7.83260819368764e-11,2.11507194587259e-07
10,70208723,C,T,-0.0115021571980898,7.41474635213675e-16,1.9162961656066e-09
07,65086756,A,C,0.0116773817908255,3.38254989609719e-14,1.94491591632977e-09
03,94037499,C,T,0.00978759891773041,3.61279484857936e-22,2.27313665427129e-09
02,25458100,C,A,-0.0115813876267836,6.37919998908088e-21,2.2857730444744e-09
02,25428302,T,C,-0.0207070447767107,2.04456925619069e-08,6.72978479386706e-06
03,14960170,C,T,0.0153370465543926,2.05880316540682e-11,2.29634778011569e-09
22,40611012,G,A,-0.010469579529273,4.64452176336641e-17,2.35184012302249e-09
02,100765728,C,CA,0.0141795987741112,2.71657521401564e-12,2.40049697797228e-09
11,29214768,G,C,0.0151931348807478,1.19521213500795e-11,2.42977860898152e-09
14,42871531,A,G,0.0106538120187502,4.64879485610974e-16,2.55279202921493e-09
01,212190116,C,A,-0.00959614612138478,2.94813300879406e-17,2.58633292758036e-09
01,212639727,G,C,0.0132738504937373,4.04961543416931e-08,1.00418200626824e-07
06,19078274,A,G,0.0121558302835682,3.09477571242901e-13,2.6205921624245e-09
17,40426299,CAAAA,C,0.0103305344263451,9.38163430152691e-22,2.64985374502169e-09
09,95538573,C,T,-0.0140109981093735,6.15813864650772e-12,2.71167140597463e-09
01,21584941,C,T,-0.00986765835816111,1.37066097920944e-19,2.94204012467872e-09
07,18676842,G,T,-0.0163070933900923,6.38632940398821e-11,3.0776841526503e-09
15,81009646,C,A,0.00977329426830802,6.38620563570024e-22,3.17129629938131e-09
17,46288649,A,T,0.0134300728356215,2.20969995681797e-10,3.26871422278721e-09
07,28829253,G,C,-0.00985889687305355,8.00745998984634e-20,3.49496547084845e-09
09,109565934,T,C,0.0107357449280186,9.38105891891647e-16,3.50922281474596e-09
04,18166100,T,C,-0.0093690634806252,4.25287920293375e-10,6.10784018396943e-10
04,18548257,GGTGT,G,-0.00847889453657832,3.82385662402107e-11,3.63862474507329e-09
03,153910995,T,C,-0.00964614399089627,8.14526942010936e-23,3.90375786591355e-09
02,70315987,C,T,-0.0335785404123965,1.62499699844971e-09,3.90951971848832e-09
07,1271233,C,CT,-0.0115949164585503,2.73555875280471e-10,4.1684986125236e-09
07,1380874,C,G,-0.00854978810960509,2.02076492592689e-10,2.12571307403285e-07
11,8236262,A,C,0.00966713841060786,1.9512474367086e-21,4.34036022173592e-09
01,16511901,C,CT,0.0103590544972523,6.78884296621876e-18,4.42687213856856e-09
13,42737268,T,G,-0.00994177464092142,3.10133747187363e-18,4.61135442703481e-09
14,103859143,C,CT,0.0107869258882912,1.86243232713402e-16,4.74499626705168e-09
14,103361937,T,C,0.0109725255248,1.90480315149747e-10,1.42416176726548e-07
10,21993540,CT,C,0.0102040791368928,3.26159339208154e-21,4.86414495613562e-09
02,33348679,A,G,-0.018242309603662,9.84275471828651e-10,4.88283340108838e-09
02,33489022,AAAG,A,-0.0178923744152408,1.10355711000836e-07,2.02866104644057e-07
03,55548726,A,C,0.0111014913960647,4.65870138419587e-14,4.99546282736688e-09
15,55644676,G,A,-0.0142546169255592,2.48692735195025e-11,4.99883618546723e-09
01,150354210,A,G,0.0130352225579859,9.20471888855715e-09,4.74404570335301e-10
01,151047648,C,T,0.0318911698938803,5.6461209617529e-07,6.50841118807582e-06
01,150897800,G,A,0.013297638733531,1.54553683002867e-06,7.89376164898997e-09
20,15809756,G,GA,0.0146057622569682,1.83538540532027e-11,5.03687126329184e-09
05,39519303,C,T,0.017225479521472,1.64373622419869e-10,5.08262474543214e-09
04,86719165,T,C,-0.0129597284576489,6.89706275203714e-11,5.268344568138e-09
04,87122429,T,A,0.0218444587026364,2.91431109865313e-06,1.59334799578954e-06
04,102708997,C,A,0.00965999753438989,1.43313455490781e-20,5.92377597391644e-09
09,139377498,C,G,-0.0095481911502106,1.4127062368449e-21,5.92452453451214e-09
03,194870655,T,C,-0.00996537342409117,1.66696009550562e-18,6.18247048244878e-09
22,39836086,CCT,C,-0.0110528529671668,3.02326014827917e-14,6.35276864186385e-09
15,89928189,T,G,0.00915973898600012,3.17944383389167e-14,6.37988739469531e-09
15,89432448,G,A,-0.03867612581043,7.35752874402666e-08,4.08040145077213e-07
15,89437181,GT,G,-0.00959668312774023,3.61849980919674e-10,5.80124761950429e-07
15,68202469,G,A,-0.0110802422770789,1.28335144231627e-13,6.61465666721429e-09
02,227645464,T,TACAA,-0.0189191074182499,1.75610043202544e-09,6.66864673008016e-09
02,227264435,C,T,0.00849984018653913,2.23339954593817e-10,1.55883358514781e-06
17,43188891,C,G,0.0126271684811375,5.60240021521724e-11,8.51047685321818e-11
17,42697809,T,G,0.00910027933797379,1.39492169237877e-11,6.6791939568445e-09
16,9211117,CT,C,0.0107264476594138,2.00527499161314e-15,6.77484733817072e-09
06,158740218,G,A,0.0100309059947171,1.61243319320765e-16,7.27024321995203e-09
14,77507205,G,T,0.0102693255863597,1.61196883528036e-15,7.28158867843606e-09
01,225956154,G,C,-0.0103842748149694,3.62371981495037e-15,7.28218749340519e-09
06,50809787,A,G,0.02010482244189,3.40049400682779e-24,2.05150996511993e-26
06,51793425,C,CA,0.00906229402941592,6.43049531139962e-11,6.36211531269813e-10
06,50815854,A,G,-0.0129198285984318,3.85167896244818e-07,1.43719938626067e-10
06,83330333,T,TG,0.00959707480422717,5.88338385522936e-24,7.63357735942016e-09
12,11878464,C,A,0.00984855946158694,5.11646617622366e-17,7.65610704981446e-09
11,72335834,T,C,0.0102125611497796,1.58430028911447e-15,8.06213378645856e-09
14,94080645,T,TTTTA,-0.0104350873150642,8.91735471146963e-15,8.17488836688712e-09
10,27291866,T,TA,0.0136388269480607,3.95077861109707e-11,9.03086563139612e-09
20,61564901,T,G,-0.0135789873020724,2.57601328482875e-11,9.13013849743075e-09
05,100165534,C,G,-0.00990561611052713,1.8779686301755e-16,9.16727665709194e-09
10,22258152,C,CA,0.00860855141031378,3.63728743385415e-09,8.07144932341513e-09
10,22629820,C,T,0.0141068406675384,2.78000273274598e-06,1.02411313009623e-08
08,144848756,A,G,-0.00925920253363041,1.94154048888441e-11,9.23600657932748e-09
08,144984283,T,C,-0.00771448420215205,6.37000544869616e-10,8.75964092345589e-07
03,56599469,C,CT,-0.00952676025615241,4.0438037848684e-20,9.33980041443169e-09
08,38116737,C,CT,-0.0110377596641693,2.20052872484342e-13,9.38517952071508e-09
12,14982909,A,G,-0.0118016865939374,1.47920307068936e-12,9.41135424236868e-09
03,152310614,A,G,0.012899561028266,1.64805074674226e-11,9.49375755384722e-09
08,23355620,A,C,0.00998680829624902,7.27731147147148e-16,9.56182183715208e-09
X,50334780,C,T,0.0090353870503862,4.59252920109973e-12,9.68259115695033e-09
02,198950240,G,A,0.00936281647986912,4.77944722792368e-22,9.80892504602057e-09
01,96304750,A,AT,0.00968208053898981,1.24539031776251e-17,9.99283323599467e-09
20,20058992,G,A,-0.0102156699597533,7.30610731695631e-17,1.00261212127168e-08
20,20339310,T,G,-0.0100492398564618,7.47749081820217e-14,5.47934585450793e-08
18,30637179,T,C,-0.0185593687050071,7.12255826142519e-10,1.01174134182669e-08
10,2674458,T,C,0.00935574358664384,1.7927143847479e-22,1.02338358190555e-08
01,155681157,G,A,0.0156854048274618,9.14282354098624e-18,1.66144274281182e-15
01,156172499,C,T,0.0219102708869742,5.56479866107723e-06,1.02942937563953e-08
07,70106061,C,T,0.00970374215680794,2.28828716482131e-17,1.03139621151208e-08
05,153358226,G,A,-0.0105414026984948,4.3805833227234e-14,1.05289077297477e-08
09,23356935,A,G,-0.00943991887712089,1.12516830539494e-19,1.07210453550565e-08
05,43383398,C,T,0.00878853469995998,7.88097556394319e-07,1.09210981526139e-08
05,42884742,T,C,0.0173594165548566,3.6266755018495e-09,2.03219427837921e-07
02,205365851,C,T,0.0238243584702191,2.69646676084868e-09,1.09545826670071e-08
17,38344485,T,C,0.0105086660749959,4.17385121260173e-14,1.09727286175209e-08
06,54116624,A,AAT,0.0230988010123614,1.58283257952111e-09,1.18372286030954e-08
11,9399731,G,A,0.00949033056563995,1.53436114475606e-18,1.1892074411088e-08
11,61479322,A,G,-0.00930182757265384,2.77919267227054e-22,1.22199849799796e-08
20,42349984,T,C,0.0126822802945616,2.07016024966403e-11,1.22554479776396e-08
02,169721381,A,G,-0.00992670710896611,1.82205849926232e-15,1.2540734682611e-08
12,89776845,C,CT,0.0086290422689612,1.79263329124111e-15,1.26551635458162e-08
12,90228941,C,T,-0.0109352963892669,1.08730440517827e-07,8.36718489059038e-08
16,31015998,TA,T,-0.00997304549523259,1.74793899043308e-20,1.28581005974983e-08
08,49236714,C,CTG,0.00906026986248452,1.34403412195431e-13,1.34723193162154e-08
08,49551946,T,C,0.00887070804856722,6.88658708719783e-08,1.00174877382344e-07
05,105874890,CT,C,-0.00942339079270077,3.67479213770653e-19,1.40829505260285e-08
03,142523555,G,A,0.0117975278051832,2.73685026257789e-12,1.4694179225845e-08
03,183357633,A,AAACC,-0.0115709923568375,2.55877127727851e-13,1.50959895134358e-08
11,18632236,A,C,0.0123960393067177,1.51512949586524e-11,1.52902893502512e-08
19,45425178,G,A,0.0211889348110159,9.30798888267305e-09,1.56545089254662e-08
19,45500925,T,C,-0.00960927719981013,1.28165617568646e-12,9.52851567786884e-07
19,45395844,G,A,-0.0121094792432949,4.6993875159904e-07,5.83725022646643e-07
01,218021662,A,G,0.00935142543022595,3.52217162306266e-20,1.70988739622153e-08
01,32393821,TATA,T,0.0134919059599075,5.33472460974957e-09,1.71896333310111e-08
01,32128283,C,G,-0.00833168618021711,2.13600368136571e-14,3.80907792880433e-07
10,77210191,T,C,0.00924899839895792,1.28868960504505e-20,1.74108993939121e-08
11,28577867,C,T,0.00925458030870189,7.8574013514871e-21,1.76133726383399e-08
05,6754402,C,T,0.00974240603054229,2.47836702177548e-15,1.83089286277783e-08
04,100239319,C,T,-0.0326310657993786,1.94109311596325e-09,1.83406547716345e-08
04,100729914,C,T,0.0154643488679928,2.16081290171377e-08,7.38475912138678e-07
01,97175992,AT,A,0.00982622659361058,6.46309066722836e-16,1.85090546996315e-08
02,23134817,C,T,0.0305660848098627,7.91625615847632e-09,1.94066828489968e-08
05,60731458,G,C,-0.0098111721855866,1.69060275017342e-17,2.0135195426336e-08
05,60999190,G,A,0.0106904113091852,1.01431580047959e-10,4.42943750814468e-08
04,87598333,T,C,0.025264915815796,6.17114503071484e-09,2.01387481357212e-08
01,208032376,G,A,-0.00913935803386306,2.14397567584016e-22,2.04142923436578e-08
02,145336371,G,A,-0.00944841808308121,3.56454158378874e-11,2.0495408982507e-08
02,145602946,C,T,-0.0083496951389164,1.67912573304707e-08,7.91395539896251e-07
07,75044431,C,T,0.0109854374165013,5.64928098059464e-13,2.09674263728638e-08
13,66204127,CT,C,0.00928446466679315,7.39275290050115e-19,2.15108601936083e-08
05,41927601,A,C,0.0177876991411184,2.24146846172032e-12,1.07517133074383e-13
05,42123676,G,A,-0.00966141390137203,6.47994279091701e-12,7.75438662927631e-11
X,129297278,CA,C,0.00784051009087015,2.43518702461668e-16,2.21622907383478e-08
04,137064123,G,A,-0.00919572064305046,4.09148216200469e-23,2.21764842787649e-08
12,20588382,T,C,-0.0116130381545294,5.36731554254384e-12,2.24338199214168e-08
14,29702590,T,G,-0.00963387481773362,7.46443209353963e-16,2.45205975518494e-08
05,171218388,T,C,-0.00812964547132997,1.15240899432724e-09,1.26213248832138e-06
14,70348141,C,CATAT,-0.00944010821098028,6.49912975590128e-13,2.47163387524867e-08
14,70439185,C,A,0.00847746519476785,7.53422240171593e-11,5.30771579196104e-08
14,70633411,C,T,-0.0257287062302455,2.11020372699347e-06,2.53071254487851e-06
11,837084,G,A,-0.0105686252015979,7.16595337319568e-13,2.47591367679595e-08
04,30854560,C,T,-0.00916962234303807,8.68289129192616e-19,2.52260623696048e-08
14,101229986,T,C,-0.0157353046037542,5.17713176361563e-14,2.57640643468871e-08
14,101155536,T,C,0.0132529522555047,8.51487180885302e-14,1.13026345255193e-06
14,101531854,A,G,-0.00821389803118139,7.42792353731889e-12,9.8856344255385e-07
08,74691549,C,A,0.013992907175277,4.23722648529056e-10,2.59105631111806e-08
08,74259496,C,T,0.0172290183699599,1.53240166846013e-06,5.23820604133198e-06
07,135212623,C,CGT,-0.0108001501456335,1.08521304187133e-12,2.63894927077357e-08
01,42407229,T,C,0.0104198817900099,2.33229139332862e-13,2.67812178613881e-08
18,21109466,G,T,-0.0112222349517183,5.29679909142557e-30,6.69858927916023e-12
07,56187347,C,T,-0.0121725897206603,5.13734016513574e-11,2.89801015297329e-08
17,67435050,G,A,0.00918751325531522,6.99700984225081e-18,2.90356927404525e-08
12,41887940,C,T,0.00905842574825759,2.37601277329544e-21,2.92355434181774e-08
10,53290991,T,C,0.0123406527572992,4.53742210157417e-11,3.08494620899016e-08
10,115949262,G,A,0.0105797279774615,9.8666876966853e-13,3.194235929608e-08
X,139268064,A,T,0.0075398864036657,5.49359606064143e-16,3.24395478175073e-08
04,101012240,G,C,0.0198070174259492,5.21893484507885e-09,3.26923540562614e-08
02,233417394,C,CT,0.0088183336164969,2.01888869495578e-10,3.0614154377666e-06
02,233094868,C,T,0.0207824692892591,3.79334697536468e-06,4.76192752437267e-06
01,119495315,T,C,-0.0117631480568165,3.38236059973245e-11,3.47337994056461e-08
07,77417584,T,C,0.00966644363513835,1.14192389490058e-13,3.47556198202103e-08
07,77052364,C,T,0.0157609907575288,2.87539527860673e-08,1.0832205528146e-07
07,77791674,C,CA,0.00843734477689169,1.29074571682059e-10,7.30911771010378e-08
06,155551391,C,T,0.00945548736861759,1.14004101242183e-15,3.5147901553073e-08
17,21283507,G,T,-0.00992876070783927,4.21749796429058e-14,3.51670374337667e-08
04,177430072,T,G,-0.010261295636006,3.73912296580816e-13,3.5466820383306e-08
13,40799522,T,C,0.0100202790605992,6.38546954781221e-10,1.28833872244761e-07
05,63967322,A,G,0.00962975845462483,3.62324325443546e-12,3.75705789249613e-08
05,64351942,G,C,-0.00838897379313875,4.81414187372884e-09,1.76919721920795e-06
03,33601927,G,T,0.0412231853470658,2.45430026094819e-08,3.88518907440942e-08
X,47167011,CT,C,-0.00802586983242966,1.47902831009093e-12,4.01383943670771e-08
02,10406843,CCTGTAGTGCCCACCTA,C,-0.0157884261318405,1.51667820770872e-09,4.04676094830184e-08
03,66438307,G,C,0.0111675694230038,1.17521439011575e-11,4.15966548729024e-08
12,17245591,A,G,0.0134896236716073,1.23173479551757e-07,4.30312637124976e-08
12,16959954,A,G,0.00863619559717538,6.07436399755775e-08,7.37788462432919e-07
14,99700080,C,T,-0.00903797595990978,4.59721832571518e-18,4.3878416590438e-08
14,84252205,A,G,0.00956040326984045,1.7971800595993e-14,4.41810191313151e-08
12,22017410,C,T,-0.0384246579520052,2.79422198668196e-08,4.51138780492552e-08
10,99772404,A,G,-0.00902010581776302,1.11757534224607e-18,4.54211643477271e-08
10,125230186,T,C,0.0089058414178098,2.62396869004716e-20,4.66346457589394e-08
04,3469826,A,T,-0.0102269724208426,6.85425639591433e-13,4.68238041438524e-08
07,114591303,C,CT,-0.0172687268823223,2.57035901267671e-09,4.74881576619486e-08
09,27788089,G,C,0.00892607600804822,1.54772318944735e-20,4.7979879269803e-08
12,131621287,T,A,0.00948552788169483,1.57572592365267e-14,4.89742046021838e-08
12,90136912,G,A,-0.0104803876085163,1.35475079806392e-12,3.67088400803361e-08
14,33292743,C,A,0.00899760097959194,4.995199665261e-19,5.07245304037849e-08
08,118899369,A,C,0.0143039225715276,1.10370642518743e-09,5.07744750802357e-08
07,92097611,C,T,-0.0114061469815211,5.71960113384114e-29,8.75576916275068e-14
07,91602466,G,A,-0.0130119453954356,2.95205690479672e-06,5.10221692497376e-08
05,50961753,T,C,0.0249421334708082,1.8285164480432e-08,5.16972779345582e-08
05,3574564,C,T,-0.00921755593251308,1.90562905940865e-15,5.36345691022595e-08
14,68662643,A,C,-0.0127710477989207,2.25714624724287e-10,5.37454348648176e-08
07,103427228,T,G,0.00898964600907048,8.36927817328401e-18,5.38223821949893e-08
17,63561592,G,T,-0.0123069343073473,1.73601833381154e-10,5.38423918690488e-08
04,115132438,A,T,-0.00895554065832824,1.86608117903287e-18,5.39481713598009e-08
16,67991972,C,T,0.0177118320121752,6.24016793436907e-09,5.47652276564253e-08
03,128789886,CG,C,0.0177396207189523,8.86267184210615e-09,1.21483271554998e-09
03,128318179,TA,T,-0.00793180239661904,1.55873685360694e-12,5.54162358810534e-08
04,135331985,C,G,0.00905175760411753,1.51791974917598e-17,5.6801793413465e-08
06,164107529,A,G,0.0131066704234491,5.51978974837115e-10,5.84496120720836e-08
10,102657908,T,C,-0.0134983321857422,1.0125239754551e-30,2.56131878878377e-22
04,152945667,C,T,-0.00891015483463668,6.94059483706287e-20,6.11461520408033e-08
05,111291610,AC,A,0.0104341373566211,5.18403291259329e-13,6.14968928316695e-08
15,51540387,G,A,0.00889501750350241,2.0418152065651e-21,6.24537732022196e-08
02,208126719,C,T,-0.0104296022999659,1.1498521068629e-10,6.27161289327435e-08
02,208174314,C,G,0.0104684803369668,7.62395202379756e-10,2.67223188669202e-06
02,207956108,T,C,0.00865222698146747,3.1848437855561e-09,1.00618209203204e-06
20,25027078,T,C,-0.00938395592541974,5.68747560145172e-15,6.30168719715874e-08
X,99882543,C,G,0.00758505642660328,4.54427365080441e-13,6.35775310851736e-08
06,43757896,C,A,-0.0088253778363049,5.52423189201585e-20,6.59347019548746e-08
12,47005736,T,A,-0.00968903797138775,2.77879447346435e-17,1.82350151303038e-10
12,47504161,C,T,-0.0147868497114171,4.98947043334775e-06,1.38669568193704e-07
18,45753742,T,C,-0.0107611013879113,3.56117219518801e-11,6.74991882094721e-08
18,45946047,T,C,-0.0108389362065031,9.07755947313892e-11,1.18465847271641e-07
01,75000717,T,TA,0.00901902078053203,2.64763093473612e-16,6.79480495796394e-08
10,35025593,T,A,0.0168687970883229,1.05443228634949e-07,6.86268587540091e-08
10,34635529,C,T,-0.0115178209329286,1.39429502807911e-08,7.10464234713039e-08
01,36698861,C,T,-0.00925913481220277,1.48174623743874e-16,6.93698693976439e-08
02,85818797,G,A,0.00916556038292836,1.58518893313361e-09,7.51946993278592e-08
02,85665089,AGGCTGGGGGCGGGG,A,-0.00760728513014626,6.41274774733589e-11,1.53555674282471e-06
03,53675022,T,TGAA,0.0108551282073904,3.26325760185653e-11,7.65832949684151e-08
11,47434986,G,A,-0.00929699991029304,3.12824292200212e-14,7.78175636213325e-08
06,26543649,CTT,C,-0.0197836857372952,-99,2.09443702332208e-14
06,34183057,A,G,0.0809760322017326,-99,2.64497492220823e-36
14,35568947,C,CT,-0.0226169740085162,-99,2.3610895646236e-09
13,41256473,T,G,-0.0201091805204711,-99,2.91539846756286e-08
05,43190861,TA,T,-0.0176866261642022,-99,3.52970914949441e-08
17,46725779,C,A,-0.0451464648166429,-99,2.27464587966493e-08
17,78757626,A,G,-0.0279189633176247,-99,2.17215194138163e-14
10,102317557,T,G,-0.0307913946608802,-99,2.19941065435598e-12
10,102626510,G,T,0.02048164566233,-99,5.73121444701374e-16
01,155155608,A,G,-0.0228026592688434,-99,1.13707542685634e-18
05,171336723,G,A,0.0218710048053183,-99,5.31563688152626e-11
02,233131825,A,G,-0.0274657352872862,-99,2.23050980190341e-09
