chrom,pos,major,minor,beta,p_value,gwas_p_value
16,53806453,A,G,0.0289334964048659,7.92334320407251e-186,3.94177024061359e-80
02,25150116,C,A,0.017924939720143,1.52757785090249e-92,5.14892922253685e-33
02,417167,T,C,-0.0413078500534095,8.88064714484644e-35,1.00735759984825e-30
02,628504,G,A,-0.021462605303285,3.52162430793455e-37,9.88735297937665e-26
18,58030420,AAGAT,A,-0.0558987267308934,2.86149550856637e-25,3.68487175026181e-30
18,57824038,C,G,0.0158326895600213,2.88299882631328e-20,2.67981749021766e-28
18,57955945,T,G,0.0105199290870594,2.69806262720346e-15,6.73370196634172e-22
05,127406259,T,G,-0.0198630897878225,4.16744205439128e-49,4.96875201703974e-30
01,177889480,A,G,0.020103645481514,1.18188667869248e-39,7.02287595042993e-27
01,177394615,T,A,0.0168662409469385,8.45259912911808e-09,3.10941773999805e-07
11,47669861,G,A,0.0160269258108787,1.02847189309781e-58,7.41253189445444e-26
11,27679916,C,T,-0.0155063354343158,5.42618509046403e-22,3.59859655663667e-24
11,27723334,G,A,0.0127034276689053,8.55288774404436e-22,2.16743080560825e-22
09,15647348,G,T,-0.0148763057255266,1.70786329285591e-56,6.58200440113929e-23
19,46182304,T,A,-0.0176610980684746,8.00174279024477e-30,1.03505472855436e-20
06,34708609,CTTT,C,0.0166659980252454,2.528040286286e-31,3.04802360554966e-20
04,45182527,A,G,0.0138637509086383,2.0194970901941e-48,4.73057412450977e-20
05,75015242,T,G,-0.0142297474437564,3.54550503136175e-40,9.12928966175952e-20
01,72748669,C,A,-0.0139478864741109,3.09808475074971e-44,1.22221917409835e-19
12,50263148,G,A,0.0139145295806361,8.77131275049257e-42,3.34321582770408e-19
10,96012950,G,T,-0.0135524581273512,1.24722507841375e-44,4.53291990698674e-19
06,50816887,G,T,0.0164133276932627,3.31648652215244e-21,4.66131794768697e-18
06,51215155,TAAAAGAGTAAAAGAAAAGAA,T,-0.00854119947624945,6.38542975162712e-09,2.86636791236734e-08
06,40362023,T,C,0.0127867920196626,2.79154575753543e-43,2.01196985236332e-17
03,12386337,C,T,0.0174509864481126,1.34140939392347e-17,5.14316724192123e-17
03,12441088,T,TA,-0.0114544088292849,2.3719684512874e-09,2.1819057563325e-10
15,84663107,A,G,0.0115781585784872,6.91236939930275e-20,5.79621454148717e-17
15,84300654,G,A,-0.00746292233159192,2.55735506153301e-12,3.99344341028542e-11
19,18207397,A,C,0.0132187872391535,6.59272415777563e-23,1.18168859060111e-16
02,165528876,C,T,0.0127129271606444,3.05992652341312e-36,1.41356172764038e-16
14,79890677,C,T,0.0147949611502209,9.27909111539546e-20,3.26784440588529e-16
14,79522736,AT,A,-0.00710279658616153,1.18721919114003e-09,2.41223520332769e-06
19,45392254,C,T,-0.0156578012616176,7.71726532462781e-21,3.57184124741114e-15
05,87682877,C,G,-0.0132611453010672,2.98539660850717e-18,3.76605656861098e-15
05,87969937,T,C,0.0136453749272637,3.91925972934056e-12,5.16957955566411e-12
04,100239319,C,T,-0.0396046416172727,1.4516079147467e-15,5.96019007115971e-15
16,69551467,T,A,0.0119211776575243,2.38475337936376e-35,1.07077612092136e-14
08,73443198,T,G,0.0127885688394493,2.27442981059065e-25,1.53449270335563e-14
06,31595882,A,C,-0.0128785974813631,3.91540219832627e-25,1.57701083336651e-14
16,28944396,G,C,0.0122329515942399,4.46791587724928e-27,1.73168514478695e-14
12,122963550,C,T,-0.0173915053022367,1.94584534315071e-12,4.35049808384154e-14
12,123425575,C,T,0.00856292165866473,3.1557229346167e-15,2.73343201883396e-08
12,123159750,CT,C,0.0116361846353799,2.63202249057525e-08,2.61119182850426e-08
X,31854782,G,C,0.00983060214624058,6.78093791152223e-23,7.15935925702549e-14
16,4015729,T,C,-0.0115394160007568,5.78318669033702e-20,1.4311416149029e-13
16,4292002,C,A,0.00941429137037793,8.10140487328067e-09,1.059166478119e-07
16,3635586,CA,C,0.00795687699080891,1.18132645531016e-07,7.41654831313177e-06
12,124509177,A,G,0.0101457115506305,1.36861934106462e-14,2.44384797747985e-13
12,124017254,A,G,-0.0141986587612304,3.95191631752884e-09,3.96125163047693e-09
12,124401710,CTTTCT,C,0.00839568412837847,4.74860091996966e-09,1.06940711690659e-11
07,130445847,TA,T,0.0109938628316483,2.05917763159116e-36,2.57042060085962e-13
X,109914266,CT,C,0.00940245844080219,7.68628576820715e-25,6.5352600607041e-13
11,134502041,T,A,-0.0135715880194407,1.27764238512481e-15,7.28815457646106e-13
11,134575547,T,C,0.0165796923012418,2.80756420218596e-06,2.7363270374739e-07
10,21821274,G,A,0.0115439570154883,1.4987086461705e-20,8.12261869182255e-13
10,21364503,C,T,0.0097087020135018,5.43269640373192e-08,9.04551115834724e-07
11,43692423,A,G,0.0116248107330684,3.55240269445742e-16,1.19633785153611e-12
11,43551096,T,C,-0.00856768034202788,9.67472654148855e-16,1.69006234278662e-08
08,116671848,G,A,-0.0118075012244427,1.7831087032157e-21,1.26044659222102e-12
01,219643528,T,TAA,0.0107680873471001,8.67988590155623e-20,1.63600848476384e-12
01,219973009,G,A,0.00867445707016303,1.16980680854009e-06,1.55645005710996e-06
12,108618630,C,T,-0.0116854164233377,7.48335888997975e-16,1.98378523200913e-12
12,108164385,G,A,0.00802458308206177,1.10099416090332e-10,1.4633360902884e-07
09,28412183,GAAAA,G,0.0110837695990655,9.91944179991078e-24,2.63310246646957e-12
22,38572526,C,G,0.0104990414717201,6.60937389387893e-29,3.50530039853043e-12
11,13349479,G,C,-0.010935788552914,8.19965585755124e-25,3.64803648797773e-12
03,85868529,T,C,-0.0108236474330714,1.24105295182022e-23,4.85268248791846e-12
13,112245131,TAG,T,0.0106683369890692,2.8686052334114e-27,6.41076369844277e-12
13,79580919,A,G,-0.0106452160794135,1.05319976601903e-26,7.66569840962065e-12
02,67838694,G,C,-0.010421917415079,1.29859231042935e-24,1.24634987303804e-11
02,58935282,G,T,0.0100370825609367,7.87897302623085e-18,1.49352901380065e-11
02,59297346,G,A,0.00918985664501385,3.65174636714527e-13,8.13229647998316e-10
03,61269668,G,A,-0.0142357113434249,2.83645854715217e-15,1.50652876723252e-11
18,39696251,A,G,0.0173634866370397,1.06050701690245e-13,1.5574630173103e-11
13,33381721,C,T,-0.0101402971070359,7.56594586651231e-28,1.75224842852413e-11
10,72466697,T,G,0.0110561888631004,1.14302567050794e-19,2.41562468481659e-11
01,8457648,GA,G,-0.0102461857131118,4.91580396837694e-26,2.71230536455684e-11
X,105030660,C,T,-0.0085214478389274,1.83090498757746e-19,2.95103051855236e-11
01,201808049,CT,C,0.0104449508861511,2.92409352599424e-23,3.3222264162473e-11
07,70038969,G,T,0.0101164318101182,5.68929659546797e-25,3.69759607418004e-11
15,68016955,T,G,-0.011412889902607,1.36044283392597e-17,3.83761996387097e-11
12,103651399,G,GA,-0.010550430175437,3.267728268449e-20,4.96389095253521e-11
10,114754784,T,C,-0.0106234591710076,3.36335536476054e-13,5.19551848181452e-11
10,115175650,G,A,-0.00686462110674771,2.73379741881628e-10,2.59604938769688e-06
13,54104968,C,T,0.0158275148712284,4.81764871397875e-15,5.2673858030692e-11
13,54505922,A,G,0.0110318414053655,8.77633747497049e-11,7.01806145411523e-07
17,46270606,T,C,0.0187157629213253,2.31847406204357e-11,5.9891806843916e-11
17,46124326,G,C,-0.0135175514186698,6.73762936004108e-07,3.79978007196395e-07
09,96395221,GCTGT,G,0.010567830487951,4.79218807066532e-20,6.13377396325653e-11
01,6680907,G,A,-0.0103743615049948,1.60056170795143e-20,6.6923323481804e-11
03,50119387,C,CTT,-0.0103041492698204,6.29824815414655e-26,6.8378380623045e-11
02,227105921,T,C,0.010237281784804,2.55470540615778e-21,6.86143512992824e-11
06,108927842,G,A,-0.0100965636837886,5.53138295556281e-22,7.75632926360197e-11
01,1557890,C,T,-0.0102414660183942,2.58424574478469e-22,8.42406318046355e-11
14,94186392,A,G,-0.0104935337149637,3.02275122710751e-20,8.9523887354105e-11
17,1837168,T,TA,-0.0135018067441561,3.2110929534408e-14,9.73787064997324e-11
08,79283229,T,TA,-0.0112109440841909,7.90196714166576e-19,1.00656008289632e-10
08,78945243,A,G,-0.0157567809037545,8.63467749375458e-08,1.79171913650949e-06
19,33935102,T,C,-0.00969279423733818,1.89591601742664e-28,1.02513556217248e-10
12,991306,G,A,0.0118290925096689,1.24143762758975e-15,1.06643312879117e-10
06,134901441,C,T,-0.0100718324855332,5.27014003114049e-21,1.13782761839537e-10
11,113234679,C,T,0.00988269577191146,4.39015937118335e-22,1.23597273663692e-10
11,122534504,T,C,0.00979484529830245,8.94510552069688e-16,1.26067196894238e-10
11,122765667,C,A,0.00826148002338429,1.92907628005276e-08,3.64779532013892e-07
03,84126157,A,C,-0.0155750451535922,5.48721287098871e-13,1.3022376802836e-10
17,65975385,C,T,0.0120278678992934,1.80623742516839e-15,1.32181953552589e-10
06,26168903,A,G,-0.0113557967341142,1.03252452622637e-15,1.90326993822938e-10
01,77966230,G,A,0.0113806153598249,1.34173909831282e-15,2.15530106831861e-10
05,107478679,T,TATAATA,-0.0114924254079044,2.39002484320453e-16,2.51972120358763e-10
12,3346767,CTCT,C,-0.0163021079207773,2.77785482470811e-12,2.55046558424267e-10
12,3367761,A,T,-0.0137645612290103,1.20656038035034e-08,2.59308218888887e-07
02,181574287,T,C,-0.00988602468496581,5.0642991800464e-21,2.58600592162679e-10
07,77827064,G,GA,-0.00943409958504986,1.30496320317527e-13,2.83589765039863e-10
07,77422583,A,G,0.00886283548176849,5.22972328814282e-14,8.36681095948128e-10
10,69953763,T,C,0.00928456503320313,7.61949237391243e-12,3.32113385180761e-10
10,70347292,AAAAC,A,0.00779749414741497,3.71307674326362e-11,2.03813268122076e-08
17,42285460,ATTTTTTTTTT,A,0.0105445290537708,2.24893113670802e-17,4.51384827658038e-10
09,16739403,G,A,0.0106245458404138,3.32005857150808e-16,4.63084193471684e-10
03,196912276,T,C,0.0137025989926085,9.37295491952657e-13,4.79583110424138e-10
13,99242255,A,G,-0.0109069771419517,1.99750329371968e-15,4.93670737270034e-10
03,171817715,C,CT,-0.0125132783960061,8.45335505556102e-15,5.37900718175163e-10
19,47559074,TA,T,-0.0101070288370248,2.62841090794725e-20,5.58850709051778e-10
17,78449948,C,T,0.0100820384290566,5.09309033159454e-09,5.89572552212194e-10
02,213414265,A,G,-0.0105143062029542,2.10987669910524e-16,6.4341538475027e-10
17,21280185,G,T,0.00998484380446422,3.05376797270219e-18,6.64745331713596e-10
03,157757485,G,T,-0.00963750634972904,1.08827458083053e-19,7.04462593543623e-10
20,47498117,G,A,-0.0129322030892042,1.68379668499538e-13,7.07147499679878e-10
05,158009651,A,AG,-0.0111514959735343,4.65453847842998e-15,7.60830218699391e-10
17,28074563,G,T,-0.00919882842827658,4.44561708646255e-25,8.34805017848747e-10
11,27557090,G,A,0.0134919189410239,2.66361645077551e-18,1.73488493701775e-19
11,27503936,A,AT,-0.00983573986829728,2.43751607034353e-12,3.03369446672641e-14
11,27075784,G,A,-0.00824412806788847,2.66859401355767e-09,8.38747712882505e-10
11,116817978,T,TTA,0.019882829194048,7.01392158895554e-11,1.02807316042514e-09
07,75095477,T,TA,-0.00941566973484704,1.18023124798957e-22,1.29681628978471e-09
03,156379637,C,T,-0.0168412681840212,3.60765031762109e-11,1.37048035260192e-09
14,50655357,G,C,-0.0431100911073882,8.90933014127372e-10,1.38037612577958e-09
17,7435823,G,A,0.0196834551873701,7.20402469169498e-11,1.39684612488449e-09
07,76686511,G,A,0.0145060601178052,2.73578881595843e-12,1.50448022462634e-09
04,103188709,C,T,0.014604188404824,4.23655246230344e-07,1.53029839305042e-09
04,102708997,C,A,0.00725689263234382,3.4990900384793e-12,8.86911986584337e-09
10,99772313,GA,G,-0.00912800578388836,2.41513635469129e-22,1.55982093337497e-09
04,967445,G,A,-0.00911765952173742,1.41505749841191e-23,1.57580614825226e-09
03,81845932,T,C,0.009606455839943,1.78520027296532e-17,1.62105233549392e-09
03,44041777,G,A,0.00988492076794799,2.69030069071765e-16,1.62302448256401e-09
20,51100420,T,A,-0.00975908279575715,1.7903043249922e-17,1.67147720926353e-09
09,92183413,T,C,-0.00910514388557877,8.74056544333667e-23,1.78934500455684e-09
06,119524516,C,G,-0.00910316711847873,8.70428134312369e-23,1.9480896653277e-09
02,44701659,C,G,-0.0105402418063283,1.49977450044673e-14,2.05707012659372e-09
11,130817579,T,A,0.00900755142366019,5.75178450896082e-25,2.17977738026556e-09
09,120902240,A,T,-0.0116700153719158,6.26614324675615e-13,2.22038835295006e-09
15,73431600,G,T,-0.00903876755783518,1.51187123597929e-22,2.24283803463924e-09
12,89771903,T,C,0.0090969475884444,3.22013746895668e-17,2.28863670579201e-09
12,90251760,T,C,0.00828730274947384,2.60899449035578e-08,9.75094101383935e-07
05,153518766,A,G,0.00975665109393243,6.28210414875613e-17,2.3200948382603e-09
05,153167595,G,A,0.00833293009435206,3.71176677136789e-14,7.17728962099084e-07
11,8529925,A,T,-0.00900094649715117,6.12630075584962e-22,2.34322477750084e-09
01,49879122,G,A,0.00965370256154076,1.62331913127915e-16,2.49191466188913e-09
20,45540304,T,A,-0.0091467334439671,1.30502462326149e-19,3.20558774157405e-09
06,66919338,C,A,0.0113760770900762,7.45564504409752e-13,3.39892046028027e-09
04,137083193,C,A,0.00895826353312062,1.85505636765053e-21,3.40933182350755e-09
06,28578286,A,G,0.0107727808502048,2.24195254207938e-13,3.62558816345074e-09
18,13182325,A,T,0.0114798097866088,1.14440072093287e-12,3.82469314683228e-09
08,76823274,G,A,-0.00961989055967941,1.26500493916145e-15,4.25607106625249e-09
21,46494995,C,T,0.00917025076535223,1.05566249195289e-17,4.26750074093543e-09
01,150346106,A,G,-0.0167928958866624,2.00978302658622e-08,4.26988383781e-09
01,150511877,CA,C,0.00901457529867784,1.34031235123049e-08,1.28972674246917e-07
08,25666169,C,T,0.00963319187079247,1.01998223653711e-15,4.30995910625547e-09
X,150858237,C,T,0.00778822877669728,2.79485272484643e-14,4.53134382670433e-09
17,54298836,G,A,-0.0111951912264995,1.01865695322815e-12,4.72268714977734e-09
19,18335715,G,C,0.0112456216583949,2.59806459498125e-13,1.07615666460095e-11
19,18834514,C,T,-0.00768393949566122,7.38980698688219e-11,5.03734219637192e-09
05,50802257,C,A,-0.00908399248026563,4.86474845203342e-18,5.14430727582636e-09
17,38216933,T,C,0.0091539407712678,2.64896053274441e-17,5.85097862246976e-09
02,37081212,T,TA,-0.00883829349106161,6.79682154363381e-21,5.95282517404754e-09
13,31012904,T,C,-0.00990040232856068,4.80712030943487e-14,7.05784145767932e-09
19,4067314,C,T,-0.0112163774736579,2.05054542459256e-12,7.06932971234069e-09
12,120907309,T,A,-0.0220819823802377,1.68017301705037e-09,7.44550431639493e-09
07,44792541,T,C,-0.00872273724614349,1.5342394934714e-20,8.09883157331732e-09
14,25931404,G,GTC,-0.00928469797931001,7.5872320329776e-16,8.33562336442907e-09
02,205363596,G,A,0.0133565413402257,7.58328027985406e-11,9.23846360066386e-09
03,49907111,A,C,-0.00970605939790554,2.60004289358113e-28,8.95757677197662e-11
19,1857297,G,A,-0.0121203956125528,2.3650080850881e-11,9.93331243568091e-09
15,99227787,G,A,-0.0102345184159878,1.00398896783138e-10,1.02210093271406e-08
15,99517619,A,T,-0.00863072205603133,5.31283225448991e-12,8.54297283676958e-08
01,110119732,C,T,0.0119988993792514,1.13827455623361e-13,1.0529719432874e-08
01,110147321,C,T,0.0276466752251969,2.34139018170142e-09,8.31040140621246e-08
07,103416541,C,A,0.00871655643783825,1.92907000995481e-19,1.05315663093406e-08
01,66493534,C,A,-0.00903510581677994,1.40583052057078e-16,1.09386823320064e-08
09,122954551,T,C,-0.0099438973115252,2.55457771321669e-13,1.26174925396635e-08
16,4925963,C,CT,0.00930459067937424,3.72810660952941e-16,1.28958861647536e-08
11,10358540,G,A,0.00866547161294521,1.56633794373671e-18,1.29310650159502e-08
09,136925663,G,T,-0.0115750644796773,1.49745570746035e-11,1.33780717970975e-08
09,136460688,C,G,0.0296541900818394,2.4568047914119e-06,4.42567037537781e-06
06,33312455,G,A,0.0109314505263267,5.87450910088554e-12,1.37277985537551e-08
17,79095629,A,C,0.00913845998205762,9.01389163650624e-15,1.39354216475104e-08
17,79403161,T,C,-0.00887759648492331,3.71570216507689e-09,1.34592909806284e-07
06,81134401,C,A,-0.0133690064981519,1.56823993323561e-10,1.45130449477492e-08
15,80991447,T,C,-0.00924492956386234,1.60426625984535e-14,1.5786861539598e-08
20,25590744,G,A,-0.0236808702795931,5.18984448809342e-09,1.68330670212574e-08
05,178746447,A,G,-0.00884732847387856,2.80831351608571e-18,1.8668465527378e-08
02,203659046,G,T,0.00850293412387547,2.1922456578311e-21,1.89243657518703e-08
02,161114552,G,A,-0.00932155467664558,3.10306369188189e-14,1.91074052697891e-08
04,80609966,T,C,0.0122925768404808,6.1430728430361e-11,1.99416681606127e-08
12,90444926,T,A,0.00922740235939454,3.32782551179969e-14,2.00921891000715e-08
13,28013501,C,T,-0.00942436541135833,7.30439491309528e-14,2.03670191059064e-08
06,51487416,T,C,-0.00929275550042055,5.50795412762622e-16,2.05432978483976e-08
06,51003250,G,A,0.015924280818298,5.34775670132389e-07,5.56836379184706e-06
01,173999106,AG,A,0.0148505823594458,3.9445865701285e-10,2.06286804109881e-08
05,53308654,CT,C,-0.00980463688624735,9.93065221843606e-14,2.08862770527711e-08
07,6387863,A,AG,0.0125407689243166,1.16425433289972e-10,2.14001413373871e-08
16,82872628,C,G,0.00900079287573752,4.14031604784402e-15,2.35847228507591e-08
13,86351717,T,TTTA,-0.00898347284996876,7.31092412885657e-11,2.46643934337497e-08
13,85894146,A,G,0.00732325333512742,1.44760587740281e-09,2.38534205044671e-06
03,20445669,T,TA,-0.00843851714824508,5.87512765236262e-22,2.52668470653646e-08
05,81023368,C,CA,-0.0115062567110396,3.60774814350888e-11,2.56595585635663e-08
13,20487343,A,G,0.0119398420991384,1.33921566454052e-10,2.75457205368839e-08
01,42422900,G,GC,0.00845971344867313,2.68526908669325e-20,2.78360977377453e-08
08,30863938,C,T,0.00905299136848675,9.30006637923633e-15,2.8164310168476e-08
02,100838157,C,T,-0.008488999358885,1.48734355863269e-17,2.91686130313132e-08
X,66222744,CAA,C,-0.00950956820356516,3.80531579830468e-10,3.18668147343318e-08
02,230705516,TA,T,0.00908033922721711,2.4566059158264e-15,3.65048645190656e-08
09,124396311,G,C,0.00885633253274145,1.19707691667147e-09,3.85163792264616e-08
09,124630006,A,C,0.00775081752691722,8.35813629505322e-11,1.28439815811287e-07
14,63123663,A,G,0.0106553113363918,3.59414677278639e-11,3.91654328092621e-08
19,18444518,A,C,0.0139757874936496,-99,2.44243736252883e-06
17,78722281,T,G,-0.0184641377327812,-99,1.3314570639941e-09
