chrom,pos,major,minor,beta,p_value,gwas_p_value
18,57829135,T,C,0.0424967255058045,3.46649751925978e-176,2.59483312423001e-110
20,34025756,A,G,0.0353554154492507,1.6563680074294e-237,1.11031884129372e-102
16,53806453,A,G,0.0340373623074069,5.14930779004342e-221,3.98945003262396e-95
12,4384844,T,G,0.107317583136707,6.47761224752179e-71,2.30766122291512e-67
13,51099616,C,T,-0.0324998454861829,3.35710842490338e-96,3.00150714046271e-67
13,50655989,G,T,0.0734548057688604,1.58174849786737e-35,3.26317594123402e-39
03,141105570,A,G,0.0263667444577763,2.70919088812333e-152,2.9133837282585e-59
02,417167,T,C,-0.0623264181556941,1.81345162024609e-66,7.28409481498691e-59
02,632536,G,A,-0.0320343321566183,1.06236588457115e-69,1.3631602518388e-47
12,66361453,A,G,-0.0253476538173002,3.57775621742539e-159,5.5990571056461e-55
06,34589632,C,T,0.0331551511893764,2.01304249760307e-56,5.86295065649625e-55
01,177889480,A,G,0.0289094408595792,5.06771209199924e-72,1.32176777684141e-47
07,92253972,G,A,0.0247863982374263,6.16074397115533e-90,8.27808610120822e-47
05,127357526,C,T,0.0268830298027017,2.29746064440718e-76,1.57135070276376e-46
08,57112046,G,A,-0.0346361375812318,3.90109114146521e-53,7.45378046932281e-46
08,57184728,A,G,0.0171726247747852,7.09635972968169e-28,2.02105579567169e-20
01,78444764,C,CGGCCG,0.0352335284089867,1.34635770909413e-59,1.10357961788449e-45
06,31272261,T,C,0.0187171568518068,1.50698152829547e-30,4.19304542703538e-43
06,31610479,C,T,0.0171164839762389,4.81276780947354e-16,1.14322300496423e-35
06,126704795,C,T,0.0220974527967629,1.84993141621869e-104,6.78489878573977e-42
01,154989823,T,TGGGGGCAGTAGAGGGGGCAGTAGA,0.0247158906000498,2.52800023795393e-69,9.21877852767629e-41
13,51064533,CCT,C,-0.028114534884284,2.76922893745624e-72,1.5242564890935e-58
13,50565104,ACT,A,0.0694609189081208,5.62972540545125e-33,1.08364463188443e-39
13,50468730,C,T,-0.0139248331145294,9.0261917572799e-15,6.76250990095513e-17
06,130384187,T,C,0.0228769757191725,9.52998875467983e-73,3.02707093414041e-39
07,2859847,G,A,-0.0226010002021733,4.63700760096213e-69,9.02234950639951e-38
17,29206421,G,T,-0.025202401876776,2.58729254473245e-60,6.10027247778658e-37
07,150668070,T,C,-0.0198009343303393,4.1181655270543e-57,3.44449754432138e-36
07,150554553,C,T,-0.0195691880452952,2.59790754309857e-11,3.69706029930495e-16
09,119124535,T,TAA,-0.0248613289788307,5.47329843706663e-52,6.04692443337633e-35
04,17875735,TCTC,T,0.0178613432833734,2.75630351957529e-27,1.43602235795115e-34
04,17932319,C,T,-0.0233847379805179,2.10049719957322e-29,1.02260995870014e-33
04,18327896,G,A,-0.0103878985920201,1.99022890864696e-18,1.0557054109778e-07
16,29972465,C,CA,0.0208443705727945,1.25422786762494e-84,8.16948058146946e-34
17,62017421,G,A,-0.0257285799771435,1.77017098179287e-105,8.69494315743041e-34
17,61996273,T,C,-0.0330253523504075,9.57513064860747e-43,5.38583325918722e-17
02,27730940,C,T,-0.0200087034090617,2.30738732264631e-75,1.77622643701258e-33
X,78655777,G,C,-0.0167387139417556,1.12736702768107e-58,1.93484653532909e-33
14,61072875,C,T,0.0197185363097208,1.01710955498325e-71,1.16238269077405e-32
05,122699198,C,CTA,-0.0190434856728186,9.18078977776557e-84,6.27676130723791e-32
04,145568352,C,T,-0.0198745249236903,5.76534832757129e-26,1.68661574076221e-31
02,172416533,C,CTTT,-0.0215114030592067,4.19382634240887e-50,1.13112970668814e-30
05,75003678,T,C,-0.0187379334251246,4.20205797315465e-66,9.36429784483208e-30
02,218278503,C,CTGTT,-0.0193841145431255,4.50748490543189e-43,1.00638332656073e-29
02,218146818,T,G,-0.0147460346603899,6.62184602699256e-20,2.38345437244103e-16
06,41909521,C,CCG,0.0363601328452197,8.24154261115638e-32,4.39661052963474e-29
06,41903798,C,A,-0.0709019160293666,6.60635512640492e-24,6.35149122534723e-25
06,26180634,G,C,-0.0187468468049603,1.88580044869156e-27,1.38370942002717e-28
20,32287917,C,T,-0.0184777986461961,7.06231614387263e-35,1.63268598233128e-28
20,32542814,A,G,0.0121145238689079,1.02959962535961e-20,2.29940634254114e-17
12,50261809,C,T,0.0186190636990071,1.52846717120523e-61,1.67905776380626e-28
18,20711927,A,C,0.0123351384364356,1.87306451937886e-34,8.7566048959287e-27
18,20737641,T,TTAA,-0.0141123771680833,3.7405241026331e-18,4.11521745815401e-26
08,135578636,CAAAAAAAAAAAAA,C,0.0145576175851515,1.25431073952526e-36,9.75862245541673e-27
08,135649848,G,A,-0.0159883513704584,1.90095445213711e-22,1.01192383096178e-20
08,135843916,C,G,-0.0113447251199993,2.6020210359283e-13,1.96996953332413e-11
16,4015729,T,C,-0.0179702317063228,8.0754704736493e-47,2.58668753596601e-26
16,3583173,C,T,0.0112772752805909,1.89435058264258e-10,6.70466952091568e-08
17,7571752,T,G,0.0902993041726741,8.69523876210342e-33,3.68596377732325e-26
17,7579472,C,G,-0.0125333544845274,1.46670400850618e-16,6.67970248246642e-08
17,7366619,T,C,0.0143959172805636,1.03042708870357e-11,1.73875436308076e-11
12,93990553,A,G,0.0200976349526439,2.71671245567578e-35,3.38376686662994e-25
12,94136009,C,G,0.0136595984572454,3.5575080773567e-36,1.45166592298916e-14
06,50788778,A,C,0.0216535549720266,5.9941874816248e-35,1.17792772931964e-24
12,124820705,G,A,0.022396615250629,1.9079137140887e-33,1.68355460620753e-24
06,142716286,G,T,-0.0180576650504079,1.18582792343251e-29,1.70164228243454e-24
06,143185683,C,T,-0.00930583340373989,1.85173307799023e-16,1.97743473792171e-09
03,185490184,A,G,0.0242222489495918,2.53869486665623e-23,4.26412520999137e-24
03,185828465,T,C,-0.0150356916703843,2.2787617368762e-14,2.21276836295431e-17
03,185310407,CT,C,-0.00964391495218538,2.3253943668313e-13,2.49656271449099e-12
04,106215108,TC,T,-0.0166883563199003,6.69980388229944e-55,6.74480806115084e-24
11,27728102,G,A,0.0164939710420665,5.21338027826724e-33,1.78566750320777e-23
11,27650524,G,A,-0.0115361340634543,4.64857989858064e-14,1.16907526992248e-12
19,47569003,A,G,-0.0171955586110721,3.67098272456697e-44,2.559162884761e-23
08,126506694,G,A,0.0120860629882666,1.33973678979881e-26,3.42045360166887e-23
08,126498265,C,A,-0.0119091440081796,1.05749798237611e-14,6.70015805162209e-21
06,108876002,A,G,-0.0165920820097616,9.31446044031208e-49,3.65238154005812e-23
16,28632021,G,T,0.0162578619957334,5.08702645390651e-52,6.88154336763445e-23
06,152168974,T,G,0.0161161143820273,8.35493939863848e-34,1.27784906965253e-22
06,151727545,C,T,0.00948973432527137,5.10455600206726e-10,1.75006379566906e-08
06,152521013,C,G,-0.00836585220486798,7.29457691095884e-09,1.19675051301934e-06
09,98217348,A,G,0.0285644539039819,9.70490771020979e-33,1.33870062949744e-22
09,98192383,T,A,0.0128997360425812,4.63733467844604e-23,1.99473104118816e-08
09,98380222,G,A,-0.0199382398314592,6.46315262656767e-12,1.54718588438546e-15
20,33430974,C,CA,0.0102978213623009,4.23438492008951e-19,2.4402097758958e-27
20,33326680,T,C,0.0257280017744925,1.53100157661889e-12,8.11354222387383e-23
20,33219835,A,C,-0.0170353154375093,3.33439834607187e-16,2.76038840266591e-24
10,96038686,G,A,0.0145356459799329,2.66043566948529e-34,2.3514142803249e-22
10,96085377,T,A,0.0131326528195344,1.46219742192627e-08,1.29746526906868e-11
10,102657908,T,C,-0.0170189134184508,1.21953945097711e-36,6.82634585412021e-22
10,102317555,C,CA,-0.0154469121096678,3.58794185743407e-16,6.42058412814084e-12
10,102411904,T,A,0.00984245283177081,8.90653940971362e-13,3.08561775358795e-06
08,78099782,G,T,0.0167859961430918,3.31711214353229e-35,7.07827282743997e-22
08,77761919,C,T,-0.0247252411052979,2.39168210557478e-12,1.4256580059781e-12
11,66913469,G,GT,-0.026032887585279,5.59951969642139e-27,9.25121403536538e-22
06,29355148,A,C,-0.0134305455500816,1.71349630020836e-13,1.32492941647895e-21
06,29842444,A,G,-0.00955836653083145,4.00711482964402e-15,1.0273509983078e-07
06,29555864,C,T,-0.0104345866440343,2.11620225310789e-08,2.21916457938518e-10
02,56106928,C,T,-0.0167860445766089,3.18077726095296e-27,2.65318455582774e-21
02,55997021,AAC,A,0.0164624506901779,8.7279881216854e-10,4.82619818658148e-12
05,36796830,A,G,-0.0152101120496451,4.41536536318483e-37,4.59664201033584e-21
05,36646032,G,C,0.00897002154296996,1.92892817636796e-09,1.07708556210122e-07
12,46752872,C,CA,-0.0147074755098105,5.67633038362582e-43,4.78718606629742e-21
12,46791289,G,A,0.0155381188980445,4.13128737832609e-07,4.01135366419107e-09
01,41544279,T,G,0.0161162245591442,7.62643876589105e-41,5.66244353812481e-21
15,99194896,C,G,-0.0258145681482202,1.01262999775339e-28,7.28187206501778e-21
15,99395834,C,G,-0.017945336975272,4.24317803834157e-21,1.43681893230632e-09
15,99214192,TTGGAA,T,-0.0219101003044669,1.68820137634007e-15,6.11425036424617e-12
11,68388220,G,A,-0.0184575778957715,8.05371525119889e-22,8.3825822913663e-21
11,68680577,C,T,0.0101292314119681,2.70243165299491e-07,2.98272068314586e-10
11,68070095,G,A,0.00860745995944498,3.76571794919709e-08,7.38147739280953e-11
06,19839415,C,T,0.0335383343659084,3.63064983945859e-21,1.09408502377436e-20
06,19724989,T,C,-0.00819601765651104,3.91317468846498e-14,2.00132729152409e-07
05,170864021,G,T,-0.0189230010217665,1.62064044758542e-23,2.11655443752343e-20
05,171198771,C,CACACAT,-0.00951912286764222,1.26085605466807e-10,1.77731630568766e-07
16,2160503,T,G,-0.0191398517651667,1.32025812381698e-22,3.09363316852072e-20
16,2266173,T,C,0.0118144460596799,6.33640124417023e-15,1.16735172121793e-15
16,2262987,G,A,0.0292183609921965,2.13072428206812e-07,1.81436964773433e-14
12,122820960,T,TAA,-0.0162995621752231,9.27388922927893e-20,4.12513962721159e-20
19,30272202,G,A,0.0156340349641785,1.65377228460922e-25,4.17244293592759e-20
19,30609964,G,A,0.00794155045083066,1.5645890495072e-11,3.32246384840743e-07
13,78474468,C,A,-0.0173879180424576,6.21066000361294e-31,9.24926442363643e-20
04,145762728,G,A,-0.019367988094575,2.6651599724664e-19,1.69648056133259e-27
05,42734622,C,A,0.0143937118785225,1.51538882116492e-19,1.05811946491335e-19
05,42304469,C,A,0.00858285343177345,8.2351219369431e-10,8.73027195747924e-09
06,160767905,T,G,0.0146601636692714,3.79784809297363e-52,1.27202955164876e-19
02,211540507,C,A,0.0156143259310257,9.52248666646493e-36,2.18740348067787e-19
02,223960207,C,T,-0.0147033588525196,1.06817810654142e-19,2.39272595314946e-19
02,224067543,AAAAAG,A,-0.00929306473395292,1.6242434795651e-08,2.36398247670584e-10
06,109781301,T,TCA,-0.0147989747099637,3.09747858434927e-44,2.56835245601844e-19
22,42070374,A,C,-0.0245462974632999,6.0681788114608e-23,4.50376467905611e-19
14,25944152,A,G,-0.0162606469972315,7.74921812510882e-32,4.85856635702622e-19
17,79093822,A,G,-0.0153283558787445,1.38632092855646e-28,8.77320330955362e-19
17,79426021,GC,G,0.00959719844566204,3.07101128903277e-10,1.16199473526804e-07
03,9975386,C,G,-0.0182256975887384,7.95063432775481e-28,2.16292170037504e-18
03,184020542,G,T,-0.0158884182785189,4.51555675492699e-17,7.42046533740824e-18
03,184010048,C,G,0.00942302463456205,2.02219736352526e-11,1.5976374358664e-12
01,11205058,T,C,0.0155763373652041,6.54843488457508e-20,8.30814851589418e-18
01,10833232,G,C,0.0109762591776507,1.26440964592513e-11,2.13724612148458e-10
01,10734800,A,G,-0.00827245539095254,6.5580052657333e-12,3.82365861779857e-07
06,7702659,G,C,0.0141914090225629,1.57968991530521e-43,8.81265527528376e-18
06,7231843,G,A,-0.0134620208410765,8.01548406308902e-08,7.92789581994846e-07
X,78792528,G,A,-0.0130513833271749,2.6966678970371e-32,5.73924873402462e-30
X,78911186,A,G,-0.0156076950511587,9.37384418699688e-08,2.68871336277506e-18
12,111884608,C,T,-0.0136391233136834,2.40434373187056e-46,2.83258406539079e-17
07,46634506,C,G,0.0129573252056205,1.12866150422524e-28,3.08902335317499e-17
07,46557704,G,A,-0.0164726149954681,8.48055641359609e-15,6.46867795865919e-15
07,46734307,G,A,0.0106410010010864,4.5761923303339e-12,7.21218538324442e-07
20,50927090,A,G,-0.0160080828760378,9.58938526428723e-21,3.38487862669669e-17
20,50807839,G,C,0.0130698348413169,5.92956463027269e-07,9.82916753636602e-09
03,171969077,G,C,-0.0133753247081825,2.56831824216419e-26,3.87876100923041e-17
03,172188000,A,G,-0.0115175650719099,1.03515768861261e-19,4.36619177164584e-13
01,155155608,A,G,-0.0132297388795257,2.3155417016701e-39,4.49362030998504e-19
01,155306195,T,C,0.0304941913461164,4.58476645706144e-10,1.19633662836782e-12
07,23513093,C,T,-0.0156847968346713,3.52079660160157e-27,5.54149892273052e-17
05,77401374,TA,T,-0.0148940589828103,5.84048410468691e-22,5.66761472377809e-17
05,77626757,T,C,0.00862534997265914,6.50567793575806e-08,1.59642301977149e-07
03,128966302,C,T,0.0218151552201245,3.65204496116602e-15,7.04859300169488e-17
03,128992047,A,G,-0.0128277150151301,2.35905528444106e-16,7.84443667740979e-15
01,176787749,C,CT,-0.0135098813948353,7.11106973382199e-35,7.36741157627325e-17
01,56597724,T,C,0.0160181546846513,8.0207235902077e-26,8.7906269114562e-17
05,130833946,T,C,-0.0158034403343624,3.42014530154527e-46,1.32976237059763e-16
05,130711004,G,GAAAAGGTTAGTT,0.0326042333517358,3.87845497652667e-10,8.78739760101225e-06
07,93231238,T,TGAGA,0.0134201335050095,1.17340284878457e-39,1.79053750024827e-16
05,139059017,C,A,0.013759186500845,7.62536639461363e-34,2.16083476006185e-16
11,30443688,T,C,0.0143825445569989,3.13354160013337e-29,2.75475934804758e-16
05,95728898,C,G,0.0140997225975374,3.32076924311093e-18,3.34060438606459e-16
05,95856501,T,C,0.0102793454884732,8.55498273220484e-16,1.6813555708103e-11
X,137050402,C,CT,-0.0132801701690213,5.92285990341269e-11,4.95233538526315e-16
X,137082312,C,A,-0.00708590056599833,2.35810443843743e-11,1.60547775663561e-12
16,20050466,C,G,0.0144213209643389,2.07919028298692e-19,4.9845130138251e-16
16,20249395,GTACT,G,-0.01570231898084,1.81352284492409e-11,2.98531184556839e-08
16,19933600,C,T,-0.0135838477126093,4.24902819281635e-11,4.73293021573422e-12
11,43878485,G,A,0.0145460180948768,3.56955680315044e-28,5.22808920985198e-16
02,24035507,T,C,-0.0143524836638606,2.87094389056988e-28,5.31739633169871e-16
03,50190346,G,A,0.0132934277987898,1.23960902440232e-37,6.26109417001862e-16
18,56876563,A,G,-0.017877104743929,3.16104647750395e-21,6.66513776353005e-16
18,56676022,T,G,0.0152135761303578,1.34337935951774e-07,2.8635064455804e-06
16,4946794,C,A,0.0119462330179407,6.84169194596633e-29,6.985298907536e-16
16,4720744,CCAGGTCCCTG,C,0.0264069744200752,1.5916254326629e-06,1.9577151464721e-09
07,73017657,C,T,0.0151570772062187,1.83378197332456e-17,7.04637178038364e-16
07,73121347,G,A,-0.00825016571096409,3.88327328232436e-13,5.55076449084832e-09
01,205679887,G,T,-0.0130155126811717,9.44477714453353e-39,1.12554311728543e-15
19,2176403,G,A,0.0128801764351601,3.42970009583098e-22,1.93639956001872e-15
19,1849147,G,A,-0.00862491356912781,1.50983186943928e-12,4.61917187703053e-08
15,89394600,T,C,-0.0385755030854318,1.7958517471308e-16,3.29119265643921e-15
15,89386652,G,A,-0.0139088420256341,9.72422870899073e-13,4.96613213052186e-09
15,89367562,C,A,0.00970095526197226,3.5561900300907e-17,1.14609669138708e-08
10,104943048,A,C,0.022057972830483,1.30027484928794e-09,4.51275775633425e-15
10,104649375,T,G,0.00974534999772736,3.26688817548275e-13,3.0032891701464e-13
12,991306,G,A,0.015379636270593,9.1409771080129e-18,4.67141043633905e-15
12,588372,C,CT,0.00874389305234932,2.47288359724506e-12,2.40761731055994e-07
05,67596088,G,A,-0.012661499348057,6.40594251615518e-38,5.16549102274799e-15
11,2165576,G,A,-0.0157997179099586,6.13490155631085e-17,6.53102619070254e-15
11,2077271,C,T,-0.0129507108356523,3.7501574751235e-12,2.26732399254459e-11
11,2665357,A,G,-0.0170043156699787,1.05285851428877e-10,6.30717323864341e-10
07,76638755,A,C,0.0164960615991694,6.11732086612263e-17,9.28210246328382e-15
07,77062712,G,A,0.00766481824855453,4.24732768390624e-09,3.89034902617731e-06
17,43223292,G,A,-0.01283271404599,3.99535882240872e-20,9.35178760026002e-15
07,127015083,G,A,0.0455837952342786,2.50877106510972e-15,9.59805421253382e-15
04,45182527,A,G,0.0126078626295833,5.57796293537963e-35,1.25456358231232e-14
11,69303727,T,G,0.0107259226975019,1.81477115748318e-19,1.27349097671697e-14
11,69798856,G,A,0.011379349741904,3.41873095836986e-08,1.00517991906342e-07
08,13372120,G,A,-0.0261846692707511,1.29930350482005e-15,1.29422640106357e-14
08,12951025,G,A,0.00810313106452018,7.62280359730053e-15,1.29437941228711e-06
14,23757428,C,CT,-0.0100892060291019,4.16500121562067e-15,1.46509203958454e-14
14,23793305,C,T,0.0126756418580383,4.65528322481302e-10,4.29963876486515e-14
14,23299135,T,G,0.00833209184032105,1.08000575978804e-09,4.64132117943143e-07
10,79572587,T,C,-0.0393988372404956,1.71413174519966e-10,1.54065467914413e-14
10,79659934,G,A,-0.0094119396725359,2.22037791802037e-10,7.50588734475664e-11
06,26207175,C,A,-0.017969392860624,8.26090407233811e-26,5.88718703921112e-27
16,783865,T,C,0.014684821626571,3.14784242601564e-18,1.65369787025409e-14
16,1114458,G,A,0.00965399717391969,2.87959074114429e-12,3.21780774643435e-08
16,398623,G,A,-0.0172601027680249,1.99750970665242e-08,2.01974316707889e-08
08,116631278,T,C,-0.0152373052058566,2.09159325292906e-21,1.7323918757792e-14
21,39689979,TAAG,T,0.0130394541411922,1.36671515429382e-20,2.03456615041507e-14
21,39983448,C,T,-0.0382046795742152,5.3534590950476e-09,1.45605112806802e-08
21,39235370,G,A,0.0074005749066468,8.95813222060382e-10,4.22316556668986e-06
19,8670147,C,T,-0.0342961153568566,1.7424558213514e-15,2.234218584803e-14
09,99106848,TA,T,0.0154478570138734,9.91756086733148e-21,2.69520802397887e-14
12,123759417,GAA,G,0.0148014912673995,6.8259611138181e-15,2.84874629241799e-14
12,123329101,A,G,-0.0145828511230056,4.0050158481182e-13,7.0932314081861e-14
12,56364321,A,G,-0.0129597690595984,2.61482543400172e-27,2.92454679515588e-14
12,3338920,GCACAGCTGGGGCTGA,G,0.0136486159335588,1.32930745660274e-14,3.0531059685773e-14
12,3393100,C,T,0.0242114065328433,2.9640667527273e-13,1.74888799000165e-13
12,3284246,C,A,0.0113796015333831,3.74919880664795e-11,1.57775327171987e-08
07,139749346,G,A,0.0158213152609689,5.51748854314389e-20,3.17093941431862e-14
12,120867798,A,G,-0.0315595706638596,2.85779708509096e-15,3.21590730810237e-14
15,67007813,A,G,0.0141380140256488,3.56707387435287e-24,3.71584684473872e-14
15,67457698,A,G,0.0206100249250693,4.99230503235892e-10,8.30536003684963e-09
12,116196316,CAA,C,-0.015029709729764,1.47185503566969e-17,3.79730327691669e-14
12,116595957,A,G,-0.0109091660700914,1.61169740605332e-07,3.16839444265214e-07
01,218634787,A,G,0.0146586142391618,7.70140208861331e-24,4.51628147263544e-14
01,218986185,G,C,-0.0153577425167472,8.22252984728537e-10,3.45955835394331e-07
19,10745764,C,T,0.0129728052771389,6.1438998004354e-20,5.86091761119841e-14
19,10418784,G,A,-0.00831145563701773,1.44089586795645e-09,7.78760669820889e-06
19,10335552,G,T,-0.0355492315273471,3.70222796271035e-06,3.5535903554495e-06
01,214609127,T,G,-0.0123924352969988,3.60087610011824e-30,6.09495603274583e-14
05,137618925,G,C,0.0148303200608212,1.54743618850385e-20,6.47767159458739e-14
01,33776441,A,C,-0.0130700181361643,2.13598992962455e-25,6.49351146946237e-14
04,122713863,A,C,0.0123840357606862,2.92246577521045e-30,7.66157819470011e-14
12,103067437,T,A,0.0137769230399411,3.81305786646392e-31,7.99290629792899e-14
12,103147927,G,GT,-0.0143449604824815,1.54459363757699e-10,8.94551589680909e-08
12,102589078,TTC,T,-0.0374902977618296,2.59108773370416e-08,2.69541734296195e-06
05,87795525,G,A,-0.0151648934185019,2.12580331655054e-21,8.15261900076049e-14
05,87999371,C,T,0.018296913133698,1.04179842878179e-09,4.37275727279592e-08
06,140623538,C,T,-0.014040303790961,1.08468107158638e-21,9.02642166846325e-14
01,149906413,T,C,0.0130557095653988,2.01531494604751e-29,9.29889245461869e-14
01,150186091,G,A,-0.0156970545057745,2.6800639977108e-10,4.50458436605841e-08
05,168256240,G,A,-0.0148156916879272,4.07601554016886e-20,1.08198421256135e-13
17,68153968,T,A,-0.0180872328231331,3.32644710392194e-14,1.0970125694559e-13
17,68206588,T,C,-0.00787268750994593,1.933716296181e-14,3.90240005010832e-07
06,126090608,G,A,-0.0118163962217759,3.85386511242276e-30,1.30642967007056e-13
06,126572573,G,A,0.0146083740102313,8.2004337144188e-10,2.23758496496151e-09
03,25118637,C,A,-0.0121125575746986,2.76227775863165e-30,1.64835790604972e-13
15,38502321,G,GCA,-0.012219182037942,4.29496982517711e-31,1.85220856406093e-13
02,71559445,G,C,0.0121510953194257,9.87765907855981e-29,2.53458094170748e-13
02,71889624,GTA,G,-0.0155190931089676,2.18082860676273e-07,1.26471071340026e-06
06,80959985,TC,T,-0.0118506363341965,1.20377876947625e-35,2.55805394929524e-13
01,50970475,A,G,0.0206523523410298,1.58694243673008e-14,2.91640680905164e-13
01,50584175,AG,A,0.00762473866476076,2.54880994974755e-10,7.24660176881968e-06
12,97792368,TG,T,0.0121653761523979,2.0623732510515e-24,3.05028137607506e-13
12,97604246,C,G,0.0114951883269176,8.6469256618603e-13,1.928435424633e-08
04,123828042,G,T,0.0135940390185482,1.99477751300753e-16,3.07291900011902e-13
04,123760527,A,AAAC,0.0195080690196067,2.25267410570945e-06,9.95402460765148e-08
11,2813322,C,T,-0.0457769816319492,2.79986232071418e-14,3.11775199050425e-13
11,2696744,A,G,-0.0138205537284136,1.32500136837101e-14,3.22767231461254e-11
11,2890819,G,A,0.0115615003255771,2.79081954494857e-10,3.83598653777702e-07
X,53628625,AT,A,-0.0102158392735152,3.15331222169236e-29,3.20464938092533e-13
04,1341553,A,G,-0.0263667233649596,4.4510597913463e-13,3.41235962560703e-13
04,1750487,T,C,0.0108790372426355,5.31932399919468e-20,2.42225782221225e-11
16,88804924,T,TC,-0.0103526286336357,2.114868727213e-10,3.41316739861693e-13
16,88321027,C,T,-0.0235747577147738,7.7789431330644e-09,3.1044057322658e-08
16,88768682,T,G,-0.00849878679454063,3.44664799963555e-08,3.67624956402207e-11
01,201806106,T,C,0.0111358194753187,4.3137867314658e-14,3.8978481333678e-13
01,201995653,T,G,-0.00830492047416349,7.05254275227826e-11,1.72158268616754e-07
01,201895664,T,C,-0.0152448709429163,1.17654355720226e-07,1.03430777485916e-11
15,62274940,G,C,-0.0107495352060904,2.05577772178787e-26,4.22357806794372e-13
15,62367582,G,T,-0.0370646263741687,7.33186795965726e-07,6.49557845534223e-09
04,88557753,G,A,0.0112299613167682,2.34348212157558e-28,4.36760163276773e-13
04,89052323,G,T,-0.0124172470076231,2.12309894375126e-07,7.54880904026864e-08
20,34769811,A,G,0.018093256036812,1.3623787854279e-28,7.75380882314855e-27
20,35743138,C,T,-0.017806947664985,2.50657665551692e-16,2.59735845595973e-11
20,34767240,C,G,0.0242888156385264,3.04176303818721e-13,4.22918626986194e-17
08,129215220,G,C,0.0131880248323889,2.22319004143268e-21,5.28155663233027e-13
10,27914001,A,G,0.0109926166874966,6.33366930753325e-18,5.33759443157897e-13
10,27567902,A,G,0.00862701434197957,1.16735202976067e-07,3.20630086940559e-08
06,34552736,G,A,0.0336172551748161,3.8570821553131e-58,1.11500793601163e-54
06,34163292,G,A,0.0517105379264515,4.33415827620673e-14,4.06459180231831e-11
13,54104968,C,T,0.0175313365771049,2.03841605286206e-16,6.17585980053662e-13
02,112249583,G,A,0.0142144832527222,5.48058862245878e-15,6.56849675910564e-13
02,111874551,G,A,0.0102637435279156,2.50733443533224e-21,3.51846871186355e-10
17,39261560,A,T,0.0125745434764809,4.93931306506727e-23,7.72341471536966e-13
19,3438636,C,T,0.0111550743816629,4.20205349654925e-15,8.36496410845047e-13
19,3376042,C,T,0.0102953189811953,1.08042643130266e-07,3.13193027973181e-09
14,93115410,C,G,0.0148585998487104,1.98652914352126e-17,8.70737602779763e-13
02,69378070,G,C,0.0165957498662699,1.00849250679903e-16,1.0851952059696e-12
03,41308348,T,C,0.0115627948167262,6.99864839264567e-33,1.1908896300837e-12
10,25178864,G,A,0.0156797214689465,2.18143185183261e-17,1.24458629775799e-12
01,110154688,T,C,0.0364777852195355,2.53634990100594e-13,1.32031901804261e-12
11,10126097,TG,T,-0.0114012092936557,6.93095841294155e-34,1.63679469927128e-12
19,19717056,A,G,-0.0227281806961712,2.33539838210132e-14,1.67367524473386e-12
15,41970964,C,CA,0.0168561842148004,3.23112709275059e-14,1.78834820779942e-12
15,42084329,G,A,-0.0284480286424647,2.69293910768376e-06,1.13068057056778e-06
15,42226256,G,A,-0.0214346980846039,3.64209112865757e-06,2.69948187742773e-06
05,134372685,T,C,-0.0130692616928313,2.91099254736078e-15,1.95900107332431e-12
05,134578641,G,A,-0.00992656679254109,7.18729345993002e-17,1.13264838016238e-09
X,31854782,G,C,0.00997087750148086,1.83829375927953e-20,2.03794304199898e-12
17,46989416,A,ATTT,0.0147751669340773,5.6830798661062e-17,2.41780461107753e-12
17,46725779,C,A,-0.0249033581023409,1.49012948691073e-09,3.9327537194013e-09
02,9770589,G,GCGGGGC,0.0136876608233565,6.545811802196e-21,2.52068918433297e-12
02,59291172,G,T,0.0120463418218443,1.21919375147321e-14,2.52735369460404e-12
02,58935282,G,T,0.00965536148785382,1.11843539447284e-15,6.25933028360961e-10
13,27049616,G,A,0.0117791868702282,2.00801688934632e-28,3.05376838408491e-12
12,115106688,C,A,0.0129691183501197,1.31610920489008e-19,3.10427874946254e-12
01,22475425,T,G,0.0113480098497264,1.06864057033278e-19,3.20636218390333e-12
01,22651606,A,G,-0.0103902027925217,8.0752336682157e-09,9.50479337431099e-07
01,22514070,G,T,-0.011106598846218,1.94683700848434e-07,1.1218208314045e-07
05,172779211,T,C,0.0110229746009009,1.6613624578452e-12,3.7244679395959e-12
05,172758796,A,G,-0.00965195712018583,1.25461739763572e-12,4.42275558828399e-11
05,173269669,T,C,-0.00949474993093638,4.28447121364344e-09,1.21603329025199e-07
05,32819073,C,T,0.0114461548993207,2.4462556653546e-26,3.83870813149864e-12
07,28174957,G,A,0.0124204693602531,8.54049519344628e-21,4.07950380382184e-12
17,71126150,C,T,-0.0114727014355049,1.36248962030253e-25,4.25874401441955e-12
X,45634577,C,A,-0.00998964144994131,1.74017943346397e-15,4.32563541144159e-12
X,45226975,T,C,-0.00713879661363665,1.69426081240234e-11,1.30155336672709e-07
07,121955468,T,C,0.0115061444070818,4.43752956267163e-25,4.47540021290098e-12
03,85142871,G,A,-0.01163826668405,4.5997867277941e-24,4.50731345013274e-12
18,46516424,C,G,0.0124699864714087,2.94604898346358e-18,4.75862040527291e-12
18,46602964,T,C,0.00947725078372883,2.81988327020699e-15,5.13179290175397e-08
18,46034088,C,T,-0.0170050120955172,1.25823600450619e-06,2.72983111444994e-06
14,24804088,A,T,0.0118622598551388,3.8633927769434e-15,4.89791667111454e-12
14,24835017,C,CG,0.0120812070757831,1.19853539150775e-06,1.12608564559793e-07
X,117865540,CA,C,0.0116172787219318,1.87041872642285e-16,6.35211630569826e-12
13,30177474,TC,T,0.0125875119748031,9.67320678407565e-20,6.38779861532882e-12
08,57170647,A,G,-0.0257647440351909,6.49726563429594e-28,9.57843536620846e-34
08,57187356,C,T,0.019633306280096,1.41785622469115e-21,2.36758765824847e-25
08,57665019,T,G,-0.0107672164032901,1.04728448784284e-13,6.40804276076742e-12
10,81103862,T,C,-0.0110535192499727,4.46708431562221e-26,6.5385048474427e-12
10,81228378,T,C,0.0104703069853591,5.170525646942e-07,1.42593974248872e-06
12,110044918,G,T,0.0138609787791132,3.87758096206588e-17,7.11157757840614e-12
17,29230520,GGT,G,-0.0160375458093777,3.83358646966213e-25,1.08407412498977e-30
17,29729250,C,T,0.0106841479080167,9.87341632362748e-17,7.95770301502696e-12
17,29285075,C,T,-0.0331179807720242,2.56162046738822e-09,5.8444587170003e-14
14,36220876,A,G,0.00927193621250591,9.990116349908e-10,8.11108666799598e-12
14,35786223,A,AAAG,-0.0146808546298465,1.60305390556979e-10,6.72964051860122e-08
14,35866615,T,C,-0.00868780045889834,1.7581351769646e-12,1.56187649303344e-07
03,52835514,G,A,0.0172386678227807,3.28182594405059e-14,8.98787298233158e-12
03,53290198,G,C,-0.0146298769197072,1.51619439427159e-06,6.2335977764626e-06
02,183238919,T,C,-0.0116025377796975,1.14357661785304e-22,9.16864556271849e-12
06,81829439,GTTGT,G,-0.0119792454519826,1.0856246010427e-23,1.01387193037783e-11
17,36925750,A,G,-0.01115879455136,5.4573749838013e-28,1.04546453194907e-11
10,124131176,A,G,-0.0111241483681657,3.3621928357846e-26,1.08532824371101e-11
05,80959505,C,CA,-0.0117554370581993,3.33722182723129e-22,1.08655641812145e-11
06,36210480,T,TC,0.0293072308980656,1.29594890025342e-12,1.22675447995558e-11
06,36311463,T,C,0.0101024275431269,1.02756131966526e-17,9.96590166842326e-09
06,35933327,C,T,-0.0103269109835293,2.185588670401e-09,1.08651276711315e-09
04,82184234,A,G,0.0123861155522666,1.47483548831798e-22,1.25638491632397e-11
04,81743389,A,C,0.0320052611788916,5.17538763043787e-08,6.60850195102151e-07
X,85577163,C,G,-0.00920974705565956,8.96297830953484e-22,1.26678762023318e-11
09,28410683,T,C,0.0117682139550413,4.45492994873177e-22,1.3508814930582e-11
01,190278319,T,TA,0.0110528677079743,1.94777249613847e-27,1.38571870294154e-11
08,10519285,T,C,0.0110011944498344,4.68059926315132e-27,1.48209005736657e-11
19,46182304,T,A,-0.0137923510207455,2.04054580584506e-16,1.53999782299094e-11
08,120456193,A,T,-0.0116830407400915,1.47901700676068e-14,1.70330982377421e-11
08,120596023,G,A,-0.0244804919619321,8.22871373440031e-13,5.10121064809705e-11
08,120661651,A,AAAAAG,-0.0123492831075165,1.55629122935335e-06,5.81440894540826e-06
17,29087285,G,A,-0.0222405564341471,7.7283340626564e-36,1.99029618322627e-22
17,29037339,G,A,-0.0358101937620282,4.07000878478185e-17,9.65350133100949e-13
12,12871099,T,G,-0.0136568734211584,7.93756127757745e-17,1.89589148263236e-11
12,12878679,AT,A,-0.00990765697871688,1.81706079551015e-13,5.17333936269985e-07
07,50661735,G,T,0.0116544033410656,1.35952107595562e-21,1.95843314604724e-11
10,18549889,C,T,0.0170432997706942,5.07029875992588e-14,2.1867075213199e-11
09,103061366,A,G,0.0115856631422268,1.54661162981692e-20,2.28181340563737e-11
18,35129076,A,C,-0.0125584842275458,6.41436798611379e-18,2.40710724141922e-11
16,15147788,A,C,-0.0116664261088299,4.17637973501321e-20,2.47435678517407e-11
08,130721793,AATAG,A,-0.0139993043103647,3.41262435480615e-14,2.60307183998435e-11
08,131033480,G,A,0.008580175535822,6.12483430156763e-12,1.16114517105963e-06
10,4961278,T,C,-0.0158802373830249,1.97137314352993e-14,2.67665735255312e-11
14,21542766,A,G,-0.0145605583470711,5.15940161161161e-14,2.73063244849385e-11
14,21976052,C,G,0.0115937725653725,5.40497008332947e-13,3.63220196963594e-09
06,45090977,C,T,0.0110607842846847,3.00677151522612e-23,2.85996699637297e-11
19,7193392,G,A,-0.0104242986588261,3.36792476065066e-18,3.05924829493622e-11
19,7119658,C,T,-0.0122202612669146,8.19452458949841e-07,2.12649378015916e-07
22,30342010,TTGTGTG,T,0.0108690707273759,2.9953985125743e-28,3.0817187604352e-11
10,120434096,T,G,0.0107196252861111,5.08211594609574e-28,3.53283803405871e-11
11,69911825,C,T,-0.0115782805075974,8.89639499900367e-21,3.84421328387922e-11
11,70020886,C,T,-0.0153213742630092,1.32862322235444e-08,3.88031222096097e-06
14,91517973,A,AG,-0.0117650748197829,4.24829701463993e-19,3.93806193005266e-11
02,242502956,T,C,0.00984081514765378,3.1997531362604e-17,4.1980487331917e-11
01,172155522,G,GT,0.00968610549892474,1.99782214364782e-14,4.26841171516335e-11
01,172186310,C,T,-0.0144031657966139,6.21096997721802e-08,7.69217684379885e-10
21,46466927,T,C,-0.0107425474282084,9.58326831286383e-29,4.46856876810398e-11
17,59494574,T,C,0.0112347142869146,1.67385267879655e-20,5.16407509855974e-11
12,102376639,A,AG,-0.00972266382072436,2.04193194092785e-14,5.78858869539729e-11
12,102324872,T,C,-0.00943404243580054,1.19955717655141e-13,6.63862324646669e-09
12,102407746,T,C,-0.0221742426057382,3.72660854242116e-08,1.15997226917985e-09
11,14413213,G,A,0.02282550441051,3.55268871706444e-11,6.71964755898822e-11
11,14475888,T,TC,-0.00767618096891143,8.54818859873204e-15,1.666815941624e-06
02,233585299,G,T,-0.0110890958269375,1.13029937611958e-18,7.66237162679172e-11
12,77457439,A,G,-0.0108523134005392,3.35901604600986e-15,7.6904023014685e-11
12,77429768,TA,T,-0.0112131580307519,2.81664567904007e-09,1.42200021518477e-08
14,65520246,T,C,-0.0106046504740919,2.83876430055017e-27,8.94859676618916e-11
11,120190141,T,C,-0.0156582711244621,8.55996639670677e-14,9.26863520559923e-11
18,60845884,T,C,0.00970296969450613,6.63481235891755e-11,9.97946784391545e-11
18,60755065,G,T,0.00833987339367471,2.92804698626251e-09,1.23224503300944e-08
18,60905921,G,A,-0.00797630696913952,1.24517007614892e-07,3.95257649036566e-06
03,88196211,C,A,-0.0115888652694034,3.84392879655745e-18,1.06219943566408e-10
17,65903006,G,A,0.0113651478428524,1.57885042151486e-18,1.14077258582337e-10
12,53831064,C,T,-0.0131679993818025,2.65064423228249e-08,1.14257837736584e-10
12,53788193,CTTTTTT,C,0.00995503149806028,2.05835560282677e-11,1.64329051492958e-10
12,53504836,A,AGTTT,0.0125013566290388,6.84044208885332e-07,6.8440287138854e-07
06,40369081,C,T,0.0110886183793118,3.22419111858553e-20,1.15166107608048e-10
07,6399723,GATTATTATT,G,0.0157239829765315,2.4591846329395e-13,1.20873667525099e-10
09,35753898,G,A,0.0121173899582133,1.54060967656269e-16,1.22853800270664e-10
09,94186973,C,A,-0.011997677312314,6.73201047118904e-16,1.25093771138903e-10
09,94315565,T,A,0.0108118416434181,1.26428438031322e-08,1.2030117155861e-06
20,54398541,AT,A,-0.0134104141521675,5.6989462908411e-13,1.25988427690138e-10
06,51796751,G,A,0.0095633747511505,1.07204010905773e-11,1.262417274773e-10
06,52244986,G,A,0.00862187782651381,1.10255660119939e-07,3.57629686059072e-07
06,51345479,G,A,0.0258319284644484,5.78820444037782e-06,2.97339969038674e-08
04,184244060,ATC,A,-0.0212900541709136,6.30231585255642e-12,1.30662341601176e-10
03,85171302,T,C,-0.00951112371817163,6.49515315572249e-14,6.68292559106547e-12
03,85669779,T,G,0.00858269505074004,1.71947548165665e-11,1.3967187831253e-10
20,21111710,G,A,0.0112759116206619,1.23622752089716e-18,1.55447421214668e-10
15,81009646,C,A,0.0104622238640797,2.50985811973838e-25,1.57399940168564e-10
01,39562627,C,T,0.0118942275614573,4.21069326882398e-11,1.58549910500369e-10
01,39421720,C,T,0.00812439209159587,1.43540471352013e-08,2.68131093310343e-07
16,86417679,CAA,C,-0.0106776112281164,3.57578922871539e-24,1.75979862197824e-10
12,57146069,T,G,-0.0176478120676204,6.03197503935289e-12,1.84481181035482e-10
12,56918566,C,T,0.00977379394553545,2.09086591230863e-12,7.32531071372947e-08
12,57540848,C,G,0.00925138591086271,7.77512620471814e-09,2.7940835479609e-06
17,17409560,T,C,-0.0121585733702749,1.30982228885449e-16,1.8901836037494e-10
13,96983940,C,T,0.0104458421965486,6.50528647611908e-23,1.8987732118034e-10
05,176586898,T,A,0.0108786425336008,2.38342373618135e-16,1.94482959172637e-10
05,176522036,C,T,0.00811473826617378,8.84885277119882e-08,4.10701994319094e-06
17,69307999,C,T,-0.0108260464116447,3.26634495097344e-20,2.02067143523955e-10
01,86823503,A,G,0.0150303300203612,3.19931237443852e-13,2.03123836349389e-10
07,71585126,C,G,-0.0106876660739123,3.89435229336118e-16,2.08272588655301e-10
07,71979229,C,T,0.00953986987600382,8.47986810863398e-08,1.22839482005493e-06
06,100602753,G,A,0.0120125850411652,4.05892642439405e-16,2.08946476557901e-10
10,64502169,G,C,0.010475364382238,5.69905480231312e-22,2.19671928840706e-10
09,109565934,T,C,0.0114231349246229,6.13158634846453e-18,2.24695709900494e-10
10,70208723,C,T,-0.0120306389595648,1.68485734838363e-17,2.33823069436173e-10
10,126629608,A,G,-0.00926571416392843,1.22280068919078e-14,2.37972550490201e-10
10,126348035,T,C,-0.0109559228094667,1.28517557777033e-06,2.18138963076785e-07
10,126687452,C,G,0.00981431422296603,2.90264336974321e-07,2.10622898676885e-08
01,212190116,C,A,-0.0101030934004032,2.73087610670516e-19,2.61278564346919e-10
01,212639727,G,C,0.0131624037103159,3.92576241299782e-08,9.05861491121454e-08
14,103859143,C,CT,0.0114657703787531,1.03526288097446e-18,2.74657969646218e-10
14,103361937,T,C,0.0105789532198786,5.70266255074812e-10,3.59414563747363e-07
19,4910021,A,C,0.00913908627292815,3.65022655845133e-12,2.79132822627989e-10
19,4962848,C,T,-0.00884014148638247,4.4462085508085e-09,2.81474509134191e-09
12,69828534,C,T,0.0104257097308997,2.16102301150229e-15,2.79713855285106e-10
12,70215960,C,T,-0.00837973615314449,1.7438512915658e-07,2.5621289851809e-06
18,74970687,A,ATGG,-0.0275575929271847,4.79504199314587e-11,2.92813985558542e-10
01,21584941,C,T,-0.0103761191768899,7.17251618301007e-22,2.98462039250332e-10
15,86276000,C,T,0.0101843362326602,2.33196436918781e-25,3.12167066009801e-10
12,28644895,G,GGT,-0.0110270476440151,2.57138006526087e-18,3.16298740486768e-10
06,105358192,G,A,0.010617361850834,9.76856673868982e-21,3.24559325753689e-10
11,65608274,C,CA,-0.00932430553696899,1.89324557741768e-20,3.3498673718131e-10
11,66003852,G,A,-0.0181055904991826,4.3284367389945e-06,6.15380303703965e-08
20,6709838,A,G,-0.0108838414189811,9.48245016535995e-14,3.44448219922554e-10
20,6569368,C,T,-0.00752353300691781,2.20474236040283e-09,4.07318791635255e-06
16,81663793,G,A,0.0111913462071581,1.67257208788103e-19,3.45089699022038e-10
16,81565749,A,G,-0.0107497506108663,1.03944240458228e-09,7.627152102098e-07
08,65002075,C,G,0.00891590788083716,5.02835094634176e-18,3.45657785507832e-10
08,65295461,TAC,T,-0.0103887930664836,2.08721733695049e-08,6.42258479697901e-09
12,20588382,T,C,-0.012903046143281,1.04292115498384e-14,3.61734451572722e-10
01,2038662,A,G,0.00958318525654856,8.90137782523114e-12,3.66540711424856e-10
01,1665702,T,C,0.0102790264938304,1.10243184742902e-14,2.63010208621464e-09
01,2253864,G,T,0.0412938946155318,2.35704296100316e-07,1.25240435910387e-08
01,38455891,C,G,0.0101719263418029,4.98594533797478e-24,3.97457297221253e-10
17,76746325,A,G,0.0101446387769088,9.05239794140057e-26,4.01155622898135e-10
05,112162299,A,C,0.0107989154353658,1.5338401784155e-19,4.12772600557362e-10
12,11880608,TAC,T,0.01059500747889,1.05856920207983e-19,4.18154222580447e-10
02,198656007,CT,C,0.0105655197300926,1.60644676673458e-19,4.24599810575329e-10
03,62713263,T,G,0.0109191885805276,4.83760136834646e-18,4.26172830270204e-10
08,144902714,C,T,-0.0230922823450212,3.71529902845972e-11,4.27133979375989e-10
09,129464856,A,G,0.00961039676606291,9.14895816659512e-16,4.31112109842947e-10
09,129270262,A,G,-0.00897874451352715,1.50136552798229e-09,6.17536826562589e-08
08,38116737,C,CT,-0.0118778948461572,1.59979265052074e-15,4.4631259165782e-10
14,70348141,C,CATAT,-0.0105911278687054,1.16014409576456e-15,4.47438485492435e-10
14,70467947,G,A,0.00909211783144023,8.25405846731704e-13,4.57123740109619e-09
14,70633411,C,T,-0.0285087127971325,1.12358244204244e-07,1.25107986797116e-07
17,1835482,C,T,-0.0137058451351959,8.87363353247891e-11,4.85941146724255e-10
17,1508641,A,T,-0.0102429285612162,8.45875871485442e-09,6.97566567013829e-08
17,2159502,A,G,0.00795493559994966,4.08146550985592e-10,2.11225743863313e-06
01,150738596,G,A,0.0170097353346246,6.23145651334251e-09,4.9093142859857e-10
01,150290804,T,TA,-0.0139235472256787,1.27030936253747e-09,7.47135530838901e-08
01,151000594,CCTT,C,-0.0151769056074668,3.67043622236389e-08,3.99610464399013e-07
02,241728843,C,T,0.0107324208505664,3.20310048891619e-15,5.25084103085318e-10
15,89928189,T,G,0.00972651320057752,4.05802502914991e-16,5.31969115943974e-10
15,89437181,GT,G,-0.0100592673508297,3.26845733488057e-11,1.00444885610916e-07
15,89432448,G,A,-0.03735508637377,1.54270324062987e-07,8.78142969731088e-07
05,53452239,G,A,0.0139499100190017,4.31083560529006e-13,5.40349250958337e-10
02,36777825,G,A,0.0110108530422476,3.23654566101747e-17,5.61847093703123e-10
20,39179822,G,C,-0.0293464831553369,1.51203406846666e-10,6.17083453809298e-10
06,2101285,A,AT,0.0119134376507289,3.19566192395431e-15,6.36744018056968e-10
X,109888230,G,GCCT,0.00857398959364585,1.57517500537023e-17,6.69838303334012e-10
13,59178258,A,G,-0.0100881933504418,2.50051732214551e-26,6.70116079284572e-10
01,72812324,A,G,-0.010146059029196,4.14244626901662e-21,6.97963442797193e-10
14,79899454,T,C,-0.010027431502864,6.33885879041114e-26,6.97969753484679e-10
22,40611012,G,A,-0.0107052243730011,4.49449308954631e-18,7.28705318522952e-10
17,43188891,C,G,0.0131489770740407,3.67009642502956e-12,1.19696531165894e-11
06,90323624,T,C,0.0127416382144277,9.15877749873102e-14,7.4973890502545e-10
03,11630252,G,T,0.0131338088836696,1.60506384411051e-13,7.56007942561309e-10
06,158740218,G,A,0.0105430725793423,2.11551700456726e-18,8.32486206867069e-10
09,95538573,C,T,-0.014200615146294,1.18615283247547e-11,8.45074449854297e-10
09,96029639,T,C,-0.0107896718438827,5.6703114671572e-08,1.32341945786657e-06
19,41902522,C,CTTTT,0.0107757535988392,4.75303093222582e-19,8.5506398171926e-10
09,23356935,A,G,-0.00996950413004799,3.81954106382624e-22,1.11288405236837e-09
03,119997606,A,C,-0.0133151046270787,5.0306094170937e-13,1.14614240033336e-09
02,227650791,G,A,-0.0210529120884181,7.52568351024317e-10,1.24117057982765e-09
02,227259964,G,A,0.00935016385890967,2.16032285852551e-12,2.32782278179177e-07
02,227613723,C,T,0.0327389787337465,1.6313249528173e-06,1.45876771022486e-06
14,35864990,T,C,0.0116681119897512,5.36061776085611e-16,8.38211825233528e-12
14,35568947,C,CT,-0.0120357004718626,1.62189928379543e-10,1.25856859134098e-09
01,155681157,G,A,0.015347794070165,2.27545052594792e-17,2.16923144421436e-15
01,156172499,C,T,0.0234145860062176,9.58287984448102e-07,1.26819937047791e-09
09,139377498,C,G,-0.00985087497741467,2.88841454231274e-23,1.36031486950977e-09
06,131429452,C,T,-0.0105418990645477,1.73501780181023e-17,1.36147263601333e-09
12,48379810,G,A,-0.0105468492146009,2.61391739973178e-17,1.38257574317913e-09
12,47005736,T,A,-0.00972949439069744,1.64667081064901e-16,2.93540547449902e-11
12,47488239,A,G,0.00946696962023817,8.51081415947671e-10,2.27877242077063e-09
16,72505534,T,C,-0.0149894845466113,3.10242892458774e-11,1.54177808138143e-09
16,72991286,T,C,0.00855619339466506,3.92348821340566e-10,3.95196869024478e-06
22,39836086,CCT,C,-0.011387295524272,2.76347403034501e-15,1.60385895557062e-09
X,129297278,CA,C,0.00837395324151705,9.64948614434604e-19,1.63494182329013e-09
07,148627479,TA,T,0.0124342349823229,5.6656764026568e-13,1.64392433956198e-09
07,148383377,A,G,-0.00987538768468772,4.77221018598219e-09,9.69355422336072e-07
01,107971673,C,A,-0.0115696464160356,6.43530077489301e-13,1.6570477102181e-09
01,107886278,A,G,0.0107020465097541,1.50565790492257e-08,2.39678011729619e-06
01,107656927,C,T,-0.00922152291611185,4.89025820737837e-13,2.44529278186224e-07
01,16511901,C,CT,0.0105406096737032,8.57685736270443e-19,1.65756544949255e-09
03,61187732,G,A,-0.00998761774621628,1.77753194319544e-20,1.81150635813114e-09
13,28010734,A,G,-0.0102515478518313,1.16370000508684e-17,1.82810891711317e-09
08,73449940,A,G,0.0108098796594985,3.17503129403309e-16,1.86448043083208e-09
03,94037499,C,T,0.00973220615018149,2.53256799469877e-22,1.98020029614416e-09
16,89381305,G,C,0.0148433394738353,8.220904478007e-12,1.98797092494546e-09
02,44991100,T,C,0.0132662347469759,1.3938328988702e-11,1.99690013708491e-09
02,44857116,G,A,0.00983394745943533,1.54717193241169e-07,5.31811850036969e-06
17,79087537,G,C,-0.0150567611368078,1.32047683300021e-29,1.14649307344895e-18
17,78292945,G,A,0.00980020933960918,8.07966640504935e-07,1.09624637207896e-07
06,83330333,T,TG,0.00986696939146117,1.11851124803815e-25,2.08986008805209e-09
09,111707928,G,T,0.0186873402743023,5.77768473307007e-10,2.12719709062234e-09
09,111907101,T,C,0.0103224548169256,4.07232396189422e-07,3.02114620122205e-06
05,43383398,C,T,0.00938127445594302,1.03114933735235e-07,2.13381745268771e-09
05,42884742,T,C,0.0171020677186264,4.40897252367186e-09,1.89644285838155e-07
06,19078274,A,G,0.0120704619734539,2.72232910603069e-13,2.39848486783432e-09
12,89776845,C,CT,0.00902885398893271,4.38088957261227e-17,2.47396324121815e-09
12,90228941,C,T,-0.0103048106157278,4.35754683345659e-07,2.55034743200754e-07
07,135212623,C,CGT,-0.0105777204004343,2.26646337528362e-12,2.55307477280482e-09
07,135105194,T,C,0.0213516369732522,1.8252864653127e-06,2.23942888312729e-07
13,40766349,T,C,0.010949842534705,1.67472804144989e-12,2.63724265376765e-09
13,41256473,T,G,-0.00925913838192742,3.19047171307389e-10,2.69536027795163e-07
01,36698861,C,T,-0.00979882931540924,1.78111351979473e-15,2.70094896871273e-09
01,36579215,A,G,-0.00986899760480128,6.29880181715364e-07,1.43649180946833e-06
01,23354877,T,A,-0.0102466470741108,8.37821668495965e-17,2.84454214226277e-09
10,2666859,C,T,0.00962141532044031,1.61517606782662e-24,2.86459946793226e-09
09,98104492,T,G,0.0115200027040591,1.65793527442736e-18,5.2256335568955e-11
09,97409311,A,C,0.00800626297981058,5.99500983977277e-11,5.54459072784948e-06
11,9399731,G,A,0.00978898224857867,5.72969520747701e-20,2.91586415955601e-09
03,13805578,G,A,0.0093256272779275,5.39529064292022e-19,2.98347913261913e-09
03,14043412,C,A,-0.0294953035713057,3.25440337005293e-06,8.31357144518035e-07
01,8015560,A,G,-0.0101409332329859,1.72857496606198e-17,3.10205485690828e-09
16,24714679,T,C,-0.0101819365650823,3.95794584828469e-15,3.19316315268047e-09
16,24550930,G,A,0.0115774756440268,8.8679265231046e-12,3.94202665000014e-09
X,50334780,C,T,0.00923950148892797,9.26880837827213e-13,3.19324050284554e-09
01,26432121,T,C,0.0125240864522522,1.5116700863517e-12,3.26096114343308e-09
17,63561592,G,T,-0.013264769771213,3.78730264782338e-12,3.33209738418972e-09
18,57920877,G,A,0.0286875912477595,8.68377913631567e-77,1.18087193975539e-49
18,58036384,C,T,-0.0564356026362373,9.25041182392036e-24,1.9972241988397e-28
18,57945602,C,T,0.0232949377823184,5.56017215045132e-10,5.32791354517023e-06
12,14919997,G,A,-0.0117496442714175,2.3343631152468e-13,3.38960991271763e-09
02,33489022,AAAG,A,-0.0202578788873224,1.3006851750668e-09,3.4132618102042e-09
02,33348679,A,G,-0.0175543552502592,2.90102185587821e-09,1.17582296822702e-08
05,41927601,A,C,0.0183423936014596,2.61547028069222e-13,6.73096900826027e-14
05,41546822,C,T,-0.00918538689718509,2.39817224987001e-09,3.43128981339242e-09
12,9124190,G,A,0.00975864753452793,1.88028428618687e-20,3.57528053695951e-09
07,28829253,G,C,-0.00975247515503596,9.04781862080273e-20,3.63072583567136e-09
01,32393821,TATA,T,0.0142896508569619,2.97257533377059e-10,3.79450469285625e-09
01,32044601,G,T,-0.0086225391903517,2.96594802502469e-11,9.90377558521328e-07
01,62570321,G,A,-0.00969343202957097,3.27318029466172e-17,4.25745514766614e-09
01,62135020,G,GA,0.0101166216344556,3.24302069335324e-07,3.9913200260961e-06
03,170743141,A,ATAT,0.0120104924365646,4.05855126021123e-12,4.48289923994394e-09
03,171125759,A,G,0.00819454229787529,8.07387718818481e-10,3.64538926223244e-06
04,38653773,T,A,0.00964031789499103,1.07019884724182e-19,4.70326917791479e-09
04,177430072,T,G,-0.010791174087243,1.23540848576193e-14,4.79843113868546e-09
02,100765728,C,CA,0.0135769592294797,3.8498656054695e-10,4.93449369811575e-09
02,100267808,T,C,-0.00756627644310409,3.33348704983174e-10,3.51623567787463e-06
11,29214768,G,C,0.0147543395631172,2.98831066653922e-11,5.22442146346513e-09
01,79476511,T,C,0.0106836009894861,1.61370857557253e-12,5.22643509375908e-09
01,79053326,G,A,0.0331747556166422,4.76268907508868e-07,1.15090636806969e-07
03,66438307,G,C,0.011756677915359,5.65603535473808e-13,5.53923786390828e-09
20,43535162,AAAAAAAG,A,0.0105705705407848,1.91629638746e-14,6.02098623877194e-09
11,8236262,A,C,0.00947449941439017,5.13821924213616e-21,6.21325925406021e-09
03,55548726,A,C,0.0109273387828813,6.73785663512396e-14,6.25053065202239e-09
04,18166100,T,C,-0.00931695773884846,3.64745590404395e-10,5.83641794912791e-10
04,18548257,GGTGT,G,-0.00824730387443699,8.53022693655565e-11,6.28882764048355e-09
08,124165850,G,T,-0.0100159541048816,1.54832915974543e-16,6.45890526829809e-09
07,65086756,A,C,0.0111907394354177,2.21253854479234e-13,6.46095647173835e-09
12,22017410,C,T,-0.0403868289065123,3.80506127339712e-09,6.51310151408079e-09
02,70315987,C,T,-0.0327707879697147,2.81120309066958e-09,6.54428886656048e-09
14,84252205,A,G,0.01001268502947,5.3705472328653e-16,7.1913348858582e-09
03,50022069,G,A,0.0137860531973078,3.49007827548235e-40,4.42881614461467e-15
17,44262496,T,C,-0.0100454662953591,2.88329445524517e-16,7.71532736753407e-09
15,51525432,AAC,A,-0.00937105996498521,4.98865093710306e-23,7.72185943916562e-09
22,38556260,T,G,0.00962760036213275,1.15198517422303e-17,7.81165850270057e-09
07,18676842,G,T,-0.0157244847217853,2.01272807241713e-10,7.94825990363121e-09
04,101086037,G,A,0.0202479943750452,1.04155113003435e-09,8.11395986184081e-09
17,40426299,CAAAA,C,0.00991135087828691,1.66914900632946e-20,8.19365106200092e-09
12,133361298,CCA,C,0.0100939530685782,8.55810412407939e-16,8.3755183749452e-09
12,131617417,A,C,0.00986303276710561,3.03155040524061e-16,8.48587807083033e-09
17,21283507,G,T,-0.0102710940048469,3.0596934582908e-15,8.53275842052587e-09
02,25458100,C,A,-0.00959689297719236,4.80766348385938e-11,8.55454165018492e-09
02,25904996,C,T,0.0075309491940652,8.32293419805822e-11,1.48949657464655e-06
X,47167011,CT,C,-0.00834435189234826,1.11225389166157e-13,8.58848046703186e-09
13,42737268,T,G,-0.00966181742365078,1.3124868381677e-17,8.95179508574099e-09
20,61564901,T,G,-0.0134566980868773,2.53322796197519e-11,9.30858717343931e-09
17,46175361,C,T,-0.0226720827708972,2.94216694729117e-08,9.41718566174947e-09
17,46288649,A,T,0.0127770253436037,1.07412495014838e-09,1.06932213585815e-08
18,30669870,T,TGTTA,-0.0184542278658223,6.57432095810476e-10,9.61824645982881e-09
02,201247780,A,G,0.00932494250577672,2.4780865278421e-21,9.62231893606757e-09
08,49236714,C,CTG,0.00908360276338279,4.2070535003928e-14,9.66840421826479e-09
08,49588463,G,A,0.00934783256305271,1.7258372953268e-08,2.79835718964067e-08
04,102708997,C,A,0.00943201553014448,4.99021194796376e-20,9.81822029615218e-09
04,87598333,T,C,0.0255609513377059,2.92382301879814e-09,9.8870266805912e-09
04,86719165,T,C,-0.012586916309206,1.60509232492023e-10,1.02147334941716e-08
04,87122429,T,A,0.0213648320849978,3.89072830738071e-06,2.15682150136118e-06
09,96354554,G,A,-0.0097989380227392,2.01866983101495e-16,1.03754246171111e-08
15,55644676,G,A,-0.0140677161066399,9.39170955557196e-11,1.04204513952539e-08
15,56139961,G,A,0.0123758655859896,3.6167005319506e-07,4.75976966442889e-06
10,77210191,T,C,0.00929926257966999,3.44728807239197e-21,1.06412605456055e-08
16,30337208,T,A,0.0125094720670907,2.35360500265765e-33,1.49163894882771e-15
05,100165534,C,G,-0.00975486699822603,2.81199755307637e-16,1.1194191276412e-08
11,18632236,A,C,0.0123759983299396,1.05207509179197e-11,1.18039334882492e-08
03,14960170,C,T,0.0144872915179785,1.65721297048071e-10,1.21583424189299e-08
02,169721381,A,G,-0.00983255080700808,1.83740040815932e-15,1.23655401282068e-08
16,9211117,CT,C,0.0104362895696382,6.23308811569004e-15,1.24925793605244e-08
14,42871531,A,G,0.0100826319205628,8.6573867895432e-15,1.25653744580027e-08
05,60731458,G,C,-0.00985512325240596,6.01394944158327e-18,1.26938020635066e-08
05,60999190,G,A,0.010826830907905,3.86018816102434e-11,2.160166305847e-08
17,38344485,T,C,0.0103630171163116,5.42770856762586e-14,1.27126128802492e-08
05,153358226,G,A,-0.0103772723268742,6.28983634394276e-14,1.31136697686582e-08
04,12842023,G,A,-0.0103888591976476,7.56461622031816e-14,1.35493273570022e-08
11,47434986,G,A,-0.00973529694878498,1.00738574921812e-15,1.36976723907928e-08
07,1271233,C,CT,-0.0111017227439151,1.04935730790609e-09,1.37028890956674e-08
07,1380874,C,G,-0.00832025066533493,4.17158585484758e-10,3.60875314199371e-07
11,100610546,C,T,0.0103255497278602,4.35034974479237e-14,1.37406933247762e-08
02,74712596,C,CT,0.0123044129196637,4.66599048014154e-12,1.37844404243466e-08
10,22629820,C,T,0.0168455014178886,5.01335398048418e-10,1.40515778318767e-08
05,50961753,T,C,0.0257366823745299,4.58453769567177e-09,1.41221318030013e-08
17,67435050,G,A,0.0088595698889816,1.6574534303324e-11,1.41494018221789e-08
17,67503653,A,G,0.00748030659309844,6.63081932280809e-08,1.48553793055704e-06
04,152372958,CT,C,0.00926745493726247,1.4247547064082e-19,1.42908155861502e-08
02,145336371,G,A,-0.00979509121190329,1.02047598656801e-14,1.49390525634198e-08
02,145611943,T,C,0.0119063225730362,1.4237021881618e-06,5.24166235259338e-06
01,235512933,CA,C,-0.00929771236919261,7.89868705347863e-21,1.5434790180896e-08
05,6767245,T,A,0.00968036427017815,1.31591808507383e-15,1.6025110154434e-08
04,26206514,A,C,-0.0186075740695779,2.18649928932255e-09,1.60920540962231e-08
04,26152727,A,G,0.0294189739710947,4.32352056844193e-06,4.73938823577479e-06
X,99882543,C,G,0.00784896934534101,4.00021113559094e-14,1.61136456120254e-08
20,54460200,G,A,-0.0129160252958352,1.32571002960559e-12,2.15575251763843e-10
01,184136522,G,A,0.00972330700456539,4.51885327240196e-17,1.62316331757296e-08
14,93776311,G,GT,-0.00987114345998779,9.13966817142455e-14,1.81894597950361e-08
01,208032376,G,A,-0.00907297606860685,1.75010468615233e-22,1.91172329382529e-08
04,124932863,A,T,0.0100230230125031,4.59912364357883e-14,1.9534214683479e-08
04,137239025,A,T,-0.0111031921061505,1.09636444581686e-12,2.00174992423456e-08
07,92097611,C,T,-0.0110216117637814,1.21149429632217e-27,2.68076446486696e-13
07,91602466,G,A,-0.0133987804613528,1.18234938157041e-06,2.01027665687422e-08
06,155551391,C,T,0.00954288616322711,3.31615413379889e-16,2.02509128678095e-08
01,96304750,A,AT,0.00938856448251929,5.86195219798775e-17,2.0281731206604e-08
11,72335834,T,C,0.00983549966363048,9.31150936472962e-15,2.06277042100793e-08
20,42349984,T,C,0.0123425973027436,4.60481677957495e-11,2.14402756368921e-08
19,34311481,C,T,-0.00954974994585906,1.19787728977551e-15,2.16582604354276e-08
02,23134817,C,T,0.0301651006948464,9.01166038363518e-09,2.21851264559607e-08
07,56187347,C,T,-0.0121465237164226,3.72117138637257e-11,2.29763504505048e-08
02,172307385,C,G,-0.0164198706954725,1.28090184119045e-17,6.86973239905805e-15
02,172101805,A,C,-0.0184445624787897,1.67031993430786e-08,7.34560783874489e-09
02,171930391,CCG,C,-0.00956630884024925,7.92864451801147e-11,8.16631856413934e-10
03,152309629,C,T,0.0124434244952328,5.88874575260762e-11,2.38263529586436e-08
14,77509872,G,A,0.00979926523871894,1.54297780620707e-14,2.40546709729088e-08
04,3469976,A,C,-0.0103463855301785,2.27022529582932e-13,2.49356855725704e-08
08,74691549,C,A,0.0138751321631606,4.07935983645902e-10,2.51947352104709e-08
08,74259496,C,T,0.017862426702625,4.88243384466866e-07,1.8922798080175e-06
20,20060745,T,G,-0.00994653858753477,2.40549819390996e-14,2.53534289109044e-08
20,20339310,T,G,-0.00917915267524475,2.95674616180199e-12,3.70794638677091e-07
15,68202469,G,A,-0.0105347665690012,1.16359579978515e-12,2.5927896804584e-08
07,77791674,C,CA,0.00941345063475208,6.08252266799029e-15,2.61358489852786e-08
07,77438541,GT,G,0.00917888410205352,3.49386558760894e-11,1.24075394521967e-07
10,115936832,G,T,0.010518769744277,7.79486991743242e-13,2.7816039752364e-08
04,115132438,A,T,-0.00906017287089071,3.51135343995425e-19,2.80282043200229e-08
10,125230186,T,C,0.00896450418090026,6.47644423811066e-21,2.83020851612657e-08
20,15809756,G,GA,0.0137544620461174,1.69624739370611e-10,2.84116734406453e-08
05,105874890,CT,C,-0.00912926629723755,2.15371879139533e-18,2.90203395437394e-08
10,121366194,T,C,0.0095940135712563,2.90040029477333e-16,2.90434485998966e-08
10,121181627,G,T,0.00974886514401293,1.30473988235413e-09,8.47187068575823e-07
03,33600582,A,C,0.0273795271124928,1.12104054505467e-08,2.97184829258373e-08
03,194870655,T,C,-0.00943095168920283,5.04057422354854e-17,2.97765636888936e-08
08,56149074,A,G,0.0197200693096545,5.24504803996774e-09,3.03642679637065e-08
08,56583713,C,G,-0.0264171646247887,4.00330036140331e-06,4.92300275372979e-06
12,30773330,GT,G,-0.00901882206796716,2.47086296749562e-21,3.05037411075316e-08
01,217804955,T,C,0.00923512941604271,1.29799353075171e-17,3.07822623030289e-08
01,175959628,G,C,0.0110651822576045,2.12412981143809e-09,4.56454258825761e-08
04,30842780,G,A,-0.00895780373155967,9.59365972987095e-20,3.19799707255025e-08
06,164107529,A,G,0.0132295611993158,2.600216320491e-10,3.29564763455648e-08
03,56599469,C,CT,-0.00907947189465144,9.71395233933825e-19,3.30624602518615e-08
08,129987702,C,T,0.00906892140193991,6.49481270022381e-18,3.386881376058e-08
02,46654831,A,AT,-0.00913421210052017,1.50916150895956e-21,3.53800062451699e-08
01,42407229,T,C,0.0102201640493214,3.99927693411446e-13,3.63544993162435e-08
10,27829355,A,G,0.0183446252125534,2.80464793310279e-11,8.09033046005703e-10
01,119495315,T,C,-0.011631355958642,3.67966164464123e-11,3.64377004174565e-08
10,53290991,T,C,0.0121642917590281,5.65658524007758e-11,3.67926351228606e-08
02,205365851,C,T,0.0227277570966479,1.0099901834396e-08,3.71615318511708e-08
20,38569980,C,A,-0.0104162492147332,3.12895397261693e-13,3.73166117231624e-08
20,38893414,GA,G,-0.0243263729402,1.49672225867201e-06,4.49161103521888e-06
11,61450330,A,G,-0.00910329255399228,3.14201463261913e-20,3.80852272748278e-08
12,49189815,A,G,-0.026145553535306,1.37690796935107e-08,3.81680517566962e-08
12,49385679,C,T,0.00858219603302662,5.91222238508242e-10,4.12643453894164e-06
02,85818797,G,A,0.00966199663688203,3.1566755597348e-14,3.96275684319657e-08
11,14819828,T,A,0.0212158918095491,4.44621035084052e-10,1.05876569799473e-10
11,15030244,C,CT,-0.00921999630141246,2.97189337766871e-10,4.01698922545848e-08
01,225956154,G,C,-0.00976448029917637,8.16247033900095e-14,4.01818908625071e-08
03,53675022,T,TGAA,0.0110511719800303,2.73958789748159e-11,4.07898181298487e-08
03,53373238,G,T,-0.0146609153907213,1.79942105875119e-06,6.01649344261333e-06
07,70106061,C,T,0.00922032286481806,4.22707522730423e-16,4.08983008896329e-08
17,62019103,G,T,0.0154513515037471,2.11154679849157e-16,3.38220978914098e-14
17,62048707,C,T,0.0101542140650057,1.05848516468183e-17,4.15672541639866e-10
17,62519019,T,C,0.0346287332664618,2.04646331724169e-06,4.14694609214605e-08
10,130382568,C,CT,0.009156458743184,7.9674584392787e-13,4.16904506423271e-08
10,130837274,C,T,0.00766312124999239,1.90579101749668e-08,5.88115222578063e-06
X,132004242,T,A,-0.0154318485802128,1.03389040376475e-08,4.23563278485856e-08
12,41910629,C,T,0.00888662834400011,1.09941636995964e-20,4.24212470820552e-08
19,50363585,CAG,C,0.0238858752010406,1.36708031673832e-08,4.32132749819087e-08
14,68662643,A,C,-0.0127677059264921,1.54301998100906e-10,4.33571693046595e-08
14,33292743,C,A,0.00895232449309185,3.50934260837185e-19,4.53366112358317e-08
08,89472874,CAGTT,C,-0.0104842506999918,1.21835434649685e-11,4.60310184188721e-08
08,88981540,G,A,-0.00819235208583968,3.29953135896241e-13,3.82258658625062e-06
15,101636268,G,T,-0.0122845666075465,1.7572948437483e-11,4.60621277460318e-08
15,43703277,AT,A,-0.0409910287589738,2.0710857503574e-08,4.65986920984319e-08
12,17245591,A,G,0.0144952031669696,9.73411547401817e-10,4.6678263515965e-08
10,34635529,C,T,-0.0119981306315264,7.6560128311062e-09,4.73251825864876e-08
10,34973764,T,C,0.00929711707935146,8.10226595265969e-09,6.57106295303556e-07
01,183104340,A,AT,0.00895434912257106,8.53859373599611e-18,4.87672601759605e-08
05,39519303,C,T,0.0159153798676414,2.50446661235814e-09,4.91804917927355e-08
13,51850207,C,T,-0.0157418615449305,1.72860021163613e-09,4.99027230575727e-08
12,107319661,G,A,-0.00998914902703167,7.25703641549015e-13,5.18676300125746e-08
18,45753742,T,C,-0.0107294231513255,2.66229917010852e-11,5.2092310867301e-08
18,45946047,T,C,-0.0101535104316105,8.83901918814808e-10,5.84713977010222e-07
06,50809153,T,TG,0.0210593678458646,8.00383855251762e-28,1.28091746246711e-24
06,51760527,T,C,-0.00884216680139621,7.03427027148963e-16,3.0717489535658e-09
11,28577867,C,T,0.00825473120549727,5.58539990458101e-13,5.27522781552162e-08
11,28742220,A,C,-0.00831775216510567,1.94424998981761e-08,3.07343675134416e-07
05,52795785,C,CT,0.0113047189796665,9.29541514179643e-12,5.3750215307196e-08
15,91419432,T,TC,-0.00886356503027695,3.43729513619955e-20,5.3861679268086e-08
07,75044431,C,T,0.0105508786195701,2.77180322444764e-12,5.43628452853767e-08
05,3574564,C,T,-0.00912656287772304,1.96990903305601e-15,5.44862053139927e-08
08,67198844,G,A,-0.00995698774642302,5.31135942459253e-13,5.59536161771874e-08
07,103444978,C,T,0.00889319632986257,1.15866750769962e-17,5.62511686906621e-08
06,53977191,TTCCTTGTGAATGAGTATTAGA,T,0.0238049835050055,1.36609219323875e-08,5.77704017015686e-08
13,79594926,C,T,0.00904175139069265,2.04443064479937e-19,5.80405824307437e-08
19,4363289,C,T,0.00834585476977098,1.22612587171167e-06,5.88808464145976e-08
04,135213286,T,C,-0.00884720388831986,2.14062751405838e-20,5.95366751083979e-08
03,183357633,A,AAACC,-0.0109758353898181,2.46854082566374e-12,6.04652887209228e-08
14,29702590,T,G,-0.00927205988410427,4.75580740988908e-15,6.11110921718215e-08
01,65298971,C,T,0.0426384955057414,3.54145281277336e-08,6.14356414373591e-08
18,2656989,A,G,-0.0103820566882167,4.40214679872339e-12,6.15493864534578e-08
08,76788172,C,T,0.0192653660445816,8.58404643985391e-09,6.36441060582444e-08
03,142523555,G,A,0.0111500017737548,2.56847933225872e-11,6.68054755412254e-08
05,111291610,AC,A,0.0103042347695562,6.1126995691758e-13,6.7532726511847e-08
01,203766395,C,T,0.00931039854472399,2.18675929727044e-11,7.06592639458933e-08
01,203489683,C,T,0.00939702089170521,1.0321473980218e-06,4.79868941251316e-06
10,114693230,G,A,0.00879162388990111,7.37348839008585e-12,7.10200411995431e-08
10,114401543,G,C,-0.00803606448827068,8.7100566865334e-09,1.70936394194636e-06
06,20706230,G,A,-0.0105214662390385,1.74085636902139e-11,7.1194134826421e-08
05,54873285,T,C,0.00942601100367734,1.19649477611856e-13,7.14278860329423e-08
14,101141726,A,G,0.0105064356116592,1.70862863854275e-11,7.16756955578033e-08
14,101229986,T,C,-0.0108778670109035,1.18611866026077e-09,3.45533840543051e-07
08,23345526,C,T,-0.00776496204901956,4.0175498700311e-13,7.1709344781061e-08
08,23166656,A,C,0.00825174756295433,1.07139889612188e-07,2.54824558199475e-07
16,73801303,C,T,-0.008782821698429,2.71633327095125e-18,7.26023152182477e-08
03,153910995,T,C,-0.00875175667398181,2.1530861717373e-19,7.30290951586921e-08
19,18490284,G,A,-0.00872468955333566,2.05178936590994e-12,7.66151139753138e-08
19,18116144,A,G,-0.00870318111338771,2.01559665113951e-08,1.02596084304051e-06
02,10406843,CCTGTAGTGCCCACCTA,C,-0.0152989686318786,3.40887461117156e-09,7.93326435558057e-08
12,121622887,A,C,-0.0263995180696384,2.27247233529818e-06,8.05853602461325e-08
12,121349342,C,CA,0.0089973688424553,1.98555210232649e-19,7.59075878465875e-07
12,121679328,G,A,0.0130186503810476,6.87866349016944e-09,2.59603857197203e-06
03,45957689,T,C,-0.00994241419941074,3.6667580164315e-12,8.23387775981664e-08
04,152958338,A,G,-0.00872688682496541,1.37507399797115e-19,8.23537453178711e-08
01,218647386,T,C,-0.0115023768337609,1.19886968030088e-31,1.31332355633573e-10
01,219145424,CTT,C,-0.0147092622328483,3.97506091314066e-11,8.33897594340051e-08
04,110755000,CT,C,0.00906787912928503,2.8411453228733e-15,8.39560734351263e-08
05,141811345,A,G,-0.00885593693139024,6.43906501597375e-17,8.41197371576994e-08
02,225278693,CAACA,C,0.00882863456894354,6.57166317932789e-16,8.60484218005401e-08
02,225605531,A,G,0.0381627670024604,1.323909281925e-06,1.09683085966137e-06
10,99778226,G,A,-0.00871900025381131,2.05321931236765e-18,8.87244736417826e-08
13,66204127,CT,C,0.00878652977907879,2.39929561572859e-17,8.97649632199006e-08
19,45500925,T,C,-0.0102234640047337,2.51577521968009e-14,9.08166433475965e-08
19,45425178,G,A,0.0191880025585685,1.52272066786497e-07,2.8362006681791e-07
19,45395844,G,A,-0.0118157625657302,6.95986164605869e-07,1.11050932048185e-06
15,79403002,T,C,-0.00874989314963138,3.28243247152018e-18,9.284983861699e-08
15,78922194,G,A,0.0184114518839198,4.72889886508577e-07,9.0425195817922e-07
20,51737578,A,C,-0.0146228217058479,7.64611356152964e-09,9.56546176826498e-08
20,51237903,C,T,-0.00962058853766767,4.13918196693616e-10,5.70460731154145e-07
05,171218388,T,C,-0.00881220965175704,2.73220005173842e-11,1.07329990697852e-07
05,140024491,A,G,-0.00870484067845503,3.67453822650825e-17,9.67200307910815e-08
08,118897700,A,AT,0.0139492456490113,2.46687022516619e-09,9.7202696848937e-08
11,74488697,AT,A,-0.0105172883214032,1.92570179154546e-11,9.80086083412829e-08
21,37468223,G,A,-0.0104166702895539,2.16356692492746e-11,1.0001909273644e-07
09,119041018,C,T,-0.0129921438014439,2.77482028821491e-12,1.04629672932309e-09
09,118411240,T,C,-0.015883684821201,9.68847202071213e-09,1.52684827243618e-07
09,119048567,C,G,-0.0205307939673435,2.07797932994335e-06,3.43711808126559e-06
01,75014195,G,A,0.0090555145549857,1.02444563108986e-17,1.0663282708436e-07
11,13329139,T,C,-0.0132012439741987,1.3289171917115e-09,1.07452308024429e-07
11,12887540,C,CT,0.0131504420529795,1.45198841335156e-07,2.51372422838244e-06
12,91144040,T,G,-0.00955768734956611,1.08316663013014e-12,1.07896401766697e-07
19,55879672,C,T,-0.0302823887537461,2.71728768588882e-08,1.08365339763287e-07
19,56011573,C,T,-0.0259170549042579,1.56588836682128e-07,5.36252546596637e-07
16,72629056,C,G,-0.0165971884113935,1.28992425834142e-08,9.36548212901828e-09
16,73095430,A,AAC,0.00841328022726758,2.11129999710587e-12,1.09586441849738e-07
12,24071748,G,A,-0.00951647566770708,1.13498752848054e-12,1.13786271468643e-07
X,139268064,A,T,0.0071633980303678,7.95765966519782e-15,1.15920809591851e-07
06,133614576,G,A,0.00877087946934364,3.37347383347136e-16,1.17756675641515e-07
20,47824904,A,T,0.0103428155417821,3.5087695092024e-11,1.21961489775172e-07
16,67991972,C,T,0.0170704766185367,1.57988136340225e-08,1.23834438487714e-07
19,4475606,C,T,0.0168626991989653,-99,3.20686672950467e-08
06,26543649,CTT,C,-0.018833750624928,-99,2.04149970437894e-13
16,31104192,C,CA,-0.0228785557676111,-99,2.92991078687497e-08
06,34183057,A,G,0.0801718585924984,-99,3.08083932043938e-36
17,42774033,G,GA,0.0204333863114317,-99,7.9182065454493e-10
05,43190861,TA,T,-0.0167601003158282,-99,8.68881361077951e-08
05,53107611,G,A,0.0215286793671568,-99,5.30268633933056e-06
20,54884793,T,G,0.0203252786597867,-99,1.03998692323165e-08
11,69509343,G,A,-0.0234450434545342,-99,3.36491296977193e-13
17,78757626,A,G,-0.0254523593145562,-99,5.36144871048424e-13
14,93406232,T,C,0.0313871502187852,-99,4.06457265460015e-08
12,122357049,AT,A,0.0278727309075297,-99,2.0405267383038e-12
12,122630285,G,A,0.0252404427446587,-99,1.90169264699105e-18
04,145839264,G,A,0.0268590899578318,-99,2.26476673009907e-28
05,171336723,G,A,0.0210076741369817,-99,2.21000014200287e-10
01,176500060,T,A,0.0341421913717379,-99,1.69857513812569e-08
01,176521655,G,A,-0.0463822378654662,-99,1.95102011240024e-08
02,233131825,A,G,-0.0283474918685843,-99,2.75378245891995e-09
02,242189231,T,C,0.0260591108469983,-99,6.26296183952601e-08
