chrom,pos,major,minor,beta,p_value,gwas_p_value
08,41630405,G,A,0.12389439404399,0,0
06,41750351,C,T,-0.100171782282612,0,0
06,41921241,G,T,0.0880165892517934,3.58702131545007e-247,1.0921890090229e-304
06,41706629,T,C,0.121001616074182,1.02474290994049e-94,5.01617985279808e-21
06,139838419,A,C,0.0792192334728051,0,0
06,139842599,T,G,0.133733596516855,3.26889314863374e-97,1.41004263481904e-174
01,158638260,G,A,-0.29054138647536,5.68178291234704e-157,1.41757123346343e-192
01,158586966,A,T,0.12274594113366,1.27345744866335e-232,0
07,50427982,G,A,0.0873451811114017,0,2.56833093431524e-298
22,50971266,C,T,-0.0863918664461117,0,8.71734838555073e-261
04,55408875,A,T,0.0770087943167257,1.75350850229143e-289,5.79892898353722e-174
06,135424179,C,G,0.0732470808096115,4.60450063140868e-294,2.51676873941383e-168
20,55991637,A,G,0.0636175971290194,0,7.55131840614593e-160
06,26093141,G,A,0.124706303796179,1.61804674518813e-207,3.19497298437109e-149
06,26104632,G,T,0.0643876753730454,1.57183230993812e-114,7.1073993497068e-58
03,142312371,G,A,0.0593439893052755,0,9.42577165563418e-136
09,4853751,A,G,-0.0708702712426972,3.33092201484997e-200,5.5362160252677e-132
01,25600747,C,A,-0.0648711316342868,0,3.68931539896043e-117
01,25677605,G,A,-0.0504744376566586,2.43234114016548e-57,1.85512404160223e-09
22,37462936,G,A,-0.0545597511168634,8.49415726431129e-296,5.21024606472748e-116
17,42329004,C,A,-0.0589415677342182,2.30562293167188e-211,3.86757688459858e-114
18,43845880,C,CTT,0.0503569720292171,1.6581208975332e-259,4.33085271818756e-100
01,248039451,C,T,-0.0518909837303902,7.16108124778476e-191,7.73464003858639e-96
01,203281175,C,G,0.0468838569271164,1.64625551326693e-236,1.37349654211523e-87
10,71094504,T,C,0.0742483239018807,3.53752009911722e-107,3.71381248018781e-86
19,4454083,C,T,-0.050957632269545,1.00879831448495e-125,4.19481882787981e-82
19,4064057,T,C,-0.0437119533268819,1.25265299558216e-60,2.91793167635046e-47
14,65263003,G,C,0.0509326358721036,5.06587426379238e-147,1.47410348925409e-77
14,65249815,C,T,-0.0334738107512469,1.28122208819256e-23,2.85652238719244e-09
06,109633815,A,G,-0.0432784868045249,4.23515261314519e-209,3.60130443171047e-75
19,12999458,C,T,0.042420714346094,4.05320583305e-156,2.03991014952193e-69
02,8756183,C,T,-0.0425280722757933,3.41490204830647e-151,1.64237289217681e-68
19,17252974,T,C,0.0384934276434446,5.20678261097111e-91,3.12344036219476e-68
19,17252041,G,A,-0.0534700107383172,3.30466392769829e-45,2.07694047983343e-59
19,33754548,C,T,-0.0736292075845241,3.62943173427827e-77,8.05669677344629e-66
09,91392686,TTC,T,-0.0908170328523423,5.46608152414059e-73,1.79280776987054e-65
22,32881746,A,G,0.0408157918912104,5.62734049403119e-148,1.07510475145192e-64
17,44162056,T,A,-0.0460295272428404,3.44556218271152e-92,5.11677892143777e-59
02,112167931,T,C,0.0367240150286977,3.46132433944896e-61,5.18134126016007e-58
02,112145488,G,T,0.0381504119683767,1.08927562688457e-34,7.41512635415541e-41
02,112279333,A,AG,0.0328913792974786,1.26445325524935e-23,6.43862170841081e-27
12,112979034,AAT,A,0.0664164648034831,2.9850397632869e-68,7.01041238658841e-57
01,43429105,T,C,0.0444805655962933,1.55249255511255e-80,4.40014977397233e-53
02,60629438,TAC,T,0.0324167591376159,5.69534748796251e-52,2.84349369586152e-51
02,60723672,C,T,0.0183910215718983,1.40200735519168e-20,2.35443370042654e-26
04,146055117,T,C,-0.0532712795591532,8.30638917618246e-58,1.99258311999334e-50
04,146143199,G,GAA,0.0511614281449717,4.45462838508515e-19,7.52078750900151e-22
06,31326251,C,T,-0.0332036187645375,1.29172543785132e-56,4.47438151121115e-50
06,31506691,G,A,-0.0426966764881469,1.13614451493035e-43,3.72619821358396e-41
06,31082127,G,A,0.019510250137118,1.72938592269284e-23,8.20880877165908e-20
17,76124810,A,AG,-0.0433745910948502,4.21626037684229e-80,1.32535865410832e-49
17,76183233,C,T,0.11320317317578,2.69114470523093e-26,1.48427944760913e-23
02,24030829,AAT,A,-0.0467390103625961,1.9600269805695e-68,5.62930650718408e-49
12,121151062,CTCTCTTG,C,-0.0400978706737677,1.52311335041766e-109,6.21107839209902e-49
12,120878530,C,T,-0.0289275080470968,1.09924376326622e-48,5.74769288044019e-19
07,100226665,T,C,-0.0357170100216571,1.11049870625973e-102,1.6467596184938e-48
01,29352596,AAG,A,-0.0344050792113789,1.0359382220638e-141,2.71914280151073e-48
11,100456604,C,T,-0.0575221560875541,1.49237028007858e-57,1.54036670284814e-47
09,100746855,G,GCA,-0.0410453793732876,7.80546881181616e-73,3.32380341706975e-47
12,4330507,G,GA,0.0404278746713898,7.72644440480147e-68,9.21896857422476e-45
06,32662473,A,C,0.0338251030467524,1.5895974594987e-31,2.14893388138413e-43
06,32601930,T,C,-0.0230552690108491,2.28220633704586e-51,4.99906132123154e-41
16,621894,C,CT,-0.0311025539351949,6.07914610253255e-54,4.86974220248376e-42
11,19250164,A,C,0.0356054149974629,7.01906991361139e-74,5.92999410545372e-41
16,87886490,C,T,0.0369515484951551,1.31677411288087e-64,1.90680857983749e-40
01,3691528,A,G,-0.0374862966473625,1.6547053438828e-63,6.36304250072149e-40
04,122798413,T,C,0.0314735835592481,9.16606860301154e-88,8.32173360869633e-39
01,47691568,G,GCAGA,-0.0308380041379148,7.624071809455e-103,3.56715784780219e-38
03,20105673,G,A,0.0325815353042605,8.75058923691525e-70,1.55867269294247e-37
16,30103160,C,A,-0.0307067078312439,4.06817376414613e-85,2.23668563241526e-37
06,164478388,C,A,-0.0302205373508458,3.80363155965994e-96,2.86715223552191e-37
07,44872911,G,A,-0.0299312987687113,3.25213555597505e-106,3.6894217072576e-37
03,195830380,T,A,-0.0326667981252756,2.9212349474648e-49,4.25766502275475e-36
03,195918956,A,C,-0.0316788295405966,1.64376740286682e-23,2.66083990843181e-16
19,1056492,C,G,0.0388896531468467,2.53719131759774e-48,4.53447762117767e-36
19,783519,G,A,0.0221396742364881,1.18076458182388e-12,3.39693898743757e-10
11,9770910,C,T,0.0309022626987611,4.40267090121483e-73,5.50520314509477e-36
05,1282319,C,A,-0.0230528023006583,4.21195800250625e-19,1.15575725776231e-35
05,1104938,T,C,-0.02301800799607,5.52814872146365e-33,4.61475221462177e-21
05,1287194,A,G,-0.0207884898959072,8.19677024500919e-21,1.49366598411303e-29
09,79925531,T,TCAC,0.0365750501478447,1.35638765816198e-53,2.07258355507542e-35
01,20916238,G,A,0.0303409630775077,2.82502087134662e-64,1.50021663357861e-33
10,45388231,C,G,-0.0291804642624249,1.97567187341775e-79,3.11147320983966e-33
01,198552088,T,C,0.0936277101321202,1.5350657696716e-40,8.63531192945817e-32
01,198622081,A,G,0.0231404936392132,5.94576294382609e-27,1.44571192721963e-07
19,45411941,T,C,-0.034140019660058,1.24944806672661e-34,1.09063283489461e-31
19,45412079,C,T,0.0405355706824689,6.0038206486881e-24,1.43710942402534e-26
15,66067206,CT,C,-0.0312005804615087,4.61343605082823e-52,4.39561150625578e-31
11,116648917,C,G,-0.0403007332016834,3.08588531365644e-40,4.56855757603479e-31
09,135860412,G,A,-0.066439738432446,4.53754443830943e-28,7.11847963521877e-31
09,136139907,GAAACTGCC,G,0.0298845232502541,5.48012293643576e-37,2.01167372734512e-27
09,135858225,G,C,0.0179797559171827,2.36717761104739e-18,7.13085141360394e-16
17,19965972,A,G,0.026422707900668,9.03325143473855e-60,3.53571307958724e-30
17,20135672,G,A,-0.0424524641641022,8.55696442658107e-09,5.85775506266244e-11
20,30401406,A,AG,0.0325433845213893,2.82098508179866e-46,4.82012122114907e-30
01,23840570,C,T,0.026844899911634,4.51568094073405e-76,7.51447349673618e-30
08,19912370,G,A,0.0402328370965103,2.76100558238187e-34,3.4318598788151e-29
08,19793581,C,T,-0.0617851150648011,7.57687676335601e-13,4.56573740291898e-14
11,67246630,C,T,-0.0232035967827302,5.86217955002943e-42,4.1921893814753e-29
03,24334511,TTTTG,T,-0.0284034521118018,3.3371492345449e-56,6.05050919630287e-29
11,94886632,C,T,0.0269711733710375,6.25092483406854e-63,6.93338464533059e-29
01,172402127,C,G,0.0263413014426153,5.27555678027537e-81,7.96935107044201e-29
12,54685880,C,T,0.0550916459237471,4.23791535968304e-37,1.57583802176826e-28
12,54698408,G,A,0.0343266687112082,9.6711116171526e-22,5.37146065679253e-14
16,30987380,G,GT,0.0271271890669268,1.86315906668616e-59,1.73275835461984e-28
07,123430826,A,AT,-0.0486603129074259,3.35574906368261e-33,2.2125198404908e-28
08,21779937,C,G,0.0353102449464881,1.78794699709017e-38,3.75896127326964e-28
11,16363658,C,T,0.0447257986906485,7.82843147539111e-27,1.01136261984458e-27
11,16664123,T,C,0.0163253319244085,1.61805227492377e-23,8.83172771102396e-14
11,118971251,A,G,-0.0210452759595302,2.5512596523229e-26,5.35578673330369e-27
11,119120376,CTTTT,C,-0.0175085496185638,3.09898539465898e-09,1.11785958125772e-18
06,44203319,G,A,-0.0222807771630564,7.36757125553139e-23,5.75550934625756e-27
06,44185901,C,T,0.0157050307323688,1.00572994625484e-13,1.62884965684551e-20
10,3886904,A,G,-0.0476212885162738,5.66470684703007e-30,3.83528474752675e-26
10,3852710,A,C,0.0434174224593755,7.1632395013878e-08,9.04039435434719e-08
08,130624105,C,G,0.025898380009007,6.77434995234472e-42,1.20907899423027e-25
12,88836215,T,G,-0.0269296997122067,3.22084272683962e-46,1.28434723470607e-25
06,29919021,C,A,0.0238567753392614,4.03413682084535e-38,2.40715970454064e-25
06,29488393,C,CAA,0.0204382008996541,7.66214408634878e-15,1.70791846325554e-22
06,29582758,CAAAAAAAAAA,C,-0.0264518030411108,3.58145089026923e-13,4.66128267703658e-13
17,47857324,C,T,-0.0269234525340782,7.12955359001438e-45,6.70594761791884e-25
09,115914583,C,T,-0.092230770379662,1.01899960482289e-25,1.0966071512254e-24
06,31249267,G,C,-0.0449546530163614,5.98207810262261e-28,6.05099825492309e-40
06,31312538,G,A,0.0288267746106925,1.65396848443379e-50,4.84047728456872e-31
06,30335350,T,C,0.0347243859829312,1.07777124902549e-30,1.1622371462538e-20
11,61549458,A,G,-0.0251779704615812,3.21133615560403e-49,3.39054408145215e-24
02,174219135,G,A,0.0529611550103508,1.75371377701327e-26,8.24273853892719e-24
16,89771870,T,TA,0.0191521821241117,1.20418117330438e-36,2.62047851095929e-23
16,89707099,G,T,-0.0196116693690579,7.64280605121389e-12,3.20791714173877e-18
01,26890836,G,A,0.0275885453183503,1.79159589254885e-27,2.73423094697214e-23
01,26489487,GGC,G,-0.013843262353719,4.57922869247698e-13,2.46814154973441e-10
06,34238295,G,A,-0.0544133564496001,2.39902258137848e-25,3.73070907973219e-23
08,41576528,A,G,-0.047869182468873,5.96968273054647e-131,1.2471662026556e-40
12,53760162,A,G,-0.0319382860787755,2.56295065112016e-30,1.20060649944097e-22
11,33913568,T,C,0.0230578938572263,1.87142246158664e-62,1.74004684490947e-22
03,16929593,C,T,-0.0373774445672578,4.06366789945521e-20,2.03382849120754e-22
03,16970938,A,G,0.0209799123713079,3.00190890687393e-25,1.74091719704525e-17
03,16858562,A,G,0.097403984660933,1.48103291542855e-14,1.50408017433518e-13
03,141147414,T,C,-0.0199085995212288,1.06516866873095e-39,2.2529539707126e-22
03,141643004,G,A,0.0392870106949888,2.77852299608364e-09,4.87992277378437e-08
13,76079802,C,T,-0.038209644051802,4.99593278072556e-27,2.7556854865954e-22
01,225957206,C,T,-0.0346943148781709,3.12172160017417e-24,4.17951675588219e-22
01,225581516,T,G,0.0153462683221092,1.20062603152331e-08,1.44154457140603e-08
19,33073431,G,A,0.0171876577650402,2.59668941913256e-18,8.49838112671278e-22
19,33070644,T,TA,-0.0173171605632709,2.08733266454269e-19,1.63064177984084e-21
16,11439795,T,TTGG,0.0241352913547702,1.9610193090015e-41,8.52552766394409e-22
18,60920854,C,T,0.0645375148527966,8.26737616170377e-21,1.84679821775168e-21
18,60845884,T,C,0.0118610533357001,1.20997932657739e-12,1.04464137323949e-07
03,71256309,C,T,-0.0271487310041885,7.22352901984555e-33,2.08066337913621e-21
02,61616653,G,T,-0.0234128099101035,5.98711633713437e-42,3.11145285402353e-21
04,110865465,A,G,-0.022851762792762,7.7790494435686e-49,4.16112106223756e-21
15,56721875,A,G,-0.0223036000276309,3.91760163241877e-54,4.46556579170014e-21
12,21386493,A,C,-0.0301032023621403,6.93694126845544e-29,5.1850685039249e-21
13,41153585,A,G,-0.0234592482029497,1.17594220715702e-23,6.74120738655785e-21
13,41581666,C,A,0.0169295729509025,4.00781356126096e-12,1.63010212195785e-13
14,37623674,ATC,A,0.024095788426126,5.37750475912832e-37,8.72049561937956e-21
17,57506092,G,A,-0.0236138188843602,5.23659071248796e-19,3.17351478510013e-20
17,57114918,C,CAAAAAAAAAAAAAAAAAAAA,-0.0180157729391726,6.16537735018956e-22,4.76902357987856e-17
17,4901982,C,T,-0.0570176205454797,1.76781653581752e-21,4.62142462588463e-20
17,37406927,C,CTTT,-0.0258204648980535,1.12954308094545e-31,5.07257922620301e-20
06,90981085,TAA,T,0.0223374502414051,5.43701059320219e-46,5.84263581400958e-20
01,2996602,C,T,0.0256608735899736,7.79865512720816e-25,6.14525920789973e-20
01,3237415,T,A,0.0116329071016677,7.57628668288483e-10,3.7879313008837e-06
11,64004643,C,G,-0.0515705599192952,4.90347102806908e-22,6.25521271371167e-20
07,80312637,T,C,-0.0277313053149598,2.19341264150853e-17,1.06742262753848e-19
07,80225688,C,CAGT,0.0140921786607271,8.19710852640022e-17,7.33689444634531e-15
07,92273578,C,T,0.0293193462843476,2.52097230598898e-28,1.37304816627553e-19
06,121838999,C,A,-0.0255497281967192,7.73078163676818e-23,1.00650007908626e-18
06,122223823,C,CATT,-0.0178931936331877,6.79664338586373e-08,3.2395680516078e-08
16,67239386,T,TTTTG,0.0588295814600358,1.44181735744406e-32,2.02443177930553e-18
16,67677506,A,AAAT,-0.0383520121850817,3.41715582347224e-14,6.01683327923809e-09
16,66796922,G,A,-0.0703049179722151,2.60984302405701e-10,3.9686412212449e-08
08,145115465,C,T,0.0375784143798325,1.03120031652018e-19,2.76003246909225e-18
08,144653527,GC,G,-0.0159143581458953,5.79489014545622e-09,1.48469919044608e-07
08,30285091,C,G,0.0234841257530634,5.76682493090743e-30,3.50052636736937e-18
07,73022933,AAG,A,0.0305214726313393,3.20223501364769e-23,3.63118496978159e-18
20,44557474,T,C,0.026092494406418,1.3701380918391e-25,5.49107996428382e-18
03,12269266,C,T,-0.0207332016900483,1.08278081322079e-41,6.2303618713245e-18
02,241510903,G,A,-0.0295247283174241,6.94925874538297e-23,8.48566486874436e-18
03,176873927,T,A,-0.020563349445001,7.56554916796186e-43,8.5339712550788e-18
19,55698496,A,G,0.0300085918776358,8.9408027297304e-17,1.0214840025099e-17
19,55703237,C,CG,-0.017199994663401,1.03752024253418e-07,3.17767932423232e-09
19,55471936,A,ATTG,0.0119241148167006,1.83022846791077e-08,6.45287019868065e-06
05,156383422,G,A,0.0212956507330426,2.72858652572369e-34,1.12117018319202e-17
11,226757,T,A,0.0223998010679777,1.94258467813086e-39,1.24945532803985e-17
22,36774904,T,C,0.0209023479832073,8.29449426352563e-25,1.75737853225292e-17
22,36677914,A,G,-0.0173916602912496,2.0559976445976e-16,3.0883597003785e-12
06,25543913,T,G,0.0722911412934598,8.00365208876406e-93,2.32007857615085e-71
06,25497896,C,T,0.0689823527708926,2.71401412565528e-25,3.22545691424336e-19
01,211401505,AAAAGT,A,0.0285200177553908,1.12597117989755e-22,2.85828490269811e-17
17,56973310,C,CA,-0.0222630771550827,2.40121701329432e-37,3.04834850596346e-17
11,66662731,G,A,0.0127799968294736,1.47067085242443e-12,5.34008393757271e-10
01,230307182,C,T,-0.0215200409508242,3.51357269457776e-26,3.50746179745917e-17
01,229827300,T,G,0.0124584391324276,2.8104068258578e-09,3.25029992321053e-06
14,105759840,T,C,-0.0218270967772445,1.83486639101536e-30,3.86724657481752e-17
12,10581040,A,C,0.029903687489659,2.74139618932896e-21,7.23933357478548e-17
04,39294235,A,ATTAT,0.0198168003507638,1.31791506952089e-28,8.2093839983362e-17
04,38953361,C,T,0.0125623886121938,2.82045880421865e-10,1.18412667225261e-07
04,87968798,A,T,-0.0242584716519371,2.37955487288493e-24,9.07371366357788e-17
02,111807677,G,A,-0.0178508016742436,2.9308103757763e-17,2.90585096472784e-20
02,111906928,A,T,0.0564228052020244,1.58399102803959e-13,5.47919111052674e-13
02,111612050,T,TTCCC,0.0179079632105676,7.83288603354429e-22,1.16785184195686e-16
12,48409054,C,A,0.0196351490293584,8.43556851942013e-44,1.23666764596849e-16
10,101271982,C,A,0.0201544063305329,2.10338153637158e-29,1.37551316290265e-16
10,101262330,A,AT,-0.0145830984723522,1.11738315232384e-06,5.09908609624719e-06
16,28513129,T,C,0.020733264436712,3.74929942110509e-33,1.44809337692619e-16
10,50286522,GAC,G,-0.0236359888452637,2.94078467582878e-25,1.53711147833067e-16
03,50034637,T,G,0.028060266301315,1.03696513632352e-18,3.31106345424173e-16
03,49820445,C,T,-0.0352296780869785,8.5068322665345e-08,1.01145576025315e-08
03,196519878,C,T,0.0200283707186036,1.2507344637894e-27,4.17058786973944e-16
06,113386271,AT,A,-0.0199515812315225,2.06759424526065e-34,4.56061095273542e-16
22,21983260,A,G,-0.0246318996200684,1.37238903129628e-22,5.33005133198807e-16
02,43451957,G,A,0.036507176156992,2.38345485068805e-18,9.915858106689e-16
08,46945698,T,TTTA,-0.0201238065393216,7.24038015210591e-22,1.04189487146893e-15
08,47261703,C,G,0.04930631342175,3.99113807850586e-08,3.35582544756954e-09
08,47011693,C,T,0.0550990801691254,5.70249391914098e-08,5.81185559065826e-09
02,27730940,C,T,-0.0193239249821969,4.97553441587137e-34,1.75539674877956e-15
14,101176769,G,A,0.021113619429093,2.69077768577683e-17,1.82583430859339e-15
14,100875777,C,A,0.0111430630323459,1.40048702411941e-11,4.32878030044888e-07
20,3742066,T,C,0.0388747981396571,1.5455166469265e-26,2.35499362390227e-15
20,3780857,T,TGGACTGGAGACCTGGTGCTAG,0.019731196261012,1.20881223011669e-31,1.0718179067432e-08
12,57146069,T,G,0.0305059921832052,1.92730156154726e-18,2.89254510195184e-15
17,7571752,T,G,-0.0877131070949616,3.26931778069784e-16,3.32711959611356e-15
17,7780709,G,T,-0.0187325847521191,4.13241368803081e-09,1.10667868575709e-06
04,57719766,A,C,-0.0184508867266708,8.00248141395774e-42,6.39318661476112e-15
20,52230030,TAGATAGCG,T,0.0664205138713932,1.15310781378484e-11,6.77253318847644e-15
20,52210626,A,G,0.0135102869843149,3.72951729494369e-10,1.54354685561553e-10
20,52549910,C,CT,0.0122015160689851,3.82609463368444e-11,2.08581328086912e-07
16,89105007,G,A,0.0372992563705848,2.24272444468044e-14,7.22739162203309e-15
16,89562001,A,AT,-0.0176073188544056,5.02341254056507e-17,2.13286765703406e-13
22,30591169,G,A,-0.0187109445991068,5.66398166835496e-26,9.02980479082648e-15
22,30920120,C,A,-0.0526372239981443,3.34235950597422e-10,8.22704505568576e-10
22,31069614,T,A,0.01403594983188,1.28763817088837e-08,8.10479633567681e-08
11,5311063,A,T,0.0185286190625115,2.53068767630811e-34,9.18333923721919e-15
03,185522780,CA,C,-0.020704562163679,6.6585466242295e-25,9.63993456628062e-15
06,131273949,C,CA,-0.0197063385418176,8.09492348239759e-15,1.13090027891967e-14
06,131217058,A,C,-0.0506576834393335,2.83393321392986e-06,2.49479028763581e-10
09,21980944,T,C,-0.019479753160408,1.19303763303934e-20,1.42433323338708e-14
09,22142756,T,C,-0.018089922458839,8.41625382845755e-10,3.52420598453835e-09
11,108055198,C,CAA,-0.0187879243769638,8.23962988590339e-33,1.6391491419832e-14
15,78552232,CA,C,0.0177504516146737,1.01933670159336e-26,1.63997009417182e-14
15,78724256,G,A,-0.013847368439687,4.41669881633106e-08,1.89810853984781e-07
06,111503536,T,C,0.0265761587988353,1.20975471470104e-18,1.70144295758179e-14
03,142024351,C,A,0.0562402733414283,1.64863822704672e-204,2.29116626449737e-115
03,141664047,G,T,-0.0229170845290046,2.45740366488878e-22,9.28157259970967e-12
16,426007,G,A,-0.0264233713283501,5.16279236568198e-12,1.55671633675443e-20
09,110531385,A,G,0.0181113161943491,2.94791334451747e-21,2.60089489848452e-14
09,110913154,G,T,-0.0173883645596909,2.59617450961443e-11,3.47227344595231e-10
09,110118754,T,G,-0.0310463196925227,2.29922746899148e-06,3.30686964305868e-06
16,88566053,G,A,-0.0460871172932765,1.22388945511065e-14,2.72029058875599e-14
16,89057213,G,A,0.0413967880795372,1.28543205816264e-15,1.3191321023389e-12
10,46021500,CACTA,C,0.0313582561781689,2.01530941564482e-12,3.05294596993181e-14
10,45739131,C,T,-0.0165307834360874,2.48575112504657e-15,7.28567434348086e-11
10,45640721,G,A,-0.03371768532806,4.77620658599637e-07,8.48879894982384e-06
15,36870255,T,C,-0.0184295576645003,3.80751326781024e-30,3.91322890513959e-14
06,15142723,T,C,-0.0178261232728805,6.9979865831923e-38,4.67483286247334e-14
10,24858390,A,G,-0.0206242239950918,4.64241771029129e-22,7.30532800373911e-14
02,236365350,G,A,0.0183825926424275,9.80036829940325e-29,7.98312197569239e-14
07,98611365,C,T,-0.0482821775503909,1.14239145137851e-12,8.23030977803678e-14
07,98900790,A,G,0.0411174337723861,5.10186645406508e-12,4.72888283124447e-10
07,98486668,C,CT,-0.0208231888355069,5.1963418746018e-13,3.21696134982861e-09
01,229784725,C,T,-0.0177235128314721,1.09198244953168e-31,8.98735941038635e-14
01,230282707,C,T,-0.0182541744894441,8.56340113872927e-10,1.80117522570975e-08
X,65236289,T,C,-0.0241654574209561,1.05255954876659e-15,9.4580634465181e-14
04,146016257,T,C,-0.0534385755631725,2.68279975274497e-52,2.50458208319431e-46
04,145974892,T,G,0.047882554821316,1.27950750989493e-18,9.37057604365497e-22
04,145128105,G,A,-0.0365862780133118,6.67275704649202e-10,3.7003063660804e-09
01,11881141,C,A,-0.023359672609173,2.29494686343457e-15,1.34294496817516e-13
01,11868284,T,TTGTG,-0.01237659913134,6.26426636321664e-10,6.98491810203403e-07
14,102992147,C,CTCTT,0.0179283386565749,9.95736839009511e-35,1.57128591173746e-13
20,42939426,G,T,-0.0189159502703959,9.09351100938869e-13,1.68359566891748e-13
20,42839404,A,C,0.0196217574983806,3.4291124452194e-09,4.5526278556834e-12
20,42652933,G,A,-0.0126053668222067,1.48324767705723e-09,8.78207974004277e-08
08,41848660,T,C,0.0831873387614656,1.1795096554171e-21,2.18817198963612e-20
08,41754222,C,T,-0.10993643473048,3.12367868480579e-18,4.45739217260457e-19
08,41817704,G,C,0.0584284452825667,4.73652601270323e-18,9.71160085298827e-17
20,8603950,C,G,0.0172928413398862,1.73040258470592e-36,2.32364377742857e-13
07,100198386,C,T,-0.0283109083742145,7.07343076739666e-29,1.08006581152733e-19
07,100119647,GA,G,0.0212714130104858,3.88403732724528e-13,4.25275284833596e-06
07,99208922,C,T,0.0356949438062184,2.57156821160583e-09,2.77049563027559e-09
01,158349643,C,T,0.103197128444001,1.96111369659186e-39,7.13943335259147e-34
01,158277268,G,T,0.0899829799771317,2.3701828600862e-36,1.080048923922e-30
01,158352087,G,A,0.0870379116918805,2.67112276334907e-36,1.7015470608746e-30
07,21412762,T,G,-0.020807962464698,6.07577956070783e-20,3.40703244026869e-13
17,1958609,C,T,0.0182961404709909,1.11265938317611e-22,3.69416991845979e-13
17,2333336,A,G,-0.0218552611997418,2.7752228001661e-07,6.02191599587125e-09
19,1992518,C,A,-0.0366297133877483,1.38408276536208e-15,3.82909746433756e-13
19,1793636,G,A,-0.0469065439360222,8.39445735100275e-10,3.22851834205968e-09
11,4128486,G,A,-0.0175069210062727,1.03641847358714e-28,4.50782634377515e-13
12,122483836,A,C,0.0151311703719551,7.05176799633031e-17,4.63953406212434e-13
12,122245350,T,TA,0.0140759385363776,2.58469384189077e-07,2.16706888167686e-08
X,123206754,CTT,C,-0.0172816221406988,8.05785208156671e-19,5.47420180942516e-13
03,48638801,C,T,0.0519022922360492,1.169469217105e-14,6.59555176979197e-13
03,48837182,C,T,0.0161030719658816,2.6410548758413e-13,1.75504820849699e-08
03,48616291,G,A,-0.0378243236751171,6.09643500920499e-08,1.85951033342263e-09
03,122140616,G,A,-0.0229338047900204,3.9181329615506e-17,8.35111426985109e-13
02,11492540,G,A,0.0168054685736375,1.66579648501676e-34,9.37668268981131e-13
02,182312272,A,C,-0.0158074153466478,2.36186963346995e-19,1.01004229801593e-12
02,181930057,G,A,0.0128456893325588,7.30669222451347e-09,2.33646381003842e-08
05,88040021,CA,C,0.0187441224591686,5.17349788236702e-16,1.03367523566317e-12
05,88180196,T,C,-0.0233189749238724,9.40010917697775e-07,4.331679928368e-08
02,204099222,G,A,0.0170049824326581,6.7270357871863e-29,1.08915895260106e-12
02,70403407,T,C,0.01632952013272,9.10502893354445e-15,1.13067347536338e-12
02,70324572,CA,C,-0.0170529669947344,3.55625823825055e-08,6.55224237802434e-10
06,140822904,CACTT,C,0.0356942730392872,1.78509904816508e-13,1.39289191068788e-12
06,140350893,A,G,-0.0664280439050072,2.14080953268158e-08,1.25252841944616e-08
01,212370745,C,T,-0.0174135029079148,7.12908031200413e-26,1.42650246066014e-12
04,15705039,T,G,-0.016721913551615,2.79314214582625e-32,1.63065875642805e-12
16,67046033,G,A,0.0552367154861014,2.32779218253295e-29,1.39625399309619e-17
16,67030843,C,T,-0.108809343388029,1.54335569127927e-17,8.45893636765519e-07
16,66420885,T,C,-0.0117981141796104,2.60412516431251e-16,2.27143218833772e-09
15,86217550,C,A,-0.0176247731955146,6.66293948239265e-16,1.70584238694814e-12
15,86262256,G,A,0.0255656117701024,1.17112568993136e-07,3.61858960264759e-09
04,100939913,C,CAAT,-0.0181006891940458,8.71036706700927e-20,2.21990807142465e-12
04,101117523,T,C,0.0201962055009221,1.24148274274419e-09,1.27780082081234e-08
17,29262773,T,C,0.0235279243959751,2.91576140355722e-16,2.41195539702998e-12
01,11171540,GA,G,0.0187922281818555,1.32372368354716e-21,3.39795971541139e-12
11,65086603,A,ATT,0.0236535477932529,7.22314569911846e-14,3.42306256680202e-12
11,64832939,C,T,-0.0153243533541897,5.38046621938923e-16,4.50586445869278e-07
11,65240979,TAA,T,-0.0367160248652094,4.39571343411725e-09,6.29372006758037e-08
21,46269526,G,A,0.0229243947044545,6.12652723438246e-16,3.48826359864148e-12
05,67624545,G,A,0.0169525435844093,4.82642611416321e-12,4.03886492070292e-12
05,67698942,T,C,0.0150083102991564,2.31688691466055e-07,2.05998542655092e-08
05,68093393,C,T,0.011422550649204,9.33149129395261e-10,3.81472720996122e-06
01,62902874,G,A,0.0168611524253011,6.46956860066867e-26,4.09207493233016e-12
02,227291731,C,G,0.0202334014930072,1.63666967937556e-13,4.13967328132745e-12
02,227088577,A,C,-0.0138190211432394,3.1734297431904e-19,1.47433535232546e-09
02,71614443,G,A,-0.0172504518818904,3.67793763197346e-23,4.42339032305883e-12
09,33806026,CA,C,-0.016885724334153,1.45331471875217e-24,5.07356359072625e-12
10,103039390,A,G,-0.0161118259407888,1.95280190456213e-18,5.97152015165474e-12
10,102893840,G,A,0.0173596542800302,2.77110542445778e-09,7.2567204998829e-09
09,99288038,TG,T,-0.0408291765147944,4.88946889488822e-13,6.16077747231562e-12
02,64887382,T,C,0.0184297583126213,1.37326580190391e-19,6.49875610556319e-12
03,38207038,T,TGGGGCTGGGGTGGAGGGCGGGACAGA,-0.0475496651567185,1.03018039676073e-12,7.67536650023609e-12
X,56759371,G,T,0.0160667251080976,9.08180681737673e-16,9.45882252414422e-12
05,157192202,A,T,-0.0170715427334945,2.15701505764273e-23,9.91921464572165e-12
10,103885557,T,C,0.0147453994667617,2.01869684012546e-23,1.02465734310212e-11
10,104214878,T,G,-0.0214211322497586,2.65769097512128e-06,1.46784297315741e-07
10,17247052,A,AC,-0.0161324706447382,2.65162852613878e-30,1.09245763314591e-11
14,70192364,C,CAA,-0.0224386721427435,1.20632662581284e-13,1.12615293290621e-11
14,70094655,CT,C,0.0151325208232558,1.5408113417409e-09,1.08084465418745e-07
06,36550277,C,CAA,-0.0192875023372968,2.69161161297489e-14,1.20814704253184e-11
06,36098410,C,A,-0.011852027111511,9.03655071703704e-10,9.03793349574689e-07
17,71215806,GA,G,-0.0160626153171855,3.68719559783975e-29,1.22232805571666e-11
07,135347107,C,G,0.0237966844746204,1.45083891151478e-12,1.27860750194591e-11
07,135438192,CG,C,0.0137500465534593,3.23637820447549e-14,1.51407845196525e-08
11,111644824,A,C,-0.016963868709059,1.14661214435909e-21,1.34711628972346e-11
10,80805751,G,A,0.0189384709121247,1.65324059355758e-14,1.61935206440508e-11
10,81189590,T,C,0.0118622778777216,5.50422057311757e-11,6.6997391917173e-07
21,35125373,A,T,-0.0168296709823281,1.46119078787798e-22,1.6421670423594e-11
11,127959131,G,T,-0.0168721937347357,3.03331352288683e-21,1.68709383575967e-11
01,115043985,G,GT,0.0182871189089577,3.59079221547362e-18,1.7400214074693e-11
19,18415743,AAACC,A,-0.0338889771736297,8.84963740451536e-13,1.82718828211392e-11
14,68461832,T,C,-0.0208645314369632,1.24509777746839e-15,1.90991700218533e-11
09,127196394,TA,T,-0.0170068913789706,1.83891533032826e-21,2.09696534050694e-11
20,38563245,A,G,0.0160806311031425,4.59945493000043e-25,2.20772493375551e-11
17,45811354,C,G,0.0226068149063133,3.74396393369235e-07,2.32005138039207e-11
17,45312813,C,T,-0.0134178600329701,1.11875137007347e-09,1.53808528573398e-08
17,46063252,G,A,0.0139151284961526,2.64921944146166e-07,3.99165768356861e-09
19,10641124,G,C,0.0132115963019008,1.47767807740232e-17,2.99563009391715e-11
19,10940097,G,A,0.0514701046352184,1.44734530557385e-06,4.05692648569293e-08
19,10782509,G,A,-0.0346875855852672,7.45813946174322e-07,1.57925611853788e-08
10,105682345,C,A,-0.0217154796484966,5.73176615431864e-15,3.14377095982169e-11
12,12881055,A,G,0.0172500671908267,2.00328342196933e-18,3.16417061593214e-11
12,13122068,A,T,-0.0297509808536295,8.83152046574974e-07,1.40581273950504e-06
13,109422126,A,C,-0.016262727547894,3.90310809496601e-22,3.27404834534798e-11
16,84582965,C,T,0.0188523770556128,6.43855128236036e-17,3.4220894835401e-11
06,32913246,C,T,0.0369202151290173,4.39552197343034e-26,4.41029010840728e-29
06,32789400,A,G,-0.0577303147980674,3.30793996950966e-12,2.51746734859776e-11
06,32797115,T,G,-0.016788289155521,5.37137504077815e-18,1.11399501763519e-14
16,50147876,A,ATT,0.0183428952214146,2.69728698558075e-17,3.65883373448711e-11
08,108399967,G,A,0.015797880850739,8.03959246894561e-25,3.70221075770044e-11
02,160135241,G,A,0.0163784659807396,8.72295895558225e-29,3.74724992824947e-11
17,27199481,CT,C,0.0157503327935569,2.00205363325967e-27,3.87310454881757e-11
06,6923834,T,C,0.0196973958073436,9.17565520462034e-16,3.90058784171888e-11
02,197060126,T,C,-0.0232866267239151,4.26381931827036e-14,3.92551050616118e-11
X,109707641,A,T,0.0131543650281086,1.36685864581555e-19,4.34477010207335e-11
15,75349961,A,G,-0.0204065938965098,1.3253025870836e-15,4.3508843226595e-11
17,17159153,A,AAAAT,0.0217564291082238,2.39370471624328e-13,4.77965942421223e-11
17,16759197,C,T,0.0123521063909972,6.2774673562971e-10,1.91560210158617e-06
17,17543076,CAAAAA,C,-0.0147573917624244,5.91724874275416e-08,3.15207625661192e-06
01,205240141,G,T,0.0159983561031726,1.52081709038005e-23,5.134346136482e-11
16,67433293,C,T,0.0948234756842746,9.5032543269796e-22,5.74431083900518e-16
16,67977382,T,C,-0.0292512977389906,1.99576511950931e-24,2.25301204287699e-10
16,67391632,T,A,0.0506360653645188,4.25365416485733e-13,1.28973646298192e-07
08,141876709,C,T,0.0259384852217949,4.88547460567484e-13,5.71470681621254e-11
15,41000508,C,T,0.0211475975103444,1.59946741775359e-14,6.35813772886542e-11
12,2995821,CAA,C,-0.014324300547646,9.78935480339981e-14,6.83312765988639e-11
12,2973547,G,T,-0.0412243100758095,2.5200015448398e-06,2.44244685577659e-09
04,154387149,C,CA,0.0290372200070263,1.29531969953525e-12,6.91243109603477e-11
04,154557616,C,T,-0.0487263289459087,1.64424880467387e-06,4.74236871271859e-08
04,154510843,G,A,-0.0119277916243733,1.13456240483218e-09,9.34869063206243e-07
22,31634100,C,CA,0.0246022931375197,7.32389221459862e-13,7.02774157181946e-11
22,31877171,CAG,C,-0.0207147055611609,2.14213150073618e-08,1.85042990047134e-07
02,68615866,G,GA,-0.0155348943494383,9.74790160618445e-25,7.67132949707928e-11
03,124861189,G,C,-0.0154187248640285,1.06851396192899e-21,8.25796849396924e-11
03,124435110,T,C,-0.0144970778245826,2.77599194379764e-08,4.99169657230573e-07
20,62711459,C,T,0.0164389840714977,2.23138176795228e-26,8.29379953203906e-11
20,62539255,C,A,0.0156261936671266,1.32230895628168e-09,6.98879509696919e-07
20,62321128,G,A,0.0413677138324792,3.10591377163406e-07,1.08411221671173e-07
17,43490853,G,A,-0.0400444638826168,4.19893880535003e-55,6.1877722255334e-34
17,43398618,G,A,-0.0487856527444054,1.10242403059835e-20,1.01422393792087e-16
17,42622887,T,C,-0.0311153708039017,2.11029776895244e-11,1.26009209827403e-12
06,107437166,C,T,-0.016337845983863,8.99892136622379e-20,9.23598264173204e-11
14,65250828,C,T,-0.0860821010177137,8.40659974557286e-61,3.03383714703369e-32
14,65250290,C,T,0.0330598158717608,1.41809581365143e-52,1.68342841027661e-18
14,65095844,T,C,-0.0166754518269222,4.99856691213417e-23,9.59506060381387e-08
12,125303274,C,CT,-0.0225487447426876,2.32901258825447e-12,9.93437498147639e-11
17,40846131,C,A,-0.0112241925376098,1.56455062075983e-11,1.00120439068007e-10
17,41240277,T,C,-0.0175418074628907,8.86448121558674e-08,2.8699801888083e-10
17,40377168,G,A,0.0198886908101163,2.76631314996104e-07,1.06709034176031e-09
01,198658539,T,C,0.0904881825785311,9.94601515111413e-37,1.38002677023322e-28
01,198634209,A,C,0.0231022172136198,9.59182736211521e-27,1.721134599302e-07
10,115790005,T,C,0.0152271123741978,1.48510482837461e-27,1.10650075092921e-10
02,160684717,T,TATTTTATATAA,0.0152046005883186,7.35817175395961e-15,1.11129382066787e-10
02,160187370,A,T,-0.0125602286093122,5.77996425038709e-11,7.53706802246327e-06
18,660441,GA,G,0.0216016523812388,2.84330026381794e-14,1.29993639711402e-10
07,99676346,C,T,-0.0204573349504723,3.15348168344454e-16,4.93503791806128e-13
07,98703938,C,T,-0.0375145561477382,6.09047538013968e-11,2.09533270992397e-10
07,99184400,T,G,0.0309221467603129,2.42066627535085e-09,1.34538782776131e-10
14,96003198,G,A,0.0175336966415937,1.08947304213067e-16,1.61111826149503e-10
03,178750604,G,A,-0.0185245222505565,1.32231973543313e-19,1.74610886163742e-10
03,178865923,G,A,-0.0409178189344212,1.41555643535339e-07,7.33021946475848e-06
12,124409502,G,A,0.0155443625463634,3.98845452923879e-13,1.97200767855279e-10
05,158333692,C,T,-0.0157405056149741,3.07619531284067e-20,1.98322058075968e-10
17,40274200,G,A,0.0178309362823272,1.08949577637948e-15,1.98909296165038e-10
09,91518593,AC,A,-0.0776461719813431,3.13970032132976e-55,1.71454282535727e-52
09,92017733,G,A,0.0153118960367045,1.76893599591194e-14,2.01179355739296e-10
03,123110581,C,G,-0.0181373465656569,8.12734196934028e-16,2.02189839161234e-10
17,59798628,C,CT,0.0169886644289642,3.59383616315474e-21,2.09029872941157e-10
17,42197281,G,A,-0.0331859342714301,9.46441869310408e-57,5.31176443583862e-39
17,42201478,T,C,0.0271991412698608,5.35665366561065e-14,1.74348722506342e-20
17,42194365,G,A,-0.0599714710900764,1.86589406520173e-10,1.68480931147261e-08
04,145469881,A,G,-0.0701991888552651,1.84637959817723e-10,2.09592289708809e-10
04,145026126,C,T,-0.0404733766045259,9.687021108916e-11,2.30288116057747e-10
04,145520881,A,G,-0.0662790701942105,5.69167857344802e-09,2.04800774307299e-08
11,67382429,C,T,-0.0473681288834415,1.41090225573543e-19,2.39833227075288e-16
11,67901177,G,A,0.0178132700235985,1.0270295872732e-10,3.69442347733654e-10
11,67406829,T,C,-0.0160400376005294,8.86508942070566e-11,3.67473963229916e-06
04,103485780,G,A,0.0156713373958306,5.68128812447818e-20,2.38972206085543e-10
06,141449580,C,T,0.071409877999033,3.31935377337407e-10,3.83435320302154e-10
06,141233206,T,C,-0.0636358320059858,1.2586993395742e-08,1.39366356008477e-08
16,16038160,G,C,0.0218651126512126,7.57268330431673e-11,3.95384511342105e-10
16,16142079,G,T,-0.0527295378847685,1.61909628929241e-07,2.30652965220212e-06
16,16133410,G,A,-0.0161035747896107,7.01556442926585e-09,5.39314293376801e-08
09,7050341,A,C,0.0151022501925577,5.64352621894667e-21,4.02850718475531e-10
X,11283825,G,A,-0.0187642292621662,7.91165653880004e-12,4.42389638470697e-10
12,27032340,C,G,-0.0150393037368342,4.3318735219181e-22,4.65338589653559e-10
02,43825299,G,C,0.0288045907916062,1.05851377720512e-14,7.08234328792308e-13
02,44096139,A,G,0.0164735178616753,1.0928226195228e-15,4.95255176028057e-10
15,42729286,T,A,0.0176087944433037,5.84468828046504e-15,5.02874878118714e-10
02,152409809,A,C,0.0150008972839841,6.01004582473221e-21,5.31547184140746e-10
03,169476991,CAA,C,0.0169859244261857,1.07965961908065e-15,5.34047432241851e-10
20,47440220,C,G,-0.0154416496308088,6.37849287682603e-19,5.63712581024813e-10
02,174857753,G,C,-0.0241104824552904,5.19360319224109e-12,5.64217793538398e-10
20,49087012,G,A,-0.0149124018683756,1.63910609612626e-21,5.69269634166174e-10
01,213937382,A,G,-0.0145336917931368,1.00540294037076e-14,5.89890658247276e-10
01,214156165,G,A,0.0120306957956737,1.32077330012274e-09,3.09423741611707e-07
02,231742711,T,G,-0.0176558305362224,8.73344430289215e-15,6.77687954298128e-10
19,4490904,G,C,-0.0293124996420948,1.84940895011835e-17,1.81405029534574e-15
19,4980864,C,T,0.0152032228702696,1.50507539993832e-17,6.89110236027022e-10
17,1312461,C,T,0.0155846724716563,6.40900255162312e-13,7.02682544980135e-10
17,1592555,A,G,-0.0122997335275431,4.89128300115295e-09,3.27991906296937e-06
01,63975859,C,CA,-0.0157084973140284,1.44237026579502e-17,7.05835914197315e-10
11,2327237,AGT,A,0.0224576160633378,2.73813370464885e-12,8.36578502636474e-10
05,72236768,C,T,-0.0202617162747392,8.68482642588711e-13,8.42932440103073e-10
04,1748200,G,A,-0.0173423535740323,1.23608685788191e-14,8.95862848086051e-10
01,25851977,A,G,-0.0433916376025731,8.09718888787974e-140,5.65659529302864e-61
01,26839668,A,G,0.0276584420452528,7.48130577875839e-26,7.58779788198989e-23
01,25877492,C,T,0.0592362319577916,9.29937390721542e-20,6.09456591934807e-08
18,41972228,C,T,-0.0213987068439081,2.26511100982636e-12,9.28725834800864e-10
08,86253982,T,C,0.0147246653904593,1.27795100337889e-21,1.06496910892376e-09
19,8429323,G,A,0.0522458468770809,3.0367172716494e-10,1.07836307258065e-09
19,8452373,GA,G,0.0346457476183103,4.75673927949875e-07,2.1328102144786e-06
22,24613952,G,A,0.020295400842825,1.22590261379065e-12,1.08122857684394e-09
19,19475088,A,G,0.0150741930020552,1.7304962484792e-18,1.09984110627135e-09
17,78074670,TAGGC,T,-0.0147368109506011,5.39932297690829e-20,1.13840840446205e-09
01,29200283,GCTCT,G,-0.0275045640354984,3.8826811878888e-80,8.38758685939229e-38
01,29166578,G,A,0.0169828411859489,2.43108532466289e-08,2.45454995541998e-16
22,28181399,T,C,-0.01477553295237,1.74495512693026e-23,1.2612038449293e-09
02,10182818,AG,A,-0.0145817649150663,1.49421919842554e-22,1.40390512844242e-09
19,54793360,C,T,-0.0170842309979763,1.48984440292352e-14,1.44688189984419e-09
05,10680997,G,A,0.0250763693388478,3.65059215467637e-11,1.45705019337869e-09
07,43622806,T,C,-0.0145815343530061,8.11342363153951e-20,1.59839928498418e-09
01,154395212,C,A,0.0142586199180033,3.12758687423248e-17,1.67662704536511e-09
01,154258549,C,T,-0.0146501773937036,1.26504285253925e-09,3.15793046586794e-08
02,100764125,T,C,0.0147611545827213,2.16507452912398e-18,1.74503723689383e-09
21,45079245,C,T,0.0144677509367192,2.01264569628347e-20,1.80281723661615e-09
12,111766316,T,C,0.0332756001669802,1.00889471255313e-16,1.46864548779494e-20
12,111826477,AAATT,A,-0.0172956036765208,1.65192653522267e-33,6.28371292178922e-19
01,77948442,C,T,0.0180977048501679,3.55633474944748e-13,2.01852216105761e-09
22,50963357,C,G,-0.0860290216290929,2.15216993390764e-276,7.39932369592553e-219
22,50967912,C,T,-0.0721819355901148,1.54180263084349e-15,1.16295934344099e-51
22,50960682,C,T,0.0308603228448444,1.35865466158698e-15,1.98908828515129e-22
14,23497355,A,AAAAC,-0.0159086987877066,8.23387447998036e-16,2.34702828849726e-09
06,2776995,A,G,-0.0136209872149509,6.25472838723632e-12,2.38001389468877e-09
06,2879441,G,C,-0.0111367408137181,2.43834813930579e-09,4.85590816730869e-07
08,101484612,G,C,-0.0141828187021657,1.97184273647774e-23,2.70090041300032e-09
07,32984397,CAAAA,C,-0.01400876624634,8.78615745301367e-24,2.76286116824401e-09
01,158892663,T,C,-0.099066220087428,1.80701705703135e-22,9.80813300244109e-23
01,158875909,G,A,0.0649448443235371,2.48408859450527e-13,4.66111948667246e-13
01,158857229,G,T,0.0877459127429199,4.97743431066188e-12,8.38300004935939e-12
12,7137325,A,G,-0.0245585900060533,3.74718165799556e-09,2.79023057693777e-09
13,52495390,C,T,-0.0387569167565376,7.27331928393056e-10,2.89605220359541e-09
01,120257576,G,A,0.0149379091526213,1.33054169551697e-16,2.94483381277007e-09
09,35014433,C,CT,0.0182311937855855,1.00502741636464e-13,3.01208722610736e-09
X,73868711,CT,C,-0.0153946374919199,4.68821098271287e-12,3.17237743614672e-09
07,56080426,G,C,0.0140323649109931,7.99779156083332e-22,3.21921912362016e-09
05,55861464,C,T,-0.0193126704286066,7.85904365318499e-13,3.22495277031822e-09
05,55804552,C,A,0.014630625349671,2.02646877206918e-09,4.17161282148853e-06
18,3652507,A,AT,0.0164009618809703,3.16141893232785e-14,3.33079031085224e-09
01,37944506,G,A,0.0148319054397892,8.69912522764475e-18,3.37619230833995e-09
16,81068748,T,C,-0.0210268683559084,1.87719729836444e-11,3.38429747901348e-09
20,31248691,T,TA,0.0148956922662535,4.41431994989655e-20,3.39840904794656e-09
20,31107399,C,G,-0.0140407596355868,9.80481796552768e-08,8.27588458715031e-06
03,49898318,C,G,0.0180556416078472,3.02424112963187e-14,4.21561491123575e-12
03,49200137,G,T,-0.019725078701782,1.38600580583015e-11,9.28146223725029e-09
03,49048054,C,T,-0.0423861018177905,2.98114124775671e-09,3.74401338449024e-09
20,42830043,G,A,0.0207638431901937,2.3306536479339e-09,2.27423548637853e-09
20,42331457,A,G,0.0258598520193549,1.51528792645687e-09,3.47276999047763e-09
20,42654347,C,T,-0.0126425306734251,7.55167099712139e-10,1.19471378202773e-07
05,111061883,A,G,0.0260044475829505,1.74577270524464e-10,3.58808330961723e-09
03,46414943,TACAGTCAGTATCAATTCTGGAAGAATTTCCAG,T,-0.0258106457747594,4.97827621336501e-11,4.17896598889741e-09
10,51551173,T,C,-0.0204718555282234,1.36024753260035e-10,4.32942115174065e-09
10,51070132,C,CGT,-0.0123362067949614,1.38048913790787e-09,3.4244969513314e-06
11,116701535,C,T,-0.0193327957496291,2.61800753395899e-17,2.25090370082728e-17
11,116998879,C,T,-0.0410716270182274,1.62526044381293e-08,1.99857833639669e-14
11,32428174,A,AT,-0.0158122189215532,3.05223838722257e-14,5.54897123430131e-09
04,105806108,A,T,-0.038438184323612,1.44843487315468e-09,6.0445474139541e-09
15,60904860,G,GTTTTTTTTTT,0.0257072356017319,1.19258875818253e-10,6.20161823556693e-09
17,80516236,G,A,-0.0258730566768044,3.49655119727132e-10,6.74520946791885e-09
08,123840587,G,A,0.0332469154039736,8.36678540394201e-10,7.66439672390566e-09
08,123981872,G,A,-0.0213100436329206,1.40846664162851e-09,4.30235543321147e-08
08,124027301,A,G,-0.0191179376199594,2.76018885540223e-08,1.90423027957888e-06
11,48028828,AT,A,-0.0158201083444172,4.75660405164997e-14,8.24067712660884e-09
15,63831984,A,G,-0.0149931596898929,4.29471873298787e-15,8.5572645258663e-09
08,49640333,G,A,0.0576602733078118,8.47421068570066e-09,8.70907693303585e-09
08,49349188,G,A,-0.0506801444788479,9.82337108033941e-07,8.67330622320971e-07
12,8195577,C,T,0.0139870170862332,2.00889374572264e-18,8.73996777904068e-09
06,20694884,C,T,-0.0177121977408622,8.14141557829611e-12,1.01624752407889e-08
X,153686654,T,G,0.013704369812049,1.29058326128198e-11,1.0628500445472e-08
03,183674404,T,G,-0.025251431306562,1.95428995665753e-08,1.10684162689895e-08
03,184009492,CAGGGTGGGGCAA,C,-0.0133856002473696,5.59295541328606e-10,6.27140429820556e-08
03,183361396,C,T,0.0184501572974425,1.01446026637662e-06,1.03183141287596e-07
17,53208450,T,C,0.0163363012516115,1.1981413283394e-12,1.22100189298043e-08
19,15432801,G,T,0.0268487473804561,8.15389742656867e-10,1.23750730344072e-08
03,172294500,G,A,-0.0403802671694059,3.90849174432057e-09,1.36894164820061e-08
13,110407815,C,A,0.0142851087853352,2.74064900785134e-11,1.41516918484857e-08
13,110280086,A,AT,-0.0113897770466057,3.37134082467692e-10,2.82540870858827e-06
11,8005470,G,A,0.0210773525547292,1.60698516090396e-10,1.42423855746654e-08
10,64878118,C,G,0.0136319931900255,2.70005101835663e-20,1.43674811954679e-08
14,91988576,T,C,0.0134127634102703,8.2864134471492e-20,1.46207386516142e-08
01,23830827,G,A,0.0183873503627011,1.19018743873353e-22,1.2237858869726e-20
01,23746625,T,C,-0.0186431934850164,1.2272446680736e-14,9.59119844548583e-19
09,97190662,A,G,0.0139304376150295,1.42783107201061e-17,1.51163432085097e-08
12,7090193,A,G,-0.0245278200463888,7.3099203372269e-09,4.35209590055422e-09
12,6867350,T,TA,-0.0105145910342105,3.42840164126912e-08,1.99881924646218e-06
16,71986462,G,A,0.0153644791989371,1.57441913188336e-13,1.63131451545653e-08
05,102600524,G,A,0.0140767356909279,1.15638918752913e-15,1.63956580215113e-08
12,132548569,AC,A,0.0227715825374779,2.31765923222648e-10,1.64771686188363e-08
08,103878469,A,C,0.015879694697321,1.01868032709463e-12,1.77950569348827e-08
13,114271221,T,C,-0.0134955736438381,3.75118085064551e-12,1.79575891809396e-08
13,114544024,T,C,-0.0124726585249668,1.36139615974901e-08,5.90134951448651e-07
02,102950822,A,C,0.0135963940380853,2.22854242482388e-17,1.84655405196662e-08
18,46448877,C,CCTCT,0.0134164444108702,2.0162447985372e-21,1.84686523846034e-08
01,162195110,C,T,0.0155379587514789,8.9221689004156e-13,1.96794908868076e-08
13,51516310,A,G,-0.03656742615851,8.89996971157847e-07,2.00147018144992e-08
13,51314763,G,A,-0.0126095307437549,1.65067636646824e-09,5.61821159575715e-08
14,103755849,CA,C,0.0135625317431732,1.04868392639576e-19,2.06241744428276e-08
07,18295790,C,T,0.0133265791752648,1.56632440179817e-22,2.09452375011255e-08
10,121650097,C,A,-0.0401373416125809,5.13808226207043e-09,2.11142234549737e-08
01,51515746,T,C,0.0232050559265717,8.81983706264231e-10,2.16276253065946e-08
01,20973136,A,AAAAT,-0.0151272243155856,3.45011251614706e-16,1.65957162191432e-14
01,21353012,CA,C,0.0132614241140358,1.16700017446811e-09,3.63915487721248e-09
01,21001669,G,A,0.0118277232124454,5.84197758491282e-09,1.02829020347124e-11
22,38063118,C,A,-0.0232625355516312,1.23968065175558e-09,2.59978156953445e-08
14,35241254,G,A,-0.0217739459421732,6.22387447729666e-10,2.61667295325994e-08
02,242167337,T,C,0.0170042556520692,1.20742865244844e-11,2.70205409468583e-08
17,37770005,T,C,-0.0230580951593104,9.56405715719315e-29,2.07082040340132e-16
17,38253228,C,T,-0.0164209052403,1.30663463515965e-16,3.89041318024676e-08
04,6919674,C,T,-0.0147346103804931,6.60580006733532e-14,2.74002561181039e-08
14,34502870,G,GA,-0.0149577846101144,2.36534621878578e-14,2.84641826566642e-08
12,123181553,A,G,0.018421348209912,1.18442297406519e-11,2.98949806747236e-08
19,7218635,T,A,-0.0165903952227934,1.2206570719165e-11,3.07271616619302e-08
11,57078274,C,T,0.0138968683690697,7.57212990191359e-15,3.48387458626411e-08
17,30047045,C,T,-0.0135838889326646,1.00508050870342e-15,3.54696221425694e-08
03,121976926,G,A,-0.0130691168284425,4.05995516747533e-22,3.46146742390493e-08
02,61798641,A,AAAAT,-0.0220811930546286,1.5677827781971e-24,2.85573072949187e-18
02,62244703,G,A,0.0212137720550428,1.63753638489526e-10,3.67407030551606e-08
02,62511662,CA,C,0.0148300080536358,5.78255965563457e-10,2.28032834269645e-06
01,249076023,G,A,0.0233191330583738,2.03167783000069e-09,3.70178402063504e-08
17,21165215,C,T,-0.0134996843752921,5.5148588915784e-16,3.76530057552828e-08
06,21722916,T,C,0.0173096198542967,5.01197783601654e-11,3.78137428334296e-08
06,43300323,TA,T,0.0117045214840583,6.42822962263979e-09,3.78337711368767e-08
06,42924427,A,C,0.0245415528838602,3.21541739820715e-06,5.87139422400747e-08
22,44324730,C,T,0.0156860319458945,7.97412729261977e-12,3.95256464463747e-08
19,49248730,A,G,-0.0132457819879512,4.21965594647947e-20,3.9958085354969e-08
05,55275805,CAT,C,-0.0553768691043096,2.33207622377424e-08,4.1847158766394e-08
09,20817658,C,CT,-0.0130434225346047,1.09248076632331e-21,4.26491869358352e-08
17,34055876,G,A,0.0144398595674441,2.24027124145266e-13,4.30610663510118e-08
01,197406760,GAA,G,0.0118636653168821,1.40345053254534e-12,4.59110455965057e-08
01,197007831,CTAAATAAATAAATAAA,C,0.0146000066219646,1.5191863349026e-06,2.77300792036148e-07
22,39035415,A,G,-0.0154778294334933,7.28500204923651e-12,4.95437790574229e-08
22,38587893,A,G,0.016044099335086,4.44667698980535e-07,4.02726150845348e-06
16,87763321,G,A,0.0372009648708763,2.0290625029178e-10,1.23147780762985e-09
08,43471376,A,G,-0.0697066327624761,9.42511747766907e-09,2.0652986619596e-08
08,42657098,A,G,-0.0252592601775026,1.21347529879388e-08,1.04330099299188e-07
08,43582123,A,T,0.0541746514101634,9.98760825888416e-08,3.73201165999984e-08
15,31552997,A,T,0.0550007635946701,3.80332319377407e-08,5.79495469521864e-08
07,30728452,C,T,0.01527018666279,6.13109195551117e-12,6.24306036009694e-08
09,97040225,A,G,0.0118290254361955,4.076270707484e-17,2.48527155557276e-08
09,96654924,G,A,-0.022249172659215,6.00791360537794e-07,6.27171717312165e-08
18,12827697,A,T,-0.01303409703026,2.1774089016171e-16,6.61098817832023e-08
10,97850096,G,C,0.0181559087953036,5.30684339155985e-08,7.06962508676666e-08
10,98014850,C,T,0.0327731820415556,4.04231529618968e-06,3.30853590633493e-07
07,150755173,T,G,-0.0146185664064038,2.19005666345186e-12,7.32732954338295e-08
01,65994565,G,T,0.0147011352757441,1.20589501526237e-12,7.49674947174204e-08
12,68973474,C,G,-0.0135105913994067,3.44585263555221e-14,7.74182945230116e-08
16,27480797,C,T,0.0346408285846377,2.74127702905683e-08,7.91934241008116e-08
07,129600535,T,G,0.0176271834536565,3.16470058458824e-10,7.93885142654865e-08
13,50044981,G,A,0.0131493396840815,6.01771518376172e-15,8.02644589160971e-08
02,220056229,G,A,0.013973106866172,1.80289387458058e-14,8.09945910927311e-08
02,223979702,G,A,-0.0251765943064546,5.46139136878748e-09,8.13860487225895e-08
06,127559367,A,G,0.0128611872790524,1.77735376420842e-17,8.35203326211206e-08
22,49991555,C,T,-0.0134376127789118,1.01834096339998e-19,3.39366488268401e-08
22,50424976,G,A,-0.0315963464735932,9.59468383553812e-09,5.26209999632694e-08
03,37053568,A,G,0.0136025534794016,3.30220137663084e-14,8.55028143430241e-08
07,92636040,C,T,0.0766360040528513,4.11087298020101e-11,1.18368769001844e-11
17,79552829,A,C,0.0147262176473879,4.60371116452914e-08,9.00542331228041e-08
17,79525660,A,G,-0.0144591067272495,1.17375426969842e-07,1.57419476075003e-07
09,136925663,G,T,0.0169429260975735,2.57708133856672e-10,9.7389907248593e-08
13,33192654,G,GA,-0.012698221144852,2.3738763500457e-17,9.89389797913477e-08
06,41582724,A,C,-0.0497015336858615,7.70779600064964e-22,2.1924249318443e-16
06,41573103,G,A,-0.0765856281412378,6.01009500149487e-18,6.25237559077529e-15
06,41527895,G,A,-0.0275149749172692,3.01691982934972e-16,9.18478807358586e-10
04,71696178,A,C,0.0505278694118626,6.03193708744025e-08,1.00491666710172e-07
06,135534646,A,G,0.0411223653968959,3.26650178592995e-36,2.60644894100834e-26
06,135670155,G,A,0.0470808342780589,9.04992813046228e-10,9.7271006330714e-08
06,135551486,T,C,0.0537509891809872,1.24581556065087e-09,1.00575669546013e-07
19,50016748,C,T,-0.0231229874050521,1.79950128168364e-08,1.08518636455822e-07
19,50294150,G,A,-0.0126576679955288,4.49529959523249e-09,3.64271738853164e-06
02,189818834,GTTT,G,-0.0185723607420027,1.11883442947719e-09,1.08519655325796e-07
20,60828877,C,T,0.0125004215838468,4.96794626335939e-20,1.08869798788695e-07
20,1930798,T,C,-0.0142519462348125,3.8332869546301e-12,1.10041307651624e-07
06,56690058,C,T,-0.0162288510941012,1.57710607865958e-10,1.12443931892522e-07
02,98510197,G,GT,-0.0147846584981346,1.37058762129485e-11,1.14579323512245e-07
07,47634093,G,A,0.0129789194528902,1.04535394955938e-14,1.19847844285882e-07
10,89708994,C,T,0.0345932711455785,3.47785061921578e-08,1.2087346182674e-07
07,50882700,G,A,0.0555013135558208,4.19649068950519e-20,7.16551558488122e-15
07,50860648,C,T,0.0377627306533213,1.97568085572714e-20,5.17722693099229e-13
07,50818577,G,T,0.0262160334245174,5.12293054026382e-15,7.26715788436016e-08
03,128303083,C,G,-0.013607841895332,5.29970598142025e-13,1.23360088154763e-07
22,43113793,C,A,-0.0124765320585056,1.10913977741073e-18,1.35223264271444e-07
15,81874036,A,G,-0.0146730200564731,8.01403807344551e-10,1.35727501237857e-07
15,81534297,C,CT,0.0139530813981532,4.06621779061014e-08,1.52769549129432e-06
05,61794090,A,G,0.0303005545604619,3.15168633358127e-08,1.35736506112265e-07
15,93568884,A,C,0.0127765169178051,7.86122594543424e-16,1.39808724642257e-07
07,36368495,A,C,0.019128525086871,2.983584050175e-09,1.49827726104204e-07
02,201694677,G,C,0.0269757218738806,6.72721574895568e-08,1.54472469402848e-07
02,201819228,A,G,-0.0431301937725582,6.73550162558145e-06,4.17915697265032e-06
17,67081278,A,G,0.0413375376862815,7.15506188660331e-08,1.58541784736276e-07
03,47425601,C,CT,0.0132802560116766,3.79169156627234e-15,1.59560420009661e-07
19,53408572,C,T,-0.0231533415781175,4.02600172237005e-07,1.62730373071361e-07
19,53233196,T,C,-0.0118472886789547,1.46474234977678e-12,1.98255526155575e-07
02,25206166,T,G,0.0159912137177919,7.60702478504982e-11,1.64825518844226e-07
19,37262993,G,A,0.0144134697920538,1.73845908136863e-11,1.71051388295334e-07
17,61834736,TA,T,0.0137404373375563,5.14596655805669e-14,1.72093898077939e-07
09,19372990,G,A,0.0125408946400674,9.65338917539034e-16,1.75998849736902e-07
01,2146165,C,A,-0.0219389255472846,1.04928700098199e-08,1.76691975244276e-07
01,221001142,A,C,-0.0208169206670356,8.49330870372663e-09,1.78861883697073e-07
18,45555829,T,C,0.0138227222684587,1.45393394709582e-12,1.7904150565797e-07
11,75474195,C,A,-0.0211503552909897,9.87980237540527e-09,1.83024782585647e-07
15,75380424,T,C,-0.0174337960443449,1.45025541770284e-13,3.00052993968597e-09
21,39838035,A,T,0.0126027225846075,2.26265698949364e-15,1.99817222115396e-07
04,120287487,CT,C,-0.0142529069420283,6.1160666993016e-13,2.05212083053672e-07
12,123801250,CT,C,0.0138502567918201,1.11522118790865e-13,2.13062560549902e-07
07,100492412,C,T,-0.0195263799076109,1.63836265308062e-11,3.91295145763463e-14
07,100550191,C,T,0.0130669784620304,1.3388553137732e-13,8.27280171455772e-12
07,100907251,T,G,0.0260225262997687,3.72522090629264e-07,2.13297181453824e-07
08,133880212,A,G,0.0129575141660795,2.60560821040529e-13,2.20069001667507e-07
03,88276097,T,G,-0.01775455832672,2.26495052272038e-09,2.21689006958129e-07
07,124430433,TTA,T,0.0137999224989196,1.32439877330966e-12,2.23176013996228e-07
07,1033605,C,T,-0.0122503642372871,6.92695058296951e-19,2.25209779848421e-07
06,35840584,TA,T,-0.0133222406978336,5.91802467064648e-15,2.28674564453261e-07
06,132834518,C,T,0.0123459813554698,2.67899236309056e-17,2.31209446541388e-07
03,188115682,C,A,-0.0134274700404102,2.93563518860796e-14,2.38338500704126e-07
16,170328,C,T,-0.0563908904554431,-99,9.90266030714013e-35
16,193224,G,A,-0.153974268039384,-99,4.31302219787707e-11
17,1782952,A,G,-0.045547193587849,-99,6.32996403409741e-09
12,6711147,C,A,-0.0256614756002713,-99,9.74335244152788e-09
08,41512581,C,CACAGCAGAGTCTAT,-0.10443350140297,-99,7.98848722320878e-26
08,41543675,G,A,-0.468039705560499,-99,2.14906095463892e-261
06,43758873,A,G,0.0348435014493863,-99,4.75900736502927e-13
11,67097778,T,C,-0.0857100112523454,-99,1.35176702937318e-28
16,88858646,G,T,0.0304437248013054,-99,7.12183230264044e-08
07,92639117,A,G,-0.0707935407416358,-99,2.19955962506803e-13
07,92682609,G,A,-0.0620429925993361,-99,3.77306275605783e-18
12,122922156,C,T,0.0799342812477351,-99,7.65098555587489e-09
12,124863847,C,T,-0.0276596761857224,-99,3.37886892059639e-09
08,131025818,C,T,0.0497990031492708,-99,2.94262095121584e-25
03,141248515,A,G,0.0734383395227893,-99,3.87620761017044e-19
02,160604541,G,A,-0.0833820375635303,-99,2.21457790150952e-08
03,196231122,A,T,-0.0360857608010832,-99,9.62329549804283e-12
01,198994696,T,TA,-0.063749197912235,-99,3.68987758846069e-22
