chrom,pos,major,minor,beta,p_value,gwas_p_value
6,26093141,G,A,0.151828384767285,0,1.6681409274164e-246
6,26104632,G,T,0.096240149066489,3.54934337441076e-298,1.522575239111e-161
6,135418635,C,T,0.0766308956946495,0,3.14321577974514e-211
22,37462936,G,A,-0.0669510323718455,0,2.55899382601201e-204
8,41630447,G,A,-0.0594623814731733,1.56132989217617e-183,2.42276053307557e-132
8,41542093,G,A,0.102513241708958,4.36369608224313e-71,6.9489917952787e-83
17,42329004,C,A,0.0579413059450575,9.31887307276669e-240,1.26315416294951e-129
1,158586966,A,T,-0.05775409417172,3.84228223824429e-221,8.04185439203652e-126
7,100240296,G,A,-0.0383924259268421,5.06889280590701e-143,5.82906868486045e-66
16,238348,CAAAAAAAA,C,0.0435777115901959,1.07709634021782e-58,6.31941812445647e-63
16,157592,C,CAA,0.028264770781385,1.76380195910284e-46,9.13942140024882e-45
16,632138,C,T,0.0229386649823068,2.10099125927238e-39,3.75389404096851e-22
1,3691528,A,G,0.0414065773944854,2.85436181927088e-90,2.17820067394077e-56
16,88856084,G,C,0.0352311997531505,1.93300305857182e-81,3.78443598109444e-52
16,88788934,G,A,-0.0208313081431527,2.04915976593166e-34,8.59468648071195e-18
19,4502201,C,T,-0.0324946052028079,7.54844963900311e-120,9.36939375982047e-49
6,29510630,G,C,0.053113010333185,8.90802245228884e-58,2.03077217966462e-47
6,29554829,T,C,0.048877632366324,6.32022919877985e-23,2.26868496474038e-17
6,30120637,T,C,-0.0318226318818518,1.0879982863652e-15,4.14286347555497e-18
1,203654668,C,CTT,0.0505603264166341,8.49831009563295e-53,1.03332705143124e-43
6,109625879,G,A,0.0295625748931029,2.87366445510926e-107,9.48716509262476e-42
1,248039451,C,T,0.0304390652664742,2.14821960753047e-78,6.98380576711859e-40
17,27149900,T,C,0.036361585694818,8.33832784155435e-57,1.014361905516e-38
14,65515843,T,TA,-0.0289611170557311,1.86232759337718e-81,3.06426487605115e-35
14,65281472,G,C,-0.0211986904172195,4.54198691603394e-26,2.49144564686617e-15
19,17252041,G,A,0.0396105373613923,9.35978132020601e-30,4.56953824895042e-35
19,17252974,T,C,-0.020956659388192,7.49471265056454e-33,7.43326691727747e-28
5,154020584,A,G,0.0205383775658332,2.64295913603656e-26,2.33111497391078e-34
5,154034327,AAAAAAAAAAAAC,A,0.029377935687503,5.52727637026507e-12,1.68369073936272e-30
3,195834303,C,T,-0.0261885951258185,4.48303074925806e-64,5.38585251221151e-34
3,195922427,G,A,-0.0201981175738986,1.34627111820445e-21,5.6448684620011e-18
6,16290761,T,A,-0.0270231320763803,7.99453036395474e-73,1.98830297938126e-33
15,66067777,A,G,-0.0295998165678989,2.21132854387957e-42,7.50433130480639e-32
15,65869272,C,T,-0.0154660097789071,6.80353809537894e-13,3.11982033943734e-10
8,42399667,T,C,-0.025844317427316,1.25628084562933e-73,1.22041163365681e-31
19,44278781,G,A,0.0297294462656963,6.48345019314494e-47,5.53666915055029e-30
6,31113276,A,G,0.0220203979108048,1.19309516554526e-33,5.10001830244258e-32
6,31431691,G,T,0.0254021382082391,1.29289036363767e-11,1.186375288346e-11
6,31105891,G,A,0.0202104171914284,4.19554699159841e-10,1.02861266771079e-14
8,126506694,G,A,-0.0252548965123666,9.83982381025219e-66,3.22053543627255e-29
6,32394098,G,A,0.024370736990812,4.32419088065704e-72,1.09614713709708e-28
11,116648917,C,G,0.0337521391477481,1.7887910369141e-33,5.11772922178007e-26
9,91392686,TTC,T,0.0506336989625464,8.1304567020261e-28,4.80421877001464e-25
19,13001547,A,G,0.0230166474919677,4.31412848047366e-53,6.09044144523036e-25
1,205226288,T,C,0.0212282320177343,2.32505814790608e-50,7.09004827778906e-22
6,25536591,A,C,0.0807241936301425,5.45978652050057e-181,7.3320280429766e-124
6,25528452,A,G,0.0579714689197134,2.76207511225836e-25,2.68790120399792e-14
6,25497896,C,T,0.062564645327338,1.83687936870042e-24,7.70355697393244e-15
5,1114944,A,G,0.0204753055579216,3.34464844189544e-46,2.81973182290831e-20
7,5234362,T,G,0.0303735671535603,1.64334766116993e-22,2.57470780757483e-18
8,23418122,G,A,-0.0191928406693367,1.48979163872921e-43,2.74865428630518e-18
9,136129115,A,T,0.0393528772805811,5.30403198222222e-20,4.02443736432062e-18
9,135864436,C,G,-0.0344038257735339,2.65285221322257e-15,6.06114550553978e-14
8,86256210,A,C,-0.0185349579963054,8.20846093854614e-39,4.59599530799149e-17
1,25600747,C,A,0.0183595975017648,1.43775118025953e-38,7.05055216414186e-17
8,19824667,C,T,-0.0201488895284759,3.59695931963503e-29,7.66673522390363e-17
17,78102517,C,T,0.018754723100964,3.26868523447946e-35,8.59473189365315e-17
11,9769562,G,C,-0.0182284476500577,2.23202838640232e-31,9.42208297071717e-16
11,61581656,G,A,0.0193172208689691,1.08063252043283e-26,1.23424936308154e-15
11,100474166,T,TCCCA,0.0289523973142945,8.64837057522757e-19,1.31243818656248e-15
19,18633437,A,C,0.0212218044084567,3.89725112824899e-23,1.31949432801629e-15
1,43418026,T,C,-0.0206329549753173,3.10315704584311e-23,3.24554779461871e-15
1,29208859,G,A,-0.0172094232740864,1.15385646997504e-36,3.51578721480343e-15
3,12298302,G,GT,0.0179475493347066,2.76387733190297e-28,8.08718785163709e-15
7,99074000,C,T,0.0424777647789777,6.5168220525823e-14,1.11780337554938e-14
7,99393523,C,G,-0.0172041722465217,6.90384428722799e-12,1.33141066947147e-10
4,145026126,C,T,0.0454673449021968,2.69518665938853e-15,2.9114662982796e-14
8,98708415,G,C,0.0307156308968416,7.43877167991393e-16,7.68600184859516e-14
2,8756183,C,T,0.016710716332093,6.59889971339278e-29,8.63410462197764e-14
4,110889007,A,C,0.0171002113458096,1.39948015403573e-26,1.01493991160115e-13
12,112979034,AAT,A,-0.02844495181961,5.25179259335782e-16,1.98285231196728e-13
1,172425529,C,G,-0.0159280222477768,1.3093838714187e-36,3.74660943940704e-13
7,99211007,A,G,0.0401622687478525,3.92213640306436e-13,9.23640603660929e-14
7,99835613,G,T,-0.0203779675927686,1.21049034557417e-13,3.45286831412963e-12
8,145710909,GA,G,-0.0153787092363455,4.03122674504695e-32,2.3390800873947e-12
2,219272294,T,G,0.0154280075786628,1.66831070766503e-27,3.14867727548767e-12
20,4157072,C,G,0.0153558508537449,2.33382953259102e-25,6.80938232639449e-12
10,50248924,G,A,0.0175511027888139,1.99117904581252e-18,7.92901478855377e-12
19,45422846,G,A,0.0184507955791577,5.41593473545244e-16,2.39888373026613e-11
1,78574129,G,A,0.0167564399144706,1.04237205427362e-17,3.00240406053508e-11
17,42238570,C,CA,0.028549248757118,7.01844887239656e-48,6.89758781316852e-39
17,42268274,T,C,-0.0240932096979676,3.07431524485184e-18,2.78764868717335e-25
9,114835495,G,A,0.0245532385095093,3.42024015000581e-13,3.67614741273749e-11
8,131026459,C,G,0.0144258815394154,8.88372626606273e-26,4.75450371482101e-11
7,123430826,A,AT,0.0265427407820556,1.22357880034514e-12,6.39768831614419e-11
8,26266834,A,G,0.0156055505438182,5.16925290163808e-19,6.47243526249542e-11
17,8157310,T,C,-0.0176324562754347,1.95738299970522e-15,1.06607891139477e-10
5,72144005,T,C,-0.0256662041583249,2.64436030228134e-12,1.19953633785749e-10
18,43774771,A,AT,0.0165178901577657,1.25455031252822e-16,1.24950001996827e-10
11,122933181,A,G,-0.0349110738803562,2.81111111756831e-11,1.67335271172451e-10
17,7391328,CT,C,-0.0162862401110664,2.81517966094282e-17,2.01960812509856e-10
14,74304411,G,C,0.054867715024297,1.07655952060559e-10,2.17213811811997e-10
3,182549364,AT,A,0.0165235742881238,4.62612566937772e-16,2.80059506943692e-10
3,24341264,T,A,-0.0150274297528939,6.19072079126589e-19,3.63446122548152e-10
1,118242864,G,A,-0.0140272065766014,1.3572063505198e-21,4.06849676958075e-10
3,196511108,TA,T,0.0138544633568359,8.58328471346057e-28,5.23255015581737e-10
2,111847078,A,T,-0.0135275376547102,7.23174126391178e-23,7.03259741324882e-10
20,32525370,G,A,-0.0138922671250579,5.63766377505213e-19,9.61096059660566e-10
6,136218401,G,GGT,-0.0138193667009244,1.56208216832613e-21,1.00681526280798e-09
2,26114117,C,G,-0.0134410557823984,2.52012693573556e-21,1.02515485472496e-09
