chrom,pos,major,minor,beta,p_value,gwas_p_value
22,37445668,C,T,-0.116137104151851,0,0
06,26005023,A,T,0.149267681251487,0,8.86367463783501e-262
06,25918225,T,C,0.271029416254009,0,0
06,26082215,GC,G,0.153304077962505,0,7.72333489144978e-279
06,26093141,G,A,0.277083855982214,0,0
06,41748263,C,T,-0.103951417799646,0,0
06,41921241,G,T,0.0940988737900491,8.82064050300393e-278,0
06,41706629,T,C,0.123225115524579,6.76388995124405e-97,1.83817337504403e-20
06,135402339,T,C,0.224139177433323,0,0
06,135285055,ATC,A,-0.0805748258720334,1.17962280553806e-202,7.05843111521571e-65
06,139838419,A,C,0.0825775520452794,0,0
06,139828314,T,A,0.128492251403312,2.81885106409368e-88,4.15159731556035e-164
04,55408875,A,T,0.101088458104037,0,3.47743141675026e-294
06,109615603,G,T,0.0754779029014129,0,4.56247650336608e-221
22,50971266,C,T,-0.0796956418059541,0,6.00183446579085e-219
20,55990405,T,C,0.06838850423048,0,1.05442268552754e-181
16,170328,C,T,-0.0708893386062433,0,1.48654469882059e-180
16,193224,G,A,-0.189687328533926,6.3166417037953e-66,1.45761229380793e-49
09,4852599,A,G,-0.0820558502988982,1.38614738704706e-266,7.94903800976885e-175
03,142311131,C,T,0.0676009338163388,0,4.95889310239765e-173
07,100240296,G,A,-0.0676048766658019,0,2.20116195593781e-168
19,13000550,G,C,0.0650963317546006,0,7.06504540890981e-159
07,50427982,G,A,0.0615906887396809,0,6.8786175434091e-147
03,195830380,T,A,-0.0674419756301303,4.58429653069912e-249,3.01928983960466e-138
03,195917964,C,T,-0.0653504997418884,3.86025850757043e-95,5.18032323643371e-72
06,28785085,T,C,0.109421455825254,1.09495004389444e-197,6.06471715372714e-149
06,28600576,A,G,0.125376179942022,8.90638261597028e-92,8.80128993429159e-72
19,4502201,C,T,-0.0482511965804738,3.53684937406953e-126,2.49629895790767e-129
18,43839653,T,C,0.0644635892977694,6.01387556342857e-205,7.01257158232518e-123
03,24334511,TTTTG,T,-0.0574178907453815,1.95625647115069e-220,3.22791410314246e-111
02,112167931,T,C,0.051194314148489,5.52094182841969e-112,3.61066694834867e-109
02,112145488,G,T,0.0642059048703775,9.88474544243042e-92,7.90528929630381e-102
15,66067206,CT,C,-0.059365146997998,1.05237310968643e-180,1.66626677544587e-106
19,33754548,C,T,-0.0804511119431799,5.20177456151856e-87,4.17287983858512e-100
19,33750393,A,G,0.0392706590938741,5.60152347788663e-66,1.60224535878132e-39
19,33742998,T,G,0.0362145964855198,2.01570240692507e-43,5.3846793934242e-22
10,46005429,A,ACCACTGAT,0.107850419254316,2.56971229767426e-133,1.9277494128077e-99
10,45974016,T,TAA,0.0347857872572523,2.85040837667636e-54,7.10021090708611e-19
22,32886477,T,G,0.0382537124636515,5.88839621619157e-122,2.90731533182047e-99
22,32900670,A,G,-0.0370470178277046,2.01069340184401e-53,2.35923860026779e-83
01,248039451,C,T,-0.0512199829042637,2.96946415376033e-183,3.39879456645689e-92
02,60629438,TAC,T,0.0492182411926894,7.88894172877795e-220,2.57163504063118e-91
14,65487694,T,C,0.0474749843304547,3.75992863214215e-229,2.1054761760288e-87
10,71094504,T,C,0.0752471675963531,1.97031603124626e-108,4.31789915024736e-87
12,121151062,CTCTCTTG,C,-0.049692466099222,1.15555765635477e-164,6.48732778854422e-78
12,120878530,C,T,-0.0265860716779125,8.01666651279266e-41,3.23908627301948e-13
06,16281187,C,T,-0.048165589058463,2.01329450587246e-121,1.21340832287174e-71
01,198552088,T,C,0.130440652235031,6.28693613132873e-76,5.30755508414189e-70
17,19937918,C,CTTT,-0.0417456051460229,1.16920035745528e-192,5.25939886248697e-69
12,4330507,G,GA,0.050763073536085,2.67923990810548e-104,1.67253554883291e-68
10,45388231,C,G,-0.0463502820398524,4.23218146411537e-136,4.11917511942255e-67
10,45866149,A,G,0.0588894643418101,2.47498339725483e-50,2.02324335182902e-35
10,45878800,G,A,0.0327013981666769,1.06882479769727e-25,5.94433764088476e-09
06,25452783,T,C,0.108647868013314,3.97475694789597e-165,2.09198900313823e-276
06,25427508,C,T,0.1448422328519,4.65798295616934e-89,1.48661456602016e-66
06,25314597,A,G,0.0571168873276666,2.29671086944792e-27,8.61717139442857e-165
17,27178761,C,T,0.0509487150300941,1.28941666394692e-95,9.9678533182303e-65
01,158584410,G,A,-0.0370285545921651,1.23435214391218e-74,1.88421142509512e-60
01,158638260,G,A,-0.153131775503176,1.04171889842223e-43,3.37862082523633e-41
01,158618455,G,A,0.025297272946525,4.91602040730382e-31,6.25648541545754e-50
08,21767275,C,G,0.052505933090863,9.68969527552781e-82,1.04525036816602e-58
05,1284135,C,T,-0.0293709879804709,2.47920898320884e-29,1.21866762892015e-57
05,1104938,T,C,-0.0326243960901433,1.58299817267275e-63,5.86195912764763e-40
05,1287194,A,G,-0.0282589989201269,1.91931736690634e-36,1.44290072709356e-50
01,47670911,C,T,-0.0375655417803604,2.57592255624767e-147,1.00488583798882e-55
09,136128000,G,C,-0.0785672007799595,9.06688983984429e-63,1.20538522372119e-55
09,135864436,C,G,-0.0400802281962275,3.37333160982985e-17,2.43837145172209e-15
22,21966442,G,A,-0.0466800663975766,3.17991275851596e-79,4.03974111111221e-54
05,154034176,C,T,0.0667938351383442,4.424843007165e-73,2.69689007112883e-52
05,154034179,G,C,0.0244566647532346,7.26690619279003e-23,4.21325879267631e-08
06,30382328,G,A,0.0812643465676876,1.59290921154107e-153,1.79164915180295e-99
06,31312538,G,A,0.028441463688128,7.18776642757923e-50,1.20883480120865e-09
06,164478388,C,A,-0.0345858416409795,2.06619394423824e-123,1.16776089151112e-47
16,30103160,C,A,-0.0379597041170662,1.56839861288829e-100,1.18444607425656e-47
16,30585139,TTAAA,T,0.0267816111365505,3.12416098313894e-14,7.09670513301948e-07
17,76124810,A,AG,-0.0423162046057192,3.19096797277168e-75,1.04016092890782e-46
17,76183233,C,T,0.105215222124484,1.31422944100643e-22,3.40286491114019e-20
21,35150947,A,G,-0.0357252597222113,2.75056619438556e-93,6.318517314621e-46
01,25600747,C,A,-0.0329217211406282,8.34336072886325e-101,8.17447678266459e-43
01,203281175,C,G,0.0327333279934024,1.8798366521038e-101,1.56513407881544e-42
01,203660838,G,A,-0.0282478814807714,2.30866722300175e-13,4.4795411695144e-12
04,122798413,T,C,0.0332607979968736,2.43841893475147e-96,1.67205189416461e-42
01,205201325,A,C,0.0325680613860272,1.48105092710389e-98,1.34487270941277e-41
16,87886545,C,T,0.037613678007065,4.56142922241035e-66,5.71869005499192e-41
13,76061013,G,A,-0.052928013754628,1.18572057510861e-48,4.76638815940246e-40
11,19250164,A,C,0.0353486889349582,8.60296702432275e-72,8.11946321247249e-40
11,67196544,C,G,-0.0277648204500711,1.07390971186456e-63,3.14403035228468e-39
02,8756183,C,T,-0.0318281472426995,2.93943968834297e-84,1.77682983063406e-38
08,41630447,G,A,0.036594331908734,1.0417691230906e-42,1.72497319977126e-36
08,41549491,G,A,-0.0539423046372975,1.48300397273478e-17,1.37711998754508e-16
08,41515531,G,A,-0.0182328478207955,6.20309734610907e-24,8.0146275040761e-06
04,87968798,A,T,-0.0365895622523355,1.81625954030971e-52,1.38245522410812e-35
03,16929593,C,T,-0.0473066606774466,8.28355303293136e-31,2.87731833118195e-34
03,16970938,A,G,0.0264563928346604,1.27756296156154e-38,2.52867235515863e-26
03,17098399,A,G,0.104781085100463,4.16558965724984e-17,2.51024283820529e-15
19,33073431,G,A,0.0318278424713334,2.31099573784805e-61,2.93639589241409e-34
20,52230030,TAGATAGCG,T,0.118857622572726,4.82151632847651e-35,4.82517086626122e-34
20,52553882,C,T,0.0167635133975219,6.08660795827123e-14,2.97006541341392e-09
20,30401406,A,AG,0.0335173287245803,2.63295774633037e-37,8.00642126332417e-34
20,30673978,G,A,0.016468035338249,5.82199039505852e-18,7.96751579580499e-14
11,16664123,T,C,0.0259267713725907,2.25595541822093e-51,1.02417227860471e-33
11,16248275,G,A,0.0311586056753604,2.98432183249607e-17,1.88464921716217e-16
18,60920854,C,T,0.0844064101722814,1.9056655647661e-35,1.65521132746574e-33
03,141314819,A,G,-0.0255091481703763,1.83505955165591e-33,6.08600679746457e-33
03,141248515,A,G,0.0411126705685774,2.30010983636219e-20,8.13108722117543e-28
03,141651302,A,AT,-0.0187793253415184,1.15421735342994e-21,9.31902034089379e-15
03,20105673,G,A,0.0304869684523142,1.88078614998665e-60,1.30971022760174e-32
14,23495048,T,C,-0.0316566329253805,5.6563829118395e-57,1.60106114319285e-32
01,23840570,C,T,0.0283768571551413,4.84402544944561e-55,2.06204571654144e-32
01,24165186,C,G,0.0158896798439329,3.63795598080139e-14,1.65672877937491e-09
06,31325320,G,C,-0.0314168659614174,3.35329054365264e-82,3.33382903695419e-45
06,30900094,C,T,0.036099925681307,3.21911829602756e-49,8.8192127658439e-41
06,31093901,C,G,-0.0942179042501744,5.38244690147698e-19,9.06526141723282e-07
10,101301093,C,A,0.0320977104648125,1.94529529837058e-53,3.74848910829091e-32
08,23418122,G,A,-0.0227126847579155,5.71133014498541e-21,5.07380647374737e-32
08,22926498,G,A,0.0149923912017368,2.98457575869873e-13,3.80339109792146e-09
08,23449301,A,C,-0.0160411314175052,3.05230061957111e-12,4.16009401779438e-24
02,111906928,A,T,0.0914488416950744,1.51768122722503e-32,8.48482794681348e-32
02,111609385,C,T,0.0249671441954249,3.17444051879858e-40,1.60928307433321e-31
08,128965269,G,C,-0.0292311550184669,3.58377371189024e-64,1.76741627063385e-31
09,100753408,C,CT,-0.0347264120899527,1.0098506488259e-47,2.84153270159936e-31
11,33913568,T,C,0.0275865746745961,2.81902607474203e-87,4.92947168474584e-31
X,56752297,C,CAT,0.0302999736446003,8.19309515141121e-51,7.30462089241219e-31
X,56869925,G,A,0.0313723009973942,5.7154960627291e-14,2.22877342332571e-09
07,44872911,G,A,-0.0272605163606147,3.93350901303721e-87,1.30667445942694e-30
06,15142723,T,C,-0.0220163742940921,6.17709743234037e-44,2.72058818441539e-30
06,15177099,T,C,-0.0324365150798513,3.15502327064031e-12,6.71867310830229e-24
06,111509449,TCTCTCTCCCTCTCTCC,T,0.0401435413969615,1.38221950078941e-37,2.27370214438801e-29
16,30987380,G,GT,0.0262740032025115,2.04577408591632e-47,5.72504664207086e-29
06,31930441,T,G,0.0198063800972133,1.20655875896252e-31,6.16263216836951e-29
06,31432006,G,A,0.0416771823596433,8.60703376167453e-24,1.13061382259575e-22
06,31525912,T,C,0.0405071843693503,2.85965086232359e-17,6.6956507630509e-23
15,56545985,A,C,-0.0265783747246996,2.57560706620181e-67,2.60100308981874e-28
08,130624105,C,G,0.027195885210017,3.28234100173329e-52,3.39788927820025e-28
08,131045348,A,G,-0.0167372886011413,5.00690174037623e-12,1.09660526530478e-08
09,140100317,C,G,0.038667908067153,4.48463589134873e-36,4.86636700946288e-28
14,74241158,A,G,0.0763630269697242,1.01036597234593e-22,5.89486079130202e-28
14,74282037,G,A,0.0165099049193807,5.30744911795748e-20,3.10046078875035e-16
19,4476270,G,A,-0.0436861078148755,1.25971507419625e-102,3.94010184736226e-119
07,5234965,T,A,0.0413135075103312,5.52830602127841e-34,1.65317670328276e-27
04,15603069,C,G,-0.0258705979346077,7.806820531156e-63,4.585014211536e-27
21,46269526,G,A,0.0357280800130215,6.42438787504558e-36,5.21117630112073e-27
05,88191635,C,T,0.0263116901292354,5.850761976195e-30,5.34075698046018e-27
05,88180196,T,C,-0.0376578486228787,3.76754723862654e-15,3.45299754232238e-17
05,88160460,G,A,-0.0338241529582767,1.74662472944437e-08,1.39751345927645e-09
22,30543407,GA,G,0.0441277621637186,2.21853362864534e-32,6.45454691683057e-27
20,31125583,CT,C,-0.0257397754732082,1.08623974590653e-37,7.3581042056367e-27
20,30644320,G,GA,0.0239666716594942,2.72932749842355e-24,3.54918108205084e-21
14,37623674,ATC,A,0.0278564849392677,3.70994616382342e-48,7.66638234497819e-27
12,57146069,T,G,0.0416901179656079,1.39121235558539e-32,9.00118819541482e-27
02,43464818,G,A,0.0486976725074051,3.97557466775113e-29,1.14084694672152e-26
02,43157797,C,T,0.0145569135149065,1.17075587619921e-13,2.33565824917705e-08
12,53743050,C,T,-0.0351958021841326,8.54574414467574e-36,1.16121959200794e-26
11,94886632,C,T,0.025943002512146,1.65469763647749e-57,1.51748032538415e-26
02,23901362,A,C,-0.0338323121917047,1.591105028439e-36,2.0762835579411e-26
12,88836215,T,G,-0.0274663820356921,2.68559704027456e-47,3.34765059930092e-26
08,30279916,C,T,0.0285207964459089,1.01111480056916e-42,1.12746463315372e-25
11,108087847,G,T,-0.0253842095259979,2.2474574185301e-59,1.2445205685042e-25
01,118251143,C,T,0.0637563614652231,7.22884111786213e-70,1.34406898767939e-25
01,118166096,C,T,-0.0513129914914735,2.24916120546736e-48,2.6342829696369e-18
01,118153977,T,G,0.0203213514151173,8.37819226322155e-27,1.93013620554371e-20
16,89772424,A,C,0.0203398005157686,8.92309804004672e-34,1.83085258812915e-25
16,89562001,A,AT,-0.0154709373730169,1.1838647834388e-16,3.92574521805591e-19
14,102994065,C,T,-0.0257718495078949,2.98571089277717e-51,3.84469605835526e-25
19,8453504,C,CT,0.0729542730935646,4.92765033155527e-26,7.64906304182802e-25
19,8499356,T,TA,-0.013882012145934,3.91415360063201e-16,7.61321421814576e-08
01,198571122,G,A,0.11873098441421,4.63509139178223e-60,1.0486430426379e-68
01,198613955,T,A,0.0164629591143639,5.29446612637884e-15,1.8150853618377e-09
16,67232360,T,C,0.0607847843012176,3.56985178968476e-36,1.12561224172963e-24
16,67374179,T,C,-0.0395741663324825,1.8132465317065e-12,7.01359903654506e-13
16,28895130,A,G,0.0247511146388122,1.97655705496157e-55,1.55325177341102e-24
08,145134151,T,TG,0.039502114885499,3.76898667067218e-21,2.08780345111419e-24
08,145004944,T,C,0.0155439882851028,7.53994542397906e-18,4.14808091828891e-14
12,54685880,C,T,0.0474722190262729,9.99285182733093e-28,2.35025571323637e-24
17,29262773,T,C,0.0344462535509206,1.53930274505018e-32,2.40715481064779e-24
01,2996602,C,T,0.0282201233872058,5.4114491386301e-35,4.9160787184338e-24
01,3098846,G,A,0.0288829503702671,3.16785706522631e-09,2.17768640501519e-09
11,4128845,A,G,-0.024626561252561,2.30301559160533e-54,5.04461226814396e-24
10,64924199,G,A,-0.0681238870197144,1.35864783588253e-25,5.07220471831741e-24
06,135812251,G,T,-0.0492562112230014,8.0521646046273e-22,2.01190608827519e-32
06,135670155,G,A,0.095410423751882,8.86999738842298e-35,3.57218530327748e-27
06,135622819,T,G,0.02759815796203,1.88725755952672e-70,9.94387165614663e-30
07,99579032,A,G,-0.0376080848731098,7.57282149703846e-35,5.37262733993041e-30
07,99521208,G,A,0.0696990232910861,5.08827206258135e-24,6.58095509709011e-26
07,98611365,C,T,-0.0532065311505171,3.51925658087821e-15,6.60523306758486e-14
01,68212947,C,T,-0.025730962872416,6.43344876059329e-41,7.33331726199429e-23
04,39294235,A,ATTAT,0.023437986315039,8.8406035060539e-39,1.22792799948223e-22
X,55044188,C,G,-0.0657646915729039,1.73437177590849e-20,3.7248376449785e-22
X,55276825,TATATATATATA,T,0.02078815755336,8.02350621511867e-33,1.91880548049047e-18
X,55047741,G,A,0.0339179840195003,6.94928214367076e-14,1.20638201821908e-09
17,67081278,A,G,0.07660968476368,3.56051496204127e-23,4.06557993719912e-22
09,136950919,TTC,T,0.0311309421784301,4.79120695129249e-30,5.45343227653443e-22
11,67090571,T,C,-0.0207040847875643,8.23893118928242e-25,1.32778700129787e-07
11,66319262,A,G,-0.011743435388976,1.43882965840868e-07,2.61405448425464e-13
11,2320013,C,T,0.035985337906569,8.84483649225615e-27,1.14804271437748e-21
01,20915701,A,C,0.0236104680324414,1.08675746806927e-28,1.18683637144066e-21
01,21353012,CA,C,0.0136982204421833,9.87513377007989e-14,1.34810040154211e-08
22,36758547,G,A,0.0240530655539189,5.05255091493025e-30,1.31739756376141e-21
22,36425023,G,A,-0.0453051958695588,8.57141720881252e-14,3.72550260918672e-13
22,36677914,A,G,-0.0165206318057563,1.17625594824922e-14,4.18456792888137e-11
03,49320183,C,G,0.0269267712285024,2.9585898921224e-32,4.41984192908298e-21
16,89105007,G,A,0.0453524553999365,1.67983048171135e-20,9.95740529387204e-21
16,88730402,G,C,0.0192889392964842,1.10573601261207e-15,1.83623136231153e-10
02,236369478,G,A,0.0227201867232877,3.22695762892883e-46,1.41714799706392e-20
04,145025810,T,C,0.0169679599561835,1.99615862681453e-27,1.72523948304499e-20
04,144892407,A,AT,-0.0144031147578157,1.94623835316786e-13,4.48673300485349e-17
05,173288534,T,C,0.0202228844020341,1.26417736295677e-37,3.06535090585574e-20
05,173414621,C,T,-0.0179332847068815,2.69875695644289e-09,5.6637226804336e-11
10,104791594,GC,G,-0.0159839781762815,1.38180004044114e-16,4.22120441585825e-20
10,104431204,G,A,-0.0441332281789994,8.91177458098525e-07,8.97808847755731e-12
06,32784304,C,T,0.0605836766016209,5.0497495550827e-25,5.45556784977622e-20
06,32591313,A,ATCT,-0.0194286915491096,9.5408223073009e-37,9.88787008196043e-12
06,32585632,G,A,-0.0455540473240416,5.47492628089085e-10,1.18379970445695e-15
14,96003198,G,A,0.0252023094091205,2.55262840393443e-32,8.58223677885885e-20
19,18633437,A,C,0.0259680153933215,1.10316353047683e-27,8.97534198418607e-20
19,18433714,G,A,-0.0427460981681666,4.83181087215063e-19,3.68417964705158e-18
08,42454011,T,C,0.0208605397512664,1.20793450276375e-38,9.98967939466753e-20
08,42657098,A,G,-0.0218274777954084,1.80416864825869e-06,5.33506807830923e-08
06,44203319,G,A,-0.0237764233004577,4.15511638250132e-26,1.06532168390975e-19
06,43704417,CT,C,0.0109832292061254,5.27683205312205e-09,7.34601348270734e-06
01,26750983,A,G,0.0252227319576506,2.01163259573617e-23,1.07279628358233e-19
01,26449335,CAA,C,-0.0161782436169988,2.52538094706604e-12,9.9134993691491e-11
17,37399379,T,G,-0.0276081640851598,3.39135058285459e-19,1.25177155708099e-19
17,37365138,A,G,-0.0146097081394361,3.75231081657564e-09,4.04039109576748e-10
13,110407815,C,A,0.0229233853150941,9.61677163806953e-37,1.55194713669679e-19
06,21722916,T,C,0.0286483025538643,3.68314890866286e-27,1.57409931508807e-19
03,71256309,C,T,-0.0221000867735815,2.37643733256563e-21,1.85023063683506e-19
03,71282028,CAAAAAAA,C,0.0172987524473587,3.39701332148768e-11,1.56241129046346e-13
01,114932865,G,C,0.0247522119815842,2.44979734551799e-28,2.10610253273712e-19
01,114443899,G,A,0.0159483131832398,3.38236121699072e-09,3.78317326490094e-07
14,70328410,T,A,-0.0286220685057802,2.57833824831548e-24,3.44726525595629e-19
14,70168599,A,T,0.021281145707125,6.11331266106409e-15,1.1058433916902e-11
11,61551356,T,C,-0.0222271001861573,3.71033728091533e-38,4.26537001004844e-19
03,88146330,T,A,-0.0290202416786426,5.48195550769412e-25,9.32442566582347e-19
02,58984870,C,T,-0.0305949458627843,2.61626331036645e-24,1.1691105226124e-18
13,41160270,T,C,-0.0215448359008943,6.24421349946209e-20,1.17646587186119e-18
13,41581930,C,T,0.0195954417306676,1.6758290358478e-15,6.91733488870727e-16
05,102608681,C,G,0.0219953642399093,2.19106544353155e-35,2.17307386887129e-18
12,21357753,G,C,-0.0289325693885833,2.83994747234659e-24,3.53883890895354e-18
21,36344353,C,T,-0.0196942688043516,1.45426615503563e-30,3.69452384119659e-18
21,36400742,G,A,0.0238034563767591,3.99661950604628e-08,3.34227036019673e-10
07,92682609,G,A,-0.0326332806283805,2.03483683595232e-24,3.94594590041867e-18
07,92638473,GA,G,-0.0417917943421297,2.89893013859958e-16,1.64691001637295e-17
05,67585723,C,A,0.0235013826771099,6.15505363782158e-30,4.27355976075315e-18
17,47857324,C,T,-0.0228093374916361,3.24922972816535e-32,4.52757758928682e-18
02,211543055,T,C,0.0223271051878934,2.93284475029588e-33,4.76018384357573e-18
06,34236462,C,G,-0.0474615785655059,2.12790536417323e-19,5.37640741923913e-18
06,33798018,G,A,0.0449164896372484,2.52730458758412e-07,2.46230791559335e-07
11,65351364,G,A,-0.020586865979109,1.04725268624654e-19,6.12908436825447e-18
11,65715204,G,A,-0.0317176951607108,2.12066363924402e-08,7.19840827445819e-12
01,37931878,G,T,0.0206037753256987,5.53578809699222e-48,7.33514428924982e-18
06,110092900,A,C,-0.0463712193156614,2.21931592391393e-132,6.44140578844535e-55
06,109860860,C,T,-0.0437849926618447,2.06494247554871e-45,1.43257878929806e-16
06,109777420,C,T,0.0395102354979534,6.59542234797406e-10,2.3871379961806e-20
02,62357544,C,G,0.0213140132655582,9.87567426112377e-29,1.01121728008394e-17
02,62523565,C,G,-0.0191691839680435,4.19731414007326e-14,1.41742738626627e-11
02,174219135,G,A,0.0453202468445314,1.50037358714193e-19,1.1342204646065e-17
08,8862521,G,C,-0.0204398995959053,6.16507426759373e-44,1.35817768280897e-17
10,103885557,T,C,0.0177427872051172,3.66857594038981e-20,1.41803302048428e-17
10,104227833,G,A,-0.0385460441010865,3.45746128166931e-09,2.51558452138837e-13
09,115914583,C,T,-0.0769867696912174,4.20900192908294e-18,2.14725045013071e-17
11,100473189,T,C,-0.0336888429729783,8.49906829190505e-21,3.20632039736014e-17
02,26291565,A,G,0.0248656588145082,5.205984732311e-25,3.76945460580431e-17
06,90981085,TAA,T,0.0206534326182183,5.32230570571717e-39,4.69393142663055e-17
12,10596117,G,T,0.02943639940495,6.80234559655564e-23,4.86892486511058e-17
08,141628541,T,C,0.0336796300797173,1.94092079248315e-20,5.34800381909981e-17
17,80516236,G,A,-0.0375039291147577,1.78051696568734e-19,5.95116143279594e-17
08,48885436,A,T,-0.0279829248535354,5.6127538636631e-22,8.31443286382568e-17
01,11881141,C,A,-0.0264845921094311,4.73714204997809e-19,8.93043800532116e-17
01,11868284,T,TTGTG,-0.0126232398428223,3.85747598847301e-10,4.51198042309838e-07
16,392392,C,G,-0.0845997643085431,4.18023726638811e-79,1.68667530425387e-57
16,354899,G,A,-0.038082573588003,1.45532158941697e-27,9.70671753904839e-15
16,364008,G,A,-0.116274962326035,1.16268325111782e-21,3.51460096244035e-17
19,15452852,T,A,0.0266519998436032,1.50185731823613e-22,1.57623162846351e-16
01,154395212,C,A,0.0193425848851313,4.56340692344827e-34,1.78131526671316e-16
01,154154587,T,C,-0.0366130955158567,2.4649139427506e-11,1.68395037518506e-07
01,154294560,C,T,-0.0259607809207897,5.55683732039682e-10,9.24810455357437e-13
20,4983092,G,A,-0.0206269107285688,6.64051852685061e-32,2.07698832003789e-16
07,98847097,G,C,0.0771492718784088,6.28833788675042e-21,7.18045334636464e-22
07,98495408,G,C,-0.0488325142968489,1.04482004382496e-17,2.28827263433465e-16
07,98881382,C,T,-0.0361065126019687,2.5338101257878e-13,2.96860707473234e-12
20,3742066,T,C,0.0393254192047627,7.60484225426882e-25,2.32127098023596e-16
20,3780857,T,TGGACTGGAGACCTGGTGCTAG,0.0171144357425395,1.00569061196654e-17,8.0398683123631e-06
20,4157072,C,G,0.0159239811582821,1.81080599006321e-15,2.60817145629847e-10
03,132226100,A,G,-0.0418556670376196,2.77198945495312e-18,2.73190477136205e-16
10,3886904,A,G,-0.0369677880500979,1.92517790681507e-18,3.42120047105064e-16
10,3852710,A,C,0.0399903194920696,8.52858640852221e-07,1.13064639405799e-06
13,109412704,G,A,0.0194427994087951,1.79551344030688e-42,3.56889001273986e-16
14,68528028,C,T,-0.0267718756623972,8.60076404049412e-22,3.95789747643093e-16
19,17248866,C,T,0.0206220850637097,1.10061360653461e-17,5.15473907259729e-16
19,17252041,G,A,-0.0286015038720252,5.81432960440459e-14,1.20009132167094e-15
16,50044969,G,A,0.023825950885801,2.32401516156451e-24,6.40953165885931e-16
17,44102682,C,CT,-0.0194876942761686,2.72014950211341e-36,6.51748219877703e-16
17,7571752,T,G,-0.0882047944783129,3.03260144892406e-16,7.92722358666716e-16
04,146055117,T,C,-0.0281558169236784,4.79120211213912e-17,8.84436532870971e-16
04,145708159,G,A,0.0204282074981174,5.88629283052416e-08,6.68973132562058e-09
19,16248973,C,T,0.0275905302526688,1.70396659922633e-20,9.41129630519596e-16
06,35901151,G,A,-0.023119123264568,6.93110780203316e-24,1.28210571421353e-15
06,35555809,T,A,0.0161086685604492,7.35797895377237e-11,6.66990866782289e-06
06,36350605,C,T,0.0165670454670853,5.00454731281441e-07,3.27248101155785e-06
02,65639280,G,GAAAGAA,-0.0193319625237975,2.55556453033223e-36,1.61574039738981e-15
13,31070212,C,T,-0.067882442170842,2.08247109479831e-13,1.95274330983832e-15
13,31077592,TAATAA,T,0.0145303052162785,5.18903187245605e-16,1.58898741324277e-10
13,30945840,G,A,-0.0125902267206418,3.00523673677337e-08,4.52576384517135e-07
03,38207038,T,TGGGGCTGGGGTGGAGGGCGGGACAGA,-0.0554629296196294,1.53595654161592e-16,2.24744636446831e-15
15,75349961,A,G,-0.0230806898881596,4.63895185762033e-19,2.58067456500619e-15
15,74945996,C,T,0.0263189449717512,4.42001255803326e-08,4.19736003256253e-09
11,16485301,G,A,0.0294445852181219,2.61614985396905e-51,6.54177794548379e-22
11,16359555,T,C,0.0411516292411551,1.26302245994105e-23,3.15788449943604e-17
10,47551967,G,T,0.0369460599035003,5.28210742807492e-20,2.87578266816704e-15
10,47557743,G,C,0.0507612744347195,7.80349839853463e-13,9.45751224265621e-11
02,239069926,C,T,0.0189080652894234,3.96359134162734e-37,3.09414243422989e-15
14,101176769,G,A,0.0216554539751265,3.06465309914321e-24,3.41287380425408e-15
03,133490334,C,A,0.0237144828016683,9.90043790496486e-22,3.53788455039242e-15
01,66013848,A,C,0.0159883209118481,1.67065439908202e-18,4.67058409651639e-15
01,66069781,A,G,-0.0183266084768079,4.89192970058812e-10,4.36787609369341e-13
19,1992518,C,A,-0.0396888654626994,8.70827472386655e-18,4.84501911217837e-15
19,1793636,G,A,-0.0402223823142249,1.75291584434208e-07,5.24836960523749e-07
10,105656616,A,G,-0.0272740167944835,5.39902383226019e-13,6.17947554474734e-15
10,105169859,G,A,-0.0239961215245454,2.45690563825792e-12,2.41454414675738e-12
10,105720733,G,A,0.0129348195998347,8.06546059253993e-10,4.63305652378517e-10
14,35259151,G,A,-0.0305564801020137,5.74371519158493e-18,6.29464768310737e-15
22,28181399,T,C,-0.0190942361087474,1.56251989570577e-37,6.37674220824456e-15
12,133060065,AACCTAACCCGG,A,0.0186325614263475,4.62006659225261e-20,7.23698652874131e-15
12,133296609,T,C,0.0509781094211728,2.42650814107226e-08,4.19120470521644e-11
12,132614390,C,T,0.0360991261832185,4.01478334389675e-08,1.33146455043972e-07
20,44576502,T,C,0.0236581143017606,5.092875621414e-21,8.38814226099845e-15
02,64907677,CCTT,C,0.0172364085889443,1.00010572977824e-13,8.98394149607361e-15
02,64870073,CTGTT,C,0.0233018333596716,1.08967405933302e-08,3.22899512951466e-13
14,58765903,C,T,0.0211241637561599,6.2944612276242e-25,9.21818772033452e-15
01,62902874,G,A,0.0189050361358538,1.08282259482048e-31,1.19495972697286e-14
16,89057213,G,A,0.0470538287006312,6.34845948526645e-20,2.8754111379869e-20
16,88573169,G,A,-0.0486280164345536,1.65906747322951e-16,2.56812854246231e-14
12,93747502,T,G,0.0194008522486686,4.16959954154241e-28,1.38421974143643e-14
07,92097611,C,T,-0.0127097242181731,3.63951304491368e-19,1.77690342198518e-14
19,14529082,C,T,0.0398581970365731,5.84567228495642e-16,1.99896514917789e-14
22,43141020,G,A,-0.0183382929756868,1.07047815443778e-37,2.03648729461253e-14
22,44324727,C,G,0.0219776621931912,1.88818865339012e-21,2.17502783787676e-14
20,49100045,G,A,0.0182686570352865,6.42799865665666e-36,2.17573484211417e-14
11,113981241,A,G,-0.0194786042547103,1.75108406526455e-26,2.2995680005644e-14
06,121815687,A,T,-0.0235154759440085,3.37412157566428e-20,2.50277088696866e-14
12,122483836,A,C,0.0155476605253161,1.17865640777338e-15,2.97556743426718e-14
12,122268696,C,G,0.0231011024664565,1.45672697447977e-16,2.93909291861546e-13
12,122216910,A,G,0.0256644330105712,9.63419302090258e-14,1.04872149394075e-09
07,100362411,A,G,-0.0492845714228048,2.03608316671797e-136,2.91617916977985e-65
07,100366917,G,A,-0.0462660620673232,7.12622958212203e-40,4.31445587830838e-17
07,100414147,G,A,0.0731439200936129,2.07480810545649e-21,2.09283690362404e-32
01,40002356,A,C,-0.0215154258581841,9.48234836356436e-22,3.53905023634206e-14
01,229772693,G,T,-0.0179226661972716,1.40698732737891e-38,3.86924414972665e-14
13,113875080,C,T,-0.0201459504550265,1.28081839706221e-17,4.5435347222286e-14
13,114257619,A,G,-0.0152725846256441,1.37995002238086e-13,2.2497193679996e-09
06,131421040,A,G,-0.0184183381253197,1.85368927874424e-15,4.69328334663916e-14
06,131217058,A,C,-0.0498966499477563,4.37630474393929e-06,9.03035365642102e-10
20,38563245,A,G,0.0182218474025466,2.94969673258592e-31,5.30404939720547e-14
17,40294182,TAA,T,0.0182820478013537,2.09836262631109e-14,6.25492315629709e-14
17,40027651,G,A,0.0270135246009416,1.27611540713144e-10,1.54000561540946e-13
16,4306917,C,T,0.0386245492977378,1.66309112227926e-23,6.54579425881851e-14
16,4321441,G,A,0.0163131306159922,7.89972275675835e-30,9.14330461009591e-06
07,47634093,G,A,0.0184184827973843,1.27004295661632e-27,8.95721104033891e-14
03,169476991,CAA,C,0.0205228725332067,7.07703509972295e-22,9.78753109460337e-14
05,172198287,GT,G,0.0180328160535316,6.22646902171379e-38,1.1948173481114e-13
15,40306334,C,A,0.0218873833259163,6.8708574960725e-19,1.24322964227511e-13
15,40800492,CTTTA,C,0.0211105117859327,1.81960045571307e-10,1.22295714338015e-08
07,148446377,T,A,-0.0201510206615058,2.16743303649742e-14,1.27140532841603e-13
07,148361277,T,C,0.0140629607265226,1.36407059832999e-17,1.278383304645e-09
07,148780602,C,T,-0.0396805964162685,1.51004241608415e-06,5.32017626076679e-07
07,80304072,A,G,0.0128451239799015,5.05889530369168e-17,1.47293061364881e-13
07,80303700,AGCACAAATAAAGCACT,A,-0.0189077569339945,8.39394640822659e-10,1.58027613203927e-13
11,68278538,C,CT,0.0198338920644791,7.56281337189996e-20,1.5942024348267e-13
11,67875171,T,C,0.0157799592712106,2.33585145042379e-08,3.93032895772924e-07
03,66507442,G,A,0.0150938604911967,3.45157318218819e-11,1.90349050497241e-13
03,66332246,CT,C,0.0132931554049204,2.85293136553381e-07,4.02313040031285e-11
11,57421457,C,A,-0.0170760627504385,6.30463232747627e-18,2.26214134422687e-13
11,57173433,A,G,0.0149927194425238,1.02788410287912e-11,3.15009877849782e-10
12,52467865,G,GCGGGC,-0.0221277496277799,4.12246468348182e-19,2.6071130266875e-13
21,44925334,A,G,0.0174486948670544,2.9048735703426e-33,2.83723285924966e-13
04,39224297,A,G,0.020412692878665,2.05749135839415e-25,4.28145348898096e-18
04,38655772,C,T,-0.0178871826322689,1.47099493261447e-11,7.16580051586147e-13
01,211402175,G,A,0.0250266713027267,2.81552630323118e-17,3.08233865344365e-13
19,10695959,G,A,-0.0397272494738383,4.83280069648199e-15,3.27929721722479e-13
19,10940097,G,A,0.0526983289241194,6.27442944872454e-07,1.07696871831367e-07
19,10977033,AT,A,-0.0147254775005539,7.01413896782292e-09,3.12618591919122e-06
19,5696962,G,A,0.0184446363517444,1.32509259261728e-24,3.64595683915643e-13
07,135347107,C,G,0.0260273401922082,1.83447477054141e-16,4.56371533928429e-13
02,231742711,T,G,-0.020829298623154,1.10434382571422e-19,5.06946355073088e-13
12,125303274,C,CT,-0.0262306504608939,2.7952604288541e-18,6.09821777879726e-13
12,125048557,A,G,0.0473205831302524,4.4886908951751e-07,4.78482296084442e-06
22,40592628,A,ATGGAACTCTTGCTGATGTTTTTTTC,0.0176649099985046,5.15724593799461e-31,6.138312637643e-13
21,39838035,A,T,0.0175698919411713,5.54080161764297e-28,6.21724929364848e-13
16,67052047,T,G,0.062079162412859,3.78236980909247e-39,7.09003308152291e-22
16,67011228,A,G,-0.0382438375990493,7.45423688696084e-11,9.27094007658116e-11
11,95633791,AT,A,-0.0174692877362176,6.46806244696851e-28,7.00049502355105e-13
10,103338008,C,T,-0.0144977168534466,5.16882759518006e-14,7.49445579090086e-13
10,103581880,GT,G,0.0238824851225167,2.03586609705258e-10,7.66122926514857e-12
10,103322681,A,T,0.0400771908288991,9.8867764814049e-07,1.19624259218811e-07
09,84297360,T,C,0.0302925675143141,4.33211357999655e-13,8.75657374981831e-13
09,84188048,G,A,0.0185124169165779,2.01850621492734e-18,9.88045313477817e-13
15,31552997,A,T,0.0760298404764951,5.57174479990972e-14,9.74917193473632e-13
15,31622974,G,A,0.0154053563839729,3.0549341004276e-18,9.29225099565565e-09
17,71207094,C,T,-0.0174987170791595,5.01332196658921e-26,1.01033889549633e-12
17,59794627,C,T,-0.0181852128655662,6.36213980525685e-23,1.12388110313093e-12
17,37770005,T,C,-0.0220940474310542,1.06576599319777e-25,1.42123882379344e-14
17,38238725,C,T,-0.0199285451519073,9.65363627125797e-24,2.56149689759208e-12
03,176904954,C,CA,0.0179519314459531,4.42445230297719e-38,1.20088086652153e-12
19,1277427,C,T,0.0320215206301578,1.27907632801791e-13,1.22528369344567e-12
19,1063443,G,A,0.0206663330915937,3.62851388773979e-14,6.19668245808189e-11
19,788177,C,T,0.0169919961660529,4.97725268652511e-07,2.86394240393387e-06
02,152409809,A,C,0.0170510745239409,4.36269800013339e-23,1.55845116513685e-12
02,152218231,G,A,-0.015816794134546,1.2060208150115e-06,3.64051789862286e-06
06,110734999,T,G,0.0207583444686721,1.73903202852367e-16,1.56415793455013e-12
06,110257352,C,T,0.0173195863574975,2.07078806345789e-14,2.43328298634065e-09
06,110245755,G,A,-0.0211021121926795,1.92788676603105e-07,3.49264309615378e-07
11,64004643,C,G,-0.0401966092030948,8.26677006574126e-14,1.62722464597117e-12
12,48499131,T,G,0.0162825003692011,1.60209936795587e-24,1.70029599547182e-12
12,48160770,T,C,0.0197341038496153,2.89253803322176e-12,1.8303651730194e-11
11,47468791,T,C,-0.0183814212963132,2.28043902098627e-21,1.98274835939745e-12
09,20833244,A,G,-0.0191923516340522,6.80039700964196e-20,2.03501356525401e-12
16,68689419,A,G,-0.0190474350133078,1.116141789845e-17,2.30856523922702e-12
16,68304242,G,GT,-0.0327085973941198,1.33527134957028e-09,5.02201695315938e-09
16,68322036,A,C,-0.0323541657268281,1.72240172754196e-06,8.67869173294046e-06
03,178865976,G,A,-0.0723320184885252,5.65414542487101e-10,2.39204394379099e-12
03,178740422,A,T,-0.0132046304585275,6.64701479179967e-11,4.4116241387891e-12
03,178865923,G,A,-0.0392746645314218,1.37876067110038e-06,2.16546259700028e-08
10,96156493,TA,T,0.0173234228332829,1.23141663039468e-29,2.48999103101597e-12
20,62711459,C,T,0.0143484085757264,6.39365092447794e-18,3.21060629686805e-12
20,62321128,G,A,0.0574528975005913,1.44896318391023e-12,1.01290150071479e-11
20,62441599,A,T,0.0173688908766919,5.72153165367238e-09,3.04233133788935e-10
18,46448877,C,CCTCT,0.0167416686780449,5.67224416629317e-32,3.25402242413444e-12
X,48326779,C,T,0.0346085343191766,7.44690719981067e-13,3.31900854752454e-12
02,86987987,A,G,-0.0176432517668729,8.82160976443905e-23,3.38243852180449e-12
14,55464926,GA,G,-0.0175068994842489,5.28100361920195e-23,3.65876391864697e-12
04,103438439,A,G,0.0167746432574535,1.69886098628988e-26,3.85694748440112e-12
02,53989322,G,GTG,0.0186810761092721,7.15054016107069e-23,4.41373566750219e-12
12,111905245,C,T,-0.0256036213564796,5.21559101561792e-15,4.82956613008537e-12
15,78546918,G,A,-0.0523185415777588,3.79765394512033e-10,5.85037394178329e-12
15,78775093,G,GT,-0.0170954876429313,1.19653589540973e-12,1.1464588674388e-10
X,74146249,T,G,-0.0282666266162369,1.16730264306607e-11,6.31811108483655e-12
X,74188051,A,G,0.0247034473447016,1.46990559404213e-10,6.61661179144925e-11
19,44260929,C,T,-0.0223577583908512,7.79422557967907e-16,6.36278568363612e-12
14,103847760,C,T,0.0305150034579338,2.66024075734929e-09,6.82329746085985e-12
14,103796002,GA,G,0.0112985709482562,2.33372938754225e-11,8.08262218265626e-09
04,69339933,A,G,-0.0188087603413637,7.06674813121408e-13,7.33286677979073e-12
04,69534943,T,A,0.0147473406555303,6.09311630062123e-11,7.28646862341833e-09
04,69771283,C,G,-0.0176935205530418,1.75049289156615e-07,1.92957014914967e-11
20,8607426,T,G,-0.0167665898838074,3.00286260502175e-24,7.7983692444678e-12
14,105709606,A,T,-0.0184688998035569,1.75973487565407e-20,9.61481567400653e-12
07,6100881,G,A,-0.0161690397332283,6.00667648953806e-29,1.03803716026848e-11
11,127951980,G,A,-0.017180040560304,4.24019033954779e-23,1.04337618528858e-11
14,65095844,T,C,-0.0200577349588942,6.54444762003717e-28,9.66160346336527e-18
14,65392414,C,A,0.0159672316519481,2.33679278254419e-16,5.70529854908986e-11
06,36999980,C,G,0.0797418097854702,3.89400819354213e-12,1.26262379013605e-11
06,37455642,G,T,-0.0136262245763311,1.30749044757515e-16,5.39527586209668e-08
06,36557976,C,T,-0.0150022584072444,6.46343845086081e-10,4.57389698604757e-08
02,113844384,G,A,-0.0164450415968691,1.58112063233201e-24,1.29819191382494e-11
12,6739907,A,C,-0.0140777393230893,8.24126499336412e-12,1.57966259764621e-11
12,6493100,G,T,-0.0113315365005305,3.63614410468751e-08,5.93547732031504e-09
01,234734956,T,C,0.0161832119664167,1.27197155545635e-27,1.58573386229161e-11
01,3691528,A,G,-0.0192204015123759,9.9721866142288e-15,1.5937563685743e-11
01,3209923,G,A,0.0119059798148933,5.82862650588428e-09,3.33557316157161e-06
11,116648917,C,G,-0.0236632519276883,1.02448793078948e-14,1.63455954264282e-11
02,160684717,T,TATTTTATATAA,0.0143614483896928,1.20041239739315e-24,1.6781783637555e-11
02,160592889,C,T,-0.0377949357032043,2.25250651279862e-08,1.87903769778957e-10
18,57328396,G,A,-0.0236619408482878,1.86893654790942e-14,1.9575851788757e-11
17,56525494,CA,C,-0.0153431445290588,7.81640145822161e-14,1.99912986290796e-11
17,56436109,C,T,0.0179796251344033,2.9092915780192e-10,2.54154636363802e-11
12,12883648,G,GTT,0.0236167700394688,5.7648628089854e-12,2.08580645189015e-11
12,13123866,G,A,-0.0336385774411654,4.32840383816566e-08,5.29347781329848e-08
12,12554861,T,G,0.0115100212396631,7.11779919076568e-13,6.53030800726884e-07
07,43664280,G,A,0.0186677435570971,1.13801430208598e-17,2.26593334102601e-11
X,123291287,G,A,-0.0155398688296178,1.17693467314583e-15,2.39245289240705e-11
20,42291848,G,C,0.0349473833557103,1.86285870953388e-12,2.43624255563681e-11
20,42309489,A,G,0.0453668101089165,4.20600790188475e-11,8.74283690213765e-10
20,42658181,A,G,-0.0158725651069743,4.8353361239596e-18,7.76283744851399e-11
06,52630269,A,C,-0.016532964641619,3.71212212140054e-22,2.46903400704602e-11
08,98708415,G,C,0.0299520973300755,6.18325334706286e-13,2.52345890616516e-11
X,75127169,C,CT,0.0272045367980503,2.54016634950007e-11,2.67600716740624e-11
X,75251358,G,GA,-0.0268725492365484,2.73770750428994e-08,1.24892971456401e-08
17,74478576,G,A,-0.0211001182034851,3.00314417319166e-15,3.13368112984705e-11
20,21368007,AAAGT,A,0.034357671710222,8.03442990258851e-12,3.52747097599607e-11
20,21657502,C,T,-0.0433186289749462,9.12427393664414e-07,5.93626148974074e-07
07,17814536,A,G,-0.0153302165421,2.49129072261012e-16,3.9997031957877e-11
07,18293221,C,T,0.0110100884680958,5.60996141337734e-10,1.51127155447557e-06
15,64536565,TA,T,-0.0243088770751892,7.36581532362459e-14,4.01493179437236e-11
08,108399967,G,A,0.0158421696454966,1.33081338128395e-24,4.58119136748741e-11
07,124427517,T,TG,0.0174108333971428,8.05074215220265e-19,4.6385658610853e-11
X,63797042,C,T,0.0310266569433155,7.11263433837761e-11,4.88719464027566e-11
X,63502775,G,A,-0.0194655156905682,7.29819914054089e-07,3.62541614733264e-07
11,111644824,A,C,-0.0166192539488409,1.45618708603739e-20,4.88812532687546e-11
22,39044560,C,T,-0.0173331374129662,5.88259790201716e-19,5.02952006637843e-11
09,91392686,TTC,T,-0.0350263308709777,4.48925424977607e-12,6.36583320580154e-11
15,66998857,C,T,0.0163520247747637,2.81983186851231e-11,7.99965697454282e-11
15,66612760,C,CA,-0.0145525130894754,4.77602382941286e-09,7.28276945255204e-07
15,66937421,G,A,-0.0121726541080564,4.89906380765633e-12,2.43857372444186e-09
12,132434391,G,T,0.0424606069969584,3.67660146083039e-11,8.01473808628862e-11
12,132602222,C,CGGGCACCCTCCAGTCACAGGCCAGAACAGGGGA,0.0213382334816723,8.17748309744871e-09,1.18274788674159e-07
10,127532782,A,C,0.0157247762191551,3.65906747240163e-24,8.62420384196981e-11
11,9764832,A,C,0.0161643285019083,2.45243271914652e-21,8.82731684830567e-11
09,85128518,T,G,0.0176637782292232,8.07556403740252e-15,8.86909038701907e-11
09,85161130,A,G,-0.0544934836054639,1.65226354951401e-08,3.07913051623779e-09
18,51704334,C,G,-0.0161605575626354,1.70437704304688e-21,9.09447984249719e-11
22,24613952,G,A,0.0216836892178636,5.03846174189816e-14,9.48228326278157e-11
13,113820136,C,T,-0.0169903706487515,1.25058393252268e-15,5.54680567089584e-11
13,113349819,G,A,-0.0220183734990606,8.29766057714216e-11,9.69531831459705e-11
16,31002720,A,G,0.0258452867150796,8.17701149806332e-47,4.79865795730449e-28
01,29567412,T,C,0.0154458761849326,1.44475690042382e-27,1.04836231782246e-10
17,45811354,C,G,0.0292729088358714,2.27103368934714e-12,1.13887120087423e-10
09,34116083,T,C,0.0228822127961555,2.85771321656228e-13,1.31947659474059e-10
18,666625,C,T,0.0209369027964279,5.34158871910507e-14,1.3525973063094e-10
16,67239386,T,TTTTG,0.0492384348888223,5.08677356338148e-22,1.19287524516804e-24
16,67876823,A,G,-0.0387755107139964,2.37652415686411e-18,4.53942744933534e-10
16,67260418,T,C,0.0456090839810463,1.30093682653628e-11,1.85058093891122e-21
01,23746625,T,C,-0.0217365565222966,6.54476861862584e-20,1.19707669309203e-13
12,24210675,CA,C,-0.0468247210093551,2.10131805699876e-10,1.47552723200885e-10
12,24146798,AATGT,A,0.0118360301748227,2.16307549910489e-13,3.5326093809246e-07
03,12298302,G,GT,-0.0163186778644114,4.37853545046143e-20,1.49588216961178e-10
10,24858390,A,G,-0.0179011367175242,9.07801267813185e-17,1.52400422721753e-10
05,111061883,A,G,0.0284030257990734,4.47750944210726e-12,1.54950744558157e-10
01,209936914,C,T,-0.0181786565282798,4.69324494699309e-16,1.57223984294226e-10
17,21279486,A,G,0.0161262924314712,6.99169159760255e-22,1.57701032945444e-10
02,197060126,T,C,-0.0227291736987528,2.54449891175498e-13,1.61232541471048e-10
01,225961391,TA,T,-0.0228893008623569,5.18156147915757e-11,2.16964594728694e-10
01,225588376,T,C,0.0173212561996662,3.30585482321489e-10,2.77096319884979e-09
01,226318630,G,C,-0.0554014439880993,2.70236709015114e-07,5.44974000233009e-07
14,91988576,T,C,0.015140419475251,1.8923506798212e-24,2.20225190943239e-10
06,127666751,C,CA,0.0168046422165528,1.02087587562176e-20,2.40138584472357e-10
08,103339661,T,C,-0.0150931856362457,1.13288707333657e-24,2.46498563589542e-10
02,71618599,C,T,-0.0158375964350173,1.83664592349404e-19,2.61976634624028e-10
01,242034263,A,G,-0.041952382120303,6.04098005957974e-11,2.76142631757291e-10
03,122197007,C,CAAAAA,-0.0217057779652134,1.38319335947656e-13,3.07235947379827e-10
10,89655242,C,CA,-0.0137416916216544,1.77547185986155e-17,3.48282966215428e-10
10,89708994,C,T,0.0312265073831331,8.60950808809196e-07,1.95516126657955e-08
01,46593014,C,CA,-0.0156481548359087,1.81116376062222e-21,3.52878624642728e-10
07,32917550,G,A,-0.0153338895182982,1.69410170075522e-20,4.38136370776206e-10
07,129602879,G,A,0.0191802662346013,3.78254603890511e-14,4.68410697626643e-10
10,90753062,ATT,A,0.0147434547972472,4.04140764050019e-27,5.17384094630701e-10
05,87072058,T,C,0.0199910023470613,2.05466143405763e-17,9.12631803844168e-12
03,101326696,CT,C,-0.0158307968767417,3.06734542901891e-21,5.34306783121767e-10
08,86260295,T,A,0.0151666758647788,2.86661708492014e-22,5.40048818360543e-10
07,1112312,C,CTTTTTT,0.0147070330413401,2.17157510512697e-26,6.23121949256537e-10
08,130693402,G,C,0.0257265782670809,1.98165328333583e-14,1.74232594065356e-12
08,131189480,C,A,-0.0155484123146462,7.55715962071837e-18,6.28643277967064e-10
06,140822904,CACTT,C,0.0316425230523594,9.33826917663126e-11,8.3660253866398e-10
06,140350893,A,G,-0.0716503189926055,1.97555509956478e-09,8.96030526915484e-10
06,140769479,G,A,0.0545133257356256,3.02799272129328e-06,5.95947694602292e-06
08,135631040,C,T,-0.0149294796959105,4.18858249128491e-20,8.79832461549225e-10
01,51746188,TTTTC,T,0.0235302192577109,6.19700874295764e-12,9.15548234270267e-10
12,27039863,G,C,0.0228954857500497,2.69672016329489e-12,9.59441222916169e-10
12,26572623,A,C,0.0214508929829143,1.00031481560444e-06,9.32356589132501e-06
06,135227089,C,T,0.0769125128198775,0,7.19357900824178e-190
06,135337655,G,A,-0.11113282017006,2.39492936096739e-129,4.91546701336023e-153
06,135147576,C,T,-0.168027937931287,1.87384426003626e-84,1.50939560648236e-37
01,44497249,T,C,-0.0158029702952297,8.90250143071683e-18,1.00581931750425e-09
15,44027885,T,C,-0.0467290816954389,3.13629830448012e-10,1.08734044979654e-09
04,7075827,G,C,-0.013927369306036,1.24320621700159e-07,1.16714783108127e-09
04,6919661,A,G,-0.0117488699070414,5.84997792784748e-09,4.02518870909296e-09
17,79525660,A,G,-0.0194452760359248,6.40230591428539e-13,1.1747954281362e-09
07,27208018,C,T,-0.0146127770083971,1.3807748306649e-20,1.74047582800335e-09
19,34852626,C,T,0.0392715113434986,4.75021952629785e-10,1.77372545881843e-09
07,123442306,CTTAAA,C,-0.0258353355850423,5.22458957155705e-11,1.83966014765623e-09
15,41000508,C,T,0.0195884287571453,1.65824618624516e-12,1.88941123478414e-09
03,185522780,CA,C,-0.0161369359364265,1.58184419059486e-15,2.15674677602179e-09
11,65309864,T,TTC,-0.0287802918688462,2.19161266348936e-14,3.25104983331105e-06
11,65189438,G,A,0.058799275487616,1.05293404668511e-07,4.09813183390734e-07
02,62163940,A,G,0.0202730016731459,8.2455083658699e-22,1.66992142046406e-14
02,61730787,C,A,-0.0161860297548941,1.73549976893155e-14,2.25168490467223e-09
04,128469565,A,G,-0.0677813982932465,1.48850995022302e-09,2.30543713562162e-09
12,50672793,C,CT,-0.0144674571433433,7.98768181575088e-21,2.34229820230916e-09
03,128752986,G,A,-0.0357599515449419,1.69988990679256e-08,2.37648990388477e-09
03,128366051,A,T,0.0142537089206953,1.17627494236292e-11,7.34930829402041e-09
19,46368222,G,T,-0.0243403995960936,8.46615176096126e-11,3.22863371274942e-09
15,75125645,C,A,-0.0137137822988138,8.55296673727924e-18,8.29360361745415e-11
15,74629723,C,T,0.025202115630117,1.79970554664145e-07,3.41833469773988e-09
19,4064057,T,C,-0.106270732608064,-99,9.24807958908627e-72
19,4366219,A,G,-0.105741798995746,-99,7.34428677690777e-129
11,16410499,C,T,0.127383408955081,-99,5.33501559227764e-17
16,31407528,C,T,-0.0356019787341769,-99,2.82990735815317e-12
04,38953016,A,G,0.0338279396974751,-99,9.9211125313436e-14
11,65086603,A,ATT,0.0490351267575391,-99,1.85436052156739e-13
11,67024534,C,T,-0.10197346169331,-99,5.80800704019927e-35
16,67030843,C,T,-0.231081856890979,-99,7.31308891967036e-08
16,89043454,T,C,-0.0804003763912703,-99,3.47735524943269e-19
07,92260260,T,C,0.0436539877073634,-99,1.18672800014254e-15
10,104382673,A,G,0.0296206771435035,-99,2.87796925196588e-17
02,111807677,G,A,-0.065023121545162,-99,2.37819095665696e-46
13,113479820,G,A,0.0268373138947918,-99,2.41117483697742e-07
01,199010721,T,C,-0.0881596108870814,-99,1.22135927587759e-51
