chrom,pos,major,minor,beta,p_value,gwas_p_value
22,37445668,C,T,-0.116137104151851,0,0
06,26005023,A,T,0.149267681251487,0,8.86367463783501e-262
06,25918225,T,C,0.271029416254009,0,0
06,26082215,GC,G,0.153304077962505,0,7.72333489144978e-279
06,26093141,G,A,0.277083855982214,0,0
06,41748263,C,T,-0.103951417799646,0,0
06,41921241,G,T,0.0940988737900491,8.82064050300393e-278,0
06,41706629,T,C,0.123225115524579,6.76388995124405e-97,1.83817337504403e-20
06,135402339,T,C,0.224139177433323,0,0
06,135285055,ATC,A,-0.0805748258720334,1.17962280553806e-202,7.05843111521571e-65
06,139838419,A,C,0.0825775520452794,0,0
06,139828314,T,A,0.128492251403312,2.81885106409368e-88,4.15159731556035e-164
04,55408875,A,T,0.101088458104037,0,3.47743141675026e-294
06,109615603,G,T,0.0754779029014129,0,4.56247650336608e-221
22,50971266,C,T,-0.0796956418059541,0,6.00183446579085e-219
20,55990405,T,C,0.06838850423048,0,1.05442268552754e-181
16,170328,C,T,-0.0708893386062433,0,1.48654469882059e-180
16,193224,G,A,-0.189687328533926,6.3166417037953e-66,1.45761229380793e-49
09,4852599,A,G,-0.0820558502988982,1.38614738704706e-266,7.94903800976885e-175
03,142311131,C,T,0.0676009338163388,0,4.95889310239765e-173
07,100240296,G,A,-0.0676048766658019,0,2.20116195593781e-168
19,13000550,G,C,0.0650963317546006,0,7.06504540890981e-159
07,50427982,G,A,0.0615906887396809,0,6.8786175434091e-147
03,195830380,T,A,-0.0674419756301303,4.58429653069912e-249,3.01928983960466e-138
03,195917964,C,T,-0.0653504997418884,3.86025850757043e-95,5.18032323643371e-72
06,28785085,T,C,0.109421455825254,1.09495004389444e-197,6.06471715372714e-149
06,28600576,A,G,0.125376179942022,8.90638261597028e-92,8.80128993429159e-72
19,4502201,C,T,-0.0482511965804738,3.53684937406953e-126,2.49629895790767e-129
18,43839653,T,C,0.0644635892977694,6.01387556342857e-205,7.01257158232518e-123
03,24334511,TTTTG,T,-0.0574178907453815,1.95625647115069e-220,3.22791410314246e-111
02,112167931,T,C,0.051194314148489,5.52094182841969e-112,3.61066694834867e-109
02,112145488,G,T,0.0642059048703775,9.88474544243042e-92,7.90528929630381e-102
15,66067206,CT,C,-0.059365146997998,1.05237310968643e-180,1.66626677544587e-106
19,33754548,C,T,-0.0804511119431799,5.20177456151856e-87,4.17287983858512e-100
19,33750393,A,G,0.0392706590938741,5.60152347788663e-66,1.60224535878132e-39
19,33742998,T,G,0.0362145964855198,2.01570240692507e-43,5.3846793934242e-22
10,46005429,A,ACCACTGAT,0.107850419254316,2.56971229767426e-133,1.9277494128077e-99
10,45974016,T,TAA,0.0347857872572523,2.85040837667636e-54,7.10021090708611e-19
22,32886477,T,G,0.0382537124636515,5.88839621619157e-122,2.90731533182047e-99
22,32900670,A,G,-0.0370470178277046,2.01069340184401e-53,2.35923860026779e-83
01,248039451,C,T,-0.0512199829042637,2.96946415376033e-183,3.39879456645689e-92
02,60629438,TAC,T,0.0492182411926894,7.88894172877795e-220,2.57163504063118e-91
14,65487694,T,C,0.0474749843304547,3.75992863214215e-229,2.1054761760288e-87
10,71094504,T,C,0.0752471675963531,1.97031603124626e-108,4.31789915024736e-87
12,121151062,CTCTCTTG,C,-0.049692466099222,1.15555765635477e-164,6.48732778854422e-78
12,120878530,C,T,-0.0265860716779125,8.01666651279266e-41,3.23908627301948e-13
06,16281187,C,T,-0.048165589058463,2.01329450587246e-121,1.21340832287174e-71
01,198552088,T,C,0.130440652235031,6.28693613132873e-76,5.30755508414189e-70
17,19937918,C,CTTT,-0.0417456051460229,1.16920035745528e-192,5.25939886248697e-69
12,4330507,G,GA,0.050763073536085,2.67923990810548e-104,1.67253554883291e-68
10,45388231,C,G,-0.0463502820398524,4.23218146411537e-136,4.11917511942255e-67
10,45866149,A,G,0.0588894643418101,2.47498339725483e-50,2.02324335182902e-35
10,45878800,G,A,0.0327013981666769,1.06882479769727e-25,5.94433764088476e-09
06,25452783,T,C,0.108647868013314,3.97475694789597e-165,2.09198900313823e-276
06,25427508,C,T,0.1448422328519,4.65798295616934e-89,1.48661456602016e-66
06,25314597,A,G,0.0571168873276666,2.29671086944792e-27,8.61717139442857e-165
17,27178761,C,T,0.0509487150300941,1.28941666394692e-95,9.9678533182303e-65
01,158584410,G,A,-0.0370285545921651,1.23435214391218e-74,1.88421142509512e-60
01,158638260,G,A,-0.153131775503176,1.04171889842223e-43,3.37862082523633e-41
01,158618455,G,A,0.025297272946525,4.91602040730382e-31,6.25648541545754e-50
08,21767275,C,G,0.052505933090863,9.68969527552781e-82,1.04525036816602e-58
05,1284135,C,T,-0.0293709879804709,2.47920898320884e-29,1.21866762892015e-57
05,1104938,T,C,-0.0326243960901433,1.58299817267275e-63,5.86195912764763e-40
05,1287194,A,G,-0.0282589989201269,1.91931736690634e-36,1.44290072709356e-50
01,47670911,C,T,-0.0375655417803604,2.57592255624767e-147,1.00488583798882e-55
09,136128000,G,C,-0.0785672007799595,9.06688983984429e-63,1.20538522372119e-55
09,135864436,C,G,-0.0400802281962275,3.37333160982985e-17,2.43837145172209e-15
22,21966442,G,A,-0.0466800663975766,3.17991275851596e-79,4.03974111111221e-54
05,154034176,C,T,0.0614992470315551,4.19442240048206e-63,2.69689007112883e-52
06,30382328,G,A,0.0812643465676876,1.59290921154107e-153,1.79164915180295e-99
06,31312538,G,A,0.028441463688128,7.18776642757923e-50,1.20883480120865e-09
06,164478388,C,A,-0.0345858416409795,2.06619394423824e-123,1.16776089151112e-47
16,30103160,C,A,-0.0351083908000188,4.29409149973613e-109,1.18444607425656e-47
17,76124810,A,AG,-0.0423162046057192,3.19096797277168e-75,1.04016092890782e-46
17,76183233,C,T,0.105215222124484,1.31422944100643e-22,3.40286491114019e-20
21,35150947,A,G,-0.0357252597222113,2.75056619438556e-93,6.318517314621e-46
01,25600747,C,A,-0.0329217211406282,8.34336072886325e-101,8.17447678266459e-43
01,203281175,C,G,0.0327333279934024,1.8798366521038e-101,1.56513407881544e-42
01,203660838,G,A,-0.0282478814807714,2.30866722300175e-13,4.4795411695144e-12
04,122798413,T,C,0.0332607979968736,2.43841893475147e-96,1.67205189416461e-42
01,205201325,A,C,0.0325680613860272,1.48105092710389e-98,1.34487270941277e-41
16,87886545,C,T,0.037613678007065,4.56142922241035e-66,5.71869005499192e-41
13,76061013,G,A,-0.052928013754628,1.18572057510861e-48,4.76638815940246e-40
11,19250164,A,C,0.0353486889349582,8.60296702432275e-72,8.11946321247249e-40
11,67196544,C,G,-0.0277648204500711,1.07390971186456e-63,3.14403035228468e-39
02,8756183,C,T,-0.0318281472426995,2.93943968834297e-84,1.77682983063406e-38
08,41630447,G,A,0.0339001542775949,2.71835027041919e-51,1.72497319977126e-36
08,41549491,G,A,-0.0468489861870457,1.13544112147838e-13,1.37711998754508e-16
04,87968798,A,T,-0.0365895622523355,1.81625954030971e-52,1.38245522410812e-35
03,16929593,C,T,-0.0473066606774466,8.28355303293136e-31,2.87731833118195e-34
03,16970938,A,G,0.0264563928346604,1.27756296156154e-38,2.52867235515863e-26
03,17098399,A,G,0.104781085100463,4.16558965724984e-17,2.51024283820529e-15
19,33073431,G,A,0.0318278424713334,2.31099573784805e-61,2.93639589241409e-34
20,52230030,TAGATAGCG,T,0.118857622572726,4.82151632847651e-35,4.82517086626122e-34
20,52553882,C,T,0.0167635133975219,6.08660795827123e-14,2.97006541341392e-09
20,30401406,A,AG,0.0335173287245803,2.63295774633037e-37,8.00642126332417e-34
20,30673978,G,A,0.016468035338249,5.82199039505852e-18,7.96751579580499e-14
11,16664123,T,C,0.0259267713725907,2.25595541822093e-51,1.02417227860471e-33
11,16248275,G,A,0.0311586056753604,2.98432183249607e-17,1.88464921716217e-16
18,60920854,C,T,0.0844064101722814,1.9056655647661e-35,1.65521132746574e-33
03,141314819,A,G,-0.0255091481703763,1.83505955165591e-33,6.08600679746457e-33
03,141248515,A,G,0.0411126705685774,2.30010983636219e-20,8.13108722117543e-28
03,141651302,A,AT,-0.0187793253415184,1.15421735342994e-21,9.31902034089379e-15
03,20105673,G,A,0.0304869684523142,1.88078614998665e-60,1.30971022760174e-32
14,23495048,T,C,-0.0316566329253805,5.6563829118395e-57,1.60106114319285e-32
01,23840570,C,T,0.0283768571551413,4.84402544944561e-55,2.06204571654144e-32
01,24165186,C,G,0.0158896798439329,3.63795598080139e-14,1.65672877937491e-09
06,31325320,G,C,-0.0283771429482194,1.23286484929386e-53,3.33382903695419e-45
06,30900094,C,T,0.0329722011479252,1.96144559596667e-41,8.8192127658439e-41
06,31239518,C,T,0.0194909647972974,5.35837930808326e-21,8.50624935187252e-15
10,101301093,C,A,0.0320977104648125,1.94529529837058e-53,3.74848910829091e-32
08,23418122,G,A,-0.0227126847579155,5.71133014498541e-21,5.07380647374737e-32
08,22926498,G,A,0.0149923912017368,2.98457575869873e-13,3.80339109792146e-09
08,23449301,A,C,-0.0160411314175052,3.05230061957111e-12,4.16009401779438e-24
02,111906928,A,T,0.0914488416950744,1.51768122722503e-32,8.48482794681348e-32
02,111609385,C,T,0.0249671441954249,3.17444051879858e-40,1.60928307433321e-31
08,128965269,G,C,-0.0292311550184669,3.58377371189024e-64,1.76741627063385e-31
09,100753408,C,CT,-0.0347264120899527,1.0098506488259e-47,2.84153270159936e-31
11,33913568,T,C,0.0275865746745961,2.81902607474203e-87,4.92947168474584e-31
X,56752297,C,CAT,0.0302999736446003,8.19309515141121e-51,7.30462089241219e-31
X,56869925,G,A,0.0313723009973942,5.7154960627291e-14,2.22877342332571e-09
07,44872911,G,A,-0.0272605163606147,3.93350901303721e-87,1.30667445942694e-30
06,15142723,T,C,-0.0220163742940921,6.17709743234037e-44,2.72058818441539e-30
06,15177099,T,C,-0.0324365150798513,3.15502327064031e-12,6.71867310830229e-24
06,111509449,TCTCTCTCCCTCTCTCC,T,0.0401435413969615,1.38221950078941e-37,2.27370214438801e-29
16,30987380,G,GT,0.0262740032025115,2.04577408591632e-47,5.72504664207086e-29
16,31407528,C,T,-0.0176431397378288,6.21555971014991e-12,2.82990735815317e-12
06,31930441,T,G,0.0198063800972133,1.20655875896252e-31,6.16263216836951e-29
06,31432006,G,A,0.0416771823596433,8.60703376167453e-24,1.13061382259575e-22
06,31525912,T,C,0.0405071843693503,2.85965086232359e-17,6.6956507630509e-23
15,56545985,A,C,-0.0265783747246996,2.57560706620181e-67,2.60100308981874e-28
08,130624105,C,G,0.026651973973976,1.18710067122006e-67,3.39788927820025e-28
09,140100317,C,G,0.038667908067153,4.48463589134873e-36,4.86636700946288e-28
14,74241158,A,G,0.0763630269697242,1.01036597234593e-22,5.89486079130202e-28
14,74282037,G,A,0.0165099049193807,5.30744911795748e-20,3.10046078875035e-16
19,4476270,G,A,-0.0436861078148755,1.25971507419625e-102,3.94010184736226e-119
07,5234965,T,A,0.0413135075103312,5.52830602127841e-34,1.65317670328276e-27
04,15603069,C,G,-0.0258705979346077,7.806820531156e-63,4.585014211536e-27
21,46269526,G,A,0.0357280800130215,6.42438787504558e-36,5.21117630112073e-27
05,88191635,C,T,0.028125407591319,3.53530682113673e-34,5.34075698046018e-27
05,88180196,T,C,-0.0358591597797461,6.76798826275799e-14,3.45299754232238e-17
22,30543407,GA,G,0.0441277621637186,2.21853362864534e-32,6.45454691683057e-27
20,31125583,CT,C,-0.0257397754732082,1.08623974590653e-37,7.3581042056367e-27
20,30644320,G,GA,0.0239666716594942,2.72932749842355e-24,3.54918108205084e-21
14,37623674,ATC,A,0.0278564849392677,3.70994616382342e-48,7.66638234497819e-27
12,57146069,T,G,0.0416901179656079,1.39121235558539e-32,9.00118819541482e-27
02,43464818,G,A,0.0486695270844496,5.10215201417242e-31,1.14084694672152e-26
12,53743050,C,T,-0.0351958021841326,8.54574414467574e-36,1.16121959200794e-26
11,94886632,C,T,0.025943002512146,1.65469763647749e-57,1.51748032538415e-26
02,23901362,A,C,-0.0338323121917047,1.591105028439e-36,2.0762835579411e-26
12,88836215,T,G,-0.0274663820356921,2.68559704027456e-47,3.34765059930092e-26
08,30279916,C,T,0.0285207964459089,1.01111480056916e-42,1.12746463315372e-25
11,108087847,G,T,-0.0253842095259979,2.2474574185301e-59,1.2445205685042e-25
01,118251143,C,T,0.0637563614652231,7.22884111786213e-70,1.34406898767939e-25
01,118166096,C,T,-0.0513129914914735,2.24916120546736e-48,2.6342829696369e-18
01,118153977,T,G,0.0203213514151173,8.37819226322155e-27,1.93013620554371e-20
16,89772424,A,C,0.0254391244584245,3.51332891734331e-66,1.83085258812915e-25
14,102994065,C,T,-0.0257718495078949,2.98571089277717e-51,3.84469605835526e-25
19,8453504,C,CT,0.072116902983028,2.08567152667943e-26,7.64906304182802e-25
01,198571122,G,A,0.11873098441421,4.63509139178223e-60,1.0486430426379e-68
01,198613955,T,A,0.0164629591143639,5.29446612637884e-15,1.8150853618377e-09
16,67232360,T,C,0.0515852998987078,2.61427067166886e-28,1.12561224172963e-24
16,67616470,C,T,-0.0502889344599506,1.78860300628854e-13,1.01104619193561e-09
16,67519937,C,CA,-0.0378051639510522,7.48399396430316e-14,4.70664478709554e-13
16,28895130,A,G,0.0247511146388122,1.97655705496157e-55,1.55325177341102e-24
08,145134151,T,TG,0.039502114885499,3.76898667067218e-21,2.08780345111419e-24
08,145004944,T,C,0.0155439882851028,7.53994542397906e-18,4.14808091828891e-14
12,54685880,C,T,0.0474722190262729,9.99285182733093e-28,2.35025571323637e-24
17,29262773,T,C,0.0344462535509206,1.53930274505018e-32,2.40715481064779e-24
01,2996602,C,T,0.0286434699407567,6.98528386378941e-38,4.9160787184338e-24
11,4128845,A,G,-0.024626561252561,2.30301559160533e-54,5.04461226814396e-24
10,64924199,G,A,-0.0681238870197144,1.35864783588253e-25,5.07220471831741e-24
06,135812251,G,T,-0.0492562112230014,8.0521646046273e-22,2.01190608827519e-32
06,135670155,G,A,0.095410423751882,8.86999738842298e-35,3.57218530327748e-27
06,135622819,T,G,0.02759815796203,1.88725755952672e-70,9.94387165614663e-30
07,99579032,A,G,-0.0376080848731098,7.57282149703846e-35,5.37262733993041e-30
07,99521208,G,A,0.0696990232910861,5.08827206258135e-24,6.58095509709011e-26
07,98611365,C,T,-0.0532065311505171,3.51925658087821e-15,6.60523306758486e-14
01,68212947,C,T,-0.025730962872416,6.43344876059329e-41,7.33331726199429e-23
04,39294235,A,ATTAT,0.023437986315039,8.8406035060539e-39,1.22792799948223e-22
04,38953016,A,G,0.0178837488559364,4.9058039450507e-19,9.9211125313436e-14
X,55044188,C,G,-0.0657646915729039,1.73437177590849e-20,3.7248376449785e-22
X,55276825,TATATATATATA,T,0.02078815755336,8.02350621511867e-33,1.91880548049047e-18
X,55047741,G,A,0.0339179840195003,6.94928214367076e-14,1.20638201821908e-09
17,67081278,A,G,0.07660968476368,3.56051496204127e-23,4.06557993719912e-22
09,136950919,TTC,T,0.0311309421784301,4.79120695129249e-30,5.45343227653443e-22
11,66934509,A,G,-0.0443951987335528,1.74043823353361e-11,6.78897707197551e-09
11,2320013,C,T,0.035985337906569,8.84483649225615e-27,1.14804271437748e-21
01,20915701,A,C,0.023821596390809,9.22319960315257e-43,1.18683637144066e-21
22,36758547,G,A,0.0240530655539189,5.05255091493025e-30,1.31739756376141e-21
22,36425023,G,A,-0.0453051958695588,8.57141720881252e-14,3.72550260918672e-13
22,36677914,A,G,-0.0165206318057563,1.17625594824922e-14,4.18456792888137e-11
03,49320183,C,G,0.0269267712285024,2.9585898921224e-32,4.41984192908298e-21
16,89105007,G,A,0.0453524553999365,1.67983048171135e-20,9.95740529387204e-21
16,89043454,T,C,-0.0398919643418344,8.44004363350501e-19,3.47735524943269e-19
16,88730402,G,C,0.0192889392964842,1.10573601261207e-15,1.83623136231153e-10
02,236369478,G,A,0.0227201867232877,3.22695762892883e-46,1.41714799706392e-20
04,145025810,T,C,0.0223582400628516,1.71478568931347e-55,1.72523948304499e-20
05,173288534,T,C,0.0220376786278674,2.31945975533129e-49,3.06535090585574e-20
10,104791594,GC,G,-0.0229612105366911,3.049659007496e-41,4.22120441585825e-20
06,32784304,C,T,0.0605836766016209,5.0497495550827e-25,5.45556784977622e-20
06,32591313,A,ATCT,-0.0194286915491096,9.5408223073009e-37,9.88787008196043e-12
06,32585632,G,A,-0.0455540473240416,5.47492628089085e-10,1.18379970445695e-15
14,96003198,G,A,0.0252023094091205,2.55262840393443e-32,8.58223677885885e-20
19,18633437,A,C,0.0259680153933215,1.10316353047683e-27,8.97534198418607e-20
19,18433714,G,A,-0.0427460981681666,4.83181087215063e-19,3.68417964705158e-18
08,42454011,T,C,0.0219911320584129,9.12149397122564e-45,9.98967939466753e-20
06,44203319,G,A,-0.0238050572534019,2.30299753328385e-34,1.06532168390975e-19
01,26750983,A,G,0.0268076361121109,6.31000286693612e-29,1.07279628358233e-19
17,37399379,T,G,-0.0298983830201222,2.44212115139652e-26,1.25177155708099e-19
13,110407815,C,A,0.0229233853150941,9.61677163806953e-37,1.55194713669679e-19
06,21722916,T,C,0.0286483025538643,3.68314890866286e-27,1.57409931508807e-19
03,71256309,C,T,-0.0259707680659306,8.35699565509224e-30,1.85023063683506e-19
01,114932865,G,C,0.0245948183965627,1.13037895245598e-31,2.10610253273712e-19
14,70328410,T,A,-0.0286220685057802,2.57833824831548e-24,3.44726525595629e-19
14,70168599,A,T,0.021281145707125,6.11331266106409e-15,1.1058433916902e-11
11,61551356,T,C,-0.0222271001861573,3.71033728091533e-38,4.26537001004844e-19
03,88146330,T,A,-0.0290202416786426,5.48195550769412e-25,9.32442566582347e-19
02,58984870,C,T,-0.0305949458627843,2.61626331036645e-24,1.1691105226124e-18
13,41160270,T,C,-0.0215448359008943,6.24421349946209e-20,1.17646587186119e-18
13,41581930,C,T,0.0195954417306676,1.6758290358478e-15,6.91733488870727e-16
05,102608681,C,G,0.0219953642399093,2.19106544353155e-35,2.17307386887129e-18
12,21357753,G,C,-0.0289325693885833,2.83994747234659e-24,3.53883890895354e-18
21,36344353,C,T,-0.0214680943936255,3.61950315025657e-37,3.69452384119659e-18
07,92682609,G,A,-0.0326332806283805,2.03483683595232e-24,3.94594590041867e-18
07,92260260,T,C,0.0260631534403362,1.16629946192173e-22,1.18672800014254e-15
07,92638473,GA,G,-0.0417917943421297,2.89893013859958e-16,1.64691001637295e-17
05,67585723,C,A,0.0235013826771099,6.15505363782158e-30,4.27355976075315e-18
17,47857324,C,T,-0.0228093374916361,3.24922972816535e-32,4.52757758928682e-18
02,211543055,T,C,0.0223271051878934,2.93284475029588e-33,4.76018384357573e-18
06,34236462,C,G,-0.0477790002956198,1.11628857337944e-19,5.37640741923913e-18
11,65351364,G,A,-0.0230498069413824,3.63571702121009e-26,6.12908436825447e-18
11,65086603,A,ATT,0.0248746571706379,4.2662541031941e-16,1.85436052156739e-13
01,37931878,G,T,0.0206037753256987,5.53578809699222e-48,7.33514428924982e-18
06,110092900,A,C,-0.0463712193156614,2.21931592391393e-132,6.44140578844535e-55
06,109860860,C,T,-0.0437849926618447,2.06494247554871e-45,1.43257878929806e-16
06,109777420,C,T,0.0395102354979534,6.59542234797406e-10,2.3871379961806e-20
02,62357544,C,G,0.0213140132655582,9.87567426112377e-29,1.01121728008394e-17
02,62523565,C,G,-0.0191691839680435,4.19731414007326e-14,1.41742738626627e-11
02,174219135,G,A,0.0453202468445314,1.50037358714193e-19,1.1342204646065e-17
08,8862521,G,C,-0.0204398995959053,6.16507426759373e-44,1.35817768280897e-17
10,103885557,T,C,0.0182551639059615,9.47034610627143e-22,1.41803302048428e-17
10,104382673,A,G,0.0183430017093675,5.77086169536687e-19,2.87796925196588e-17
09,115914583,C,T,-0.0769867696912174,4.20900192908294e-18,2.14725045013071e-17
11,100473189,T,C,-0.0336888429729783,8.49906829190505e-21,3.20632039736014e-17
02,26291565,A,G,0.0248656588145082,5.205984732311e-25,3.76945460580431e-17
06,90981085,TAA,T,0.0206534326182183,5.32230570571717e-39,4.69393142663055e-17
12,10596117,G,T,0.02943639940495,6.80234559655564e-23,4.86892486511058e-17
08,141628541,T,C,0.0336796300797173,1.94092079248315e-20,5.34800381909981e-17
17,80516236,G,A,-0.0375039291147577,1.78051696568734e-19,5.95116143279594e-17
08,48885436,A,T,-0.0279829248535354,5.6127538636631e-22,8.31443286382568e-17
01,11881141,C,A,-0.0268779062756419,9.30176086998275e-23,8.93043800532116e-17
16,392392,C,G,-0.0845997643085431,4.18023726638811e-79,1.68667530425387e-57
16,354899,G,A,-0.038082573588003,1.45532158941697e-27,9.70671753904839e-15
16,364008,G,A,-0.116274962326035,1.16268325111782e-21,3.51460096244035e-17
19,15452852,T,A,0.0266519998436032,1.50185731823613e-22,1.57623162846351e-16
01,154395212,C,A,0.0197624475059878,3.64292078614593e-31,1.78131526671316e-16
01,154258549,C,T,-0.0164584623736919,1.29591570573758e-11,5.52328974052263e-10
20,4983092,G,A,-0.0206269107285688,6.64051852685061e-32,2.07698832003789e-16
07,98847097,G,C,0.0771492718784088,6.28833788675042e-21,7.18045334636464e-22
07,98495408,G,C,-0.0488325142968489,1.04482004382496e-17,2.28827263433465e-16
07,98881382,C,T,-0.0361065126019687,2.5338101257878e-13,2.96860707473234e-12
20,3742066,T,C,0.0265082922760443,3.96903962068078e-12,2.32127098023596e-16
20,4157072,C,G,0.0160082103347184,1.96574659454958e-14,2.60817145629847e-10
20,3778042,A,T,-0.0148376732473857,1.22001866414868e-15,1.37961493903687e-14
03,132226100,A,G,-0.0418556670376196,2.77198945495312e-18,2.73190477136205e-16
10,3886904,A,G,-0.0372467066122933,8.55635748385489e-19,3.42120047105064e-16
13,109412704,G,A,0.0194427994087951,1.79551344030688e-42,3.56889001273986e-16
14,68528028,C,T,-0.0267718756623972,8.60076404049412e-22,3.95789747643093e-16
19,17248866,C,T,0.0206220850637097,1.10061360653461e-17,5.15473907259729e-16
19,17252041,G,A,-0.0286015038720252,5.81432960440459e-14,1.20009132167094e-15
16,50044969,G,A,0.023825950885801,2.32401516156451e-24,6.40953165885931e-16
17,44102682,C,CT,-0.0194876942761686,2.72014950211341e-36,6.51748219877703e-16
17,7571752,T,G,-0.0882047944783129,3.03260144892406e-16,7.92722358666716e-16
04,146055117,T,C,-0.030213774746851,1.48861295849478e-19,8.84436532870971e-16
19,16248973,C,T,0.0275905302526688,1.70396659922633e-20,9.41129630519596e-16
06,35901151,G,A,-0.0208006915861494,1.34121607056509e-27,1.28210571421353e-15
02,65639280,G,GAAAGAA,-0.0193319625237975,2.55556453033223e-36,1.61574039738981e-15
13,31070212,C,T,-0.0701734532020541,1.98505539610441e-14,1.95274330983832e-15
13,31077592,TAATAA,T,0.0141110386769506,5.70966843253563e-21,1.58898741324277e-10
03,38207038,T,TGGGGCTGGGGTGGAGGGCGGGACAGA,-0.0554629296196294,1.53595654161592e-16,2.24744636446831e-15
15,75349961,A,G,-0.0247439124961462,6.4623270831616e-22,2.58067456500619e-15
11,16485301,G,A,0.0294445852181219,2.61614985396905e-51,6.54177794548379e-22
11,16359555,T,C,0.0411516292411551,1.26302245994105e-23,3.15788449943604e-17
10,47551967,G,T,0.0369460599035003,5.28210742807492e-20,2.87578266816704e-15
10,47557743,G,C,0.0507612744347195,7.80349839853463e-13,9.45751224265621e-11
02,239069926,C,T,0.0189080652894234,3.96359134162734e-37,3.09414243422989e-15
14,101176769,G,A,0.0216554539751265,3.06465309914321e-24,3.41287380425408e-15
03,133490334,C,A,0.0237144828016683,9.90043790496486e-22,3.53788455039242e-15
01,66013848,A,C,0.0199276034833011,7.68719285562138e-29,4.67058409651639e-15
19,4064057,T,C,-0.106270732608064,-99,9.24807958908627e-72
19,4366219,A,G,-0.105741798995746,-99,7.34428677690777e-129
11,16410499,C,T,0.127383408955081,-99,5.33501559227764e-17
11,67024534,C,T,-0.100166222007971,-99,5.80800704019927e-35
02,111807677,G,A,-0.065023121545162,-99,2.37819095665696e-46
01,199010721,T,C,-0.0881596108870814,-99,1.22135927587759e-51
