chrom,pos,major,minor,beta,p_value,gwas_p_value
09,113858933,C,T,0.0576878443457978,5.05552210439708e-134,0
13,28604007,T,C,0.523813136261363,0,0
13,28618462,T,C,-0.0626439185928421,1.06351285317434e-270,6.10141159029128e-66
02,182308352,G,A,-0.113906300500555,0,0
08,130604563,A,G,0.0925878588316537,0,7.31657161269799e-293
01,92925654,G,C,0.381679881859503,1.70695237158549e-301,6.40978962633204e-292
16,85936389,T,TGGTGGCTGCA,-0.0738659775950154,0,1.77120210077374e-263
16,86002593,A,AAAT,0.0779804222567981,7.32664890104267e-187,2.08399505397484e-222
03,128305302,G,A,-0.0723424437701286,0,2.34841647728641e-178
03,42906116,T,C,0.127022469588017,6.26599696429502e-147,2.91011380190433e-169
03,42900891,G,A,-0.0413172820751444,3.25319892248623e-128,5.95484337922536e-99
15,80260014,T,C,-0.0634727666281597,8.88557233993943e-134,3.30897523135643e-121
15,80189453,GC,G,-0.0297272094352707,2.62928495273554e-56,4.93933023301864e-43
01,150584103,G,T,-0.0671713225324807,1.05853101696491e-174,8.82659675589694e-111
06,31333963,T,C,-0.0554664545909025,1.39573506476734e-111,7.39755846865564e-107
06,31461372,T,A,0.0310364396390183,8.92092389291486e-67,1.14597505736611e-66
12,69744014,C,A,0.112245084556435,1.02187583504645e-116,2.25541353605481e-103
19,54326212,G,T,-0.0640444577036221,1.37688603610826e-149,8.161205326788e-98
07,50270105,T,A,-0.0515638307653698,9.24981078114131e-139,6.48116425272875e-97
07,50370254,C,T,-0.061571820128405,5.04903962381443e-80,9.03318528776034e-82
19,45744842,A,G,-0.058954525845193,2.74260570274526e-160,9.96117461938429e-95
13,41002641,C,T,0.0535770216786199,4.53381962378387e-185,4.16410846398074e-91
17,81075836,G,C,0.0552439363414811,3.33925499597269e-278,7.51565129928409e-91
01,236105910,C,T,0.0804309334766888,8.56852611795882e-111,1.40321331251761e-89
14,103847287,A,T,-0.0565678670810137,2.34501257759698e-150,1.09610927271636e-88
20,48887268,C,T,-0.0536251359868596,4.54517938642342e-78,9.54053437793433e-87
20,48955424,T,C,-0.0431318296944375,4.19561115419145e-80,1.27306658654417e-58
20,48906967,T,G,0.0302068488115068,1.66094945501097e-46,1.77888101702067e-64
06,29890406,G,A,-0.0548179977490389,3.26802345451717e-160,1.42076470619385e-84
07,92408370,C,T,-0.07965967789514,4.12991596406933e-93,1.70523513604888e-77
05,149501803,C,T,-0.0476168662776468,2.18703260747781e-99,2.49869692302748e-76
05,149483427,G,C,-0.0299339075419631,8.6993298117085e-44,1.01384023088644e-35
20,31191015,C,T,0.0486221183235008,2.78994763085558e-89,9.51294500271568e-70
20,31037693,C,G,-0.0250463309132601,1.74030370975292e-37,2.04104474065838e-26
09,113865102,G,GT,0.0789286472279197,7.71047271299142e-268,0
09,113864545,T,C,0.0253316264718087,1.36956625731123e-44,2.1386187406101e-82
14,23589349,G,A,-0.0421564615042557,1.44584604169894e-159,6.10590737368564e-63
12,111884608,C,T,0.0411290417626393,1.62942451290136e-171,2.73111000652504e-61
10,99111751,T,A,0.0370782999443562,1.28119211722865e-59,3.74292768991878e-61
10,98998195,A,G,-0.0261941554482453,1.47935006237905e-42,6.87501334588247e-48
09,91533616,C,G,0.0403499606960533,4.96508205646491e-83,5.27118959147314e-61
09,91492779,C,T,0.0267285176398743,2.64078861976107e-24,7.69338207256099e-28
09,136145404,C,A,-0.0456263263211832,1.13048222290592e-109,6.40836750321394e-60
10,25217783,G,A,-0.0419117332261159,2.13915860134984e-127,1.28931289389185e-58
12,6493351,G,A,0.0457403204880471,1.79251772932879e-63,1.99952226180364e-58
12,6445982,C,A,0.0209693826335303,3.0428710755037e-32,1.14436113739646e-21
17,56386607,G,GTCCTCCTCT,-0.0826298958951793,2.72005343907801e-46,3.29821924637259e-58
17,56410041,A,G,0.0293807260573228,1.41687431378143e-77,3.1949842311744e-48
03,39307162,G,A,0.0524983678050251,5.28425235529778e-81,1.35408814726811e-57
06,82463477,CTT,C,0.0407619965535407,8.63652108000954e-98,1.12863154882632e-51
02,111752151,T,C,0.148362556292343,1.39764439279505e-62,3.44160689437059e-51
02,111753076,CAAAAAAAAA,C,0.0429821223517411,2.30336956708533e-34,1.12586779955586e-29
02,111910694,C,T,-0.023133758828787,1.56574423294737e-36,3.16738083590303e-16
10,101292390,C,T,-0.0376577879587928,1.92785576135357e-103,2.73181089915075e-48
11,122519979,C,A,0.0551601563228995,5.38410451015812e-61,5.40195841814622e-48
19,44281898,G,A,-0.0371078277275468,4.66047257657161e-102,3.11511990882549e-47
17,57879610,G,A,-0.0282583843155577,8.14553177528923e-59,2.39353625785495e-46
17,57893149,G,A,-0.0462217342525522,3.99865175096649e-21,2.28620094712003e-40
06,41978609,ATCT,A,0.0406334572209413,9.79510911842653e-75,5.06548185035284e-45
04,7045070,TGCGGCG,T,-0.0351019624941033,8.53483106656862e-96,3.35771745381687e-42
07,6502367,T,C,0.0378675908526938,2.50507838976217e-73,3.37108017924708e-42
22,17579495,G,A,-0.0912748868884689,1.5872510712031e-35,3.77387732276985e-42
22,17675324,C,T,-0.0549948103294315,2.26352693362609e-22,1.45031794989204e-27
22,17589567,C,T,0.0233173855380231,1.00074054167721e-23,5.81136233439561e-22
14,25461989,T,C,0.0344607942140738,1.35751188978929e-93,2.43200899399663e-41
03,46406367,C,T,0.032302438474398,4.03379546261974e-51,2.67718122914922e-39
03,46319892,C,CA,-0.0238200177952226,1.42113201413267e-21,2.5872004193175e-15
03,46354619,A,G,0.0548013623967183,8.45453419331736e-15,3.43172104399741e-31
15,42248515,CAGG,C,-0.0442429394609928,7.1312602138814e-37,4.03079911404667e-39
15,42644790,G,T,0.0789649723793098,2.27055039967552e-19,6.42153109248715e-20
15,42226255,T,C,0.0193215258507114,2.82136861657904e-20,6.98434595861266e-23
04,83570300,T,C,-0.0412355185834093,1.78419502705055e-54,5.85088057314992e-38
15,64628454,A,ATC,-0.0492085302709948,1.67844675314795e-47,1.16953860579464e-37
18,60920854,C,T,-0.0995529097096102,4.94520937533749e-44,1.53297953996262e-37
18,60906684,T,C,-0.0255775222329103,4.08001703470768e-25,8.35203454631976e-13
02,136883823,T,C,0.0350558511028152,2.61571297204636e-60,1.56494261442028e-35
13,108960385,T,A,-0.112726660410362,1.53416645967472e-35,1.53055537221468e-34
13,108918867,G,A,0.0570084609301745,2.92957074690229e-13,3.5510123219053e-13
09,22151139,G,A,-0.0331072071684073,2.39956012327334e-20,1.79989407084738e-34
09,21990457,T,C,-0.0258383951709035,3.61560808775936e-25,1.46731712602321e-22
09,22144316,T,C,-0.0170726882472394,4.18620701271769e-18,1.62077451835781e-22
03,128667249,T,G,-0.0829776400609915,1.36974625792143e-41,8.77530979920224e-46
03,128459069,C,A,0.0392980846390452,4.78479414075335e-35,3.24834270336779e-29
03,128552757,C,T,0.0423178829126687,1.20628901753727e-14,3.44774491031984e-12
19,18398628,C,G,-0.0268633731431707,3.80503667389236e-30,9.30860749708988e-34
19,18116144,A,G,-0.03033602372601,1.25050680866379e-33,5.49942365336839e-31
19,18510925,T,C,-0.0249709441011999,2.10904091277303e-30,1.42603968856775e-29
17,72720728,T,C,-0.0322488258613066,2.99538789939265e-31,4.02821670501883e-32
17,72766252,A,G,0.0217232947715848,9.0020916897749e-41,8.68343932704046e-26
08,6880925,A,G,-0.0471385330561698,6.80068525665944e-36,3.6914905219206e-31
08,6696017,A,G,0.0231840845380782,2.5789867056627e-32,3.52717232431159e-18
08,6913031,G,A,-0.0226278899982715,2.17324090726729e-24,1.32836086325232e-14
06,135419037,AC,A,-0.0337415568376912,6.80756179706628e-38,1.06877590237321e-30
06,135659438,CA,C,0.0189056635136795,6.97399243919892e-20,3.91511405580344e-14
06,135043731,C,T,0.0205845325240094,7.8596636112925e-13,9.63188759788233e-12
12,108711079,C,T,-0.0295867370164634,1.51926557688097e-63,5.77480640331694e-30
20,8609588,T,A,0.0282962669677435,2.14341568169604e-84,8.82680784415327e-30
22,43549646,T,C,0.0289422944475161,1.06030127351383e-71,1.02087744796809e-28
08,116584677,A,ATT,0.0275197665615788,8.78318851999425e-69,6.95148150815481e-28
10,8467037,C,T,-0.0280134779591739,6.33663282864594e-60,1.80599873345142e-27
02,241569692,C,T,-0.034811326749333,8.32081344961525e-39,2.86190228539813e-27
06,7140831,G,A,0.0337527393070321,2.76390568696256e-34,5.20760537675136e-27
06,6709118,C,T,-0.0170537928431353,8.68450505859183e-14,5.0493385920153e-10
06,44591721,G,A,-0.0438504253241862,2.16528823782397e-28,6.36943311572565e-27
06,44232074,A,G,-0.0194204447918263,4.67432991418129e-30,2.63985290434099e-15
03,196504902,G,C,-0.0264471508559772,3.87935128314985e-61,1.79779447123927e-25
06,144385777,C,T,0.0681439623303558,1.44619388711541e-25,4.49218280211427e-25
06,144375816,A,AG,-0.0261484608656311,4.32113092148287e-10,6.22733742630685e-10
03,12266804,A,G,-0.0259788965923129,2.23358869943508e-53,2.91568823418895e-24
17,28267098,C,CT,-0.0256732640001004,2.23571791677163e-61,3.96506341561261e-24
04,84159219,T,G,-0.0263974316522109,1.30018516332547e-46,1.02655833516657e-23
19,6675989,G,A,-0.0368163636126084,5.38754443577873e-31,1.03551118737904e-23
11,1874221,C,T,-0.0260577520240928,1.09397099292615e-44,1.09939410182783e-23
11,2356603,C,T,-0.0219939802443618,1.157817182432e-11,7.91960068422942e-10
01,150740358,G,A,-0.035498645173152,2.73707072832803e-55,4.14867802309959e-70
01,150683512,A,C,0.0306437229067229,1.72843717005233e-85,2.00322266989363e-68
19,33751852,G,C,-0.0827181004483744,1.16624120543074e-28,3.29548158529739e-23
19,33759471,C,T,0.0246574519527683,2.61375895120556e-34,2.91470092037401e-14
20,31185423,C,G,0.0451180661943347,3.34078932189905e-72,3.42232865534311e-62
20,31082056,G,A,-0.0276542752762743,1.10913473017405e-33,9.72531104838576e-29
20,30250942,C,T,-0.0205456603354915,1.90429070007238e-15,3.49508314769092e-12
20,42838712,C,G,0.0248762903292642,1.89372567240145e-55,9.35328378694209e-23
12,10593041,T,C,0.0363280425704564,3.25786413825252e-30,1.06270745575983e-22
16,84582965,C,T,0.0292350425361387,1.74830093730428e-34,1.91890421094183e-22
04,39033511,A,T,0.0258202058413371,1.620263816731e-43,1.95799469339674e-22
02,65665273,T,G,-0.02430416232169,5.10089798550188e-51,6.90981649887729e-22
X,147583958,A,G,0.0201419023146831,1.3233505714938e-42,8.2008413276753e-22
07,137909675,C,G,-0.023564667413616,1.62133082187138e-56,5.25087907820814e-21
16,30482803,C,T,-0.0220990704421314,1.35441335937876e-31,6.36025210536019e-21
16,30078492,C,G,0.0156815644410157,2.32796102431053e-17,9.71266913660893e-13
02,225753342,A,G,-0.0320738285988272,3.97990625840786e-28,6.66773609861854e-21
05,131709032,TAATA,T,-0.0233517875871703,1.38752478752731e-56,8.83267691176815e-21
01,185395846,C,G,-0.0247573405195514,3.16641964716171e-38,2.39021479525002e-20
01,26577985,G,A,-0.0288806238699491,6.67187220222134e-30,2.47009822853705e-20
06,10533463,C,T,0.0230384303560344,6.46709208941198e-53,2.75588829688853e-20
06,25866935,T,C,-0.0462430474329447,1.49609389637057e-34,2.27223146420529e-28
08,48651633,A,G,-0.0585054903483015,7.84288601634487e-22,8.18877222312862e-20
05,55453942,A,T,0.0304371753440457,2.04762941885318e-20,2.37059571030818e-19
05,54973552,T,TG,0.0163402843456532,2.31702233813685e-16,4.7667711905519e-11
01,110470764,G,A,0.030535805715744,3.44948768185823e-20,2.59884871295357e-19
01,110370456,T,A,0.0179745023072221,5.11944721675639e-27,8.63724104821298e-14
22,24621826,A,G,-0.0238878509498004,6.07082679851072e-34,9.06839774650076e-19
21,16373836,A,T,-0.0303396052260052,3.68208586660473e-25,9.8193474392147e-19
03,141314133,A,T,-0.022556597041577,4.73018058892534e-42,9.98307832090859e-19
11,307036,T,C,-0.0234407076889589,7.70049591042576e-36,1.31405304874746e-18
04,145035788,G,A,0.0219625610045605,1.1620805363683e-46,2.82124290072654e-18
02,12893977,C,T,0.0222772315096347,4.37040646560147e-37,1.03998233007045e-17
13,72513420,A,G,0.0506681863761478,3.20195911907438e-19,1.35384475419879e-17
03,123105643,C,T,-0.0253996101155738,1.25044382373473e-26,1.79175291772533e-17
09,34130435,G,A,0.0317921510875324,4.38615063262226e-22,2.32631966016895e-17
13,110039214,T,C,-0.0216991053265391,2.65148823385449e-26,6.164562984711e-17
13,110504805,A,T,0.0173944871427947,2.0139816915707e-13,2.8237321607173e-10
10,64566258,C,T,-0.0215861679644548,1.5053550493742e-35,6.9421482603374e-17
03,98429219,G,C,0.02091026567936,1.18139092528663e-40,8.67163690206015e-17
17,35851177,C,A,0.0215916121944253,9.29570112672995e-34,8.78084804541765e-17
01,101143084,T,A,-0.0210293543992215,1.60013705224421e-45,1.06390515072159e-16
01,150269181,A,AT,-0.0278305017255179,1.20653996223304e-31,3.97031123250065e-28
01,149876124,T,C,-0.0244911366439136,4.98259020199199e-13,1.26201808229931e-16
03,188135783,A,T,0.02119507507153,9.66712513636138e-43,2.12760813298197e-16
14,93115410,C,G,-0.0245145230230181,1.43843427996908e-16,2.53557991827466e-16
14,93550009,G,A,0.017518437845029,6.91007797673229e-16,1.67665687248126e-12
14,93014929,G,A,0.0146189748613106,8.39652152789868e-14,5.15909214970105e-11
09,126997050,A,G,0.02583266420781,8.52470964496428e-24,2.84366144680085e-16
18,43845880,C,CTT,0.0205524008489833,3.34229964283326e-40,2.98034182817292e-16
12,740009,C,G,-0.0206620459738175,1.0762327126793e-26,3.78462392086229e-16
12,1075536,T,C,0.0173202087048956,5.07580709374821e-17,3.27308785127476e-11
01,9710192,A,AG,-0.021522717874235,6.25387674645809e-24,3.94158386946913e-16
01,9241839,G,A,0.0318223847473063,7.95205930093965e-12,2.95895109589199e-11
01,9987736,CTTTTT,C,-0.0201884426287846,6.41331127088194e-10,2.69917772362842e-09
11,128328913,G,A,-0.0232934540175448,1.01452693270954e-27,4.21000175301988e-16
11,128525873,C,CT,0.0272804309064125,6.04070334019874e-20,3.62876063835372e-15
04,105864529,ACT,A,0.0580391334862578,8.16171342754836e-17,9.51915956912253e-16
18,77463679,C,CATTT,-0.020416626643063,1.88133260422241e-32,2.03986574937434e-15
08,68811043,T,A,-0.0202031858195729,7.55939084971596e-34,2.36076405483508e-15
17,25848196,T,C,0.0200250676703786,9.51571851272421e-35,2.45031273284754e-15
19,1026477,T,G,-0.0205546001442159,3.33713989796306e-24,3.3623060752714e-15
19,836186,CA,C,0.021340687121897,1.29505980308677e-16,8.3095507762226e-13
01,159174885,T,C,0.0217518951590146,3.55937104021679e-21,4.84428176332027e-15
01,159175494,C,T,-0.0739644927522901,4.81792313307532e-12,3.33069121370336e-13
19,42765675,TC,T,0.0375141527048682,3.12533728485307e-15,7.48455100229932e-15
19,42598589,C,T,-0.031630785211118,1.38539018013411e-10,6.48365563295409e-11
15,66098057,C,CT,-0.022846698655822,3.06007393853156e-23,8.71918514931611e-15
01,154405024,A,G,0.0195613330242255,9.0691712940792e-34,1.0543156816716e-14
10,73525525,T,C,0.0193687441913191,9.04083632469038e-40,1.1068675106816e-14
02,219133417,C,CT,-0.0199161709482175,2.57833825366664e-36,1.13543306015165e-14
01,212620214,A,G,0.0195735869657837,1.72515684322626e-31,1.58143466425091e-14
06,46893355,G,A,-0.0280315620210271,1.52438054766838e-18,1.68908720787109e-14
06,107441753,G,A,-0.020431250072444,6.90731625150989e-27,1.77044299972248e-14
17,43525166,C,CT,0.0248414730685529,1.76586927345481e-20,2.09410414103585e-14
13,41216534,C,T,-0.0277313601835644,9.81238517581498e-42,6.72896212307764e-24
06,16743006,C,T,-0.0203700298865081,2.53925084795448e-26,3.11932105761601e-14
17,2181498,C,CT,-0.0206150217238409,2.40520392097103e-28,3.43735804535584e-14
21,39846142,G,A,-0.0281047183782277,1.01904804048974e-16,3.60229284727925e-14
21,39491202,G,T,-0.0156884212116877,8.58231480251553e-18,3.52347688850441e-09
14,35355300,G,A,-0.0187307269110611,7.38376306807553e-36,7.5659695790388e-14
01,46354863,T,A,-0.0189690896046325,2.4651156065195e-32,9.15637541360526e-14
19,52179156,A,T,0.0191151467303032,4.99755317576155e-22,1.17853485037776e-13
19,51727962,C,A,-0.0171333315820986,2.15540361400939e-14,2.4094348893485e-10
12,4330068,TTC,T,-0.0225977303765059,3.94264548986862e-20,1.39084743775639e-13
01,43408279,C,G,-0.0238967001181527,6.20376568923517e-19,1.49271288886738e-13
05,71741094,G,T,0.0280977494351002,7.10785983728386e-17,1.56745792709341e-13
04,110947478,A,G,-0.0198067972424194,7.09813354368157e-25,1.6879951016229e-13
03,47128525,TA,T,0.0173096852862943,1.55350803878565e-18,2.56721005742678e-13
03,46731524,A,G,-0.0160492761654815,3.4371635099942e-13,1.59465091282351e-11
01,162225145,T,A,-0.0249944634712347,1.36010384479217e-17,3.1751947808039e-13
01,169710669,A,G,0.0228626582594305,6.11955205928502e-15,3.36902573386262e-13
01,169577333,A,G,-0.0154055054595207,1.23507076495774e-19,2.54002055747834e-10
10,89878334,G,A,0.04199609862456,1.95073274608016e-14,3.77283479728987e-13
17,17715317,G,C,0.019104560135574,7.9808606531759e-26,3.96046852222917e-13
17,16522922,G,A,-0.0785125794796966,1.28314021371585e-13,4.51332299190543e-13
06,156938699,C,T,-0.0201912659388597,3.42393186077819e-22,4.59386722762519e-13
20,39271481,G,C,-0.0183764527086386,9.37171608209285e-30,4.85411265233443e-13
09,113926870,T,TA,0.202631519877127,-99,0
