chrom,pos,major,minor,beta,p_value,gwas_p_value
17,38127112,G,A,0.0956128750978436,0,0
04,74955050,C,T,0.0670499528543096,1.32562508140813e-220,3.44654408988828e-155
04,74703999,C,T,0.0449146605937793,3.53435599359455e-99,1.11668453184228e-73
06,32593690,T,C,0.0484604780401407,1.10248609539928e-220,2.02877712642075e-113
06,32107851,G,A,-0.0425879782466659,3.0237980307906e-48,8.78828586098101e-75
07,28724374,G,T,0.0627826740724238,9.67571261612313e-153,9.955128141861e-113
07,28277107,G,C,-0.0466380839660309,4.95362579726856e-123,7.16711787216515e-73
06,31242174,G,A,0.0461083419811596,5.68342493940218e-99,5.0811764713127e-105
06,31572956,A,C,0.0377528155180099,2.60274011091896e-49,1.50271085202224e-78
07,92408370,C,T,-0.0876989375333525,6.07962810916474e-101,2.20456967862868e-84
07,92237533,A,T,0.0381787502490619,4.98040890657629e-48,9.4084844852686e-28
19,44153100,A,G,-0.0661781347268335,2.82418156522067e-111,1.34476925800845e-81
08,61650831,A,T,0.0592237655201968,8.18780904318744e-109,2.44924889927045e-75
01,36943916,G,C,0.0410966463626519,2.10045825004623e-137,2.86176901379176e-66
01,36947936,C,T,0.115783775198426,2.31826698862327e-20,5.65025473947948e-29
11,308314,T,C,0.0446598364291135,9.25594386047369e-138,3.75466345905083e-64
10,25202038,C,T,-0.0412608829796872,2.34744518147016e-121,3.08070791814261e-56
01,66073952,C,T,-0.0331560044310978,3.8193260869037e-70,2.85478690299983e-54
01,66069781,A,G,0.0349246426877893,4.62548359072133e-29,2.74981348911826e-42
10,99094436,G,A,-0.0415671391125749,2.52605989260918e-106,3.43128294641303e-54
01,159175494,C,T,-0.168860920948975,3.78037036209875e-55,1.13924544942097e-53
02,113844174,CA,C,0.0392388989563438,3.18314668667079e-121,1.20377062712725e-52
06,29825415,A,G,-0.0348728348759307,3.55437941758354e-38,1.53468178156833e-52
06,29922502,G,A,0.0261717768270434,5.52625097903992e-54,2.39338613359013e-48
17,38072245,G,C,-0.037789404509517,2.49746224241579e-90,2.70835527516461e-140
17,38059899,T,C,0.081228065109397,2.71056458283254e-90,7.3740702021344e-82
17,38068373,G,A,0.0529189796066177,1.07836275123607e-92,8.49276147717617e-84
19,45742094,G,A,-0.0401495772441651,3.00789385132797e-74,4.55800935481009e-44
08,130611749,CT,C,0.0358982957111416,8.31579771593871e-62,1.32621383658601e-42
08,130690726,AAAT,A,-0.029640955081328,9.2491729743173e-20,3.80500517942079e-20
08,130696137,G,C,0.0283195121133642,1.02081665038589e-15,1.85691324505157e-25
01,236104981,T,A,0.0540590079480181,5.32122417506888e-52,7.27229032081192e-42
03,128301390,C,T,0.0589771925564123,1.65649981818958e-45,1.09384164318192e-37
03,128198104,A,G,0.0252750264074476,5.91197791223302e-40,2.8623409131547e-18
02,219020958,C,T,-0.164319036538401,1.7153387071674e-39,3.65234036056407e-37
02,218947121,G,T,-0.0332237768513055,4.28913359190576e-14,5.29857220259447e-11
17,16168784,C,T,-0.0316441838944769,1.66103169081848e-98,5.01418440228672e-36
05,148200553,A,G,0.0311693506996815,3.63231337654633e-90,1.41660742122358e-34
14,25461989,T,C,0.0306283807533065,6.82579839722216e-73,1.45835938060656e-32
15,42250305,A,AGGATTGTT,-0.0425267714242005,2.76593048120364e-30,5.64987588197322e-32
15,42233673,T,A,0.0209201224292577,1.19940708085355e-19,4.74916508364268e-20
17,56385573,C,T,0.131507246854744,2.98909389036816e-32,6.07700939526403e-31
17,56355397,G,A,0.0672833277234415,3.34878315688105e-12,2.4263892049795e-11
09,136138765,GCGCCCACCACTA,G,-0.0377423931135442,1.16720092312099e-43,1.99293176559933e-30
02,160676427,A,C,0.0353736295860444,6.67213444082917e-35,1.86461572085919e-29
02,160254365,A,AT,-0.0238490793395997,5.60094123265193e-12,8.92637350635595e-14
05,1285974,C,A,0.0233645775973234,1.53451449990946e-17,4.48348991810583e-29
05,1287194,A,G,0.0178962960265706,8.98899278737581e-15,1.64577873395052e-24
17,57825572,C,A,-0.0283471938963166,9.29704168642843e-79,3.37986135967502e-28
06,135419037,AC,A,-0.0308738147956407,4.23936158577173e-30,6.93672324504329e-28
06,135704092,C,T,-0.0172425580083004,1.00031625478034e-21,3.1675751759416e-14
12,111884608,C,T,0.0274462118560331,5.62117509326641e-76,1.02152041311663e-27
01,247601595,C,T,-0.0282907103666422,8.5705663331768e-43,1.35801945469308e-27
01,248039451,C,T,0.0215051764804901,1.55366780494826e-22,5.83515906159444e-16
04,55408875,A,T,0.0327934049665688,3.33025772376667e-34,9.3661938270456e-27
04,55521017,G,A,-0.0223916272763306,7.71809796022805e-38,1.03381615619934e-16
02,27730940,C,T,0.0293452682478663,4.30486848047028e-53,1.48797456180158e-26
02,27243001,C,T,0.0212614839461098,1.83346371952545e-20,3.49534747584494e-11
05,173205282,G,A,0.0290029920973996,5.9392321905423e-31,7.79515338517473e-26
05,173075213,T,C,0.0174524467412669,2.46569841808162e-19,3.75012766983398e-13
08,142337790,C,T,-0.0280703028710794,1.77510589171576e-50,1.17653440887742e-25
08,142245464,C,T,-0.0286046943462138,2.46095447862269e-12,3.00176828807989e-10
09,139319847,A,G,0.0289722391197424,2.92022117068986e-45,1.52776067582661e-25
11,113986879,A,G,0.0285410089466905,4.26447185324113e-45,7.8377944044514e-25
11,113958142,GT,G,0.0255733723058241,3.86092494595226e-42,3.5744877332792e-20
10,28781367,A,G,-0.0307445935567591,1.32090583845163e-38,1.55389546485883e-24
09,4763176,C,T,-0.0249910820857652,9.49075828850865e-37,3.39673814251767e-24
09,4648617,G,A,-0.015411653690608,6.76183296900637e-14,1.3597290176126e-10
06,109601672,C,CA,-0.0257003941858285,9.18699373505703e-68,3.85530886231599e-24
06,87968565,A,G,-0.0254085852710425,6.12871801939659e-67,5.99115768735604e-24
05,71748624,A,G,0.0390816798158772,1.89197654850204e-29,1.37947025063735e-23
05,141510754,G,A,-0.025724235141307,2.97907825540458e-50,2.80086118537913e-23
05,131797578,T,C,0.0249314841221147,2.77415787690093e-58,5.95193694794373e-23
15,101713668,G,A,0.0367225451102962,3.29557321685535e-25,3.25909666899221e-22
15,102068658,G,A,0.0173533710362244,1.51718970525708e-13,1.22236700529883e-09
04,72605517,A,G,-0.0267791769961778,4.6060674053318e-39,4.41937218309608e-22
19,7827830,G,A,-0.0339690490004138,2.82745685997994e-29,9.66936897029173e-22
10,65161904,A,AAC,-0.0240915247339486,2.35240700066977e-57,1.4373451362983e-21
01,208030856,C,T,-0.0278183882503818,6.06849820261331e-34,2.56141588791339e-21
08,126482077,G,A,-0.0238213141633304,1.58766221401154e-59,2.98338323363942e-21
06,16744687,C,T,-0.0312855787167854,1.23123960548163e-29,4.44736844616722e-21
16,85949071,G,A,0.0341911551723838,1.54646781786166e-27,4.79223271904474e-21
19,1036018,G,A,0.023784092509841,1.36838639077323e-53,1.36935117103819e-20
05,68590395,C,T,-0.0235812177593101,1.63826090539612e-50,1.61706088180922e-20
02,169709757,G,A,-0.023214364541299,5.4771228501111e-53,3.22779382278017e-20
08,68842927,T,G,-0.0233694616496204,2.27162080268948e-44,7.71336989285129e-20
02,65642097,A,T,0.0232499535599769,1.14415641386139e-44,1.41573342704414e-19
12,88843474,C,T,0.0246809029434296,1.6879092322001e-34,2.91080881121738e-19
01,224602173,C,CATTTTAATCAGAATA,0.0286785774460098,1.48622400257242e-28,2.96328917695128e-19
08,22966769,A,G,0.0296297101508318,1.11479269533006e-26,3.78755652560824e-19
17,44332793,G,A,0.0256314434000636,2.88327651107908e-32,4.24563162481212e-19
09,288414,C,G,0.0308427790228142,1.16792214070529e-25,4.61577278303148e-19
04,106127121,C,T,0.0232380336620217,2.22514479972317e-39,5.76171805871011e-19
21,40463283,G,A,-0.0258550595379001,2.69318787488457e-31,5.77996156843919e-19
06,42500871,C,A,0.0274834845161231,1.11133980295449e-27,9.75871489784635e-19
11,47379212,G,C,0.0237732890236813,2.822938844418e-34,1.52422201087425e-18
02,101735833,CT,C,-0.022947425716318,1.5726292960954e-38,1.77003754904104e-18
03,42905515,A,T,-0.0224416445028899,5.38030678540435e-39,3.64185868137973e-18
07,50370254,C,T,0.0299301901704928,5.75998121950886e-21,4.04254420528317e-18
07,50304461,T,C,-0.0192512523922727,2.23363593349903e-21,1.41735486936807e-13
01,56906274,A,G,-0.0358221846031848,5.35058997246747e-22,4.35370359852874e-18
19,10347084,C,T,0.0260288258472225,4.6566469357955e-21,4.57443590744243e-18
19,10666450,T,C,-0.0216516615760509,1.42557292503861e-19,1.53039761025742e-15
13,114197430,A,C,0.023831990166809,1.49241124081808e-34,6.78128496480953e-18
18,42099187,T,G,0.0311653089011758,1.46692743362725e-18,1.76695916939834e-17
18,42230172,C,A,-0.0158635300943268,4.98637426180361e-19,4.97715387659376e-11
06,32678347,G,A,0.0434477502034524,6.4436203399167e-122,1.04066875052629e-93
06,32605420,C,T,-0.0403959680816596,2.26731757469155e-31,8.74482089995737e-66
06,32610976,A,C,0.025393401198735,5.74976600932185e-14,8.45764268737899e-19
19,49137897,GC,G,-0.0251281221387581,2.04827189191346e-27,2.16606660598158e-17
15,51104350,T,C,-0.0215998561005854,2.80883966773524e-41,2.8812715760485e-17
12,50878227,GT,G,0.0221245994347221,1.52307526194115e-35,3.07919787058142e-17
02,43453721,G,A,0.0419063340708553,9.30911342937358e-20,3.1991730459323e-17
04,36312542,G,A,0.0528014419880719,1.37330792837474e-18,3.96156783267763e-17
04,709145,T,C,0.0217760298567552,7.87748466012771e-39,4.94163896373383e-17
02,237780727,C,T,-0.0241049789631759,5.88316621659362e-28,5.26059522973809e-17
01,114377568,G,A,-0.0347752629750098,1.3195043422511e-20,5.39735421448533e-17
14,93118229,C,T,-0.0263700829557119,4.51424788191705e-20,6.23941070334902e-17
14,93015394,A,G,0.0189687912829573,1.60416142500489e-20,2.61407683383921e-13
01,8908212,A,G,-0.0211587404325786,1.83955480563487e-46,6.78085478110132e-17
02,112881614,T,C,-0.0211672608919886,3.38608087068419e-42,6.80940898671262e-17
13,28593295,G,C,-0.0250296885817912,3.59219104768267e-49,6.96386360777467e-17
13,28604007,T,C,0.110828430525021,1.19146922184591e-21,1.89555971776605e-16
01,234923446,A,G,-0.0225233380114821,2.80187502990509e-43,7.50297927514545e-17
02,61546673,T,TA,-0.0211945294070457,4.59764039427393e-43,1.17771896358039e-16
02,182324042,GT,G,-0.0211750954187486,4.2084752563184e-41,1.200436858692e-16
01,161542235,A,G,-0.0340183581891405,8.3462103070753e-18,1.57960322052825e-16
01,161186303,G,A,-0.024403381619524,1.80840201579381e-10,1.38726751495311e-10
06,35153565,G,C,-0.0272890623533182,8.93289747988148e-23,2.05366885530408e-16
20,39118662,C,T,0.0371304782504432,8.69934881982577e-19,4.40867256555747e-16
18,21151617,C,CAA,-0.0210975522810049,2.86439448292873e-34,7.26856083471629e-16
04,73975016,C,CA,-0.0208362138389471,2.23545186650608e-30,1.18781262575993e-15
04,74383188,T,C,0.054881617720252,3.30686596215233e-10,1.68386744133399e-09
04,74375149,TAA,T,0.0658451390633416,2.74161448681371e-09,4.4443255669588e-10
01,79411968,C,A,0.0563656564300772,2.11836164686905e-16,1.63016414650287e-15
X,46504071,CA,C,-0.0177440411196941,9.52106061337957e-25,2.11142932498693e-15
19,18512817,TAGAAAAAAA,T,0.0202747796692148,1.24558307357329e-34,3.16240156166123e-15
06,21382765,G,T,0.020322783604884,2.05212814672338e-31,4.80411539048942e-15
08,10836508,A,G,-0.0198859846379364,1.7410983697157e-40,4.87435114730656e-15
19,19756073,AGCC,A,0.0386188509036576,2.72966477526479e-17,5.4508823727157e-15
20,47384301,C,A,-0.0833320461382553,3.68868508287165e-15,9.58942617301288e-15
04,83542616,C,T,-0.0247328152673187,4.39797645774922e-21,1.08628733980536e-14
01,227175967,CTCT,C,-0.0195693960550017,1.49488624265121e-42,1.1067355573878e-14
14,69870944,A,G,0.0390882318644953,2.32864998643909e-16,1.53542327746523e-14
08,79014245,G,T,-0.0271681060685166,5.50058297948902e-19,1.94735881042536e-14
03,141206800,C,T,-0.0385213785065223,2.08742949323378e-15,1.97282925583667e-14
03,140926791,C,T,0.0285656299626778,4.02492130175917e-17,2.82895219612322e-14
07,36085142,T,C,0.0198215680889852,8.75100821181658e-30,2.68464853097703e-14
20,43042364,C,T,-0.0547762922007645,3.97274656874093e-15,2.70375143581421e-14
17,38134889,T,C,0.0813947449179193,0,0
17,38216522,T,C,-0.041403572515712,9.89407757082455e-100,1.09868590044017e-172
17,38350484,CGTGTGTGTGTGTGT,C,0.0242858104319166,4.32443618804341e-23,2.14972220078435e-40
07,45009341,G,A,-0.0262615604360877,1.37596559596376e-18,5.05696304697188e-14
01,31231680,C,T,0.0244737575722216,1.53777326223719e-19,5.59653474275959e-14
07,8024823,G,T,-0.0411072001261194,1.73777406067745e-15,5.89529346995543e-14
07,130742066,G,A,0.0214331614604578,4.2268834610674e-21,5.98122385349743e-14
07,130578993,C,G,-0.0277663739075722,7.43967493006778e-10,2.66654964149446e-09
22,18126020,C,T,-0.0188953718369078,2.60816275518797e-38,6.12830224287597e-14
10,126314475,C,T,-0.021631335609324,1.26235167461697e-22,8.5210616473766e-14
17,2005255,CAGA,C,-0.0232510803848154,8.18505320660978e-20,1.19012858484845e-13
17,41225654,TA,T,0.0287655621431841,2.7204529048222e-17,1.21977225792001e-13
11,128310346,G,A,-0.0221754874759901,8.45734470387394e-18,1.37538805965886e-13
11,128119264,C,A,0.018814158434381,4.57396455254559e-16,2.6042336312884e-11
12,69732105,T,C,0.0185477889971918,4.90469053180745e-36,1.97914659918543e-13
02,85543222,C,T,-0.0187127484943697,3.3496917898959e-36,2.07016392307893e-13
16,3678862,GT,G,-0.0212527396435859,2.17841257056007e-22,2.41574261527886e-13
01,46325873,TAC,T,-0.0188189355626356,6.47588549917605e-34,2.92997080957913e-13
18,74076020,C,T,-0.0368784304239627,6.7454353997918e-15,3.71154811493986e-13
07,97933601,T,C,0.0214740358696876,4.08180317069207e-21,4.04864248610415e-13
16,30485393,C,G,-0.0184225594734179,3.11327344778568e-35,4.22570288421474e-13
15,91412850,A,AAAGGCAG,0.0183997170404264,1.56540810124579e-34,4.70377622692801e-13
12,4333919,T,C,-0.0222637715000962,4.51378533650459e-19,5.84572205415534e-13
04,3231148,G,C,-0.0187142578083768,4.19787012762941e-28,5.98304222983904e-13
03,107302898,A,AT,-0.024431403395023,2.43564085276404e-17,9.47534105323013e-13
06,159335320,A,G,0.0370208747151401,4.52054274566045e-14,1.33708851821696e-12
18,48147793,C,T,0.0184909525473147,8.45090601323471e-26,1.50343295379352e-12
18,51762866,G,T,0.0181556429416522,8.2873213525589e-29,2.01305720293032e-12
02,24389365,G,GTGCT,0.0196665638626336,2.42253723564836e-21,2.06992836302089e-12
10,96345964,A,G,-0.0177465587344946,1.07107559104666e-29,2.14093254371593e-12
10,44880207,C,G,-0.0191491225922432,4.22622368591831e-22,2.27159070900257e-12
09,136905474,C,T,0.0195518678539918,2.60344315706096e-21,2.39969245663683e-12
17,1322926,C,CT,-0.0201083945834835,5.63253733213133e-21,2.77634044938707e-12
10,91005952,G,A,0.0191454301821273,2.82341714005878e-21,4.20681994879086e-12
08,106549481,G,C,-0.0208142639783609,1.90373196875298e-18,4.44896324305552e-12
01,221052802,CT,C,0.0227485676374253,2.92849613783234e-17,4.85326916622941e-12
17,7234112,C,G,-0.0206289664688819,3.45262914621963e-15,4.96604365848561e-12
17,7732351,A,T,0.0157902459984886,4.86803781456651e-17,2.09786544477516e-09
01,43423932,G,A,-0.0230894009903231,2.15176356552132e-16,5.21506832908778e-12
07,73042085,C,T,-0.0215093572516924,2.41109340249963e-17,6.79423443740256e-12
16,81603400,T,C,-0.0173685757695746,1.6727699402187e-29,6.85105409146658e-12
02,31463044,T,A,-0.018761034756678,8.52831488310856e-21,9.52911073612869e-12
12,53747853,A,T,-0.0813404284636687,6.15302998271261e-12,1.12961481659139e-11
07,6524843,C,G,-0.0206022312525193,2.4662324025091e-19,1.14047417385805e-11
07,6735409,G,A,0.0246289774902138,1.90358035153444e-11,5.6060643396165e-09
17,7742601,G,A,-0.0420123774381611,1.27553418685688e-12,1.16199942062213e-11
