chrom,pos,major,minor,beta,p_value,gwas_p_value
04,145437081,A,C,-0.0399792739247803,2.93072625990272e-204,6.30595572548792e-76
01,205912786,T,G,-0.0313058666263668,1.67609604121578e-79,1.60583544405777e-40
06,26997212,C,CGTGTGTGT,-0.0285014385843181,2.72615022849326e-33,1.14924064406711e-23
11,66649527,G,C,-0.0445078702425245,2.69620044255073e-26,2.78803131277644e-23
20,34025756,A,G,0.0197901485208656,3.05737322105176e-27,8.75536746533797e-22
20,33647670,C,T,0.011555816293004,5.54952934307323e-10,4.86469495993875e-10
04,5016883,G,A,-0.0577133668261522,6.37247900393289e-26,1.29778370345686e-21
04,5022496,G,A,-0.0218024100616529,2.59368215444128e-17,1.14695747574996e-10
01,31257670,G,C,-0.020942414160999,1.97453544941293e-56,5.58487042877309e-21
05,83024710,C,T,0.0241721673823816,2.5850819624106e-31,1.65242784919817e-20
10,12252217,A,G,-0.0197068152899979,8.50615593397667e-52,1.2589663322443e-19
06,32151443,C,T,0.0349057741353325,4.55130838138017e-17,2.0873392479011e-19
06,32626952,T,C,-0.0152352567327279,2.76396259551124e-25,6.12452626716553e-16
05,172779475,C,T,0.0212153225882193,1.25474601334593e-29,8.00339388369311e-18
06,142764073,A,C,0.0508115365457608,2.38809957341407e-16,4.08708122643734e-17
06,142561244,T,C,0.0113236238220769,1.13918162488861e-09,2.68001034237438e-07
15,71612514,T,G,-0.019151733057657,2.65185140855077e-32,7.34268261331288e-17
01,51216645,C,CT,0.0186350372844858,1.99988502130013e-37,8.6947474049232e-17
02,43762112,G,A,0.0331465524765909,1.64930930911427e-18,5.37471398867241e-16
01,19682169,G,A,-0.0205877443101216,2.16610316111289e-23,2.47061824644225e-15
17,69232599,C,G,-0.0169229953266556,1.00801719753275e-36,2.73558889230858e-15
17,69386424,G,A,-0.028114070383728,3.25164347688494e-12,5.32084173331655e-12
04,106819053,G,A,-0.0194374107057228,1.3398608247497e-24,3.77330760671189e-15
09,119313486,A,G,0.017942209346978,8.00295462715834e-30,1.13088611272185e-14
09,119241635,T,C,0.014985879361039,2.69264054561379e-11,1.35843853948193e-07
06,110068322,C,T,-0.01738139544308,6.03426505680229e-29,1.80707302997145e-14
06,1775863,G,A,0.0183591737576971,1.10061893773641e-24,2.04547489493885e-14
06,134069785,A,G,-0.0230253432857237,5.16054090675663e-19,2.19580698380539e-14
16,14399834,GA,G,-0.017030541111683,9.53261630933152e-33,2.96488725916291e-14
02,144336132,A,T,-0.0214756237938049,1.05563463869549e-19,3.55994033219365e-14
17,43758116,AAAAG,A,-0.0200980735726249,2.45081106431907e-20,1.16596083886103e-13
10,30313663,C,T,0.0162914768781666,1.19293579120453e-30,1.39050982801043e-13
02,151031139,A,T,0.0392017985845687,9.20662753269614e-15,1.7099504016244e-13
01,239850588,A,C,0.0158752456859951,3.78320160088476e-37,2.7869369568254e-13
02,71786153,C,T,0.0186910780269394,1.0123543055639e-20,3.00636876979479e-13
05,147856522,G,A,0.0158090979927132,2.93677251581446e-31,3.23670918577494e-13
05,148206885,C,T,-0.0428281607471238,1.43455607013928e-06,1.48911899839193e-06
06,34183026,T,C,0.0204264158732852,4.1150918093731e-15,3.94785310253174e-13
06,33787506,C,T,0.0122850119507963,2.30469949606719e-12,5.20164352136441e-08
17,54668748,C,T,-0.0156737372424685,2.06293116801578e-36,6.58551614363218e-13
18,10078071,G,A,0.0173383420651381,2.21266834810789e-21,9.48169173487274e-13
09,4134542,T,A,-0.0162214493485413,5.22473297277922e-24,1.50410018649411e-12
06,2507901,T,C,-0.015148019462023,5.01969916474356e-33,2.86324081792058e-12
12,102806305,T,C,0.0152608478166042,1.65703281659204e-15,3.03442774460992e-12
12,102406202,GT,G,-0.0142744945575802,9.01481146786454e-10,6.33151709466416e-09
06,149377116,C,CAT,-0.0155029991114929,1.76184763160348e-24,4.83878367633388e-12
15,89415247,C,G,-0.0165737021721819,5.15134605487676e-19,1.2269361002368e-11
07,156127246,G,A,-0.0137114430935579,2.93539372609724e-15,1.27917335653076e-11
07,156289595,A,G,-0.0103931950395707,8.04654736412961e-08,1.34065403281933e-07
15,75186448,TTTTCTGAGCCAG,T,0.0158628261348777,2.2291473151714e-23,1.50936290037132e-11
06,140256669,A,G,-0.0168934301499099,1.05448031160207e-17,2.58241734460434e-11
01,218597297,C,G,0.0158704065241803,5.8188270371454e-19,3.89065026935179e-11
05,156926442,T,C,-0.0151733973603257,7.58472024590611e-21,4.03472075325148e-11
16,75445238,T,G,0.0144196770571776,2.33363026912786e-25,5.76438477258122e-11
15,74286929,C,T,-0.0215881090491261,2.64272746494436e-13,1.14347270878488e-10
03,168865151,T,C,-0.014666925380401,3.28689237772356e-22,1.14506582776456e-10
13,50725041,C,CT,0.0136166679113042,1.63196033178827e-11,1.20887156079798e-10
13,50349898,G,A,0.0365824760333259,9.54925953366838e-07,1.07509789913915e-09
09,136141440,CA,C,-0.0155486379539107,9.90798188129046e-20,1.556638996899e-10
09,23589354,G,C,0.0140166147213806,2.53344589931599e-27,1.92683383946402e-10
10,5043504,G,A,-0.0214795559769825,1.05899380268774e-12,3.22491931040881e-10
02,191251875,G,A,0.0139285112084641,1.81880604807967e-20,5.65500393681606e-10
02,229583850,A,G,0.0244185014211501,1.84241689007511e-11,6.44906542456418e-10
06,7143075,T,C,-0.019631120416138,4.67638086489902e-10,8.79897579334852e-10
06,7046452,C,T,-0.0102953088844388,2.35761922800006e-09,1.97046806420413e-06
07,35446584,T,C,0.0141683267401038,1.00005805912123e-17,9.04062630012955e-10
X,78608214,CAA,C,-0.0154451697808162,9.47371736227877e-12,9.83464489736305e-10
17,79959703,G,C,-0.0147113370509945,5.96064613002123e-16,1.24161560460456e-09
X,16873176,CT,C,0.0111786249986836,3.3496542840373e-17,1.36915328602973e-09
14,54410919,T,C,-0.0131325864158267,1.62754921767179e-23,1.37245084337629e-09
16,79234587,A,G,-0.0142085085041137,9.7202309074066e-16,1.38421064364531e-09
16,79172473,G,C,0.0153525014938996,1.35789410544181e-06,4.52576597707018e-06
04,17910236,C,A,-0.018037997072521,1.3804087608674e-12,1.40915872609554e-09
14,84327425,C,CAA,-0.0145006633527337,4.12024591081377e-16,1.52651143657643e-09
17,36838024,A,G,-0.0165401169195272,2.81547496788462e-13,1.78544650668853e-09
17,46488599,C,T,0.0141944122553019,4.61961188111887e-16,2.20514502336331e-09
16,19757512,CT,C,0.0167329163590077,3.32729658798955e-13,2.37381502983714e-09
10,131431083,AATG,A,-0.0143267576406177,9.65152702234081e-16,2.89781824686471e-09
