chrom,pos,major,minor,beta,p_value,gwas_p_value
09,4743973,C,A,0.0805556176476373,0,0
09,4840380,A,G,0.0801723095281994,6.8977927938479e-110,1.71210207389554e-265
09,4776624,CT,C,-0.0621363530607904,2.00629067908774e-104,1.91960114458088e-117
12,111826477,AAATT,A,0.101268063710437,0,0
06,33540692,A,T,-0.0847167645533588,0,0
06,33546498,C,T,0.0735777063981803,5.97690825468014e-158,1.70122301009301e-225
06,135402339,T,C,0.121044024340749,0,0
12,122216910,A,G,0.111927764673722,2.7439770257868e-259,2.69056493930622e-194
20,1924066,T,C,-0.0745204123303723,8.78017861115414e-201,1.18373240342424e-161
20,1818613,T,C,0.0366454496608535,3.82463086027383e-96,1.29528398926496e-51
20,57597971,G,C,-0.153269746618208,5.87428141673128e-168,5.48631599791326e-153
03,184090242,C,T,0.150555524767501,4.20241117093807e-176,8.83955181349655e-130
03,184093040,G,A,0.0736083038893094,6.41901474234122e-202,6.72458594672223e-106
03,184032109,C,T,-0.172471090201246,1.40878587457893e-44,8.20111869590566e-55
14,101176769,G,A,-0.0650095579907858,1.3674470617662e-188,3.26420765506149e-114
22,50628937,G,A,0.105442514417905,9.70193078188957e-126,1.49309212574732e-108
11,119065044,G,A,0.0455160842183878,2.79324950199261e-70,4.15030028920629e-91
11,119185748,G,A,0.0542301745418444,2.45803993163583e-35,7.41002434328692e-14
11,119099906,G,C,0.0608708694780007,2.23396739284181e-30,2.84436670924307e-84
08,106581528,A,T,-0.0517902800629316,3.55473039450462e-143,3.99583964407291e-80
05,1285974,C,A,0.0387588160440173,4.15909611342111e-47,5.65150889809683e-80
05,1287194,A,G,0.0295851742309577,5.15681127896972e-39,1.21914705020466e-66
01,12042261,A,G,-0.0457013621061885,4.18289376029798e-207,2.37361146519641e-76
07,44873125,C,A,-0.045786651808339,9.32820199945944e-189,1.52179735007582e-75
12,109491468,A,G,0.0456975888736668,1.2977843073828e-178,1.20740337559964e-74
09,91392686,TTC,T,-0.100174815261303,1.29093463930171e-80,2.78378936661935e-72
09,21990457,T,C,-0.0461456918230588,9.8753825864272e-95,8.7133415269605e-67
09,22142756,T,C,-0.0507986853738445,7.03689422088908e-61,1.48753122359806e-55
01,247719769,G,A,-0.0810735477790366,3.04572513060854e-74,2.10288995709644e-64
05,88180196,T,C,0.0862678892774944,9.3619654959852e-68,5.21463049132643e-59
05,88475400,A,G,0.101676419787971,1.31085867273916e-16,5.41730697333656e-15
01,25600747,C,A,-0.0404899499795853,7.32863124655618e-140,6.01918300660166e-59
19,19765499,C,T,0.15468092968903,2.83790976287978e-48,1.07347446272603e-58
19,19480521,C,G,0.0236682801066494,6.45868756120663e-38,9.96639749038726e-30
02,160677375,G,C,0.0382646235045606,2.34729409608267e-61,1.93561730148735e-54
02,160604514,C,T,0.0789413081048229,4.65680165008646e-27,2.16212434166418e-43
02,160754947,A,G,-0.0293188340724242,5.09951127161288e-17,6.6210977493137e-15
20,30283169,C,A,0.119630065527418,2.60290318527412e-48,7.20255025244565e-54
20,30376393,C,G,-0.0323653891061463,4.21240963221752e-58,2.27733207056201e-40
17,2140382,A,AAT,0.0400638908271282,2.44672545473453e-117,1.80517028750405e-53
06,31322855,C,T,0.0734023495355099,5.07737265018664e-45,4.68079077235248e-51
06,31216329,A,G,-0.0231858778892072,1.67729383776297e-51,7.95164201765154e-31
13,95897359,T,C,-0.079163569759903,7.36860683519574e-80,8.3021990208537e-51
13,95900071,C,T,-0.0288827069347928,1.56375654508191e-61,5.36198925184777e-13
06,164478388,C,A,0.0369267662574228,1.14763967054047e-129,4.3189754354501e-50
12,54698408,G,A,0.0650363995911424,5.27350010272201e-62,1.33219361040063e-49
12,54485620,C,T,0.0235723414689642,1.0668172589321e-46,4.5986755562209e-15
02,27730940,C,T,0.0373636491624247,2.97218234392183e-111,1.62835356980514e-49
17,64228995,G,C,0.107696145302045,2.58455092550171e-52,2.27692827681492e-49
18,60920854,C,T,-0.107091102655312,8.58259942637132e-52,6.40399506601499e-49
03,12266804,A,G,-0.0366995942267274,1.67665814219014e-106,1.96417862832004e-47
X,57034841,CT,C,0.0371227511946638,2.70001491428814e-68,3.00767378092803e-47
05,141510261,CA,C,-0.0364943880236041,1.30826097517831e-105,6.72320337750525e-46
01,198992043,G,A,-0.0406204432636307,1.34003807716471e-77,8.49874276047211e-46
01,198638973,C,T,0.0571554827656781,2.72330765222886e-14,2.50419411441793e-12
06,33472317,T,A,0.0859719226658494,0,7.04544786023802e-143
06,33486309,CA,C,0.0506058389591575,1.46473003969201e-169,6.08701965972362e-09
06,33478116,C,T,-0.063030091739693,1.52793910040578e-27,1.14056534650765e-31
20,8609588,T,A,0.0343810700931429,8.06481609286661e-126,6.76196582316473e-44
02,43464818,G,A,-0.0650465090835946,5.37557517072005e-50,3.75786974596113e-43
18,20720973,T,G,0.0339698515345284,3.49190552135833e-121,4.92747799279894e-43
01,2996602,C,T,-0.0399232633496919,1.7647059640433e-66,9.50250157030955e-42
15,44027885,T,C,0.105510205776452,2.1308585123236e-42,2.25086234688084e-40
02,31462373,A,C,-0.0364946284079799,3.61091055957082e-71,3.06777638019197e-40
03,168849004,C,T,0.0491491801199467,5.5833394857092e-23,7.97336357411747e-40
03,168860010,A,G,0.0226004342896945,1.01448630885985e-38,1.23243866969107e-34
17,55453736,G,C,-0.0769348553601818,1.43468338959314e-43,8.75858114656947e-40
05,111059676,G,A,-0.0612631877496523,7.73638839535024e-46,1.59818939534405e-39
11,200343,T,C,0.038895720727343,1.02797403102079e-62,1.86272981336054e-39
13,110492626,C,T,-0.0535620558166039,3.9782765111418e-48,2.42836675859215e-39
18,42035789,TG,T,0.0483653643083314,5.84239554400998e-47,7.93845168025591e-39
18,42149744,A,G,-0.0227349871606101,1.03728294173705e-16,3.15939634559387e-16
18,42041131,T,G,0.0754207831268642,3.96630990962199e-12,2.89768346095928e-11
19,16206012,C,T,-0.120047021364346,6.70841722283792e-40,2.72595454004794e-38
19,45751157,G,C,-0.0371056474278546,1.34906647764574e-57,1.38811897703461e-36
19,45422160,C,G,-0.0306889208549256,7.47436889960374e-29,2.76393724441278e-20
07,123411223,A,C,0.0565820383328502,9.17412248255587e-42,9.99400063257803e-36
02,112167931,T,C,0.033728233021715,2.10315279084073e-64,1.67750105759706e-35
14,103058769,A,G,-0.0353242867912287,4.84516978833089e-29,6.69235988974284e-35
14,103235012,G,A,-0.0168804337146368,4.63091338700858e-22,6.02231616200652e-19
17,33885904,A,G,0.0401498409655086,1.40981729346467e-48,7.95602607279304e-35
09,99192919,A,C,0.0365491887824479,2.09209317961279e-54,2.01877440963309e-34
10,50259007,C,G,-0.0351498236928408,3.27096971864617e-53,2.67071484082406e-33
21,39836204,G,A,0.0429449453786206,1.00804270011217e-42,7.47738995731152e-33
08,144996029,A,G,0.0294020343277882,9.61255934751513e-78,4.86685750278601e-32
11,128330520,C,T,0.0278747261335735,1.95861408831095e-49,7.93240715570692e-32
11,128577624,G,C,-0.0248478175537684,9.78737712104713e-22,8.49305628023146e-20
11,127959511,TGAG,T,-0.0193351294616227,5.64442782061979e-17,2.44931698027139e-14
13,71236607,A,T,-0.0293830972437732,1.10557871678301e-76,8.34949492065998e-32
05,77775871,G,GA,-0.0329244899946719,1.94859825053135e-55,2.50228113661542e-31
11,108098459,TAA,T,0.0263308132746961,3.0008215734961e-53,3.2352640151641e-31
11,108149207,T,G,0.0463243556289285,2.59278158009446e-09,3.17691733975162e-16
01,8913656,A,G,0.0285257695006833,3.37872292448323e-90,1.22354126378816e-30
18,67516846,C,A,-0.0283665147545342,3.22752008291012e-73,1.01426339490594e-29
22,37462936,G,A,0.0281821470639303,2.86913978248424e-73,1.87374596164332e-29
06,25557149,T,TAA,-0.0279084666743542,1.21700359568792e-66,5.34686615418407e-29
06,26043393,G,T,-0.0220686974750275,6.92375757772284e-10,5.97860911926128e-09
02,227291731,C,G,0.0348501086202529,7.96959420053459e-42,8.3855771432855e-29
04,110858515,CTT,C,-0.0284292767484859,4.54182278072051e-64,1.01931607598483e-28
07,135346262,T,G,-0.0200315740068346,6.7006331674604e-29,3.16282232710426e-28
07,135344211,C,A,-0.0279810525809021,5.0605646533159e-12,1.59783104732003e-26
03,56849749,C,T,-0.0271835821795545,1.30070513042747e-52,4.82108313227635e-28
03,56950055,G,A,0.0247265369657837,2.56998983899654e-13,1.73856701873942e-12
17,4839400,C,G,0.0497625955544317,3.23623001793108e-29,7.59275231353486e-28
17,4837195,C,A,-0.0415536567246211,1.36029422177869e-14,1.20403729214981e-15
07,18190255,G,A,-0.0329592196213103,7.27213868514475e-42,9.6675947748767e-28
06,29911114,A,G,-0.0271623858399641,4.70049120622123e-76,1.1497748881866e-27
14,93516465,T,C,0.0432731017994723,3.06898496031857e-32,3.37825373969271e-27
14,93118229,C,T,-0.0294796275461911,8.85719783621557e-28,8.20267537311677e-20
12,50900388,AGT,A,-0.0273876110210887,1.52716798530975e-54,1.68900789094082e-26
12,121414915,G,A,-0.0279658481834159,4.63787453636529e-53,2.52641541619611e-26
12,121838735,C,G,0.0716289749210732,6.20769286968174e-15,5.04548265332719e-14
09,100699242,T,C,0.0271262206939833,4.1162197984918e-54,3.8267812261593e-26
01,27262545,C,T,0.0782980192508356,2.20236601966869e-27,6.37999782876449e-26
16,88566147,G,C,0.0273479376168607,5.95171805033619e-29,7.05841072819225e-26
16,88553198,T,C,-0.0211580640627735,1.24089239393749e-21,8.36310131999731e-20
16,88788934,G,A,-0.0159681407084337,2.31454483704037e-15,6.18373219507888e-11
02,24180104,A,G,-0.0357610608020894,3.41223708954982e-29,9.32740445262151e-26
02,23886622,C,A,0.0263160714104732,2.89750233126684e-10,3.1138169948533e-12
16,28505660,G,C,0.0385265761504795,1.18828101805045e-32,1.5326416080377e-25
12,48208368,T,C,0.0218395790622155,4.62152038021683e-29,3.67103688665878e-25
12,48427329,T,C,0.0174859574093518,2.28406969949133e-16,1.55595290110808e-12
12,48213720,C,G,0.0448766057263158,1.45487560905775e-11,6.35204240301106e-19
10,25223367,G,C,-0.0266603847815316,3.37785204100108e-53,4.32171570919847e-25
08,30279916,C,T,-0.0291940601038354,2.38570531725804e-41,5.55835888486183e-25
15,39274752,T,G,0.0258197456061502,5.18089958687375e-61,9.34518855240939e-25
04,7045070,TGCGGCG,T,-0.0261306926148184,7.53581345790409e-55,1.43482275119104e-24
07,130758576,T,C,0.0287506558255246,6.82207728333195e-41,2.14980385921551e-24
05,177606207,AC,A,-0.0401045579536282,1.48838971628786e-29,6.44353768107893e-24
09,38196117,G,C,-0.024933166223555,7.79192663930067e-67,7.3986236733101e-24
06,52713999,A,G,0.0249976600787842,1.44746538078441e-56,1.24168702346981e-23
01,45847562,G,A,-0.0299092740736822,1.09381751670098e-37,1.3568873866114e-23
05,122199196,T,C,-0.0248618411644406,9.9744409499377e-59,1.7669669718014e-23
12,6511657,G,A,-0.024261068465783,2.8031572911467e-31,1.78780313694365e-23
12,6447522,A,G,0.0218663382043463,1.28017277980621e-28,1.12149170030536e-17
12,6261482,C,T,0.021205162308651,3.44996636529994e-20,6.82293407622331e-14
15,99248041,G,A,-0.0351707200468588,9.22648697044885e-31,2.28243966455215e-23
01,156474929,GC,G,0.0256657123564574,8.42441914515844e-38,2.45674673835019e-23
01,156745499,T,C,-0.0204321952918618,8.17886113294824e-20,1.09624628305327e-14
14,68362510,G,A,-0.0342675345342001,4.37050049774987e-31,3.03547121258478e-23
13,41584690,T,C,-0.0236687067694115,7.43157968499404e-29,4.03214305658755e-23
13,41189703,T,C,0.0189659115997037,5.23771027162091e-13,3.78644875896841e-15
07,100006493,G,A,0.0294838946891979,2.80409605177736e-26,4.70999734539333e-23
07,100240296,G,A,-0.0195569585802588,9.09168946327515e-26,2.30793499413681e-16
21,36368659,G,A,-0.0203173511410944,4.63466829557884e-25,1.14325394811918e-22
21,36393747,G,C,-0.0338092337909236,7.95919107488584e-12,3.62628010314219e-20
03,183926133,G,C,0.120087713418331,7.86210038902298e-38,1.94630890460476e-34
03,183964720,T,C,0.143540670081776,1.88277856624552e-29,5.03198090420123e-27
03,183994447,C,T,0.0833245027794347,4.14577901359095e-30,3.08362138332509e-26
14,65799876,A,G,-0.0289680529381453,6.1323645019699e-30,1.84250942162294e-22
14,65478948,T,G,0.0215382680928933,9.86943736980028e-12,8.34450642980084e-11
12,123817569,G,T,-0.0276698202233591,5.32337227125025e-28,3.84868967448413e-22
12,123322203,A,G,0.0405161490679347,1.13423196099373e-15,2.82158988490282e-17
02,68962137,G,A,0.0274654747290499,4.41389316307781e-36,8.51920301185469e-22
16,75389755,G,T,-0.0241187677008688,3.69636714684664e-49,9.17102072725589e-22
03,185545690,C,G,-0.0243849777123038,7.83327256514414e-46,1.47501459673402e-21
05,131824486,A,C,0.0248696020933025,6.86337172892033e-42,1.49891514012917e-21
03,196516288,A,C,-0.0238913684349793,3.26911909319541e-50,2.27078216313027e-21
01,88102437,G,A,-0.0503121617835754,8.52699237305588e-24,2.30146203537607e-21
21,16811537,AAAAAAAAAACTC,A,-0.0243511308026813,3.51623253156055e-46,3.09383924632744e-21
21,16431444,T,C,-0.0250539373882799,1.43266338255221e-15,3.06279813076556e-12
02,202167831,CA,C,-0.0244837889944003,3.13099547015811e-42,3.96809227560426e-21
11,113953622,G,A,-0.0612197968715773,1.38049307845157e-22,5.31981324263242e-21
12,123703422,AGTT,A,-0.0259245658285344,1.18344708941047e-24,5.60853123738158e-22
12,123226390,A,G,0.0500930165170077,1.52374564176544e-20,6.62117679297517e-21
12,122990575,C,T,0.0655730330733589,5.54874504251132e-14,3.52700128160161e-14
09,136142313,A,C,-0.0538957522896987,1.6996797699002e-25,6.72100124725757e-21
09,136073343,T,A,-0.0801655928971381,3.18817572028577e-10,8.08215553820813e-11
03,124441237,A,G,-0.0266827956831513,2.32176259552321e-34,6.92601281840856e-21
10,101274425,T,C,-0.0256260003685241,4.35397370312764e-36,7.90913424528648e-21
16,85415838,C,T,0.0351289762379196,3.61013615797361e-26,1.22915527077958e-20
03,58307792,T,TTTG,-0.0246203897502939,1.07285071190124e-38,1.31440750638244e-20
22,44324727,C,G,-0.027468527756107,3.4425966714324e-30,4.69256331250233e-20
19,17252383,T,TC,0.0239510739899894,3.61093193289146e-32,5.6368834803891e-20
19,17217864,AC,A,0.0187216908048712,7.36584449723331e-23,9.3964421694774e-13
07,2822986,T,A,0.0246630966582225,5.28419554739853e-35,9.05750566766222e-20
16,79754440,A,T,0.0243131068378616,1.21406497130383e-35,1.44865579571876e-19
02,234274654,T,A,-0.034291563466267,1.40432003311578e-24,1.71255641931655e-19
09,127188228,A,ATG,0.0236346635176838,7.77121541743608e-39,2.21261670052551e-19
11,47427159,C,CAG,0.0317710876301192,2.48894594567928e-25,2.25887537968768e-19
06,34770150,A,AT,-0.0254567391363539,1.91677027557125e-16,2.94448949075924e-19
06,34381937,A,G,-0.0302725244520655,6.25302879867357e-11,2.22484116119151e-16
11,8914801,A,T,-0.0222830759097701,8.30227692142835e-50,3.22904916989619e-19
12,110441868,C,T,0.0366608300425876,5.68334083259086e-36,4.43376438767993e-19
12,110898913,C,T,0.0694926116479304,1.7792215592537e-22,1.61363972805405e-16
12,110740470,T,G,0.0508132025079385,8.14800711537038e-22,4.82168151612195e-14
02,160756345,G,A,-0.0259050335410417,1.58511938914828e-59,1.33570239391442e-30
02,160921191,A,T,0.0979797638352424,9.85586960189203e-19,5.29882109932187e-21
02,161061543,G,C,0.0195975823066528,9.56618097369915e-12,1.48836618042811e-09
19,10463118,G,C,-0.0531617210316802,1.31210917456198e-19,5.7170866611983e-19
19,10730352,A,G,0.0200076283456452,4.80842760644099e-20,3.35138486297988e-13
04,106206542,G,T,-0.0614060303887849,1.95726764181759e-19,7.0000226972626e-19
04,105758059,T,A,0.0511650761149021,1.75217284527949e-13,3.65416274742095e-13
10,94839642,G,A,-0.021789665415266,5.18335899449223e-46,1.58592138683725e-18
01,91587561,A,G,0.0252862835046719,1.44836405764165e-22,2.87326954159559e-18
01,91990487,T,C,0.0146311045814518,2.4120791165524e-18,6.54591334936402e-09
22,19972559,G,A,0.0237969976083981,1.13209479361857e-31,3.07067508906764e-18
19,51728477,C,T,-0.0230133127972526,1.1034269847218e-30,5.42900883954057e-18
19,52170040,A,AAGGG,0.0246825138511312,3.56180327846356e-12,1.61114653920235e-10
08,142321638,C,T,-0.0233788126154278,1.20184539771632e-30,1.59833682206163e-17
06,109617657,AAAG,A,-0.0209801735438327,3.89405286910776e-46,2.26335050263116e-17
17,56409089,G,C,0.021190773732478,9.03460149294082e-43,2.3157285576213e-17
11,120215843,C,G,0.0213624739168206,2.39672203378576e-36,4.38061142614548e-17
06,32109979,A,G,-0.0224633963384321,3.1129406687481e-31,5.02921987948838e-17
10,96039597,G,C,-0.0220726042113337,1.1416234519801e-29,6.78466269123603e-17
10,96163039,G,C,0.0167821613216199,6.23007918760155e-14,8.58797251309395e-09
12,740009,C,G,-0.0208751120339041,7.03062575537242e-46,7.15826024351496e-17
02,219156979,G,A,0.0209315845496659,1.45455682103308e-37,9.39323214130567e-17
20,54987048,CTCA,C,0.0339223546835929,2.939674737946e-20,1.10408691449553e-16
01,150327896,C,CA,0.0213353091460568,3.42919810167914e-35,1.15840556754236e-16
03,123105721,G,A,-0.0248673071883833,5.60081440205606e-20,1.28033199844986e-16
03,122845165,C,A,0.0148905537263171,1.03364913031151e-18,5.93776943156263e-09
02,12942653,A,C,0.0205837356613787,2.04065196269015e-41,1.32564222399862e-16
06,135227089,C,T,0.0523757142819818,3.00534681785869e-143,8.81652866294469e-103
06,135307358,A,AT,-0.0749921065396885,1.34401392639609e-54,1.74874505179187e-74
06,135052237,A,G,0.0432561487584103,9.63657444240333e-61,9.17293983831083e-49
02,100762215,AG,A,0.0211078585540671,6.65202527490755e-33,2.77984914856446e-16
10,64552010,G,A,-0.0211804388501146,1.68651373049134e-24,3.40497198317569e-16
10,65048306,C,A,0.0200970512689565,3.28674475305567e-24,4.22547649572512e-15
22,30679303,T,C,-0.02370481186786,8.88423280383025e-26,3.52070285682277e-16
19,36043097,C,T,0.0208022557396274,1.94192230727242e-33,3.63530241569897e-16
03,18250509,C,A,-0.0247922505986581,8.46925407653175e-24,4.18575990336993e-16
15,65185884,G,T,0.0276644479019015,1.51946008743588e-21,5.3276703763271e-16
01,2172988,C,T,0.0200069276106886,2.22152560415289e-44,5.53840144364798e-16
01,25527587,G,T,0.0332803437604079,6.23976598514336e-37,2.3610384088001e-21
01,25529038,G,A,0.0305183747103351,6.93559497472897e-24,1.56557519758649e-13
01,25051102,C,T,-0.0248750431492748,1.36192980388297e-22,6.57916944657839e-16
09,131465481,C,G,-0.028005788637094,1.64693662819159e-20,1.10992104937432e-15
01,113206852,C,CA,0.0200919216714321,1.121824566295e-37,1.25045679031917e-15
19,54675097,T,C,0.0199266195551739,8.53638661975084e-38,1.35644043239123e-15
16,30078492,C,G,0.0187263578797209,3.75615197365435e-35,1.38227567662057e-15
16,29673203,T,C,0.0283826098957299,4.97133073440279e-09,3.07764395287864e-10
20,62356627,T,C,-0.0209989178109136,3.17584607352678e-29,1.39183928424301e-15
04,148446774,A,G,0.022764567972856,4.20026042708221e-25,1.54459738778046e-15
12,52305786,T,C,-0.0234596284479033,7.41087103605642e-24,1.54957040410679e-15
04,152452656,C,CT,-0.0200142519092849,1.36537441874446e-38,1.60089486021214e-15
01,202129205,G,A,-0.088442378066432,3.61927215202922e-16,1.61979676935162e-15
16,498906,ACT,A,0.0374612546123749,6.88780439590057e-18,1.71572408707172e-15
06,33723290,A,G,-0.0558209434312931,3.68239846354417e-157,7.41493482582754e-104
06,33797628,C,A,0.0279891001610164,9.30329051969719e-41,3.71335460576172e-21
06,34603350,G,A,-0.028624907093824,8.41983711148806e-19,8.41054802114556e-18
12,2503992,T,C,-0.0279629891651884,5.76242232072976e-20,2.39975996553178e-15
11,2723604,G,T,-0.0207142599752542,8.6692456840826e-30,2.41517252913444e-15
19,3466221,C,CT,-0.0203568532157016,3.26495732628325e-34,2.81565052280506e-15
19,3179517,C,T,-0.0879963633086722,9.68635831314725e-14,1.04471548723064e-13
17,35843050,T,C,0.0201496971925349,1.76890253700577e-30,4.22059985950159e-15
19,39233969,T,G,0.0415101405897127,4.23442729845283e-17,5.14965728572741e-15
10,30247165,C,T,0.019474708816908,6.952489150939e-37,7.10613968761118e-15
11,61551927,A,C,0.0202558278410555,1.99475222013621e-29,7.18235699490091e-15
09,136095770,G,C,-0.0506186328639585,1.69814208636446e-19,4.85815620865429e-15
09,135598876,T,C,-0.0939638875161624,7.96674048116305e-14,7.70924688521498e-15
10,104313377,C,T,0.0206294629693508,4.41721372211435e-27,8.99707694902351e-15
06,25676815,A,G,0.0216585321090001,7.19338062680537e-35,2.0956907922998e-25
06,26118537,C,CTCAAAGATCAGTTTGG,-0.0255222891224257,8.34514548894384e-17,9.37791377053161e-15
06,26093141,G,A,-0.028315677624719,7.1823706210625e-11,1.68047661961807e-14
10,16857133,C,G,-0.0184905253240129,1.65981973079257e-21,9.85836353504374e-15
10,17230999,A,G,-0.015471646663301,7.77328312445613e-15,4.59889275089026e-11
09,135876535,C,G,0.0470110669448605,-99,9.29625038298429e-19
