chrom,pos,major,minor,beta,p_value,gwas_p_value
14,23861811,A,G,0.0720562542549184,0,2.86440127184018e-153
2,179721046,G,A,0.102181918891571,6.59236721508139e-128,1.10055498708266e-99
2,179839888,G,A,0.100155503375828,3.59377379324164e-51,8.74241181429115e-40
20,36849088,G,A,-0.0557453537347641,7.72296076343221e-266,7.53970365524326e-97
6,122173688,G,C,0.0910293411500043,3.9150080050697e-100,2.26624375605547e-96
12,24760456,A,G,-0.0723886310378755,2.95716745438799e-116,3.33453848329148e-86
6,118667522,T,C,-0.0407541015319002,2.78420047464761e-152,3.78681461901369e-69
6,118680552,G,C,0.0541397994413685,2.9721591632795e-22,8.32469629540947e-38
7,100499315,G,A,0.0555185058558146,1.98584004930312e-85,1.12005110235176e-59
12,33537387,T,C,-0.0413542066923432,2.8269333553386e-163,9.8229174975197e-55
15,73664041,G,A,-0.0493060007172168,3.4790749876074e-44,1.50522530861694e-52
15,73441432,C,T,-0.0288722259924916,3.03686349986889e-53,5.275630865238e-38
14,72885471,G,C,-0.0534531703621072,1.53451144587169e-54,4.86771893926012e-50
14,72812684,G,T,0.0212208331913606,5.83588385602272e-30,2.49410803457769e-19
1,207988603,G,C,0.0519788523910215,6.22717147585911e-39,1.44375274149059e-45
1,208131044,T,C,-0.0319798881990714,3.77132870706737e-61,2.04498587284019e-43
14,85796564,A,G,-0.0408097529052097,1.64179543884352e-78,2.5864912679611e-44
1,45012273,A,C,0.0381412681197463,1.57178892202704e-67,5.27146567153804e-38
11,61551927,A,C,0.0346836416499598,1.02169995322201e-72,8.60984228490371e-36
16,15912544,T,C,0.0346696896242488,3.54194507337218e-64,5.49096108254356e-34
14,21542766,A,G,0.0423369770500737,5.22087282472865e-46,3.04329181263876e-33
12,2184466,G,C,-0.0415636476609139,8.67325742326968e-46,1.86179961535045e-32
2,220299541,T,G,0.0315360644915318,5.33336281414886e-76,9.6764910143356e-31
9,128435256,A,G,-0.0301129804208936,3.69377100034621e-75,8.11810150300327e-30
7,93547331,A,C,0.0313375996853319,7.45092638662177e-59,1.85767791384833e-29
11,128768938,T,C,0.0318981158146256,5.08178837173728e-30,4.39919357288906e-27
11,128764570,G,A,-0.0401926825433084,2.01390869578088e-21,3.02007020043764e-24
16,65283854,C,A,0.0272720447788288,4.06554822916243e-40,1.64276192767024e-26
16,64895317,C,T,-0.0194592964670731,8.91062550975387e-21,3.4922357418546e-15
15,95312071,T,C,0.0301425272708999,2.19140270414002e-49,3.68054092884608e-26
3,179173224,A,T,-0.0358388129889545,2.58240160875225e-37,5.67129902001547e-26
5,137406243,C,G,-0.0355301408389547,2.39022424739843e-35,4.53275036729351e-25
2,188190475,G,A,0.0326171476223822,2.5505722617017e-34,3.02595703677602e-23
6,36820565,G,A,-0.027734155248383,2.38879600623895e-45,4.49593216443356e-23
2,27730940,C,T,0.0264327689211006,8.33512117806722e-50,1.68217376000532e-22
22,39117469,T,G,-0.0276305178440885,4.83438594637951e-42,2.94920109857729e-22
2,232264914,G,T,-0.0299940021971285,1.42469570452737e-34,6.54047536723302e-22
4,23951018,C,G,0.0271269951337994,6.40175804705163e-40,2.07901531407029e-21
1,66991346,T,C,-0.0305211419896189,5.79309934910594e-32,3.27293687151473e-21
18,34289285,G,T,-0.0738986349076595,1.25810917879658e-19,6.72044235634383e-21
18,34228056,C,T,0.0290227041045116,4.66553114337321e-20,2.57758847534506e-17
3,141118028,A,G,0.0248286599265219,9.26009211452634e-52,7.87947028901425e-21
7,136626027,G,A,0.0330825311393724,9.08456811557907e-24,8.60277478030005e-21
7,136566533,A,G,-0.0158560003412012,1.33962319863723e-15,1.16717224958083e-09
3,49894030,T,C,0.0264832835504134,2.22128330391695e-39,1.09842192568932e-20
3,171774601,G,C,0.0250894855295293,1.16455883873304e-30,1.62340838753691e-20
3,172152302,A,ATTC,0.0184582274987978,3.8113626751423e-19,6.87455231660256e-12
7,130973495,T,C,0.024502292270195,1.80872753229299e-43,1.79912962125722e-19
17,15134006,C,T,0.040968382548567,1.66559636495103e-18,8.50099207186383e-19
17,15195279,C,T,-0.0367984107342824,4.72281184384727e-18,6.3171977105843e-18
1,6278414,A,G,0.0242772749889105,1.29177894593911e-35,2.62846649315711e-18
11,44974274,G,A,0.0243178867076382,4.28098637581164e-35,3.43136564282815e-18
6,7545081,C,T,0.0390426267640463,7.30120073166004e-22,3.65161954056196e-18
12,64979818,T,A,-0.0224404626772187,1.13385629764492e-39,5.78905043907113e-17
6,122167499,C,T,0.0888251556780971,8.07882037356364e-95,2.4867798226453e-96
6,121902869,A,G,-0.017837928651885,3.23184881996043e-14,8.71852446634093e-17
3,53513354,A,G,-0.021504173916639,5.78712649667678e-22,2.51130044890924e-16
3,53125297,G,C,-0.0262234621185385,5.28411750942061e-10,5.45009726951197e-12
19,39240269,G,C,-0.0215649471372646,1.59510358543599e-45,3.46998607508824e-16
3,24462852,T,TA,-0.0236328533898597,3.15100501250681e-28,7.39929536806828e-16
19,40780325,A,G,-0.0222147938209433,2.09780752879654e-32,7.91667631039778e-16
7,116416010,T,G,-0.0213653209588312,1.66049855236631e-39,8.06532373684374e-16
9,35908313,A,C,-0.0228501420555488,5.4010858829255e-30,1.40482510409503e-15
16,66937003,G,T,0.0403016785381142,7.18305552333176e-18,1.5084233685647e-15
12,26348304,T,C,0.0229014850063979,4.88801488989772e-27,2.48140645690004e-15
7,100291793,G,GGACGGC,0.042762783180596,1.44464170724341e-40,2.5228321019166e-29
7,99853660,G,A,-0.0759599406166843,4.81119961974738e-13,4.07695630674573e-15
7,100275110,C,G,0.0539428771629859,1.71139510896695e-11,6.63449907986719e-09
12,27955296,C,T,-0.0219942059583307,8.47030496744768e-29,5.65529139573411e-15
18,26111000,C,A,-0.0433736754427193,5.70659122174773e-16,6.66967092321897e-15
18,25765493,T,G,-0.0245129046258706,2.37808096653648e-21,1.08090260083657e-14
5,172670611,C,CT,-0.0230763735927724,1.75941622284418e-25,9.55886790433881e-15
14,91590417,A,G,-0.0210798949111249,4.12217814030647e-31,1.01630116556911e-14
6,134214525,C,G,0.0211321861803278,1.90213748169065e-30,1.13605681696186e-14
6,28586613,ATGTG,A,-0.0228679845821619,2.62552762804507e-30,2.38957269257885e-14
5,142767160,T,C,0.0267716936436205,1.3625075526857e-19,2.77573205791913e-14
3,122069823,G,A,0.022578721703703,1.09679540096355e-23,3.55095380767182e-14
10,29820758,T,C,0.0204773699150658,2.16227385045006e-31,3.55807081436898e-14
9,129327858,G,A,0.0227350020426541,2.61705111795154e-22,6.49407451543661e-14
15,73608221,A,G,0.0314973996425765,2.90755603064819e-89,6.9181414716972e-40
15,73602878,C,T,-0.060106382246711,1.10742097772061e-15,8.05395476077601e-23
6,121766728,GA,G,-0.0770459173337999,-99,3.10761926954117e-51
