chrom,pos,major,minor,beta,p_value,gwas_p_value
22,37445668,C,T,0.101391749363026,0,0
05,127350549,C,T,-0.110874609373647,0,0
06,26072992,C,T,-0.20515431628607,0,0
06,26091179,C,G,-0.142206415861383,0,1.09665887803948e-277
06,135418635,C,T,-0.099642845344419,0,3.22836892646172e-271
15,91513157,T,A,0.121059421269301,3.46737563346521e-302,1.45794624676244e-233
18,43845880,C,CTT,-0.0789705227185588,0,2.36479409380644e-218
14,23494277,A,G,0.0766285859312255,5.55213490310287e-295,2.71748579756113e-167
05,1104938,T,C,0.0710848182026456,0,3.68053476475469e-162
05,1058036,G,A,-0.21397558796918,2.1954128152387e-80,9.36987669363411e-68
01,248039451,C,T,-0.0687344824064044,3.41760468398988e-298,8.69527789043581e-150
07,33081514,A,G,0.0665359303978682,1.14698459838437e-242,6.83346842374038e-132
10,24858390,A,G,0.0702627382841607,2.17471149764891e-212,3.63773064396725e-128
17,27179590,T,C,-0.0735815314548407,1.25810085783217e-188,1.9028233183803e-125
03,195803322,C,CT,0.0602434909004331,1.7774341380444e-262,7.29919192274545e-120
06,109616420,T,C,-0.0573039736749833,0,2.59621124342379e-116
11,61581656,G,A,-0.0606174796637922,2.87961721327969e-188,2.9238666560883e-106
11,16369353,A,G,0.0963081021370232,6.10476009467315e-119,6.15597182204989e-101
19,45413233,G,T,0.087764485471068,8.93458636354252e-95,6.6333774552296e-95
19,45411941,T,C,-0.0419437894096495,3.69515255160745e-46,1.47374610974387e-48
02,8756183,C,T,-0.052808884014562,1.5200330654413e-207,5.7180288069529e-94
12,54698408,G,A,-0.0882088879602051,6.8208611975216e-120,4.48491049412745e-86
12,54685880,C,T,-0.0719886463236896,8.65891564994799e-56,5.99543365641573e-37
06,41925159,G,A,0.0685348511746906,1.98325416099703e-201,8.40054143901453e-79
06,41924931,A,G,0.0414553144641878,1.67004918629892e-80,2.33004195092709e-10
07,100240296,G,A,0.0477394133417973,8.8174525315096e-168,3.2394144831653e-77
15,78559807,G,GT,-0.0344138264133615,8.75650055570159e-65,8.76521612066007e-76
15,78556580,GGGGGCGGCCTC,G,-0.0459659139843438,2.43804210846711e-25,6.88920911843148e-67
06,29889989,A,C,-0.0263100666320113,8.53874293197893e-20,9.36089138419291e-72
06,29493144,T,C,-0.0760307174587798,2.14265058976624e-34,1.81491184248608e-42
06,29510630,G,C,-0.0583732001071103,4.85624105749804e-35,7.71685000605251e-65
01,25747230,C,G,-0.0448297180816915,5.11027490750124e-185,4.69938927483451e-71
14,74514116,T,TTATG,-0.063282854482605,4.04789986552995e-97,5.5974320724946e-71
03,171338569,A,T,0.0451059999183639,2.40164958835772e-112,5.98552290053925e-67
08,126482077,G,A,-0.0414996801141197,1.64615518235137e-180,2.23900929762835e-62
06,31081940,T,C,0.0359641165993242,1.57784919131479e-66,1.92122374812579e-56
06,30599176,C,T,-0.0428381963407007,4.66863611034547e-47,1.09058701911879e-53
01,158586966,A,T,0.0350557503465962,2.27348537643373e-59,5.57502679645035e-55
01,158604866,GC,G,-0.0242466323337757,3.96880042445479e-31,1.61242071194477e-39
01,203654668,C,CTT,-0.064766346590065,5.29607048635371e-58,2.659918264932e-53
01,203281175,C,G,0.0279095616451047,1.13624857682202e-67,4.19232476535999e-28
13,113366291,T,C,0.0655256186544481,6.12241739591151e-57,3.90157544250992e-53
02,60725451,G,C,-0.0384459096799448,2.37579982698986e-130,5.87167991724121e-53
09,136131188,C,T,-0.0750618198964211,1.76909193074537e-52,9.91640419619738e-53
09,136139907,GAAACTGCC,G,0.0246720098392532,1.09156467062482e-27,1.64936772188258e-26
17,31251148,C,T,-0.048734218635753,2.98222418106185e-74,5.30319956401458e-51
17,44189067,A,G,0.0378887956760342,7.06594556850556e-121,7.51685003217251e-51
11,65349063,G,A,-0.0368338653302131,1.75397671344626e-132,3.5320364229683e-49
21,35107734,C,T,0.0376351342909308,1.14401959530512e-94,6.6586255639883e-47
08,26266834,A,G,-0.0392682593904827,4.35141326906021e-85,1.31735906186452e-46
09,131881092,C,CT,-0.0390313888302908,5.8099071155177e-85,2.31744032680335e-46
20,31107399,C,G,0.0423012986786333,1.02819762344474e-71,8.91263761655901e-46
08,19912370,G,A,0.0515962431839993,1.53635931214376e-49,3.72338482056133e-42
08,19820480,C,T,-0.0583611413536851,5.43363329068703e-15,5.55181890568508e-17
14,65283676,G,A,0.0374662397907308,1.07494976604625e-72,5.07591514565157e-41
08,98701692,T,TAA,-0.0681262816579955,1.48619301799091e-46,5.10381066887698e-41
01,3691528,A,G,-0.038106679116331,1.27848354245199e-58,1.26985727533557e-40
01,3691997,AGTCAGCCTAGGGGCTGT,A,0.126336953831372,9.4320293971143e-29,8.72106546364391e-32
19,17254508,A,G,0.0278909619592982,7.90095757014467e-60,4.49105716484749e-37
19,17252041,G,A,-0.0302566022152222,4.87581473728797e-14,1.33746393037893e-22
16,68733646,G,C,0.0351218266800653,7.10859017740774e-64,9.44787714822147e-37
11,205198,A,C,0.0254604961646808,2.56410644498858e-21,1.60745970574632e-36
11,258038,C,T,0.0371512559226464,7.77311028555873e-13,1.66830964726413e-33
14,58706750,T,C,-0.0346347377545146,2.66309626649409e-62,1.27940929345831e-35
01,43432136,C,T,0.0381604450867145,2.20724361145454e-53,2.0148487697709e-35
17,76124810,A,AG,0.038652636252746,1.45045572170652e-46,5.8029222864766e-35
17,76183233,C,T,-0.143130165533957,9.72393608854335e-37,2.426609896478e-33
17,76405837,C,T,-0.0187298584367993,1.07944925881518e-21,2.77409228886404e-12
08,8886183,G,T,0.03084728606555,1.7495671050347e-86,1.21121715660565e-34
12,121157851,A,G,0.0278516539216938,7.49672985922044e-47,5.05551578723857e-34
12,120991708,GT,G,-0.0186883428674572,9.03777348099193e-21,2.47161745767979e-19
06,25452783,T,C,-0.0916631120190151,9.15208120341681e-165,1.86039358240031e-133
06,25431665,C,G,-0.105537568678559,4.46480110783944e-44,1.22695845400564e-36
06,25464108,T,C,0.0434735239267163,3.86507209595653e-27,5.91441043261903e-41
01,230295789,T,A,-0.0306083255966696,7.09213119871969e-74,3.64566341150965e-33
02,219154781,A,G,-0.0301202577230363,6.05588881522331e-82,4.38873103781597e-33
07,80306271,G,A,0.023379688194905,6.63345915553288e-48,1.93107761997113e-32
07,80312637,T,C,-0.0294346109226478,1.53743115402263e-17,8.74421213093731e-27
16,212649,C,T,-0.043707432169493,1.08883901184632e-30,2.18489421593338e-32
16,281299,A,G,0.0281288747580867,2.46986612222887e-26,1.56967435128509e-25
11,116648917,C,G,-0.0434513525439621,9.77797749545566e-42,2.22551698812265e-32
22,32886477,T,G,-0.0296462979767338,8.01942513372673e-71,1.75299454608059e-31
11,5294145,C,A,0.0293568740150471,4.64580764161182e-77,4.76543097229112e-31
22,30892255,A,G,0.0338458254634819,1.54346305262011e-48,9.0520544116713e-31
09,4855858,A,C,0.0400570095226884,8.48499387953018e-56,1.1067488975881e-30
09,4763368,C,A,0.0294508699898814,2.78975157285162e-26,2.51521655761323e-11
08,23418122,G,A,0.0290313428669899,1.98469005688657e-74,1.26145069447201e-30
02,169313518,C,T,0.0920176863721953,3.10853898425279e-30,3.82315803563197e-30
11,44594611,T,A,-0.0314049869008592,3.71963564963615e-53,3.87111648024342e-30
08,41630447,G,A,0.0354227848798797,3.86669372979261e-36,4.29587133178707e-30
08,41512581,C,CACAGCAGAGTCTAT,-0.0262178478842018,2.33382620918195e-47,4.26808820683196e-13
08,41548911,A,T,-0.0657267697620289,4.51190927551707e-25,4.56722684612659e-21
19,4410646,G,A,0.032383289808887,1.06685730954387e-48,1.03103231618219e-29
19,10650649,C,T,-0.0304225982354519,2.05320367607815e-29,2.19959217942108e-29
19,10680749,A,AT,0.0392351983003436,3.84685302284322e-12,1.39572756256461e-16
19,10742443,T,C,0.0183432065850013,3.19975946149913e-13,8.1254157433081e-16
01,172425529,C,G,0.0277294712437697,5.10777561144584e-82,1.75363524149642e-28
19,1050874,G,A,0.0295479507616752,8.81419414386237e-44,2.28421119097447e-28
19,1030431,C,T,0.0240629575436474,2.1801235264795e-23,4.21896171760777e-17
02,64860029,CTTCAAA,C,0.0291623014714073,1.13313726318579e-54,9.03610781865902e-28
12,112258579,A,G,0.0466692502782188,2.77178776134617e-33,1.00818967797404e-27
19,19473445,C,T,-0.0285257310349526,2.13195999661964e-55,1.41579769146426e-27
15,40306334,C,A,-0.0329752432779447,8.17943312600466e-33,4.8260258191987e-27
15,40782620,T,C,0.0144495304053506,3.59559973963642e-14,1.94611425995186e-08
08,144688736,G,C,-0.0271799890052857,2.63460195745725e-47,5.23425118549599e-27
08,145058986,A,G,-0.0205926938789706,1.23268861637776e-22,2.0924983821621e-15
05,127418850,G,C,-0.107445384009229,0,0
05,127451581,C,T,0.0257304692864684,3.15818742998471e-11,4.18207870128693e-37
19,49377436,G,C,-0.0285897017796128,1.27828157833848e-43,1.09637185087606e-26
19,49144241,T,G,-0.0164724224609028,1.09879893564969e-10,1.10951698962267e-07
03,142210801,G,A,0.0290333922926189,2.37030336251703e-51,1.32147533274828e-26
03,141729175,G,A,0.0268318091662046,9.63054050581288e-13,1.9084012084266e-08
03,142660022,ATTCAGTAG,A,-0.0162600405860231,1.38588335442379e-12,1.97823079137441e-09
16,31404571,T,C,-0.0266865627230649,1.61056326351989e-66,2.06290174826488e-26
01,23847464,C,A,-0.0266714093957691,3.75014958823085e-44,3.55898617274052e-26
11,100452869,C,A,-0.0445199541871332,2.51881886151931e-31,4.38190557785974e-26
10,45953767,A,G,0.0284102235065085,4.8338235686102e-46,1.45039480465532e-25
10,45950055,T,C,0.0835972644456747,3.78238574999359e-25,4.80154770383762e-19
10,46015706,G,A,0.0554517768875284,2.92756649684543e-07,7.66590846106576e-12
16,50108892,CA,C,-0.0284359495121169,2.79523199942871e-44,4.10923223395107e-25
12,132434391,G,T,-0.0714844378109226,9.06653464843455e-27,6.78794163360837e-25
09,114663385,T,C,0.113869861066438,1.07851656818998e-24,4.10169628901077e-24
09,114833002,C,CA,-0.0244796699149655,5.36108722645183e-09,9.70448525994387e-10
09,114938781,C,CAGATAGAT,-0.0140138114833316,3.60033860069018e-13,1.18594322615392e-07
20,55990405,T,C,-0.0253107023850155,6.08162763881225e-67,4.11195067847097e-24
21,46269526,G,A,0.0353097316977775,4.91215324924824e-32,4.43030289548097e-24
17,42329004,C,A,-0.0290056683673836,1.18875878401355e-46,7.02054186409571e-24
17,41926126,C,T,-0.0433025614430494,3.61480649300898e-10,1.60530857070122e-07
01,205249690,G,A,0.0262414297724437,9.30484138433629e-49,7.76388765974303e-24
20,35673082,T,C,-0.0349338673980606,1.32091416954909e-31,9.65047608984686e-24
17,57942585,A,G,0.0312841008301459,1.78316355134162e-34,1.44190896022908e-23
22,29135121,C,G,0.0230064197566323,1.39798799140579e-43,1.62728295623665e-23
22,29291330,C,G,0.0429811919134777,1.94409068096562e-07,9.72163877265581e-12
03,132218883,T,C,0.0366724023417415,7.74114118687276e-30,2.70625640826637e-23
01,40035928,G,T,0.0296798414240238,8.80408038025055e-26,3.76704238503301e-23
01,40391752,C,T,0.0167316580734171,1.8165605282216e-12,3.23069268672599e-11
19,11291912,TTTATTA,T,-0.0468492509997765,3.0302081563004e-27,5.23722441865424e-23
19,10811667,T,C,0.0210272286970919,3.38370968850567e-35,2.60346633808061e-17
19,11346550,C,T,-0.0257376227767336,1.31542391356249e-08,2.85659356881547e-07
17,34850623,G,T,0.0246297394371566,3.13825468755964e-61,5.52333759081217e-23
07,17814536,A,G,0.0210574235221577,6.60004501247373e-42,8.96102923223255e-23
07,17730721,C,T,-0.0192565133414668,1.49541341955651e-08,1.43180193695259e-13
04,153701130,C,T,0.0248363802311373,5.99279504188462e-51,1.24483877462706e-22
14,73421966,G,C,-0.0802973044977077,5.07153911977482e-25,1.72895168765339e-22
14,73340329,C,T,-0.0318631492505466,6.17827043016788e-14,1.4169625322738e-10
10,124704514,G,GTA,0.0244606249151033,1.13132907511105e-52,2.71941487682569e-22
22,50971266,C,T,0.0256422123181257,4.58917103063856e-42,3.88586661315829e-22
01,118251143,C,T,-0.0328161791700047,4.62176428849616e-30,4.80710626003145e-22
15,56744720,CT,C,0.0246568730913457,2.192721513671e-52,8.64021872099542e-22
10,96358363,GTT,G,0.0245049968694019,5.08389891478652e-60,9.84232405403254e-22
05,72128767,A,G,0.0202237371430615,1.33840878624853e-17,1.71606626401909e-21
05,71725912,A,G,0.0188241866786023,5.7422001800279e-09,2.29521882163803e-06
05,72144005,T,C,0.0266984560629641,1.81461196289736e-07,3.59203788095956e-21
05,173318254,A,G,-0.0256947042167492,1.52482973254004e-38,2.36238895716024e-21
09,136921464,A,G,-0.0220624229049727,6.87762010799619e-16,2.64177372629653e-21
09,137117496,C,T,0.0177403568643055,8.65819938231232e-18,1.14228462467003e-11
09,136924744,C,T,-0.0141338582905924,6.51534136242393e-10,2.42553108521642e-13
12,7112902,T,C,-0.0423051844980357,1.19740004842306e-22,4.02174174657156e-21
12,6663964,G,C,-0.0197626024907564,4.06110880568616e-12,5.1694605396097e-10
17,66447073,C,T,-0.0308217261506184,9.01083882551379e-50,5.12750177568531e-21
17,66449844,T,G,-0.0275798320346238,1.49881936153594e-16,3.604747738822e-06
05,175613944,G,C,0.0237009433182278,2.86120118896869e-49,6.04674623137789e-21
19,33083185,C,T,-0.0669835921364255,1.86361006515458e-18,7.55729281187172e-21
19,33072069,A,G,0.019307893421888,3.29918677368453e-23,7.54905359058828e-16
17,33875262,T,A,-0.0248645353269071,1.48383786518418e-25,1.48366613001211e-20
17,33894536,AAAAT,A,-0.0182620785671575,2.08880152687088e-18,1.5414656080166e-12
10,13749228,G,A,0.0237598846339582,4.93172606642299e-44,2.42828011058685e-20
11,122932776,G,C,0.0572991666560146,1.19695663615643e-21,4.68617503524046e-20
19,13020506,G,A,0.0704238810131078,7.38990161133128e-25,5.24134391364817e-20
19,12998205,G,C,0.0262115714122907,3.80330448556299e-30,3.36169679876261e-16
19,13211570,G,A,-0.0539916077197911,4.72106412014557e-08,2.99108692119572e-09
12,52467870,C,CCGGGG,0.029351951896378,1.59255786913768e-28,9.38451297974387e-20
09,91497782,C,T,-0.04563888991382,2.43870903310981e-18,1.26145828813041e-19
09,91421178,A,G,0.0135891833641219,1.48622328286767e-11,4.79332385597167e-10
X,55180091,G,T,-0.0181024189807149,5.59979935580879e-33,1.66496964275527e-19
15,31538374,G,A,0.0311890573810452,7.59406082370209e-16,1.88243864050066e-19
15,31609546,G,T,0.0145994347007936,2.87794875145736e-17,6.81536017439029e-13
06,109642675,G,A,-0.0502806436232796,5.65993328300061e-144,5.49663403758753e-104
06,110089053,C,T,-0.0239158901661722,1.04950668287794e-16,8.70422777490977e-46
06,109777049,C,T,0.0520387942060431,4.24668308419515e-13,2.16166365242754e-11
17,21156860,C,T,-0.0239645946327785,7.71803486236687e-36,3.05965167697531e-19
22,21945978,G,A,0.0285747152587809,1.73732406505128e-27,3.79786308509416e-19
04,144859478,T,C,-0.0348565471854913,1.00377865305276e-61,4.45554984392119e-19
04,145062516,G,C,-0.0302630881285478,4.51904740621879e-71,2.30313412374127e-14
02,236367472,C,T,-0.0232579956762988,4.12967141789744e-40,4.48910333389214e-19
17,80480516,G,C,-0.0238300761471839,4.00179449278349e-26,5.74811607275965e-19
17,80694399,G,C,-0.0180089827822469,2.39209154481403e-21,2.88968655535382e-13
03,49361791,A,G,0.0179741303277128,6.15759021215706e-30,5.82012327547042e-19
07,32953295,C,T,-0.027546953024586,1.56561695198221e-50,1.54911396027991e-55
07,32954434,A,G,0.0369193969268025,7.26389809948088e-22,1.31772689448078e-23
07,32889972,TATG,T,0.0232933068265109,5.88279503391475e-25,6.04580794951336e-24
12,51138862,C,T,0.0235385721401154,1.27123963408884e-32,3.40339192712685e-18
13,114548163,C,G,0.0240558286224356,3.43875778625285e-25,4.4651539377378e-18
13,114631940,A,G,-0.0253841543568298,2.81082995027252e-19,5.38218946343171e-16
03,12271918,A,AT,-0.0173567575440497,1.13220573065709e-18,5.01804306149235e-18
03,12360884,TG,T,0.0258394027611599,3.4626420104167e-13,2.76367221287628e-13
03,12724773,C,T,-0.0290227404298021,1.26723194762195e-10,3.3840129408658e-11
02,27730940,C,T,-0.0219912267791276,3.96322440805708e-39,5.83799482111952e-18
19,8429323,G,A,0.0716913251728827,5.17637841470277e-16,7.29972265626058e-18
19,8302934,C,T,-0.0182522935522014,3.226013021219e-16,1.93405772616763e-12
19,8485028,C,T,-0.0162497704706432,1.79449153347193e-11,1.05138160133484e-11
07,74236723,T,C,-0.0241031070885146,5.06267468924719e-32,1.0503034360685e-17
02,62523565,C,G,-0.0255860595860756,2.32584161466921e-26,2.20826771496454e-17
03,182504827,CA,C,-0.0235429125891456,1.34488543095348e-31,2.47673817069448e-17
05,150567017,A,G,-0.0524037078646979,1.07316710565871e-18,2.59241745826416e-17
14,102637575,T,C,0.0255921902614498,2.43561076428257e-26,3.3486478838306e-17
05,153413390,T,C,-0.0217374240600693,2.36413948787638e-35,3.46079980036592e-17
20,4157072,C,G,-0.0215864631378517,2.91829997921543e-37,3.96205316248813e-17
10,71099109,A,G,0.0323550374516124,8.54497524845882e-21,8.66526362068689e-17
14,70354858,C,A,0.0289642213838362,1.84817365046028e-22,1.21291068318103e-16
08,38249932,G,GA,-0.0248416998535624,6.10964771694037e-26,1.31432882960642e-16
07,126999433,G,T,0.0207972649396481,5.14072619197762e-36,3.57250911263684e-16
03,24357243,A,C,0.0212262031291354,1.01364859325042e-32,4.96062945274331e-16
15,40878474,A,G,-0.0201776334412032,7.1017680166904e-36,5.99751421039698e-16
15,40382441,T,C,-0.025649585341933,2.7975057095726e-15,9.81281401204439e-14
01,11868284,T,TTGTG,-0.0220173557367864,1.56814857347779e-29,9.04829232012935e-16
05,67596088,G,A,0.0207164612866486,2.5186752116273e-30,1.22063217986365e-15
05,67676904,T,A,-0.0153576337590732,1.207069359489e-09,4.97441815365506e-07
06,3162378,A,C,-0.0202757769817181,2.23787268054402e-19,1.42682938313506e-15
06,3455046,T,G,-0.0202401781879323,1.19352202694651e-13,1.22435995835352e-13
06,3363285,A,G,0.0164601225397717,3.38568345569395e-12,5.90324335676354e-12
03,142111273,G,C,0.026933611101703,2.10314588742108e-54,2.70181688835076e-20
03,141626815,CT,C,0.0280155145800666,2.52270704524209e-18,2.29527584323427e-14
03,142035077,T,G,0.0506194452927518,7.26438415489367e-08,4.43269404636313e-07
12,118663767,C,T,0.0216244516144468,2.91676705921437e-27,2.13816729961035e-15
17,27588980,CAG,C,0.0200987719777784,8.81521282046825e-14,1.14756358694302e-15
17,27579011,C,T,-0.0533477429507719,5.03470748585195e-16,7.52870230858513e-15
17,27884605,A,G,-0.0241367781620625,1.01703380052941e-20,2.47740684321182e-15
04,39897854,G,A,-0.0309543744514725,4.35579486023162e-16,2.5656971353781e-15
04,39410374,A,AT,0.0124631891536149,1.38230326108316e-13,1.35294622733788e-07
06,34780105,T,TA,0.0180129867147541,1.49570842690036e-17,3.59110047473241e-15
06,34702319,G,A,0.0356096849148137,2.89045331216454e-06,3.08450247749021e-11
06,47433751,A,C,-0.0219505525639611,1.03058168904815e-25,3.86318404025686e-15
05,171572577,G,T,-0.0164443881838889,2.43211628490287e-27,3.93658067898703e-15
05,171610907,C,G,0.0195707007273754,4.16687066477574e-08,2.2258151411019e-11
09,273178,GA,G,0.0225494470290009,1.8516779522865e-23,8.00792787850827e-15
22,43141020,G,A,0.0194552570566174,1.78859699056173e-38,8.43274784307225e-15
01,211832567,GA,G,0.0158504920957657,8.5510701195004e-18,1.27819131718867e-14
01,211803761,C,T,0.0167851703598944,1.31301571475182e-08,6.69274439433797e-13
15,78591037,G,A,-0.0466101716545168,3.28282545755239e-131,2.27336157501298e-68
15,78606913,A,G,-0.0274194848333811,1.20495858155532e-37,2.99329930857816e-11
15,78633419,G,C,0.0349006190291648,4.07118705801058e-07,8.02705872432367e-08
07,6456091,C,T,-0.0181324274765948,4.96976809712796e-15,1.68678240272409e-14
07,6504106,C,T,0.0174203773495996,2.03077675813491e-11,1.66750297524184e-13
07,6111172,T,C,-0.0144383714047881,8.04650607793568e-08,1.8956328786182e-07
04,69771354,T,C,0.028734001031895,2.96507679183646e-18,2.1050061204699e-14
19,58148662,G,GT,-0.0274851759301475,8.6393060918733e-19,2.13059697280071e-14
05,53638135,AATT,A,-0.0192953526849964,8.74076506931588e-32,2.46060516710129e-14
05,53194627,C,T,-0.0489333034776265,2.59739658004159e-06,2.7921394457155e-06
06,132834518,C,T,0.019224901704488,1.30788659621926e-35,2.57272766868544e-14
05,154020584,A,G,-0.0195290239641178,3.57682122221692e-20,3.30452502808469e-14
05,153537026,G,A,0.0133924427089164,5.85139870238422e-11,5.43313420548338e-08
03,49588841,ATC,A,0.0160634154459585,1.59794951966455e-23,1.44234086311027e-16
09,97089498,G,T,0.0188574104834274,1.59695416492306e-29,1.69715270461299e-13
06,5260694,C,T,-0.0283374089641821,4.0835505965842e-11,1.90237799591209e-13
09,136115235,G,C,-0.0746323193905201,8.51584722392407e-52,1.40329036907541e-45
09,135876034,G,A,0.0343653808873107,1.54472992566168e-12,1.9586344924019e-15
20,52553882,C,T,-0.0216029477798856,5.4631630943635e-18,2.35371521677936e-13
20,52213622,CA,C,0.0185003730274564,5.25554350962546e-10,6.45395102281893e-08
15,78536683,C,T,-0.0380870036339146,1.90238995425848e-84,1.95756809757999e-74
15,78541632,C,T,-0.0426767144543376,3.27654668783106e-17,7.88879561502082e-48
08,42457043,T,C,-0.018589992075393,1.66012945713363e-29,2.45553157406914e-13
02,53978813,A,G,0.0204815697764424,3.38892732893815e-22,2.50600606295515e-13
17,7560153,C,CTT,0.0185370224347196,1.40947388859321e-16,3.05743497487148e-13
17,7462969,G,A,-0.0160531171556018,4.10126808884524e-10,1.14396569563074e-10
02,32518557,T,C,0.0292259471010226,3.81595555253976e-16,3.20224847537062e-13
11,95596873,C,T,0.018982396806215,4.41249842476195e-25,3.86892805650356e-13
11,95308854,T,A,0.0210788727862904,2.87816254549046e-12,5.73655819792259e-10
05,36151849,A,T,-0.0323088040570673,4.88707497959447e-11,4.29894822059476e-13
05,36118757,G,GT,0.0132696999079246,5.94730308263453e-14,2.30008811127348e-10
06,52642768,T,C,0.0177909217651028,1.38297346374926e-23,4.37634868602881e-13
06,53119557,T,C,-0.0134567759252607,5.21557972197926e-09,2.28878098432442e-07
19,35775509,G,GT,0.0225204207688481,3.33109695655994e-18,4.55851601943887e-13
19,36240717,A,AAAG,-0.0212407328302544,3.63491474859061e-10,3.77785194704643e-08
19,35950174,A,G,0.0160787659671755,4.28496425067218e-12,9.92350070992151e-07
06,5170707,C,T,-0.0266596116715091,1.25155443739871e-09,4.90330368613028e-13
06,4717873,C,A,-0.0289275440815047,3.58689641979424e-12,4.92659298038519e-13
05,157164962,C,T,-0.0188054974576743,1.6743403798162e-25,6.18530253939571e-13
04,129227284,A,T,-0.0612225016304422,2.0238836587624e-13,6.81602928142274e-13
10,80788867,CT,C,0.0209879560260538,4.64021359598302e-20,8.26213458933949e-13
01,168174064,C,T,0.0449536919982987,7.12409296421972e-14,9.72564965012414e-13
19,34663851,C,T,0.0182512593267808,2.10266233691647e-26,1.10291864102884e-12
15,85903397,AAAG,A,0.0214633977299654,1.18923602301366e-18,1.5737427179466e-12
01,68166748,G,A,0.0196978413900368,1.99430769021499e-21,1.74771307949253e-12
03,52785238,A,G,0.0154925661095526,1.49631073360098e-14,1.77753787195724e-12
03,53036417,T,TA,0.012216605420618,2.27550823944761e-07,7.93216443860878e-09
22,31639509,G,T,-0.0175438041078043,2.30704532083666e-35,1.92980635902482e-12
10,103214974,AT,A,-0.0180582008354339,8.01951596805478e-31,2.73977623638948e-12
12,109849297,A,G,0.0184401156373752,1.19684828358108e-23,2.9606541336317e-12
06,135424179,C,G,-0.0879541030856782,0,1.47676244483739e-253
06,135432061,A,G,0.0223345390048658,2.42760801126748e-21,2.32107119117334e-73
14,78083349,C,T,0.0155280597952387,2.5907181118855e-14,3.7522164534338e-12
14,78120752,G,A,-0.0128801462416629,1.01220493505263e-09,8.23771983700189e-10
02,21225281,T,C,0.0214078796782954,1.20100670865172e-17,3.88472300388689e-12
19,18517331,G,A,0.0168083912215574,2.41150578998483e-13,3.9533713008776e-12
19,18225002,C,CTT,-0.0204187567222251,8.12538575673265e-15,9.94352661338153e-11
19,18633437,A,C,-0.0175246819236374,3.83080279795329e-11,3.5356345474153e-11
08,131026260,G,A,0.0172305303017746,9.0345689276358e-30,4.85165016161913e-12
05,128118924,T,C,0.0337385273107572,1.74882329056883e-15,3.53757649660402e-18
05,128317537,C,T,-0.051512655871646,8.46017394317364e-15,4.22262726106906e-14
05,128059841,C,T,-0.0180476199540026,2.23238783979669e-23,5.38875304792512e-13
03,183699516,T,C,-0.0175836921693387,6.22339261463419e-24,8.9025638281992e-12
X,40846127,T,C,-0.017828394921407,2.66397777425893e-15,1.1648727175121e-11
03,66338718,A,T,-0.0174319336417708,2.34297271798706e-19,1.20639330167097e-11
03,66829908,T,C,0.0171323023302516,1.82028667364951e-09,4.31002881997778e-08
11,67097778,T,C,0.0306641005255754,1.65154758636941e-13,1.22912923690348e-11
05,43452179,C,CA,-0.0189165973882196,6.19741510842126e-23,1.35461310360195e-11
08,145747920,T,G,-0.0170341373819274,3.14292890924509e-31,1.44178773241199e-11
07,99553066,C,T,0.024831274268774,5.13608445444059e-15,7.30446344847169e-15
07,99521208,G,A,-0.0546167012910401,4.23107217051756e-14,2.33642347885721e-14
07,99578199,G,A,-0.0332918656668083,4.50706244680825e-08,2.58669591208992e-08
15,66947106,A,T,0.0154456699133953,1.15321182865047e-18,1.78236955915899e-11
15,66979934,T,C,-0.0186530346394877,7.39294725090674e-11,1.00078460038837e-10
18,47106028,C,T,0.0803061032303616,7.78865868031615e-12,1.79422907655726e-11
18,47229717,A,C,0.0133944945574918,9.97641515549341e-10,9.30013154036214e-08
18,47181668,T,A,-0.0155051941949105,2.73085522633029e-08,2.1924861656023e-09
17,56510305,G,A,0.0197714233915755,1.97712566040604e-17,1.99822972951967e-11
16,53827179,C,G,0.0169568285938452,2.70967684879893e-25,2.04798224985595e-11
22,36425023,G,A,0.0435984635735411,1.89786693667453e-12,2.1621863785231e-11
18,43802778,G,A,-0.0998398002513749,0,5.82905784213522e-212
18,43780605,G,C,-0.0474114415600611,8.00839465918491e-69,1.37627309704864e-06
18,43531427,ATTT,A,-0.0211267243474707,2.7674758135082e-06,1.46978567897075e-10
01,37921082,G,A,-0.0148631609859018,7.36622059320248e-17,2.24524371492747e-11
01,38318307,CT,C,0.0119411468867119,1.69864733083821e-09,2.47211004204598e-08
19,16219087,C,CA,0.0221556109535051,6.97114102203343e-16,2.25010291366031e-11
01,22697212,A,C,-0.0218774211440214,1.15839710199226e-15,2.25574237889145e-11
19,15413671,T,C,0.0257419761607692,4.75137250983581e-14,2.56341576434575e-11
02,239109823,G,T,0.0217392473367343,3.06907666749678e-18,2.73027169231032e-11
02,239258329,C,T,0.0444859119704296,6.14904899938303e-07,9.15449913034336e-06
04,83955107,A,G,-0.016901810863154,2.95670014184024e-26,2.82113380218881e-11
14,64239877,T,TTTTA,0.0226599752574379,5.33388675667779e-15,3.30276241935138e-11
01,23886073,T,C,-0.0181592763068135,7.70468031488202e-18,1.49423708461885e-10
01,23885498,C,T,-0.0166854823840883,1.99499798337597e-10,1.11733653484199e-07
13,110434310,G,A,-0.0217077433324493,3.8167360796255e-15,4.28680244725156e-11
11,2325427,T,C,-0.0624599891974287,1.93028020266489e-12,5.37989385242968e-11
11,2326612,A,C,-0.0189585406928616,3.97032529392939e-10,2.04292546995999e-06
15,75227949,T,A,0.0167888225695074,2.90005224597328e-25,5.66118589307421e-11
12,123186381,T,C,0.0206170245386139,1.42683788106403e-16,6.8010714551516e-11
12,123274480,A,G,0.0211671098171528,1.02966632268797e-06,8.37562564806197e-06
03,127952868,T,TTTTA,0.0247756162953937,1.32896800747194e-13,6.86858063430075e-11
22,41461865,T,G,0.0148801282887556,1.57944178859366e-24,7.10925257635901e-11
22,41736090,G,A,-0.0486061702908212,1.87652590145923e-07,5.64714476988738e-09
03,176926298,C,G,-0.0164186237884682,5.13458787927081e-28,7.68242783267066e-11
17,71237014,G,GT,-0.0165532822603068,9.15784966631793e-29,8.4261104879845e-11
15,89777194,G,A,0.0165855615550658,3.73919310398274e-23,8.77214823986747e-11
01,155564967,GT,G,0.0180873585345273,7.50145245652224e-18,9.96881387199884e-11
20,4980405,C,T,0.0219165906768825,3.71879384319527e-14,1.15301583328227e-10
10,47561248,G,T,0.0828392553368051,1.42556389150979e-10,1.46358086620912e-10
10,47570332,A,G,-0.0424668767680603,2.33760661769341e-06,2.15234995777746e-06
01,47855170,A,G,0.0160513079641046,2.95778181082771e-27,1.50687036547586e-10
17,30918214,C,T,-0.029547228117008,3.67553674236964e-24,9.76027329554479e-20
17,30467516,C,CT,-0.0189465004281328,1.13937820342963e-13,2.77644669267469e-10
08,103077790,T,C,0.0151465898796764,4.77203939596641e-12,1.68910536509285e-10
08,103411505,A,AT,0.0122535925999328,2.33135352293379e-09,8.67468649468685e-08
11,47393494,C,T,0.0226500530446152,1.62345151083936e-13,1.87216914734938e-10
07,87105159,A,G,-0.0181645774170642,1.09478229813594e-16,1.90845020605212e-10
10,102075479,G,A,0.0213360698699357,2.81521657747895e-14,2.21411642528456e-10
18,2979489,A,T,-0.0176737174132945,3.49074769337637e-17,2.33307333569445e-10
01,178528167,A,G,0.0158926505194778,5.6025251170972e-26,2.35828230278791e-10
17,37675551,C,CTT,0.0213545529056483,4.04540676732168e-14,2.46925402876397e-10
09,110531385,A,G,0.0167155075222543,1.0286924575947e-19,2.56591874513902e-10
12,93791233,A,G,0.0259535506061834,2.03385788936367e-12,2.58433985027554e-10
06,110762453,A,T,-0.0184796380025104,1.42097076946323e-15,3.60478417299608e-10
01,234738338,A,G,0.0175759850202151,1.08769182820245e-13,3.93426316317943e-10
01,234807113,C,T,-0.053377472855078,2.3760588712388e-06,2.62829337749745e-06
01,235158221,A,T,0.0128070441903088,1.84849538377044e-08,5.33731182126541e-06
02,169823867,G,A,-0.0159168590262965,1.0754085115136e-22,4.14590437180275e-10
01,212366053,A,T,0.0151032118934135,6.94907125658408e-14,4.41022343395206e-10
01,211889042,G,A,0.0236166405671291,2.45837308190307e-15,1.54085810076326e-08
01,211868723,C,G,0.0226413366274294,2.3417878663149e-12,1.14255521372741e-08
18,55238820,A,G,0.0352376589892417,3.00295055803176e-09,4.44272036673768e-10
18,55434785,C,T,-0.014255015183308,2.74482966187561e-14,3.75351802711684e-09
X,65935323,A,G,-0.0155665423307128,2.96797582727682e-14,4.80830622110709e-10
11,4084113,GA,G,0.0160542626512978,1.2091417311639e-20,4.9688522404379e-10
01,156223056,G,A,-0.0304664835498721,2.28920267067909e-10,5.30953101123417e-10
01,155848692,A,T,0.0182003300248858,3.94072815042369e-12,5.68161011142971e-09
07,73042085,C,T,0.0192075748048187,2.03796554532176e-14,5.42012744425646e-10
X,55064365,G,A,-0.018836433485011,1.39761796939866e-40,3.56298406125816e-17
05,172198287,GT,G,-0.0158305146300197,4.85897011023764e-27,5.72458944538557e-10
16,47800858,TACAC,T,-0.0375670614310382,9.33862698496212e-11,5.89157706135222e-10
05,115304252,C,T,0.0282112799098731,7.4809699533253e-08,6.5110074981121e-10
05,115270432,A,G,-0.0123340999826434,1.50403614398068e-16,1.79748059602057e-09
02,85760395,C,T,0.0157744951247188,3.74355694714773e-19,6.59367648649787e-10
02,86075967,T,C,-0.0171766947714026,1.63562663507757e-11,3.9573270575493e-09
16,2291350,G,A,0.0129623339665903,1.05189026926713e-11,7.13593740903202e-10
16,2034012,G,GCCCGGCCCCGC,0.0157120061686842,7.26948562164231e-07,2.01297373406959e-09
17,67081278,A,G,-0.0510916516616395,2.97987713468271e-10,7.47699090639617e-10
07,36494565,T,G,0.0232818508769803,2.55166126148845e-10,7.85374931125274e-10
07,36188434,C,G,0.0126895246818114,1.14379633890835e-12,2.75063563550819e-07
03,16932710,C,T,-0.0439105610471975,2.16995261207978e-10,7.88321063222081e-10
07,16686501,G,T,0.0159382609586066,8.0536430080436e-20,8.51648527502961e-10
01,243393653,C,CA,-0.0153610130185617,3.0761709375701e-27,8.84348189277947e-10
03,171516306,T,A,-0.0389369604043629,1.71596279007043e-78,2.41379201509639e-60
03,171385191,A,G,-0.0308851705721253,3.68489125042191e-26,1.38290938794847e-30
02,220155459,C,A,-0.0636230389849741,6.49370353204797e-10,1.17388832942437e-09
19,3529145,A,T,-0.0168972284324935,2.36840895074791e-16,1.2050036060122e-09
11,16301175,G,GAAA,0.0965478654391837,1.0478474544157e-118,1.1004450505587e-100
05,66305450,A,G,0.0153356136668743,1.92445870030187e-21,1.32780068158532e-09
16,16116556,T,G,-0.0152451329402293,1.79873684101808e-21,1.42172210463297e-09
04,79724007,C,G,-0.0376051565689212,7.19903638343267e-11,1.53673914505091e-09
04,79714654,T,A,-0.0318692424802281,1.28657237005215e-06,9.88891700916181e-06
12,57146069,T,G,-0.0256468810294753,7.12324492716247e-11,1.58603985419879e-09
12,57627717,G,A,0.0138730965142058,1.39822076230494e-13,7.15080136964557e-08
19,59093239,C,T,0.0150476760128232,7.30334617638695e-24,1.59849337622528e-09
17,74376152,CT,C,0.017182959297212,7.30805430893963e-14,1.63357928236079e-09
17,73926121,C,A,0.0150399794029674,3.94830136801131e-09,6.79810299451003e-07
15,64142321,G,A,0.0153440403530921,3.68832503997833e-20,1.63752525042585e-09
09,34062812,C,CA,-0.016753620956182,4.88275279808288e-11,1.69344667358081e-09
09,34151463,T,C,0.0116397563843566,3.45802346255577e-10,4.29820353821784e-07
10,50214548,A,G,-0.0175238482347634,7.45643903434603e-15,1.69932974436274e-09
16,89043454,T,C,-0.0324029431161693,4.28227967963097e-11,1.80089548446131e-09
16,88862568,C,G,-0.0145769848574003,3.48065090526459e-14,1.96823613390934e-09
16,88647617,C,A,0.0143602842533084,1.6524373462553e-10,2.86941577371322e-07
01,226382640,G,A,0.0143623558766751,3.03606457192801e-13,1.89219854917348e-09
01,225945558,A,T,0.0116037149280409,1.02451586944788e-07,1.3363238174153e-06
03,38271881,C,T,-0.0247240347646284,3.14440494438089e-11,2.04373723472999e-09
20,33713963,C,T,0.0160007369066746,6.39479417304192e-17,2.05210577207908e-09
02,190436172,T,A,-0.0158384253825985,3.58007506234516e-20,2.23748038765633e-09
06,109590004,A,G,-0.0446100335277064,1.47981785844819e-111,1.67394371021371e-115
06,109581248,G,A,-0.0399778323103123,1.36355406300631e-24,2.68121767963736e-82
11,9769562,G,C,0.0155517760617668,4.37511734109379e-18,2.27655736914525e-09
02,111807677,G,A,0.0167209794444416,1.95936437372482e-15,2.32483487085334e-09
15,32999423,A,G,-0.0184971731778426,2.2402796638271e-13,2.44994367234611e-09
02,160146610,C,CT,0.0152162824583084,8.45082532308602e-23,2.54057245228404e-09
05,122890729,A,G,-0.0158893192493257,1.02036663002547e-16,2.55238959273503e-09
05,1048623,AGTGG,A,-0.192510704957125,1.15802185424601e-58,8.41456892600692e-68
05,1043011,G,T,0.136149237451586,2.53138038973764e-75,9.43209082529861e-60
05,1017915,G,A,0.0486622752587528,2.48364496372022e-115,1.08278303704784e-59
20,62194030,G,C,-0.0148545767983352,1.31261312430326e-21,2.90331236281542e-09
06,150980287,CTT,C,0.0314676885562789,2.52884771440724e-10,3.23422599541179e-09
06,157882787,A,C,-0.0149316088269117,4.38148264757744e-22,3.28696317541848e-09
17,28934951,C,T,-0.0502043009845274,3.21607334285387e-11,3.6344822566576e-09
17,29073773,T,C,-0.0150218985247482,9.293735154295e-14,1.39314914944454e-06
16,28512371,A,C,0.0155837394076975,5.25041992233523e-17,3.69115131993885e-09
01,56283332,C,T,-0.0148462275669165,3.6547241219158e-24,3.73237079488399e-09
12,57852084,T,TA,0.0152779165659711,5.03817002379121e-21,3.94223999382731e-09
06,106942394,C,G,0.0147581253303301,1.90323901115707e-23,4.07876480605909e-09
13,113377528,G,T,0.0433476123836999,1.63957722246339e-34,1.52335283100224e-34
13,113875080,C,T,0.0165910382163102,4.18986958726406e-12,4.23105693860118e-09
17,72754829,T,C,-0.0149051654672438,5.99998879046236e-25,4.92027091727612e-09
01,154303976,T,C,-0.0173423176134662,2.32384329640907e-14,4.94456219024557e-09
01,154586380,C,CCAA,-0.0145616641498621,2.71448180106854e-17,1.75231202712387e-07
01,46555300,T,C,-0.014719506939568,3.42171866906535e-21,5.01625634755066e-09
09,88878372,ACT,A,0.0153122174301438,6.00842878526305e-17,5.33315875035445e-09
06,5102523,A,G,-0.0263302129401018,-99,2.31574275668152e-10
01,24305755,A,G,-0.0387030310604972,-99,9.44521332256677e-12
03,49749705,A,C,-0.0409672326309767,-99,1.23703258910451e-14
X,55044188,C,G,0.116605653689823,-99,2.3241629863721e-14
12,57435052,A,G,0.0734276298948211,-99,2.46468310460661e-08
13,113479820,G,A,-0.0476537824269441,-99,4.27110370407607e-21
09,135860412,G,A,-0.192477928680783,-99,2.70483453608122e-47
02,169340853,G,A,-0.0679082351446561,-99,1.15727525905732e-12
03,171784736,G,A,-0.062645302572144,-99,1.01074082648428e-32
