chrom,pos,major,minor,beta,p_value,gwas_p_value
22,37445668,C,T,0.101391749363032,0,0
05,127350549,C,T,-0.110874609373678,0,0
06,26072992,C,T,-0.205154316286009,0,0
06,26091179,C,G,-0.142206415861386,0,1.09665887803948e-277
06,135418635,C,T,-0.0996428453443697,0,3.22836892646172e-271
15,91513157,T,A,0.121059421269286,3.46737563404115e-302,1.45794624676244e-233
18,43845880,C,CTT,-0.0789705227185699,0,2.36479409380644e-218
14,23494277,A,G,0.0766285859312263,5.55213490302201e-295,2.71748579756113e-167
05,1104938,T,C,0.0710848182026951,0,3.68053476475469e-162
05,1058036,G,A,-0.213975587969123,2.19541281545049e-80,9.36987669363411e-68
01,248039451,C,T,-0.0687344824064095,3.41760468364267e-298,8.69527789043581e-150
07,33081514,A,G,0.0665359303978562,1.14698459861081e-242,6.83346842374038e-132
10,24858390,A,G,0.0702627382841362,2.17471149838173e-212,3.63773064396725e-128
17,27179590,T,C,-0.0735815314548563,1.25810085760399e-188,1.9028233183803e-125
03,195803322,C,CT,0.0602434909004131,1.77743413874839e-262,7.29919192274545e-120
06,109616420,T,C,-0.0573039736750085,0,2.59621124342379e-116
11,61581656,G,A,-0.0606174796638063,2.87961721270612e-188,2.9238666560883e-106
11,16369353,A,G,0.0963081021369796,6.10476009615592e-119,6.15597182204989e-101
19,45413233,G,T,0.0877644854710562,8.93458636405362e-95,6.6333774552296e-95
19,45411941,T,C,-0.0419437894096386,3.69515255180395e-46,1.47374610974387e-48
02,8756183,C,T,-0.0528088840145812,1.52003306491749e-207,5.7180288069529e-94
12,54698408,G,A,-0.0882088879601618,6.82086119933986e-120,4.48491049412745e-86
12,54685880,C,T,-0.0719886463236645,8.65891565069815e-56,5.99543365641573e-37
06,41925159,G,A,0.0685348511746809,1.98325416125559e-201,8.40054143901453e-79
06,41924931,A,G,0.0414553144641845,1.67004918634566e-80,2.33004195092709e-10
07,100240296,G,A,0.0477394133417973,8.81745253151111e-168,3.2394144831653e-77
15,78559807,G,GT,-0.034413826413369,8.75650055514993e-65,8.76521612066007e-76
15,78556580,GGGGGCGGCCTC,G,-0.0459659139843369,2.43804210850704e-25,6.88920911843148e-67
06,29889989,A,C,-0.0263100666320171,8.53874293181982e-20,9.36089138419291e-72
06,29493144,T,C,-0.0760307174587886,2.14265058972878e-34,1.81491184248608e-42
06,29510630,G,C,-0.0583732001071049,4.85624105756764e-35,7.71685000605251e-65
01,25747230,C,G,-0.0448297180816878,5.11027490785373e-185,4.69938927483451e-71
14,74514116,T,TTATG,-0.0632828544825682,4.0478998665622e-97,5.5974320724946e-71
03,171338569,A,T,0.0451059999183639,2.4016495883595e-112,5.98552290053925e-67
03,171784736,G,A,-0.0314044614309418,1.01963636838881e-52,1.01074082648428e-32
08,126482077,G,A,-0.0414996801140971,1.64615518308466e-180,2.23900929762835e-62
06,31081940,T,C,0.0359641165993106,1.57784919149293e-66,1.92122374812579e-56
06,30599176,C,T,-0.0428381963407034,4.66863611028127e-47,1.09058701911879e-53
01,158586966,A,T,0.0350557503465919,2.27348537650677e-59,5.57502679645035e-55
01,158604866,GC,G,-0.0242466323337792,3.9688004243761e-31,1.61242071194477e-39
01,203654668,C,CTT,-0.0647663465900602,5.29607048645012e-58,2.659918264932e-53
01,203281175,C,G,0.0279095616451019,1.13624857685585e-67,4.19232476535999e-28
13,113366291,T,C,0.0655256186544638,6.12241739553583e-57,3.90157544250992e-53
13,113479820,G,A,-0.0245099256086933,7.40391347481482e-30,4.27110370407607e-21
02,60725451,G,C,-0.0384459096799462,2.37579982693845e-130,5.87167991724121e-53
09,136131188,C,T,-0.0750618198964588,1.76909193053831e-52,9.91640419619738e-53
09,136139907,GAAACTGCC,G,0.02467200983925,1.09156467064136e-27,1.64936772188258e-26
17,31251148,C,T,-0.0487342186357458,2.98222418120825e-74,5.30319956401458e-51
17,44189067,A,G,0.0378887956760275,7.065945569188e-121,7.51685003217251e-51
11,65349063,G,A,-0.0368338653302011,1.7539767137893e-132,3.5320364229683e-49
21,35107734,C,T,0.0376351342909282,1.1440195953383e-94,6.6586255639883e-47
08,26266834,A,G,-0.0392682593904777,4.35141326927224e-85,1.31735906186452e-46
09,131881092,C,CT,-0.039031388830277,5.80990711630013e-85,2.31744032680335e-46
20,31107399,C,G,0.0423012986786543,1.0281976232798e-71,8.91263761655901e-46
08,19912370,G,A,0.051596243184019,1.53635931201346e-49,3.72338482056133e-42
08,19820480,C,T,-0.0583611413537108,5.43363329053888e-15,5.55181890568508e-17
14,65283676,G,A,0.0374662397907315,1.07494976604077e-72,5.07591514565157e-41
08,98701692,T,TAA,-0.0681262816579488,1.48619301820079e-46,5.10381066887698e-41
01,3691528,A,G,-0.0381066791163273,1.27848354248478e-58,1.26985727533557e-40
01,3691997,AGTCAGCCTAGGGGCTGT,A,0.126336953831376,9.43202939707681e-29,8.72106546364391e-32
19,17254508,A,G,0.0278909619592988,7.90095757010568e-60,4.49105716484749e-37
19,17252041,G,A,-0.030256602215221,4.87581473729826e-14,1.33746393037893e-22
16,68733646,G,C,0.0351218266800588,7.10859017778038e-64,9.44787714822147e-37
11,205198,A,C,0.0254604961646704,2.56410644508406e-21,1.60745970574632e-36
11,258038,C,T,0.037151255922644,7.77311028558574e-13,1.66830964726413e-33
14,58706750,T,C,-0.0346347377545114,2.66309626656352e-62,1.27940929345831e-35
01,43432136,C,T,0.0381604450867026,2.20724361161751e-53,2.0148487697709e-35
17,76124810,A,AG,0.0386526362527374,1.45045572177288e-46,5.8029222864766e-35
17,76183233,C,T,-0.143130165533941,9.72393608871896e-37,2.426609896478e-33
17,76405837,C,T,-0.0187298584367991,1.0794492588159e-21,2.77409228886404e-12
08,8886183,G,T,0.030847286065558,1.74956710485698e-86,1.21121715660565e-34
12,121157851,A,G,0.0278516539216936,7.49672985923543e-47,5.05551578723857e-34
12,120991708,GT,G,-0.0186883428674588,9.03777348092647e-21,2.47161745767979e-19
06,25452783,T,C,-0.0916631120190257,9.15208120262604e-165,1.86039358240031e-133
06,25431665,C,G,-0.105537568678527,4.46480110810493e-44,1.22695845400564e-36
06,25464108,T,C,0.0434735239267182,3.86507209593623e-27,5.91441043261903e-41
01,230295789,T,A,-0.0306083255966806,7.09213119787398e-74,3.64566341150965e-33
02,219154781,A,G,-0.0301202577230278,6.05588881585635e-82,4.38873103781597e-33
07,80306271,G,A,0.0233796881949025,6.63345915567986e-48,1.93107761997113e-32
07,80312637,T,C,-0.0294346109226459,1.53743115402971e-17,8.74421213093731e-27
16,212649,C,T,-0.0437074321694904,1.08883901185482e-30,2.18489421593338e-32
16,281299,A,G,0.0281288747580892,2.46986612220434e-26,1.56967435128509e-25
11,116648917,C,G,-0.04345135254397,9.77797749512903e-42,2.22551698812265e-32
22,32886477,T,G,-0.0296462979767343,8.01942513368237e-71,1.75299454608059e-31
11,5294145,C,A,0.0293568740150523,4.64580764132685e-77,4.76543097229112e-31
22,30892255,A,G,0.0338458254634689,1.5434630527482e-48,9.0520544116713e-31
09,4855858,A,C,0.0400570095226833,8.4849938797993e-56,1.1067488975881e-30
09,4763368,C,A,0.0294508699898832,2.78975157283227e-26,2.51521655761323e-11
08,23418122,G,A,0.0290313428669862,1.98469005697189e-74,1.26145069447201e-30
02,169313518,C,T,0.0920176863721299,3.1085389845437e-30,3.82315803563197e-30
02,169340853,G,A,-0.0328084672236959,1.14845061523646e-12,1.15727525905732e-12
11,44594611,T,A,-0.0314049869008362,3.71963565027929e-53,3.87111648024342e-30
08,41630447,G,A,0.0354227848798806,3.86669372977564e-36,4.29587133178707e-30
08,41512581,C,CACAGCAGAGTCTAT,-0.026217847884201,2.33382620919701e-47,4.26808820683196e-13
08,41548911,A,T,-0.0657267697620276,4.51190927552677e-25,4.56722684612659e-21
19,4410646,G,A,0.0323832898088856,1.06685730955423e-48,1.03103231618219e-29
19,10650649,C,T,-0.0304225982354386,2.05320367619316e-29,2.19959217942108e-29
19,10680749,A,AT,0.0392351983003564,3.84685302278143e-12,1.39572756256461e-16
19,10742443,T,C,0.0183432065850018,3.19975946149408e-13,8.1254157433081e-16
01,172425529,C,G,0.0277294712437669,5.10777561163508e-82,1.75363524149642e-28
19,1050874,G,A,0.0295479507616689,8.81419414422559e-44,2.28421119097447e-28
19,1030431,C,T,0.0240629575436424,2.18012352652533e-23,4.21896171760777e-17
02,64860029,CTTCAAA,C,0.0291623014714067,1.13313726319194e-54,9.03610781865902e-28
12,112258579,A,G,0.0466692502782028,2.77178776148446e-33,1.00818967797404e-27
19,19473445,C,T,-0.0285257310349686,2.13195999632482e-55,1.41579769146426e-27
15,40306334,C,A,-0.0330476472805144,2.39318567874061e-40,4.8260258191987e-27
08,144688736,G,C,-0.0271799890052885,2.63460195740104e-47,5.23425118549599e-27
08,145058986,A,G,-0.0205926938789701,1.23268861638064e-22,2.0924983821621e-15
05,127418850,G,C,-0.10744538400921,0,0
05,127451581,C,T,0.0257304692864691,3.15818742998092e-11,4.18207870128693e-37
19,49377436,G,C,-0.0282143773931727,1.96713183536793e-51,1.09637185087606e-26
03,142210801,G,A,0.0271913947478527,3.19462235386749e-46,1.32147533274828e-26
03,142660022,ATTCAGTAG,A,-0.0165397320158287,2.32213728895271e-13,1.97823079137441e-09
16,31404571,T,C,-0.0266865627230641,1.61056326353413e-66,2.06290174826488e-26
01,23847464,C,A,-0.0266714093957652,3.7501495883383e-44,3.55898617274052e-26
11,100452869,C,A,-0.0445199541871311,2.51881886153536e-31,4.38190557785974e-26
10,45953767,A,G,0.0308465918573651,3.86745742031958e-57,1.45039480465532e-25
10,45950055,T,C,0.0834614446134878,4.5293813998848e-25,4.80154770383762e-19
16,50108892,CA,C,-0.0284359495121201,2.79523199936635e-44,4.10923223395107e-25
12,132434391,G,T,-0.0714844378109353,9.06653464824742e-27,6.78794163360837e-25
09,114663385,T,C,0.112540890967004,1.65035795504417e-24,4.10169628901077e-24
09,114833002,C,CA,-0.026001147950445,3.9261481511418e-11,9.70448525994387e-10
20,55990405,T,C,-0.0253107023850144,6.08162763888908e-67,4.11195067847097e-24
21,46269526,G,A,0.0353097316977852,4.91215324909808e-32,4.43030289548097e-24
17,42329004,C,A,-0.0276532657084681,4.4495731846204e-43,7.02054186409571e-24
01,205249690,G,A,0.0262414297724525,9.30484138365775e-49,7.76388765974303e-24
20,35673082,T,C,-0.0349338673980636,1.32091416953368e-31,9.65047608984686e-24
17,57942585,A,G,0.0312841008301468,1.78316355133407e-34,1.44190896022908e-23
22,29135121,C,G,0.0252733428530603,2.8728084804445e-56,1.62728295623665e-23
03,132218883,T,C,0.0366724023417153,7.74114118758785e-30,2.70625640826637e-23
01,40035928,G,T,0.0296798414240199,8.80408038037811e-26,3.76704238503301e-23
01,40391752,C,T,0.0167316580734164,1.81656052822479e-12,3.23069268672599e-11
19,11291912,TTTATTA,T,-0.0449538480624835,3.26060579156245e-25,5.23722441865424e-23
19,10811667,T,C,0.021837370229678,3.62812553931375e-40,2.60346633808061e-17
17,34850623,G,T,0.0246297394371575,3.13825468753001e-61,5.52333759081217e-23
07,17814536,A,G,0.024541267571607,2.00549875391226e-59,8.96102923223255e-23
04,153701130,C,T,0.0248363802311369,5.99279504190669e-51,1.24483877462706e-22
14,73421966,G,C,-0.0802973044976974,5.07153911984489e-25,1.72895168765339e-22
14,73340329,C,T,-0.0318631492505403,6.17827043023718e-14,1.4169625322738e-10
10,124704514,G,GTA,0.0244606249150997,1.13132907514946e-52,2.71941487682569e-22
22,50971266,C,T,0.0256422123181259,4.58917103063102e-42,3.88586661315829e-22
01,118251143,C,T,-0.0328161791699996,4.62176428858947e-30,4.80710626003145e-22
15,56744720,CT,C,0.0246568730913455,2.19272151367547e-52,8.64021872099542e-22
10,96358363,GTT,G,0.0245049968694052,5.08389891460335e-60,9.84232405403254e-22
05,72128767,A,G,0.0254917592579719,5.84562998175804e-40,1.71606626401909e-21
05,173318254,A,G,-0.0256947042167453,1.52482973257992e-38,2.36238895716024e-21
09,136921464,A,G,-0.0260581281594579,2.72994147352956e-27,2.64177372629653e-21
09,137117496,C,T,0.0170052580392543,2.02143377373217e-20,1.14228462467003e-11
12,7112902,T,C,-0.0423051844980402,1.19740004841066e-22,4.02174174657156e-21
12,6663964,G,C,-0.0197626024907557,4.06110880569331e-12,5.1694605396097e-10
17,66447073,C,T,-0.0259200500073441,1.3825274686763e-36,5.12750177568531e-21
05,175613944,G,C,0.0237009433182314,2.86120118887491e-49,6.04674623137789e-21
19,33083185,C,T,-0.0669835921364753,1.86361006504679e-18,7.55729281187172e-21
19,33072069,A,G,0.0193078934218854,3.29918677372861e-23,7.54905359058828e-16
17,33875262,T,A,-0.024864535326893,1.48383786527708e-25,1.48366613001211e-20
17,33894536,AAAAT,A,-0.0182620785671579,2.08880152686735e-18,1.5414656080166e-12
10,13749228,G,A,0.0237598846339584,4.93172606641397e-44,2.42828011058685e-20
11,122932776,G,C,0.0572991666560105,1.1969566361644e-21,4.68617503524046e-20
19,13020506,G,A,0.0713266583953777,1.82355904684352e-25,5.24134391364817e-20
19,12998205,G,C,0.0268700718504407,8.46290888560226e-32,3.36169679876261e-16
12,52467870,C,CCGGGG,0.0293519518963831,1.59255786910354e-28,9.38451297974387e-20
09,91497782,C,T,-0.0497413655046693,9.24177612689897e-22,1.26145828813041e-19
X,55180091,G,T,-0.0181024189807166,5.59979935573115e-33,1.66496964275527e-19
X,55044188,C,G,0.0537237297350555,5.1088250872574e-13,2.3241629863721e-14
15,31538374,G,A,0.0350149340164671,2.62131860062543e-24,1.88243864050066e-19
06,109642675,G,A,-0.0502806436232896,5.65993328225692e-144,5.49663403758753e-104
06,110089053,C,T,-0.023915890166173,1.04950668287524e-16,8.70422777490977e-46
06,109777049,C,T,0.0520387942060426,4.2466830841974e-13,2.16166365242754e-11
17,21156860,C,T,-0.0239645946327736,7.71803486261731e-36,3.05965167697531e-19
22,21945978,G,A,0.0285747152587855,1.73732406501702e-27,3.79786308509416e-19
04,144859478,T,C,-0.0348565471854931,1.00377865303919e-61,4.45554984392119e-19
04,145062516,G,C,-0.0302630881285488,4.51904740616802e-71,2.30313412374127e-14
02,236367472,C,T,-0.0232579956762966,4.1296714179662e-40,4.48910333389214e-19
17,80480516,G,C,-0.0238300761471815,4.00179449282846e-26,5.74811607275965e-19
17,80694399,G,C,-0.0180089827822468,2.39209154481428e-21,2.88968655535382e-13
03,49361791,A,G,0.0223061558152338,4.97052913451233e-47,5.82012327547042e-19
07,32953295,C,T,-0.0275469530245827,1.56561695202474e-50,1.54911396027991e-55
07,32954434,A,G,0.0369193969268007,7.26389809951384e-22,1.31772689448078e-23
07,32889972,TATG,T,0.0232933068265102,5.88279503393323e-25,6.04580794951336e-24
12,51138862,C,T,0.0235385721401173,1.27123963407423e-32,3.40339192712685e-18
13,114548163,C,G,0.0240558286224365,3.43875778623817e-25,4.4651539377378e-18
13,114631940,A,G,-0.0253841543568289,2.81082995028013e-19,5.38218946343171e-16
03,12271918,A,AT,-0.0173567575440515,1.13220573064804e-18,5.01804306149235e-18
03,12360884,TG,T,0.0258394027611495,3.46264201049095e-13,2.76367221287628e-13
03,12724773,C,T,-0.0290227404298015,1.26723194762305e-10,3.3840129408658e-11
02,27730940,C,T,-0.021991226779133,3.96322440788975e-39,5.83799482111952e-18
19,8429323,G,A,0.0716913251729166,5.17637841453955e-16,7.29972265626058e-18
19,8302934,C,T,-0.0182522935522016,3.22601302121584e-16,1.93405772616763e-12
19,8485028,C,T,-0.0162497704706428,1.79449153347364e-11,1.05138160133484e-11
07,74236723,T,C,-0.024103107088517,5.06267468917553e-32,1.0503034360685e-17
02,62523565,C,G,-0.0255860595860756,2.32584161466941e-26,2.20826771496454e-17
03,182504827,CA,C,-0.0235429125891472,1.34488543094095e-31,2.47673817069448e-17
05,150567017,A,G,-0.0524037078646867,1.07316710567683e-18,2.59241745826416e-17
14,102637575,T,C,0.0255921902614398,2.43561076439061e-26,3.3486478838306e-17
05,153413390,T,C,-0.0217374240600632,2.3641394879791e-35,3.46079980036592e-17
20,4157072,C,G,-0.0215864631378553,2.91829997913724e-37,3.96205316248813e-17
10,71099109,A,G,0.0323550374515915,8.54497524894648e-21,8.66526362068689e-17
14,70354858,C,A,0.028964221383837,1.84817365045581e-22,1.21291068318103e-16
08,38249932,G,GA,-0.0248416998535718,6.1096477166821e-26,1.31432882960642e-16
07,126999433,G,T,0.0207972649396528,5.1407261917939e-36,3.57250911263684e-16
03,24357243,A,C,0.0212262031291325,1.01364859327031e-32,4.96062945274331e-16
15,40878474,A,G,-0.0201776334412031,7.10176801669446e-36,5.99751421039698e-16
15,40382441,T,C,-0.0256495853419327,2.79750570957452e-15,9.81281401204439e-14
01,11868284,T,TTGTG,-0.0220173557367839,1.56814857350019e-29,9.04829232012935e-16
05,67596088,G,A,0.0199775571667735,1.33874217293553e-39,1.22063217986365e-15
06,3162378,A,C,-0.0202757769817176,2.23787268054758e-19,1.42682938313506e-15
06,3455046,T,G,-0.020240178187935,1.19352202693738e-13,1.22435995835352e-13
06,3363285,A,G,0.016460122539771,3.38568345570048e-12,5.90324335676354e-12
03,142111273,G,C,0.0254943101179959,6.23115472590899e-49,2.70181688835076e-20
03,141626815,CT,C,0.0298949819747894,2.84044407639866e-21,2.29527584323427e-14
12,118663767,C,T,0.0216244516144595,2.91676705901347e-27,2.13816729961035e-15
17,27588980,CAG,C,0.020098771977789,8.81521282020564e-14,1.14756358694302e-15
17,27579011,C,T,-0.0533477429507735,5.03470748584207e-16,7.52870230858513e-15
17,27884605,A,G,-0.0241367781620637,1.01703380052497e-20,2.47740684321182e-15
04,39897854,G,A,-0.0318665804484946,1.19271538012894e-18,2.5656971353781e-15
06,34780105,T,TA,0.0216687693718079,3.42074176159011e-28,3.59110047473241e-15
06,47433751,A,C,-0.0219505525639459,1.03058168912739e-25,3.86318404025686e-15
05,171572577,G,T,-0.0196315623801571,2.16979519202085e-40,3.93658067898703e-15
09,273178,GA,G,0.0225494470290058,1.85167795224585e-23,8.00792787850827e-15
22,43141020,G,A,0.0194552570566303,1.78859699036037e-38,8.43274784307225e-15
01,211832567,GA,G,0.0192730956100528,2.52452917178817e-40,1.27819131718867e-14
15,78591037,G,A,-0.0480446458529258,6.08495795295426e-140,2.27336157501298e-68
15,78606913,A,G,-0.0245649251936012,4.07813028253612e-34,2.99329930857816e-11
07,6456091,C,T,-0.0180366954395896,1.1384130084103e-16,1.68678240272409e-14
07,6504106,C,T,0.0183333553561068,3.60850225429379e-13,1.66750297524184e-13
04,69771354,T,C,0.0287340010318874,2.9650767918965e-18,2.1050061204699e-14
19,58148662,G,GT,-0.0274851759301373,8.63930609212731e-19,2.13059697280071e-14
05,53638135,AATT,A,-0.019339697262211,1.67371866859823e-32,2.46060516710129e-14
06,132834518,C,T,0.0192249017044878,1.30788659622156e-35,2.57272766868544e-14
05,154020584,A,G,-0.0199896418308067,4.33619693039432e-28,3.30452502808469e-14
03,49588841,ATC,A,0.020760117909446,1.8258025348238e-39,1.44234086311027e-16
09,97089498,G,T,0.0188574104834244,1.59695416495576e-29,1.69715270461299e-13
06,5260694,C,T,-0.0316216913010376,6.5670316958713e-16,1.90237799591209e-13
09,136115235,G,C,-0.0746323193905294,8.51584722368074e-52,1.40329036907541e-45
09,135876034,G,A,0.0343653808872992,1.544729925688e-12,1.9586344924019e-15
20,52553882,C,T,-0.021707471836389,1.11262897240961e-20,2.35371521677936e-13
15,78536683,C,T,-0.0380870036339209,1.90238995413938e-84,1.95756809757999e-74
15,78541632,C,T,-0.0426767144543359,3.2765466878401e-17,7.88879561502082e-48
08,42457043,T,C,-0.0185899920753938,1.66012945712508e-29,2.45553157406914e-13
02,53978813,A,G,0.0204815697764457,3.38892732888637e-22,2.50600606295515e-13
17,7560153,C,CTT,0.0214332766616036,1.7836163054886e-23,3.05743497487148e-13
02,32518557,T,C,0.0292259471010171,3.81595555258805e-16,3.20224847537062e-13
11,95596873,C,T,0.0189823968062269,4.41249842446304e-25,3.86892805650356e-13
11,95308854,T,A,0.021078872786292,2.87816254547975e-12,5.73655819792259e-10
05,36151849,A,T,-0.0376348109359113,1.1416785056349e-14,4.29894822059476e-13
06,52642768,T,C,0.0180509755035109,7.02761472844069e-34,4.37634868602881e-13
19,35775509,G,GT,0.021717425777356,1.97825782835848e-20,4.55851601943887e-13
06,5170707,C,T,-0.0302148749494657,8.40600495397431e-14,4.90330368613028e-13
06,4717873,C,A,-0.0294720573352758,1.10631500769057e-13,4.92659298038519e-13
05,157164962,C,T,-0.0188054974576739,1.6743403798204e-25,6.18530253939571e-13
04,129227284,A,T,-0.0612225016304652,2.02388365872053e-13,6.81602928142274e-13
10,80788867,CT,C,0.0209879560260468,4.64021359611437e-20,8.26213458933949e-13
01,168174064,C,T,0.044953691998277,7.12409296441547e-14,9.72564965012414e-13
19,34663851,C,T,0.0182512593267753,2.10266233698801e-26,1.10291864102884e-12
15,85903397,AAAG,A,0.0214633977299571,1.18923602305005e-18,1.5737427179466e-12
01,68166748,G,A,0.0196978413900373,1.99430769021042e-21,1.74771307949253e-12
03,52785238,A,G,0.0176458844713607,2.88203921790288e-34,1.77753787195724e-12
22,31639509,G,T,-0.0175438041078098,2.30704532072355e-35,1.92980635902482e-12
10,103214974,AT,A,-0.0180582008354379,8.01951596781702e-31,2.73977623638948e-12
12,109849297,A,G,0.0184401156373773,1.19684828356717e-23,2.9606541336317e-12
06,135424179,C,G,-0.0879541030856748,0,1.47676244483739e-253
06,135432061,A,G,0.0223345390048666,2.42760801125935e-21,2.32107119117334e-73
14,78083349,C,T,0.0185415352760937,2.09396557105744e-22,3.7522164534338e-12
02,21225281,T,C,0.0214078796782906,1.20100670867163e-17,3.88472300388689e-12
19,18517331,G,A,0.019774131800601,2.81635991696962e-18,3.9533713008776e-12
19,18225002,C,CTT,-0.0198480361396362,5.73891957351754e-15,9.94352661338153e-11
08,131026260,G,A,0.0172305303017794,9.03456892731095e-30,4.85165016161913e-12
05,128118924,T,C,0.0337385273107733,1.74882329051549e-15,3.53757649660402e-18
05,128317537,C,T,-0.0515126558716515,8.46017394311924e-15,4.22262726106906e-14
05,128059841,C,T,-0.0180476199539996,2.23238783983422e-23,5.38875304792512e-13
03,183699516,T,C,-0.0175836921693387,6.22339261463611e-24,8.9025638281992e-12
X,40846127,T,C,-0.0178283949214009,2.6639777743162e-15,1.1648727175121e-11
03,66338718,A,T,-0.0175631166536712,2.52130958654109e-23,1.20639330167097e-11
11,67097778,T,C,0.0306641005255898,1.65154758632648e-13,1.22912923690348e-11
05,43452179,C,CA,-0.0189165973882171,6.19741510850248e-23,1.35461310360195e-11
08,145747920,T,G,-0.0170341373819223,3.142928909373e-31,1.44178773241199e-11
07,99553066,C,T,0.0264423823424263,6.85702408470596e-17,7.30446344847169e-15
07,99521208,G,A,-0.0530329583794595,2.17006466024619e-13,2.33642347885721e-14
15,66947106,A,T,0.0171432748104773,2.69003315990796e-26,1.78236955915899e-11
18,47106028,C,T,0.0796164266222233,1.05894729301996e-11,1.79422907655726e-11
17,56510305,G,A,0.0197714233915747,1.97712566041129e-17,1.99822972951967e-11
16,53827179,C,G,0.0169568285938406,2.70967684887913e-25,2.04798224985595e-11
22,36425023,G,A,0.0435984635735396,1.89786693667792e-12,2.1621863785231e-11
18,43802778,G,A,-0.0603138118044063,1.03848881316913e-39,5.82905784213522e-212
18,43777831,G,T,-0.0427723411216726,1.07843486405437e-26,6.2634984545651e-211
01,37921082,G,A,-0.0167254718691088,1.42369698026678e-29,2.24524371492747e-11
19,16219087,C,CA,0.0221556109535018,6.9711410221015e-16,2.25010291366031e-11
01,22697212,A,C,-0.0218774211440284,1.15839710196805e-15,2.25574237889145e-11
19,15413671,T,C,0.0257419761607692,4.7513725098359e-14,2.56341576434575e-11
02,239109823,G,T,0.0207393306637874,8.22135658799819e-17,2.73027169231032e-11
04,83955107,A,G,-0.0169018108631538,2.95670014184592e-26,2.82113380218881e-11
14,64239877,T,TTTTA,0.022659975257441,5.3338867566324e-15,3.30276241935138e-11
01,23886073,T,C,-0.0168484976633766,4.12089740289879e-16,1.49423708461885e-10
13,110434310,G,A,-0.0217077433324575,3.81673607953426e-15,4.28680244725156e-11
01,24305755,A,G,-0.0388576757056319,-99,9.44521332256677e-12
09,135860412,G,A,-0.192477928680789,-99,2.70483453608122e-47
