chrom,pos,major,minor,beta,p_value,gwas_p_value
20,4139757,T,G,-0.112946993129377,0,0
20,4161366,GCTT,G,0.135411422678027,4.25761772237601e-102,4.20510968934901e-31
01,158586966,A,T,-0.0894788563746258,0,1.00891813614193e-235
01,158638260,G,A,0.234188638080739,2.32646308784401e-87,2.98023746215293e-103
10,25202038,C,T,-0.0845062059414889,0,2.41007840005408e-225
01,248039294,G,A,0.126687291178665,1.01941901320997e-265,1.41020583451993e-213
08,41630447,G,A,-0.095225792586518,3.11426460510272e-239,1.01441749980093e-212
08,41543675,G,A,0.152984518341491,4.78864964151411e-113,2.68106618002231e-107
08,41512581,C,CACAGCAGAGTCTAT,0.0413210585581305,1.70832727080868e-110,1.94751625680416e-16
03,50329826,G,A,0.0793857334484398,0,1.40338390606541e-184
17,33873772,A,G,0.0666649429247511,1.13025188928478e-212,3.41155796156945e-172
17,34055876,G,A,0.042647604509602,4.16682066253793e-60,3.67144823061476e-83
X,40847852,A,C,-0.0723555678504716,8.51589772155632e-220,3.16392068820348e-163
10,71094504,T,C,0.101381190484049,1.73350492048494e-169,2.25126917056008e-136
06,139840693,C,A,0.0501609664288607,1.48402659978042e-194,6.46913747552464e-123
06,139841653,C,T,0.122861745642349,1.78014929055864e-70,1.05791865006856e-111
05,52083226,A,G,0.154083289830074,1.05551922485058e-138,1.11648043554596e-113
05,52105307,C,T,0.072295704801644,1.09856757067507e-63,1.82815219475546e-41
05,52095943,G,A,0.117864243003309,3.81845696766079e-45,1.07758183917246e-34
02,8762414,T,G,0.0593306404395274,9.64117671482523e-251,1.68739357136852e-112
12,111884608,C,T,0.0445047987057298,2.83716225501113e-187,3.04422951388437e-100
12,112327057,T,G,-0.0623799011701089,1.02906458119771e-46,7.19374940992891e-75
12,120892378,A,AT,-0.0558548595758666,1.35518460865006e-181,9.8041705582451e-91
19,11293467,C,T,0.0921015689055623,3.73196606960331e-107,2.19547378406611e-90
17,42329004,C,A,0.0546781584020031,7.52895936449921e-156,3.90494752699232e-84
06,26093141,G,A,0.102089971623424,1.5849149215546e-119,3.60044996309397e-83
06,26092170,G,T,0.0608655172179483,1.26670281730244e-88,2.19133313103524e-47
10,104962011,C,CA,-0.0500218771966962,3.99733386069333e-181,4.75614011101821e-80
06,41925159,G,A,0.0591239739195503,6.12330792369722e-148,1.733330042353e-77
06,41852616,A,T,0.0471184491090034,3.38568997268703e-24,5.24636853963788e-10
04,144897145,A,G,-0.0494764068691039,8.43067246270254e-141,1.48013678933735e-71
06,30276679,C,CT,0.0408820332236005,2.22772299883611e-90,2.29508363499468e-65
06,30126177,G,A,-0.141937943449058,3.32788357728331e-33,2.69767449261252e-33
06,30326522,C,CA,-0.0335325383541354,1.74760129225315e-45,2.33875423301096e-39
05,95162418,A,AG,-0.0538530641119121,6.41125447238771e-58,1.93944974150607e-52
05,95163437,A,G,0.03532247910809,3.29458019098372e-20,1.71514669641046e-24
01,3691528,A,G,0.0465427269658142,5.26528851492105e-83,6.84540627568621e-52
06,31434111,A,G,-0.0512568579656708,1.03005120313627e-72,4.05241030694106e-51
06,31238522,C,T,-0.0306660652655033,1.96524018970615e-35,7.31360805650524e-13
06,31555392,C,A,0.0295765631434483,1.57223822040442e-20,2.87955225871263e-18
05,173287763,G,A,-0.038487261714773,2.4931918545679e-115,8.27250478245758e-50
17,74378312,T,TG,0.0363488430832904,6.12154552434404e-123,5.91495486692106e-46
05,154033833,TG,T,0.0605661519990653,3.77883589755365e-53,5.12415899752186e-44
22,37469591,A,G,-0.0348468725882399,1.59228402179751e-112,1.88896789374092e-42
06,135349635,CAT,C,0.0357507515028511,3.24262150482606e-91,4.82480870600899e-42
X,70334139,TAAA,T,0.0307306433477894,5.77009375935876e-69,5.40883672051062e-42
01,118153011,A,C,-0.0648810358365345,5.66291035901897e-70,5.95530067391582e-41
01,118251143,C,T,0.0630417084126867,4.41524745973168e-61,4.36825475797749e-14
01,118153977,T,G,0.0256201722132307,2.69556482397466e-36,4.09632514121434e-33
19,913048,C,G,0.0412045240664762,1.91084925546729e-92,7.67992303333046e-41
19,906510,G,A,0.0995530765735196,3.68500603693574e-21,1.68098160900386e-23
19,898288,C,T,-0.026870591273518,6.18300052278903e-23,1.69233497955424e-13
02,24205074,C,CA,-0.0418120010195289,7.45346692939989e-52,5.4398207216212e-40
02,24092773,C,G,0.0208228266509901,2.61642030102299e-26,2.15285038904505e-13
17,44082528,A,T,0.0400887371783557,1.73373461352786e-61,2.10042623405025e-39
15,78559807,G,GT,-0.0276611135916571,1.73304340457483e-40,8.60794091604725e-37
15,78546918,G,A,-0.070614854685273,1.02866812731341e-15,5.06219617602647e-10
15,78561838,TTTATC,T,-0.028619774275587,1.97228909866253e-10,5.2640200233821e-29
16,215106,C,A,-0.0447616061434895,5.43269744755051e-29,7.34022332773382e-36
16,218532,T,C,0.0322015926415785,1.20251473778619e-25,3.85886275622194e-29
16,622565,A,G,0.0185999854747631,1.03291362586146e-22,1.93079075382146e-14
01,56624095,C,G,0.0314566157705752,8.13150163456649e-51,3.83787204815067e-35
01,56304147,T,G,0.0303869138878355,1.15753256721654e-33,1.37755999311386e-31
01,56915593,T,C,-0.0314691204621184,7.9411791190782e-16,1.40797544040764e-15
03,48345545,A,G,0.0655372999236799,4.81192283185421e-47,6.06782229059369e-36
03,48231919,G,T,0.0422399366146221,1.04465747738871e-24,5.74376745202208e-16
09,91392686,TTC,T,0.0707499347786502,1.12275215168574e-38,9.63842977374439e-35
14,74224577,A,G,0.102412216719579,6.10033938429278e-36,2.88243841523684e-34
22,50971266,C,T,0.0322932100212215,2.48404337597091e-48,6.11823225349202e-34
22,50722134,C,T,-0.0170662914242853,8.66746909766004e-16,7.87250291951894e-12
18,43856297,A,G,-0.0308423517964214,1.16014024743664e-84,2.17760148350029e-33
11,100460037,G,A,0.0513639397342502,1.41596264272053e-39,7.26683882140239e-33
19,10743353,C,CT,-0.0333899923226068,1.22000519134896e-34,9.47341075793611e-33
19,10334663,G,T,0.0222865722400921,1.64337430089482e-31,2.41812453601272e-21
19,10916177,G,A,0.078934728483562,1.18111515974027e-11,7.99327197887788e-14
14,65276601,T,C,-0.0322107072444858,1.40608297216743e-44,2.81794694041328e-32
14,65487694,T,C,0.0183753969842718,8.31691645851434e-22,2.38144658631827e-12
02,220081416,G,A,0.117921338518574,1.59183041996034e-30,3.15994948479801e-32
02,219670327,C,CTAGCCCCTTGAACAGTA,-0.0152613369888264,5.14399081377848e-25,1.20357061001669e-11
14,23495048,T,C,-0.0335775703026496,1.38745324230525e-55,3.73622901729483e-32
19,17258614,G,GCTT,-0.0258127548181076,4.55310503767174e-48,2.42156487555694e-31
19,17252041,G,A,0.034092509176683,1.12764513447588e-16,4.02921750710459e-24
05,53606295,C,T,0.0440716741734385,1.24261447974879e-43,3.11226752836328e-29
05,53677016,C,T,0.0319616702126204,1.72929878471589e-22,7.62307654404857e-11
05,53390040,G,C,-0.0193570087601171,1.72057985661868e-16,3.02085196493721e-12
07,134383407,C,A,0.0287155979740521,7.00400429945285e-82,9.61747317882381e-29
05,75996909,G,A,0.0684968784899209,8.27007884557041e-32,3.73900122188873e-28
05,75964507,C,T,0.0685049679448357,2.16668749976079e-13,6.15249106399281e-12
16,68755132,CTTT,C,-0.0304451418377079,6.86118182009391e-50,1.5230091258083e-27
17,78111877,T,C,0.0277015349407572,2.52800853798064e-73,2.12711628690171e-27
07,16686501,G,T,0.0284877530812141,4.82480799360572e-57,8.97451314782607e-27
07,6067147,C,T,0.0654406888455593,5.84755393875552e-26,1.30726920556347e-26
07,6054419,C,T,0.0194198946481383,3.19900000234942e-32,2.24769821096918e-15
16,88856084,G,C,0.0291962109524971,6.58403161922299e-64,2.44495412271932e-26
16,88567333,C,T,0.040808443128955,1.41859178351187e-18,1.83800594912021e-18
16,88752602,C,T,0.0929330199921483,7.64456434770129e-12,5.67245251719672e-11
01,155271433,TA,T,0.0540549994817685,1.06186250496305e-29,4.60018135629852e-26
19,12998205,G,C,-0.0314631952265277,2.45543630180841e-41,5.94070348820674e-26
09,136139907,GAAACTGCC,G,-0.0304273389490994,1.38558998122e-39,1.64565774260793e-23
09,135864436,C,G,-0.0531739901867745,9.48565262638054e-25,1.0101543561824e-21
08,9032646,A,G,0.0285321290541112,1.2305473618858e-24,1.83177093615108e-23
08,9007273,C,A,-0.0187112070092233,2.33527898812515e-18,1.2671597788042e-16
14,103992096,C,G,0.0276660220819973,1.47407176801045e-40,6.12218778033839e-23
06,132834518,C,T,-0.02541332696245,2.98314103600305e-58,7.4113203764728e-23
17,19934963,C,A,0.0248864785899617,9.20437466402017e-61,1.61425351320996e-22
08,116665915,C,A,-0.0265608750869912,1.19163310015201e-43,1.71688863359756e-22
09,137117496,C,T,0.025353592038719,2.20347376654806e-42,5.34786129852587e-22
09,136890876,C,A,0.0242606235777012,5.27508443201304e-22,1.7451124729473e-16
06,16281187,C,T,-0.0276485333745196,5.5077780281742e-36,1.40735598737054e-21
15,62782248,T,G,0.0272032421822718,1.21158135993278e-36,1.91678967819996e-21
11,16758246,A,G,0.0209372908702382,1.60323552040424e-22,1.97864538972684e-21
11,16569806,A,G,0.086616423506517,8.4341205095406e-25,1.46013220900616e-15
11,16630779,G,T,-0.0210321062513756,7.94404735349221e-22,5.2029156615673e-16
X,57464651,T,C,0.0235122227988526,1.45751627614117e-29,3.34549515432455e-21
11,9777657,T,TG,-0.0245175432407116,3.86919511610713e-41,3.58076262037516e-20
02,165528876,C,T,-0.0236206683298153,6.00943090677893e-43,1.44752056829002e-19
20,52230030,TAGATAGCG,T,0.0946994785503822,2.95850751485908e-20,1.48153178852204e-19
07,73039406,C,G,-0.0285665439431008,1.13911438508103e-28,1.98689793008874e-19
19,49373632,A,G,0.0243959264649749,6.47972979669024e-37,2.36328360764117e-19
07,98974038,T,A,-0.0583115793509816,1.30824071728446e-20,3.75164047320489e-19
07,123408499,T,G,0.0418657134940068,4.02330091644931e-22,4.68903452102548e-19
22,29757090,C,T,-0.0250442763021289,1.22736640427033e-32,1.14810645889481e-18
19,55538980,C,T,-0.0303024860577031,1.82993406871305e-25,1.25997703934723e-18
03,142283813,G,A,-0.0226582404231377,7.60973118263049e-42,2.28767027239697e-18
03,52761570,C,T,0.0435889513005328,1.16163407527611e-19,2.08670124753327e-20
03,52865126,C,A,-0.0232026846472323,1.82382844934378e-14,5.04698608123834e-14
21,30339120,C,A,-0.0312350148834596,2.6229257435049e-24,3.02800920680438e-18
16,89939929,T,C,0.0258950398177868,1.12315625740268e-29,3.73937415357181e-18
11,116623213,T,TA,0.0319029392940106,1.76006101233129e-23,4.41957192606069e-18
01,2147874,A,G,0.0414847237177261,4.93230195638663e-18,6.9030044916555e-18
01,1668943,A,C,-0.0174368049542314,7.56963848085902e-29,2.87301254551349e-11
04,146045768,T,C,0.0430299186150862,2.66278796234043e-20,8.17268608504805e-18
15,80345735,G,C,0.0224522164249676,1.16490347033404e-35,2.67330734854504e-17
10,45953767,A,G,0.0231874544096843,8.61884871401105e-32,2.68089154067641e-17
01,29416640,G,T,0.0215326674143723,1.64918067068382e-48,2.80909301751282e-17
09,140100317,C,G,0.0320449767775606,3.76295056089875e-22,2.97789675428878e-17
20,55990656,T,C,-0.0255621064310046,1.80173903282077e-29,3.18926782915771e-17
20,55973344,G,A,0.0316473394503011,3.27421500632927e-25,1.38330487747221e-15
20,55980715,C,T,0.0565106608008319,3.57402516444191e-10,1.70484392785423e-10
20,33533186,G,GA,0.0218686702243209,1.93424291747105e-42,3.47743382188704e-17
01,25543484,C,A,-0.0289858652992394,2.52376155848354e-21,4.64634706017548e-17
01,25291697,C,T,0.0846902979930792,1.78675069414172e-15,5.33230730418819e-16
03,56849749,C,T,0.0217465853744431,2.53329166186562e-37,5.79473669033813e-17
20,57597970,A,C,0.0501490080980451,1.7047265259097e-18,5.86377888545114e-17
03,24343330,C,T,-0.0222892566661163,3.69506548930713e-33,7.76662538531557e-17
09,79905423,T,C,-0.0259504319005919,7.06757717900315e-25,9.45847598286461e-17
20,4112181,G,A,-0.0258530684946817,6.71561112371674e-31,7.04458062197236e-63
20,4119064,C,T,-0.0571629340515377,3.46069824547064e-76,1.05915987901537e-59
20,4119097,AT,A,0.108834170760805,1.10521196193427e-53,2.2365487008939e-27
01,205264744,C,CA,-0.0224351655192983,7.76295378138433e-35,1.42083822247435e-16
05,132426851,GTT,G,0.0363774744666494,1.21044452172023e-19,1.4404286443283e-16
17,40012971,T,TA,-0.0366500327223941,2.4456568991289e-19,2.42833265610243e-16
06,108877653,G,GT,-0.022797417114016,1.87647374888306e-30,2.98513494591387e-16
07,116200092,T,C,0.033825738119693,1.42632620573358e-19,3.90763370494774e-16
08,19824492,T,C,-0.0212315304312969,1.29354984583154e-19,4.46249499462322e-16
08,19936687,A,G,-0.0197719277301722,5.45977492464315e-11,1.4267637446556e-11
06,110760008,A,G,0.0243760334059322,5.51379403243007e-25,4.88072579588056e-16
02,218683154,G,A,-0.0211012591615947,7.36307065997305e-24,7.49338649329446e-16
17,75376455,T,C,-0.0224006639555778,8.32767465885126e-28,1.07533717952284e-15
01,199012478,C,A,-0.0231331738245437,2.49256061869711e-25,1.87064736664019e-15
22,21952253,ATT,A,-0.0257141683747623,8.14440739988123e-23,2.22202597864113e-15
10,81121696,T,A,0.0202312128056473,3.39263647506034e-38,3.06195376470886e-15
11,8745711,C,T,-0.0231160109012809,1.75676817023773e-24,4.33585687630014e-15
15,63831984,A,G,0.0219200639463342,2.99366803283126e-26,5.27120350903639e-15
12,95859010,C,G,-0.0209623313574709,1.5463588253582e-28,7.21408406234292e-15
19,45412079,C,T,-0.0366109137920189,2.73293896405251e-16,9.75827594618485e-15
19,45745607,T,C,0.0190621609538979,1.6491948131671e-16,1.18095877325513e-10
19,35692403,C,T,-0.0201534456747478,3.81268455680716e-34,1.25961025737515e-14
X,70204141,C,A,0.0236899749064818,8.91468442162434e-46,5.7987243356221e-27
08,86256210,A,C,-0.0198421424194553,1.34336498297765e-32,1.99081305441444e-14
11,61543499,T,C,0.0201505003499693,3.04073628480874e-30,2.12135132407711e-14
09,33830156,A,AT,0.0211080507086579,2.38285536088905e-35,2.33357303199136e-14
20,10646671,G,T,0.0211419428894919,1.06602158403577e-26,3.44339256509594e-14
12,8958494,C,T,-0.0296181869787855,3.59860939870423e-18,4.08200694156139e-14
02,26032421,G,T,-0.019210031467662,9.20565238424486e-39,4.95623950917612e-14
X,153612371,G,C,-0.0197144838341945,2.70724207351549e-18,7.33463135286798e-14
17,46569033,GA,G,-0.0209597807236377,3.06043519668411e-29,1.2005188767169e-13
06,47437697,AC,A,0.0210706411543201,8.98724671373213e-18,1.29937761390119e-13
06,46954248,T,C,-0.0154644519299772,3.31972327621339e-14,3.60173786851173e-09
12,53805438,T,TTA,0.0243897223534321,1.6550003599811e-19,1.33066380355954e-13
01,46432101,A,C,-0.0194211208143658,5.33354563736005e-31,1.57419900571805e-13
20,38552078,T,C,0.0195665108203596,3.58066757555781e-27,2.09713606836559e-13
01,172349246,A,C,-0.0195584485182398,1.1880972316191e-27,2.34305666301172e-13
17,1536312,G,A,-0.0191913547864257,2.09056017656162e-28,2.62517733059226e-13
02,54020142,C,CA,0.0212239017771689,5.51791623453753e-25,2.7765263127747e-13
04,57719766,A,C,0.0187512841101749,4.3544127772013e-37,2.81072963083431e-13
07,1130584,T,C,0.0187027000781643,2.99991841938088e-32,2.8158692610052e-13
03,20105673,G,A,-0.0201395411257854,6.3749093968954e-24,2.94406781770268e-13
12,124409502,G,A,-0.0199114768171971,5.60254664388157e-24,4.18659385361131e-13
02,219869870,C,T,0.0802695573613662,3.09887940293225e-18,1.08824300929528e-19
02,219427886,CA,C,-0.018293521880871,1.07123346454903e-19,6.89534536022112e-13
03,12286720,G,A,0.0182633580861701,1.49211837936621e-30,1.17694917122729e-12
12,57017515,T,C,-0.0181128992541885,7.80782483130878e-34,1.39514645329618e-12
17,27069393,T,C,-0.0182171199414554,3.44997300383746e-30,1.60781150567922e-12
17,42941707,C,T,0.0411027531516852,1.0380178147743e-11,1.76494062355181e-12
17,43025706,G,C,-0.0226004341747326,5.4875075473226e-13,1.18517410815607e-11
02,219119118,AGAAG,A,0.0396929475651343,-99,3.83945099510668e-13
