chrom,pos,major,minor,beta,p_value,gwas_p_value
17,7314656,C,T,0.0706892747604723,7.14799246801902e-115,0
17,7318935,C,T,0.0944930814806294,0,0
17,7327089,C,A,-0.285729371986599,0,0
10,64874754,A,T,0.0936198072441463,0,0
X,109833420,G,A,0.0652669126379659,0,3.48490267965411e-217
17,7348625,A,G,0.0945596713957037,0,0
17,7352163,T,C,-0.196983682000588,1.16649145728077e-201,0
17,7439014,G,A,-0.147136607708817,0,0
02,27730940,C,T,-0.0657648381339038,0,1.91919291600428e-151
17,47448346,G,A,-0.0543766745931037,6.7808691030533e-210,6.29114073965384e-148
17,47372328,A,C,0.0920046618010729,7.63976718696301e-107,3.66952392165651e-140
15,96714816,C,A,0.0652805215921324,3.17716884887293e-213,1.13587378563537e-122
07,97929573,T,TC,-0.0727051907357388,2.37527363329704e-169,5.43220738582652e-117
14,94844947,C,T,0.195033825643428,3.11880390291611e-115,1.595062926614e-110
19,17346854,G,C,0.143434443160216,1.40790720759082e-104,1.37960483246962e-95
03,135926622,T,G,0.0580254402549984,1.65199247658836e-137,2.62419724553344e-87
01,27021913,G,C,-0.15955584546619,1.61704251272383e-89,1.9255638307658e-85
04,3443931,G,A,0.0394540659045491,6.50930161716292e-101,3.0656057939378e-69
04,3449781,G,A,0.0467793069324076,4.05913465444175e-20,1.15193522485967e-37
12,21343833,A,C,-0.0599500699485676,4.59318554465084e-79,4.06872692814518e-64
01,107592959,G,A,0.0426675260736749,1.71733980729805e-123,9.2586675087691e-61
02,64906295,G,A,0.0460144014544926,5.32089817393904e-103,1.02664401528206e-60
04,88203828,A,G,-0.032376926616313,9.99343660093496e-47,3.26340699182737e-58
04,87976359,A,T,-0.0224277121056995,7.42880220164393e-21,1.60312248703227e-40
15,53728710,C,T,-0.17190059650718,4.48774146059808e-59,2.84601827132217e-57
09,86626769,A,T,0.04176849316711,8.50892293871646e-83,6.5130616960465e-50
19,2796316,G,A,0.0397500299148752,3.49878745504435e-63,4.11006483880966e-49
19,3062857,T,C,0.0187010958004684,5.21265850052874e-23,1.91574961412198e-13
14,24871926,C,T,-0.0357316327644706,4.58628015266329e-123,4.00522966578548e-47
19,46385438,A,C,0.0527591669089188,7.97160351926123e-56,3.0697218104461e-44
08,81457499,CA,C,0.0365578498485761,2.68043496877702e-44,3.62386311405602e-44
08,81430449,AT,A,0.0489971521942704,1.4266947347518e-35,3.39290720655724e-41
08,81582148,T,C,-0.040471674546594,1.49339149272936e-29,6.2202267394806e-38
22,44324727,C,G,0.0405093476806118,1.55246449050796e-64,4.0129920454754e-42
15,53094375,TTTTG,T,-0.0527853716775177,1.48728843206769e-52,4.4291918880507e-42
20,43040569,T,C,-0.033912338792168,1.40367286182174e-115,6.09790737267456e-42
12,111522026,T,G,0.0646349343217177,1.20165207486558e-45,4.57470211021785e-40
12,103483327,AT,A,-0.0320708079593337,1.07304710359345e-107,5.94831693936528e-39
10,5262267,G,A,-0.0439952084523621,2.97568552694852e-52,1.30397353273399e-38
12,4384844,T,G,0.120638636011714,7.8982571574702e-40,6.43961891343637e-38
15,44027885,T,C,-0.101067510137186,8.75953388895702e-40,6.572667357383e-38
17,45588112,A,G,-0.031316314571658,5.03381269891707e-105,6.46311694545814e-37
12,121423956,T,C,-0.031674359647595,5.05121810126956e-77,8.22424725445892e-36
06,160769811,C,T,0.030504715475063,1.96259689192978e-94,2.56991642491171e-35
19,35550878,C,T,0.0440304891071787,5.51917481085383e-53,4.14284716043918e-34
19,35541248,G,T,-0.0424253111006733,8.96654348709853e-27,7.90189605133724e-17
17,1618363,T,C,0.0372943197952505,1.57906643100887e-46,2.19350309905699e-32
04,69325415,C,G,0.0305458070917913,1.27447309942044e-40,1.29712513181041e-30
04,69538180,G,A,0.024450101720219,6.00267868212603e-43,1.65437079794645e-23
12,25410741,G,C,-0.0543759648481535,1.27859921484414e-34,5.36206120589922e-30
17,64210580,A,C,-0.0801199207186416,3.71991607080908e-30,2.16322689233722e-28
12,57781893,G,A,0.0314773460439535,6.32656880775415e-45,6.52541429809467e-28
19,7220596,G,T,-0.0270315653158779,3.39370055112366e-69,1.17307476581884e-27
12,101015655,G,T,-0.133749879257296,2.48857010624257e-28,1.51441144704247e-27
11,69284560,C,T,0.0313091627224607,6.56977331593876e-32,1.36611820009546e-26
11,69170389,T,G,0.0241453351467576,1.89601616339658e-28,4.88958132310057e-16
11,68884755,G,A,0.0175839606935881,3.24467120182633e-16,4.7172471744732e-09
17,17860546,T,C,-0.0262146818715882,1.60974370270136e-58,1.3739947332918e-25
03,24520283,G,A,-0.0285834828237699,1.15895157063545e-47,2.23339498199179e-25
17,29720140,C,T,-0.0262620390488997,3.18727251592832e-55,2.67633475091248e-25
01,154592201,T,C,0.0253866431057969,9.78782838889592e-69,6.60064209273362e-25
11,61579463,A,G,-0.0264325432536894,7.58115792189687e-49,1.3141134155513e-24
09,137268177,A,C,0.0290359663833818,7.23812026079308e-40,1.63191262858499e-24
09,136895818,T,G,-0.0576520999359435,2.12009176138474e-11,4.98184955637869e-11
05,55804552,C,A,0.0326136565330685,5.24224418718097e-36,1.91239380649046e-24
05,55856375,G,T,-0.0259898157998633,4.92705150478278e-21,5.67168260767229e-14
05,56221537,A,G,-0.0267264913102186,2.21422008384359e-11,3.38634372947384e-11
16,83980529,C,G,0.025230205634739,2.97318390114341e-62,2.51899581448052e-24
07,100467700,C,T,0.0318506051063677,1.42064443245052e-34,3.22731026880098e-24
22,30764453,A,G,0.0274097487879192,1.68671306222429e-43,3.33427814913002e-24
02,165528624,G,T,0.0252862291172505,1.19948389102456e-52,7.41183588578253e-24
08,9185146,C,T,-0.0406707845356036,9.04378078784541e-29,1.02518628123748e-23
01,16505320,G,A,-0.0248366577261159,4.25488902760348e-55,1.56320683128485e-23
10,81074125,T,A,-0.0252571627202301,6.99108059544091e-50,6.58389331670551e-23
14,50655357,G,C,0.114174814017463,3.12287041653741e-23,9.44661137997701e-23
04,159834474,G,A,0.0384167950793286,1.52936647250791e-27,2.24124881304805e-22
04,100046056,C,CA,0.0258853703176542,4.61545912395741e-40,3.24936689459713e-22
06,41667506,A,C,-0.0279315310423786,3.25258040765584e-18,3.49749155294527e-22
06,41703041,G,A,-0.0231967472261132,5.71671897235957e-22,6.34448037755371e-22
02,227093745,C,T,0.0247765447767522,2.51873436081705e-44,4.31476022917206e-22
01,214352015,G,A,0.0264499644544822,9.61970226382687e-32,6.44704953573007e-22
01,214163675,G,A,-0.018437283066439,2.54449291215254e-23,1.00524567107596e-10
03,12394840,C,T,0.0328863445844389,3.11461497354292e-19,6.8113816532257e-22
03,12294202,A,G,0.0164332743076723,2.05054340520913e-22,1.04658658250466e-14
04,77197674,C,T,0.0199310339247407,1.49313468656456e-26,1.21770732123727e-21
04,77134211,T,TC,-0.0175298448799456,6.75248445684627e-19,2.44637340817584e-18
01,220970028,G,A,-0.0255839189563749,1.83037631618115e-38,1.27712873031033e-21
22,28856760,C,T,0.0247798418145052,5.28293688709421e-42,1.38729070110402e-21
02,70412866,C,T,-0.0467519379668251,2.65523969087547e-23,1.11658718273414e-20
19,50016971,G,GTCTCTCTCTC,0.0430917946373698,9.25220727295512e-24,1.71336307068512e-20
17,73154247,A,G,0.0237628088993867,6.0855358593558e-40,2.58758496023419e-20
11,13361005,C,T,0.0244747702307695,2.90883763713767e-37,2.64282057316315e-20
03,49745941,A,AC,-0.0238642258602161,2.95244956037401e-37,8.00921783612251e-20
16,88016415,A,G,0.0236921728842217,1.77306162595006e-38,8.69332990432547e-20
02,27851918,G,A,-0.0566697860329525,1.73863300344778e-144,5.82871621622919e-73
02,27847642,C,G,-0.0431439169175066,1.15128092778213e-28,2.09954724586364e-10
01,110232983,G,A,0.0246448466163593,4.05300018949785e-32,3.13396939226044e-19
14,100801720,A,AT,-0.0224657289026121,3.6078566848594e-54,3.5249120863087e-19
09,139099073,G,A,-0.0220182377941188,3.30340809400014e-48,4.60541485297876e-19
04,88022709,C,T,-0.0352761137745765,8.14572178879946e-103,3.59704207091261e-45
08,59415337,G,T,-0.0225845015225078,1.21577246913003e-37,1.36165265580115e-18
11,2179864,AGCCCT,A,0.0258290956467818,1.7071529450055e-29,1.88258868686183e-18
17,9592729,AT,A,-0.0252283661518374,5.02061101088699e-29,2.5002057944376e-18
06,7231843,G,A,-0.0345400920666848,6.37107039456798e-23,2.95984410921405e-18
10,64047444,A,G,0.0353973452351294,2.40318203669272e-16,6.27634352629554e-18
10,64427649,A,G,0.0212258264212361,3.21084624527129e-24,1.67739367024882e-14
10,63645959,G,T,0.0178857424216522,2.47768872781174e-15,5.99358000891703e-13
11,65561369,G,A,0.0216544629928433,3.67874064559919e-19,6.77326041173648e-18
11,65228618,T,A,-0.0170608713978676,6.86174306991191e-18,2.81942798965469e-15
15,63791125,G,A,-0.0220471930337623,4.10644205405784e-34,1.49919415649168e-17
19,18244690,G,A,-0.0238390369312829,2.83466166557656e-28,2.39173310394275e-17
18,57851097,T,C,-0.0243596752708537,1.17423649182696e-26,3.74585317125e-17
12,20580725,T,A,0.0254556147025552,7.7388131512385e-20,4.15332904949088e-17
12,20926432,G,A,-0.0199633546936034,2.42554376072775e-21,1.54257953503889e-15
09,131466489,G,T,-0.0291235182395951,3.19011577761897e-22,6.97581166501115e-17
01,39970928,C,A,-0.0244208725521844,6.89736426891458e-26,7.68512648018786e-17
08,42334511,G,C,0.0213266446009325,3.10928735486198e-35,7.85824354709855e-17
04,148980672,AT,A,0.0234727806026299,2.64795069141376e-27,8.32327860776634e-17
X,109918904,CGTGTGT,C,0.0645013762873714,0,7.00700086733406e-214
06,31319222,T,C,0.0163977989324238,3.75189536014782e-20,2.55951424042802e-16
06,31480668,A,G,0.0193107168468306,3.90983406239081e-10,1.86710635811865e-15
06,31880637,AAG,A,0.0233379628229689,2.01589750339789e-18,4.53558605271191e-16
06,31411213,T,A,-0.0225927131868231,9.40613381550305e-13,4.49018904839461e-13
14,23714682,G,C,0.0227963223656057,4.94184640338728e-26,6.29462581910094e-16
11,16249510,A,G,-0.0202191707749615,1.04030100115715e-33,9.70512263429279e-16
12,102827441,C,G,0.0217124390267282,9.9875486160096e-27,1.43089412001326e-15
13,95222890,C,A,0.0205179396299038,1.26069632156301e-30,1.48831956300058e-15
16,11901557,A,G,0.0217731111434575,1.16701380385462e-26,1.59404153992465e-15
12,24198178,A,G,-0.0534407329602393,1.64163427649332e-16,1.74064538714003e-15
03,172294500,G,A,-0.0550506043808512,1.85236120883313e-14,1.74775610923325e-15
03,172240215,T,G,0.0181854203303133,2.92887122631173e-17,1.38611171475008e-12
08,145677011,C,T,0.0194649972268656,4.7662263096395e-40,3.0393624541732e-15
17,13836955,G,A,-0.0197795024336817,7.59551006686847e-35,3.21162000297534e-15
20,39954925,T,TCACACACACA,0.0218788816706192,1.37157161269859e-30,3.58687475331246e-15
12,51221127,G,A,0.0197178262144983,9.04776813216945e-35,4.13558803409629e-15
02,27598097,C,T,-0.0639887228388517,0,1.07202614350494e-141
10,93641869,G,A,-0.0191552863431158,2.07013900658465e-38,8.69752789157118e-15
01,196905991,G,C,-0.01937452358575,6.25521419351755e-33,1.31135662395068e-14
03,47125916,C,CT,0.020460982613577,4.736557620687e-41,1.85331451437594e-14
04,3387148,C,T,0.041525531811723,2.57067474336435e-34,9.79394960981927e-21
04,3384844,G,A,0.0194223970680631,2.19070915785686e-25,4.17102802922134e-10
04,3258321,G,A,0.0654028223193043,9.89119289140277e-11,5.70572141300777e-13
06,25873184,A,G,0.0210124516563307,1.48050515428063e-23,3.12475052712577e-14
05,53292390,A,C,-0.0295174524548582,1.77241085938472e-17,3.16472629915456e-14
14,105262368,G,C,0.0191340870874536,6.79058658618012e-30,3.51967927591357e-14
16,15172118,T,C,0.0203886458940119,4.82556347697376e-25,3.85853247326853e-14
09,117146043,C,G,0.0186854883355694,2.69066697710871e-38,4.39587081132916e-14
07,1899935,C,T,-0.0193523766714074,1.00350374219569e-28,6.46658277058225e-14
08,116960729,G,A,0.0188615703764016,1.20725656240165e-30,7.6954494097242e-14
12,6885076,A,G,-0.0191886968259912,5.17082553517926e-31,8.16169503304819e-14
01,61693469,T,TA,0.0343412383647543,1.16673019341034e-15,1.33963786079593e-13
17,45733625,C,CA,-0.0309414448316927,7.39209725666967e-102,4.82874149469987e-36
10,101912064,T,C,0.0178141877357562,2.0946329933718e-36,5.01644929294368e-13
01,93733057,C,T,0.0172198033752197,5.87456616284211e-18,5.76477124687864e-13
01,93266753,C,CA,-0.0155773705498274,1.1461640900624e-14,1.19260590473393e-10
01,151002134,C,T,-0.0221159295218206,7.45739983830275e-19,7.35239777880921e-13
01,92668474,T,A,-0.0220053133681041,3.01155747344433e-18,9.74895966689187e-13
02,42510018,G,A,0.0608705032922544,2.52256872760156e-13,9.95655081616919e-13
02,191564893,T,A,-0.020636156310729,9.50614351841342e-20,1.16013089273736e-12
22,24296526,A,G,0.0178495902761373,4.14752445227625e-29,1.17123536050475e-12
19,45396219,C,T,0.0210284382815341,1.02156068646632e-15,1.33738800000282e-12
19,45748362,G,C,-0.016200042286202,4.50091071324131e-14,1.20028618460901e-09
20,33081906,C,A,-0.0173990238025253,1.93841628648519e-29,2.03171724239494e-12
17,65156919,G,C,-0.0172899841798978,5.1390169235203e-31,2.42307184786331e-12
14,73011885,A,G,0.0181411212726854,4.446919221447e-24,2.42603359589087e-12
01,91531022,A,G,-0.0216080568491358,1.06852956247319e-17,2.47308633888182e-12
22,21974703,G,C,0.0217447220869229,9.1267405539903e-18,2.64728724678485e-12
01,23747996,G,GA,-0.0194791163374986,1.1786910666981e-20,2.81987228757728e-12
05,137802404,T,C,-0.0171969260811809,5.43734746780071e-29,3.2813802996181e-12
07,101831484,T,TA,-0.0182545030881158,5.92712776367543e-23,3.53533172455359e-12
09,4143821,G,A,0.0173575879404494,1.4539011103408e-27,3.76705323933729e-12
10,94823343,T,C,0.0172795163869346,1.36517795221934e-26,4.15586899311819e-12
07,130585553,T,G,0.0185249803455401,2.38799184228285e-21,4.60549844792253e-12
07,135086864,C,CT,0.0185358372149818,8.14208222443144e-25,4.97825496842295e-12
18,55089715,C,T,-0.017741859333321,2.86416566665417e-23,5.23426088268224e-12
11,95311260,T,G,-0.0216541197950826,6.59874423063116e-17,5.38380751479302e-12
05,127406259,T,G,0.0196776138387291,5.50458911720651e-19,5.47888498538409e-12
17,73395763,AT,A,0.0172183006008611,1.23914267044639e-20,5.51576550926881e-13
17,73778516,CA,C,0.017559064115736,9.38860982564406e-13,6.83572597256613e-12
01,197924770,G,A,0.0583931551681368,2.10033685400306e-12,6.85841182352814e-12
01,25797832,CA,C,-0.0170424351297146,1.81595692951239e-28,7.28194458331292e-12
07,150502468,AT,A,0.0268282748214317,1.95589038973035e-14,8.33280315376655e-12
12,93632423,CA,C,-0.0248433612205732,2.42225223746579e-15,8.80573663959175e-12
14,25927832,G,A,0.0180816837084696,1.4126851431494e-21,1.08401694954517e-11
06,130386971,G,T,0.0178087459901616,1.52075304796174e-21,1.21730108770475e-11
12,21002678,CAT,C,0.0450673535812684,-99,1.73335063629846e-14
