chrom,pos,major,minor,beta,p_value,gwas_p_value
7,120954908,G,T,0.170420869423967,0,0
6,127459552,G,C,0.085615549324337,5.82913062375624e-235,2.11549431616857e-84
6,151907958,T,C,-0.0823377007190216,2.3719419254484e-90,5.49418665826241e-75
6,152010370,AT,A,0.0626980634450012,5.92088752119364e-85,2.53495038197315e-55
10,54423853,C,G,-0.138677143672371,4.00098856601023e-90,8.44659659568124e-64
10,54412481,C,A,-0.0553736599683885,3.36654518265481e-44,1.60090791286471e-13
10,54467180,A,G,-0.0408905241112427,1.62387197112078e-32,1.38009184760302e-19
2,119510493,G,GC,0.354519462501125,8.88647711104822e-50,4.2433800985028e-63
2,119611026,T,C,0.0482710409948773,2.12038019763121e-31,4.90648769612746e-31
2,54659707,G,C,0.0702297236044249,2.87807808004685e-92,2.86478436540807e-52
2,54839276,G,A,-0.0475097342243626,1.2086936772998e-27,1.39866575697398e-19
1,240586695,C,T,0.0829201646585134,8.01175733248211e-73,9.46193950976196e-50
22,19677948,CG,C,-0.108263096697808,3.88057260883693e-62,1.45785372223252e-49
11,86868033,C,T,-0.0661569879937203,3.91842859937452e-82,4.91452143026458e-44
14,54419106,A,C,0.0628211134360791,3.33054331612096e-99,6.41193003541624e-42
7,38123628,G,A,0.0574551261403499,1.39985596943515e-42,8.28076605622398e-42
7,37946958,A,T,0.054282866756811,4.13948125606222e-23,7.61529417850504e-19
7,38142840,A,G,-0.0416718551219688,1.69470762184168e-34,3.40915375272775e-27
13,42959133,A,T,-0.0575522136103968,8.16955523477746e-110,5.68442322365276e-39
19,33532300,C,T,0.0962366004683548,1.04877712887787e-42,6.40675017683787e-36
11,112437007,G,A,0.0554678639941645,5.18932467445852e-83,4.56974971600359e-35
6,133575048,G,A,0.0513491774245068,1.17000678222805e-80,3.99425721683258e-31
4,994414,G,A,-0.0700190863882502,9.73236385977405e-40,1.11259041477135e-29
4,1012300,T,C,-0.0898578664571471,2.51613690833553e-19,3.46638178793017e-15
4,997488,G,T,0.0684730332208441,6.25770698626072e-14,1.03711970799836e-18
10,31054186,G,A,0.0493500512166467,2.40499769397596e-80,6.07571105205313e-29
12,90564295,A,G,0.0504464050037881,6.95624888801948e-65,8.74559053123508e-29
2,202832130,C,T,-0.0591777950119186,1.09002814497441e-35,1.62855565719805e-28
2,202954983,GA,G,0.0284083496520963,2.82273737381591e-17,1.38726985262404e-09
6,45386202,T,C,-0.108785169349205,1.38343237327147e-30,9.88400203128522e-28
11,27276450,T,C,0.0489482440061402,4.45099361910685e-54,2.21691983213199e-26
17,2026417,G,GA,-0.0490389435306999,7.55751828618831e-47,4.61175719416197e-25
1,22710877,G,C,0.0583918452168774,4.9187001657379e-31,2.58133961578507e-24
1,22470407,C,T,-0.0428446258002354,1.0550236670516e-14,1.65890501941247e-12
11,68243369,G,A,-0.0374523229474949,2.08070100999921e-18,1.7755465781621e-23
11,68174189,G,A,-0.0689480905009442,1.19469375220051e-10,7.37193356226872e-22
3,41114867,C,T,-0.0441161305691688,2.46459528795536e-55,4.46211253679154e-23
7,96135291,T,TTGTCAA,-0.04496358453934,1.36275801052634e-42,8.66311086865088e-22
21,40350120,G,A,0.0468141191123915,7.2817509090754e-38,1.51190065932824e-21
17,41826839,G,C,0.0730136094891934,6.47651088570493e-22,2.19343872651926e-20
17,42162694,C,CT,0.0377787276341885,1.38114893166875e-18,1.43300044606896e-12
22,29478760,C,T,0.0421380387103764,1.35797980704498e-39,6.06908120809143e-20
20,10984609,C,G,0.0430555512253331,3.48635808410591e-30,1.26124100568007e-19
20,10629525,T,C,-0.0624995774986487,2.23740293533046e-16,1.03445885408857e-15
20,11150594,T,C,-0.071500515549041,1.47985545238963e-10,2.12200744389755e-10
17,58906854,C,CAA,0.058316321559493,8.28910615033908e-25,5.02225153588874e-19
12,49379537,G,T,-0.175999360084938,1.36387766572005e-18,3.73486877624723e-18
12,1638069,T,C,-0.0664217413599786,2.55286412388456e-16,3.88248662022875e-18
12,1638214,A,ACCCT,0.0341458544820973,9.86877480188499e-17,1.38053971276173e-14
2,42247361,G,A,0.0456771067200778,8.08297978139397e-27,9.09224723922911e-18
4,88831249,A,G,0.0404258413549135,9.12979590414938e-33,1.3569770106691e-17
7,120932447,A,G,0.152967341513457,0,2.61735319072137e-247
12,13328208,C,T,0.111370421601311,6.76771221272647e-18,6.68247132767562e-17
8,116663898,G,A,0.0404881318536291,1.29886982265491e-28,1.21814845544791e-16
11,115044850,C,A,0.0368696495104056,1.31847457029274e-37,1.78202303846482e-16
7,30955539,G,T,-0.0427473061306104,6.83196081079393e-25,3.62176386244411e-16
8,9090902,A,G,-0.035859936452991,1.05671191039193e-45,4.00745929762993e-16
14,103881561,TAACA,T,-0.0377120451111145,2.10255554989692e-31,4.39936782006974e-16
16,410178,G,A,-0.0912154231921095,3.14234466360744e-17,1.57464207534581e-15
13,22812173,A,G,-0.0371581408656885,8.26836153185323e-30,2.12981241340819e-15
3,156552785,G,A,-0.0414043854008056,7.16022869471584e-18,2.42324094110835e-15
3,156797208,T,G,-0.0276345951232354,1.34510973497726e-16,2.68508848418187e-10
15,51516055,C,A,0.0398980021471967,9.14864038406918e-25,2.70408768774252e-15
17,926740,G,A,-0.0374233140048306,1.59756309141504e-27,3.23806265519068e-15
1,68591253,C,T,0.038867630492942,1.08802363028364e-23,4.76359770547803e-15
1,68694877,C,T,0.03616050180336,4.91530706697987e-13,4.8652666142646e-10
7,20052543,G,A,-0.0365150584552669,8.26357167326547e-29,5.48589522203345e-15
2,119161638,A,C,0.125952364779104,-99,1.27025030559882e-36
