chrom,pos,major,minor,beta,p_value,gwas_p_value
07,120920827,G,A,0.0221753123265579,1.40010889184735e-06,0
07,120962164,A,G,0.154483635912803,4.23230205014596e-286,0
10,54437901,G,T,-0.156378048753464,1.97537241440057e-228,7.75234337683087e-144
10,54412481,C,A,-0.0658257129591338,5.33639518853347e-146,2.85219911487269e-35
06,151901409,C,T,-0.0794119339156706,7.49666720036286e-148,2.34100895984632e-124
06,152013760,G,T,0.0711895737886392,4.90056225267115e-190,4.57445617969308e-119
06,127468274,A,C,0.0749872652013575,0,1.71244637586431e-113
01,240586695,C,T,0.0861007888079783,6.34012448458405e-138,5.17137631830212e-94
02,119510493,G,GC,0.323547556332864,1.55226888794948e-68,3.32544609365375e-89
02,119605586,G,C,0.049530140301868,8.38789785419839e-58,7.34578036816863e-54
02,54683711,C,T,0.0699672778180188,1.58520813854954e-140,1.1699283070128e-85
02,54871277,A,T,-0.0462250518634913,5.8708081947072e-51,4.65116530861403e-33
11,86887931,A,G,-0.0694805919028751,5.99666264990555e-161,6.53517707768752e-85
07,38108665,A,G,0.0557603218573656,1.03241568569878e-49,9.44876887524734e-80
07,38110626,C,T,-0.0528767569983046,1.71504567998305e-83,2.08540874393256e-76
22,19679303,G,A,-0.100391984282497,2.63659589884211e-96,3.04503298672657e-77
13,42952145,C,T,-0.0595180710895729,4.70861568708344e-208,1.76029511502868e-72
14,54419106,A,C,0.05961469964007,1.18004954237001e-157,5.86518485244301e-66
01,22702077,C,A,0.0676916985536222,1.80860227688758e-68,3.0276732672424e-55
01,22483649,T,TGGGGGG,-0.0434746450459941,3.88761734840332e-44,1.87202029448103e-30
12,90419192,G,A,0.0527047788258865,8.4556388958932e-125,6.79662807271585e-55
17,2026417,G,GA,-0.0547925045001694,1.76885805704732e-101,2.38613346881305e-53
02,42220572,GTTT,G,0.0584155022009916,1.0574771591202e-72,1.80224859153223e-47
06,44847529,G,A,-0.101124133846431,1.37251312742032e-43,2.60320107551422e-47
06,44727789,A,T,0.0253611588138015,7.40085867653724e-36,7.67891205931643e-22
04,1003022,C,T,0.0340819915977008,1.30823835227965e-37,6.75127625848975e-47
04,1004864,T,C,-0.0584076926786051,2.19733591730359e-46,1.88904849817622e-45
04,1012300,T,C,-0.0750427712895035,4.73903983407118e-24,6.97829591477304e-23
11,112396795,G,C,0.0486329807543927,2.63384179109742e-107,1.87924725194742e-46
06,133577921,A,C,0.043792179739915,1.01158075272588e-57,3.71235983019425e-45
06,133816623,T,TACTCATTTATTTATA,0.0235472769959223,2.27150409780172e-17,1.54894236213819e-18
19,33544187,G,A,0.0801929121092069,2.70838976181207e-53,1.45697683906658e-44
11,27317383,C,A,0.0466598255620916,2.74123737045729e-92,1.4861687560999e-42
12,13328208,C,T,0.134437161331429,5.88421436607315e-43,1.87974642465362e-40
21,40350120,G,A,0.0465420461532895,1.40031202349394e-53,9.57196490296815e-37
21,40047176,A,G,-0.0288217678927525,1.53899192415998e-18,4.64158103521803e-14
03,41123984,A,G,-0.0418671459886299,1.15819185184361e-91,1.92996785538515e-36
17,59001198,C,G,0.0553259798570541,3.70769162652113e-45,2.31917391426332e-33
02,202832130,C,T,-0.0453626510809933,2.74934191263675e-39,5.98393625209041e-33
02,202799604,T,C,0.0333019449451056,4.2523417089366e-12,1.32759984804341e-13
07,30955539,G,T,-0.046923273318826,2.67291148419067e-51,9.74079168965874e-33
17,41798621,G,A,0.0715334550867948,3.10741245801517e-34,3.54160601406782e-32
11,68228962,TG,T,-0.0343328244244435,3.44459362907423e-27,1.9740886855593e-31
11,68174189,G,A,-0.0534399488112681,3.22718335113181e-11,4.59175771137243e-25
18,13719510,G,A,-0.0398788714419094,1.1661337283315e-63,4.69572035635325e-31
12,1638214,A,ACCCT,0.0391454998206979,5.81684256820261e-37,2.18336363241536e-29
12,1637129,C,G,-0.0494958325248601,4.40560804210305e-17,3.37037742278624e-21
08,9085295,T,A,0.0369341623325656,7.90320330512205e-82,5.68724145761847e-29
02,118895728,A,C,0.0272639774958254,3.02560520497246e-18,1.18182651640142e-13
02,119423996,G,A,0.0704798801162422,8.88192733205702e-11,1.23199204220629e-09
22,29474482,AAAG,A,0.040388934715925,2.85081482630247e-54,3.49098239934817e-28
22,29417909,A,G,0.025183545289256,8.82317358480022e-14,1.32217597329965e-07
03,156697090,TATAAC,T,-0.0546462090164589,3.7620323648132e-29,2.28339285049802e-27
03,156798775,T,C,-0.027880624707674,1.42596608094762e-31,1.15275534240609e-17
11,62201239,T,C,-0.116479971660718,6.36982294761371e-31,3.13380758034121e-27
11,62351984,G,A,-0.0200729693267792,6.64853091929307e-18,7.9439255868843e-07
12,49379537,G,T,-0.189461771091055,5.67656100508682e-34,4.1428784796883e-27
12,49385679,C,T,0.0351551623101623,1.13786103713812e-34,1.11595614797005e-13
14,103910423,C,CTT,-0.0376615339768559,6.35188855306108e-54,7.96603975666991e-27
10,31042804,A,G,0.0350014552424797,1.02235520616406e-75,3.57821666810971e-26
20,10984360,T,C,0.0343204108735198,7.72672484776514e-57,9.91803692968872e-26
20,11150594,T,C,-0.0545597927591391,1.50404563575061e-10,9.91279505791543e-11
16,86714715,G,C,-0.0444487617774241,4.9461243080118e-37,1.05838620097787e-25
11,15226187,A,G,0.0663914165317159,2.12227821156131e-27,4.21717341963103e-24
07,96127689,CTG,C,-0.0311390655356109,2.27121454108897e-25,4.25676859365318e-24
07,96041731,T,A,-0.0249833749554888,1.3636026572181e-16,6.82269137998247e-14
07,95719833,T,TA,0.0231693406254759,3.97780184084191e-16,1.20437965819595e-15
16,410178,G,A,-0.0756306533621559,1.54583919633848e-20,2.23921484372328e-23
16,359953,G,A,0.0229537502936226,3.03108886149554e-20,6.35406605092186e-16
07,28725536,A,G,0.0376038677261361,8.27401152784818e-31,5.98673535293655e-23
07,28609388,C,A,0.0195313919489963,1.06091541164509e-08,1.85282510120869e-07
20,7551554,G,A,-0.0346776275862773,1.58131770111697e-34,9.99906017368095e-23
20,7095113,A,G,-0.0197857978365806,1.25705361741894e-09,9.96718039886254e-08
11,115044850,C,A,0.0343345435705582,6.41178403605386e-43,1.50271180486099e-22
08,116663898,G,A,0.035201163890105,4.09318584837807e-33,3.32701896871801e-22
08,117158377,T,C,0.03032987325351,8.28623476098954e-12,3.5050016035508e-08
11,47097364,T,G,0.033863581881272,1.88529620135543e-41,8.84325349812643e-22
19,1169673,A,AG,-0.0343972625533361,1.67205907807343e-30,2.66834299660702e-21
19,816805,CCCAT,C,-0.0244751154684121,3.80029101264001e-20,2.69508133665142e-12
13,51099577,G,A,0.0378866302072144,2.10277630692271e-32,2.87158354896128e-21
12,589872,CCTG,C,0.0315598327491632,9.04945464915371e-47,1.42264956836325e-20
01,68664755,GAC,G,-0.025993540320456,3.12646390190212e-21,3.51034892450583e-20
01,68603586,C,T,-0.0263607760990129,8.58004124400053e-18,1.51908897648381e-16
01,68725704,A,G,0.0332393218297644,1.2320261546247e-14,1.04526162938345e-14
17,54263286,GA,G,0.0306496255655341,2.4519112836301e-44,9.65979389370863e-20
07,120824194,CA,C,0.0798629062666816,0,1.7298050052655e-107
07,120825166,A,G,-0.109080860783141,7.8650963633121e-36,1.07589622008327e-15
07,120754275,C,T,0.103599113701976,1.08863860061685e-14,2.34511167480091e-29
07,127015083,G,A,-0.106653561388044,9.09882818459914e-20,6.21823430109906e-19
09,133452158,C,T,-0.0308143056294029,1.38896296461291e-37,8.66433210103507e-19
07,15676019,A,G,-0.0302820920976645,3.15614272755707e-27,1.08077201681294e-18
07,15957810,A,G,0.017353277271184,7.3517707992429e-10,1.57104472663281e-07
09,98234097,A,G,-0.0301482274910067,8.221506551237e-37,2.25798933716512e-18
16,51903981,C,A,-0.0548433750354796,7.64810961426543e-18,3.01794290389206e-18
16,51758116,G,A,0.0312415353866098,5.21202254849862e-18,1.61365589877962e-15
16,51619890,T,C,-0.0205184543823448,2.30797300733656e-11,3.01795160185856e-06
15,70552313,G,A,-0.0306915602444957,1.11428334420739e-34,3.26229911901788e-18
15,51537806,C,T,-0.0292676278394065,2.28132576815356e-35,3.72981803638558e-18
15,52016808,A,G,0.0277700244490607,2.69974330295871e-06,3.17186842390512e-06
08,71555752,GT,G,-0.0289784805383781,4.57411633269433e-44,4.0575385612594e-18
20,39832628,T,C,-0.0357881651916656,2.87596951988279e-26,4.73013946472929e-18
10,134459388,A,G,0.0343766680917849,2.18312707950952e-27,5.07498194983731e-18
07,27970153,C,T,-0.0315827279433952,4.56015051905613e-27,7.08396125471469e-18
07,27479138,C,T,0.0183160142028133,1.7640884730582e-09,5.66070189694573e-06
05,39382261,A,G,-0.0288639662632824,1.15788287083278e-42,1.2551525215932e-17
05,39679391,T,C,-0.0232777553419335,1.8124581544982e-07,4.15822399218917e-06
16,81580088,G,A,-0.0283633099912296,1.40747834955558e-48,1.26598425161173e-17
11,118477367,G,A,-0.0304187589407658,2.96478312977405e-32,1.75830013856999e-17
06,7050935,G,C,0.089629116637866,2.21226066968797e-16,1.80979421399728e-17
06,7231843,G,A,-0.0366869771552353,3.0148287200569e-13,6.6726978656381e-13
06,6961571,T,C,-0.015424537814477,2.31479731062545e-10,3.34039288720711e-06
04,38361120,G,A,0.0476377768865298,6.67183584714515e-21,2.31852800931541e-17
20,6364504,C,T,0.0302712873224672,1.23996447815968e-32,5.14049693956752e-17
20,6755009,C,T,0.0478366973951199,1.24221399095151e-14,4.04953424415402e-14
20,6441465,C,T,-0.0233307409533844,4.90160832602329e-12,4.00641899420449e-08
X,43877162,C,T,-0.0326974345841095,1.09832545050124e-13,5.88004931888767e-17
X,43877175,T,C,0.0197920577543211,1.400751560608e-16,4.23092637954512e-16
04,88794878,C,G,0.0367605557243641,8.1892021133377e-19,9.33528825239926e-17
04,88752026,T,A,-0.0312201823945683,5.9181468118439e-13,2.34137493156566e-12
15,67420680,A,G,-0.0274461036934526,3.19300029765381e-40,1.4073049952768e-16
15,67149198,G,A,0.0336681143326092,4.41569551433051e-08,1.33301060234263e-07
11,68384618,T,A,-0.0425612887199632,1.00744449854416e-39,3.87875009434251e-31
11,68855363,G,A,0.0275070045653365,1.6475623123297e-27,2.26160878547119e-16
11,68537578,G,A,-0.0694237338771578,1.79184797938284e-07,9.49144245840042e-09
X,56393782,G,C,0.0274028929705407,7.69267593345016e-22,2.53860155897014e-16
11,35097298,T,A,-0.0270547470169811,1.20049674825178e-41,3.25948049938802e-16
13,99587929,T,C,0.0293713382243998,8.79497512250852e-29,3.4115466751937e-16
07,25696199,T,C,-0.0336164593023506,3.62183243074966e-23,5.66791064854911e-16
05,148787469,G,A,0.0282849600117253,3.82269042454919e-30,6.53066317356322e-16
06,2500701,G,A,0.0262567258631924,1.67124974084892e-23,1.15570304529692e-15
06,2048330,G,A,0.02138048395277,3.14284958264463e-09,4.15790995421679e-08
06,2729604,T,C,0.0161416170295202,1.34750435686297e-08,8.73260455467181e-07
06,29899485,G,A,-0.0270676247537994,1.97106472700106e-35,1.27154915410335e-15
06,29413117,A,G,-0.0895943925945652,3.93851647239112e-08,5.21106429723856e-09
11,60024008,T,C,-0.0269518912411736,1.2782906739037e-34,1.35081752126256e-15
01,210466625,G,A,0.0346576260517627,3.25108142293468e-21,2.22114468339028e-15
07,27243221,T,C,0.049118472030134,2.20675571597449e-16,2.25018852255561e-15
07,27653025,AT,A,-0.0270006423952912,5.19828101344175e-11,9.76144407914529e-09
07,27238287,C,T,-0.0615972784888572,2.7741359882282e-08,3.60823199228696e-09
04,17875735,TCTC,T,-0.0283337330345034,9.14668260877239e-23,4.20346985544095e-15
04,17674888,T,C,0.0628658529846565,3.26923985314234e-07,3.22044525253938e-08
06,55604267,C,T,0.0569082615597831,2.24484198453695e-19,4.2690210822708e-15
06,55676621,C,T,0.0942723640631037,3.40547593470679e-17,1.17744811678996e-14
06,55468836,G,C,0.0482445316193537,9.25814021694184e-08,5.58596292917966e-06
01,221476976,C,T,-0.0260689110838317,8.43519541667209e-33,1.16027844371767e-14
10,60327298,C,A,0.0257014757916702,4.85183275892489e-35,1.41109206261051e-14
03,56169965,A,T,0.0391038547002594,1.04431311640699e-17,2.73997515800005e-14
17,48337073,T,C,0.0257016628501109,4.80048212861348e-15,2.99684726005923e-14
17,48245569,G,A,0.0490385238687177,4.04281339240446e-09,1.13644542702905e-12
01,172243879,TA,T,0.0264236545294597,1.29601245776564e-30,3.02901468459852e-14
09,96430747,A,G,0.0246778995485829,2.37788900386353e-11,3.05918317506648e-14
09,96916536,A,T,0.0217634280210605,1.23427100801051e-12,7.86109232288994e-10
01,8503242,G,A,-0.0264716151078714,9.55902507276191e-28,3.30081102844716e-14
X,8910963,A,C,0.0232625833846527,8.8900629633839e-21,3.6767977124353e-14
05,122742602,T,G,-0.0279520001667338,3.68524100810035e-23,6.15158921414398e-14
02,238353776,T,A,-0.0269903456196708,1.25052256418803e-16,6.66346626462086e-14
02,238212373,A,T,0.017712359606344,6.50719536701149e-10,1.03114067028668e-08
16,51025468,G,A,0.0314415069148294,3.01457807891768e-12,7.64238457863542e-14
16,51166844,C,CT,0.0253868250704844,4.51508532923273e-17,8.28010413139198e-12
16,51015161,G,A,-0.0191560435067237,1.18821353510539e-11,3.9295212325195e-11
07,20052860,T,C,-0.0302202424408187,1.09902480446159e-17,8.69974414889019e-14
07,20356798,C,T,0.0323817101973838,6.07710888488187e-13,1.56463027932092e-11
01,220040069,TA,T,-0.0273419153579224,2.210435704939e-17,1.40535739050782e-13
01,220088047,A,C,0.0287317955829929,8.72586183378153e-15,2.84397306979743e-10
01,219584016,G,A,0.0231606254383997,6.35820566729202e-10,7.31330195348515e-09
18,60054857,C,A,-0.0281923711122535,9.13642798106533e-22,1.64618410080006e-13
01,170683707,T,TA,0.0244349972007047,6.34363610391443e-21,2.77251665593909e-13
01,170521376,G,A,-0.0151422189217183,6.39379291425752e-09,6.91228404167013e-06
02,54745110,A,G,-0.0638346470205801,5.10187699403678e-56,7.43305326238352e-46
02,54794927,A,C,0.0334787576244775,1.2055115865041e-25,1.01730352108055e-17
02,55179512,C,A,-0.0314780537980866,4.4675803269331e-08,6.34780494958694e-10
13,22810615,A,G,-0.0278964626075325,2.133909079102e-24,3.52605258816064e-13
13,22977789,C,T,-0.0257267302847033,2.9559220214377e-17,4.13358984976166e-10
11,8900394,C,T,-0.0323525999014554,8.98150782321764e-18,3.68552745108865e-13
20,45595883,C,T,-0.0287403410568058,5.34693349089458e-20,4.02102772893889e-13
02,40666351,A,G,-0.0242050956442535,5.58853834229381e-35,4.11032320537157e-13
06,130345791,A,G,-0.0266702122893665,7.60249424678533e-20,4.18828671536308e-13
06,129952675,T,A,0.0204746049717976,1.48945950003709e-09,4.20130271778047e-07
14,91453712,CA,C,0.0318397623714127,6.83630215137021e-18,4.42909521267694e-13
17,27948844,C,T,-0.024096280516047,1.5555121611184e-25,8.28715225214384e-13
17,27826581,T,TC,-0.0204887478295168,6.00385551091144e-07,7.2965553896566e-06
11,65390803,G,A,-0.0211925868490045,1.91203345736365e-09,9.6601775284901e-13
11,65326804,G,T,-0.0754200596807635,9.81319414872701e-09,6.55987496895968e-11
11,65412467,G,A,0.0158774432836519,2.96141504189976e-11,2.39605344925242e-06
06,164126233,C,A,-0.035038147619837,3.8812353403301e-16,9.90244333373612e-13
08,119917642,T,C,0.0903189311584481,4.60526220931722e-12,1.1204782780023e-12
08,119951900,A,C,-0.0292801647031571,3.79126530625247e-26,1.39759158894429e-08
08,119742870,A,G,0.0292754144478264,2.42218906594288e-08,5.20521497109578e-08
10,27892500,G,A,0.0233477096003228,7.89949268524227e-27,1.43794034721772e-12
10,28337574,T,A,-0.0181659604450937,1.47180044418631e-06,6.76449840661197e-06
02,28941150,A,G,0.0209773299075716,4.04284746993803e-12,1.6799056460358e-12
02,28863486,G,A,0.0182966464153185,4.67677097198221e-10,1.05686060881982e-10
21,28774869,C,T,-0.0237599744945156,9.79361301893901e-28,1.81817279849503e-12
11,113029572,A,G,-0.0882560869522609,2.13720515894405e-13,1.9305929782719e-12
11,112542089,C,T,-0.0222944071417395,1.04021219128512e-09,1.12968232856137e-06
02,200446732,T,A,-0.0302967887990966,5.09089099505477e-15,2.26955963165882e-12
02,200162425,C,T,0.0200973662596302,3.80766841823416e-08,7.96130410718292e-07
02,181951865,T,TAA,0.0252958195068026,5.1104765894131e-22,2.65402975734977e-12
15,91059898,GT,G,-0.0235740327907939,2.1012500013573e-29,2.72520480770481e-12
01,16271180,T,C,0.0373865650698079,6.67537490094502e-15,2.78847712703928e-12
03,48901370,C,T,0.0448225479119052,6.17062669602374e-14,3.70029057831536e-12
06,74509629,G,A,0.0229413745246731,4.40288129546537e-32,4.47958838409846e-12
07,105494963,A,G,0.024365378865737,2.9246261409408e-22,5.03899187332921e-12
20,33263828,TA,T,0.0243990854067537,3.61067945761701e-30,5.60936059159265e-12
05,51948395,AT,A,0.0298829313776024,2.81470815365658e-17,6.16458184609853e-12
05,52193237,A,G,0.0292654491882592,2.59560547788867e-07,6.89674670145832e-06
22,39063022,T,TA,-0.0259849233383516,1.23073524947719e-19,7.10679406470615e-12
20,10976954,A,G,0.0288144017040286,2.1624871140447e-31,1.16477345868436e-22
20,10640201,G,A,0.0258570533230115,7.60963201251592e-15,2.10772159868675e-17
11,16244497,G,A,0.0225374092091401,1.67756501457584e-13,8.51298671207738e-12
21,35717837,T,G,-0.0283312400437331,1.49104796426314e-14,9.66866222327538e-12
21,35567987,C,G,0.04552280526946,1.05529746655696e-07,2.74546285121112e-08
04,95089067,G,A,0.0294175623410821,3.98733125168997e-16,1.0671240902764e-11
10,102075479,G,A,-0.0299257885270448,8.03720571906592e-16,1.19233622164062e-11
18,10348334,T,C,-0.0226940176182091,1.95913247838605e-27,1.24962514223785e-11
06,56377713,C,T,0.0778382145194765,8.98925497028298e-12,1.33942371042962e-11
06,55900084,A,AAAC,-0.0471987866483037,1.27352871441189e-07,1.72696517686369e-07
17,926121,G,A,-0.0240081289445672,2.03759732008245e-19,1.41564058803543e-11
17,738344,C,T,0.0331726758495026,1.84767035948316e-06,4.43994215020217e-06
03,11573615,G,T,0.0284610482578065,1.65257966342038e-16,1.41880190546691e-11
12,28614139,G,C,0.0250635366857753,1.05836660598742e-14,1.46301483987053e-11
12,29103922,A,G,-0.0221248382999803,3.97112497819184e-08,7.47400264768711e-08
01,22543368,C,T,-0.0458600948070864,6.45517120007682e-17,4.80777210646548e-32
01,22484575,T,C,-0.0306612684181211,3.90939920912549e-18,5.55173375041844e-30
01,22132518,G,A,0.0241640889735695,2.63050442515291e-09,8.13917874250707e-07
05,50668150,CT,C,-0.0203823252138609,2.65458920242332e-21,1.82158272309524e-11
05,50895263,A,C,0.0494543325288487,1.0611082076279e-08,5.81174060166037e-11
13,94066952,T,C,-0.109854542230218,1.11464217036411e-11,1.90125123826159e-11
13,94023154,G,A,0.0356654221744737,3.81970865438005e-07,3.48462865886896e-07
13,94391481,C,A,-0.0344947171871673,1.48166931947992e-06,6.10051510379595e-06
01,113205526,C,CTGT,0.0248675886292974,3.90201004485167e-15,1.99519265168949e-11
01,113010808,G,A,0.0181026993640774,3.81988699583869e-12,1.62923807302795e-07
04,145597759,G,A,0.0197218213801711,9.91950206479297e-19,2.22661895523614e-11
04,146076632,TA,T,-0.0272580535418723,2.73143670151258e-09,2.26602219956232e-10
19,2523781,G,T,0.0238610469957569,1.44697218599771e-15,2.36178522161763e-11
19,2158999,AT,A,-0.0186437525318658,9.4238868383985e-13,5.13572278333737e-08
10,114724473,A,G,-0.0275186893926382,3.79352149325837e-14,2.48727205900439e-11
10,114353465,C,A,-0.0172206338926308,5.75463628510447e-11,8.69763047560606e-07
10,28442841,G,A,-0.0281490270658151,2.1326784790787e-12,2.60052716045194e-11
10,28584624,G,A,0.0482142923304362,7.93016048036212e-09,4.38552448815585e-10
10,28163866,T,C,0.0582570781035026,2.21506109573542e-06,3.07220411068267e-07
07,92237533,A,T,-0.0271775535365043,1.64655674511006e-16,2.71152997126782e-11
17,63276813,T,C,-0.0234397278132195,2.28078513153153e-13,2.76415089827426e-11
17,63549979,A,G,-0.020638345570542,4.17156949273096e-14,2.77143261911257e-10
14,23312594,G,A,-0.026767231675065,1.26245233456086e-16,2.93123376241396e-11
16,23052797,CA,C,-0.0239284861057227,2.09351243361602e-20,2.98623220117242e-11
17,9146752,TGGTTC,T,-0.0256764101426543,1.71565368029931e-17,3.56760023228025e-11
20,32280829,G,T,0.0240756367325956,1.49524153199282e-19,4.18600049476694e-11
04,146167657,A,G,-0.0269511206839479,1.89359971910681e-11,4.66410444624074e-11
04,145713769,C,T,0.0163594110887746,9.76108159605062e-13,4.00407919425693e-08
04,87976359,A,T,0.0223503065026567,6.2800523070265e-24,4.70783779216085e-11
07,38029944,A,C,0.0694835258262914,4.95586037110176e-63,4.74011705738052e-66
07,38009814,G,A,-0.0330755629057049,3.34259726400263e-25,6.64872373136262e-34
01,2904634,A,G,-0.0879817467836468,2.16090389315824e-11,4.80108917946562e-11
16,55532458,T,C,0.0215149169505609,2.30758843039433e-18,5.67489692278832e-11
16,55069361,T,C,0.0190922574384586,1.11037347788603e-09,5.74649259632405e-08
10,79399656,T,A,-0.0282216031003705,3.88708203828253e-15,5.74172026744962e-11
06,131344906,T,C,-0.0228031995412692,1.57868580692548e-21,6.11150358981477e-11
08,116671848,G,A,0.0350034728773245,1.28990618902838e-30,5.84232173039144e-22
08,117167843,T,C,0.0262094270356896,2.05186165586415e-16,7.39482312973227e-11
17,79394536,G,A,-0.0258048768179977,8.04665316035634e-15,8.33134038540858e-11
17,79841732,C,CA,0.0272902723559692,5.09530622793193e-07,2.74843470749025e-06
06,27846744,G,C,0.0316199529152454,8.80348390080668e-14,8.71029860381256e-11
05,80281743,G,GGT,0.0241871889583554,4.55994925516067e-18,9.50904350486641e-11
08,127982089,G,A,0.0226438574019012,1.44024899677544e-19,1.302626296521e-10
01,89255039,T,C,0.0218002640587086,4.20035639460713e-22,1.30739133128777e-10
10,20150985,T,C,-0.0303882326373586,1.70233965586637e-12,1.39510719164819e-10
10,20329943,A,G,-0.0167085666320243,3.25467955282368e-13,1.44731241971726e-06
22,46381414,G,A,0.0272622467528822,6.40962527596177e-11,1.44839878932054e-10
22,46177845,T,C,0.0381416443701852,1.72093999748258e-06,4.72524573997874e-08
11,121800971,G,A,0.0211216339057655,5.63915117692578e-20,2.31300596187447e-10
11,121671490,A,C,-0.0392397145981049,1.3073505652185e-09,2.29640451375228e-09
12,65995687,A,G,0.0237771167557897,3.01212883920332e-16,2.39950458736549e-10
12,66336692,C,T,0.0211126731307275,4.92264534948363e-09,1.10680649389636e-06
07,42606913,C,T,0.0472175964909889,2.3981218472209e-11,2.45589935627529e-10
15,85660184,T,C,-0.0462846493013655,1.56861761221406e-10,2.77797955162683e-10
15,85513033,C,T,0.0164774898513346,3.69534237381655e-12,8.76494944063095e-07
18,46465540,C,A,-0.0211125861173198,3.80729155103931e-27,2.83605214181364e-10
19,3375572,A,G,-0.0335096562122384,6.56094511632756e-13,2.98272279104646e-10
05,72610957,A,G,0.024621375266782,8.46756261563276e-16,3.10966756110102e-10
17,17136891,T,C,0.0210521856533109,3.21441121661881e-23,3.20473722825887e-10
16,4021734,G,A,-0.0290369273644123,2.46174522158989e-11,3.38193888114984e-10
16,4348635,T,C,0.0163392849016344,9.60854195074614e-12,5.99636854657162e-07
16,4447477,A,G,0.0190859643645423,1.46377021125046e-07,7.57007133133397e-07
14,70446421,A,G,-0.0248939204907799,3.30779516191029e-12,3.69763273986678e-10
14,70348141,C,CATAT,0.0170928190962615,1.74495035489111e-12,7.07035874131099e-07
06,155334213,C,G,0.026530598995323,2.0932224912088e-09,3.77067131198166e-10
06,155349999,C,A,0.0160981883737422,6.21947376291393e-09,1.68050722575133e-07
07,96242321,T,A,-0.0251531632527791,2.06254021158474e-22,1.28687151490844e-12
07,96590472,G,T,-0.0362269989283369,3.97731778358559e-15,1.29643101829021e-10
07,96718371,G,GT,-0.0235963681718546,1.12713460218201e-15,5.17274297665802e-10
22,36677914,A,G,0.0236797944537267,6.19919476846604e-19,4.06539405954918e-10
22,36813946,AT,A,0.0366383181240929,5.24017330174399e-07,7.75370623960158e-06
01,38461821,T,C,-0.0209474156727587,3.06940566649525e-24,4.36724732792191e-10
14,53761388,A,C,-0.0220469068047092,2.3256455100479e-18,4.4001317238406e-10
05,42529548,A,G,0.0208073060193665,2.18781103596217e-25,4.6072222645397e-10
12,4384844,T,G,-0.0796350858785542,1.53328594361584e-10,4.86909062273596e-10
17,29886356,C,G,-0.023793137098181,7.92325580376683e-14,5.2808587487916e-10
17,29937901,A,T,0.0460102473491684,1.78125598721254e-06,6.90659137640372e-07
11,58810230,T,C,-0.0501914993848045,6.19248388724318e-11,5.57843939006893e-10
06,168128170,G,GTAA,0.038554568858395,1.16118216335084e-13,6.39670554661422e-10
06,168425990,A,G,-0.0299833882279593,7.01510123251001e-15,3.14076297427414e-09
02,68079666,T,TC,-0.0214347600701406,6.97567684472323e-19,6.90355675974479e-10
09,96461013,G,A,0.0242586302642807,7.66430024297647e-11,5.15904129711162e-14
09,96948218,AT,A,0.0218255620871535,1.33971298799387e-12,7.0532187188773e-10
11,48085189,G,A,-0.0248799479859195,3.19132989195169e-14,8.10718002335611e-10
06,127098553,G,A,-0.023677147570025,5.6438529447348e-21,3.10718319034457e-11
06,126829238,C,T,-0.0407270258678363,5.26134284930186e-09,9.80500977440968e-07
06,126386403,G,C,0.0151820269733216,1.60261663810395e-09,9.1020522449614e-10
17,43130624,GGTTT,G,0.0175840397463953,1.61156787493104e-13,1.01796813134127e-09
17,62479273,A,C,-0.0221572271383183,1.26566398095972e-16,1.06287882802482e-09
16,88453759,C,T,0.0209589641609728,1.99439747783191e-16,1.07195745508389e-09
16,88834014,A,C,0.0251925573991652,4.97171490689645e-07,7.36435379300628e-07
X,21468207,C,T,0.0848007120088287,8.62226876874082e-10,1.16780354763345e-09
11,10922033,A,C,-0.026085509807327,1.60078832674131e-13,1.22090235158824e-09
02,71630041,C,A,-0.0204952394244126,6.33231507045227e-20,1.47148261044721e-09
04,86736384,AT,A,0.0328020126010345,2.32274572018543e-11,1.84029672857056e-09
17,43188741,AGT,A,-0.0201611776574676,1.96030220538408e-11,9.12157812566721e-09
02,233790522,T,A,0.0201965327928707,6.24589240410577e-22,1.89312519505064e-09
02,218070164,T,A,0.0273930580991723,1.84950133448203e-12,1.91490374081126e-09
05,135430668,G,A,-0.0309662696251612,1.40125202891556e-11,2.05516389471334e-09
01,163874234,A,G,-0.0197900250094557,2.112258673474e-24,2.07302731721931e-09
11,115080042,C,G,0.032987144783793,3.1507172842629e-40,8.02820710506335e-21
10,94958886,A,G,-0.0198030727737602,4.07518937470362e-23,2.73998067599472e-09
16,11642910,T,TA,-0.0202490724421659,8.1313320065119e-14,2.83680179975465e-09
16,11930010,T,C,0.0190263598212824,1.59928759638388e-08,4.16430596310707e-07
13,50975192,C,G,0.0246680246009757,1.20950610293519e-15,6.26348867543562e-13
13,50650544,GT,G,-0.0192878199418116,5.85275111800915e-10,2.76566993356465e-09
02,19870341,C,T,-0.022023947331578,3.95558248229701e-15,3.11234582477624e-09
17,41862277,G,A,0.0664603268940039,5.85047024415222e-29,1.88634374984258e-27
17,42669685,T,C,0.0199663179679185,1.66554228445177e-08,5.11615804030056e-08
17,69948043,C,T,-0.0207992821950753,3.82814719989264e-15,3.42612194560732e-09
17,70290160,T,C,-0.020607276905522,9.23736190767453e-08,1.76153420272117e-06
16,53826000,T,A,-0.0202370980315025,1.59186818962479e-19,3.555229698126e-09
16,54288061,G,A,-0.0303599896902165,9.7532993929259e-08,1.65752741348414e-07
22,50724733,G,T,-0.021742988467175,3.89516210956075e-13,3.62236785189655e-09
22,50329119,C,T,-0.0193949040751998,4.43039403174993e-09,1.2099747371704e-06
03,32924374,A,C,-0.0190042661858018,5.10636978904598e-21,3.67244765789507e-09
03,33408869,C,T,-0.0776441912696277,3.21039582776847e-06,7.6386573427152e-07
05,54787875,AT,A,-0.0274072679535437,2.52688022292449e-08,4.26477699651481e-09
05,54832387,G,A,0.0334944073398622,4.19397278486352e-09,8.06040687706741e-09
05,55015068,G,A,0.0380335903896892,9.4221477650149e-07,1.96390810878161e-06
10,123663944,C,T,0.0203940879603944,1.20458132000339e-15,4.64333134948659e-09
10,124153631,C,T,0.0234192756880082,1.82636974279308e-08,3.41650648716573e-07
01,75255491,G,A,0.0197596223551112,1.09204959254842e-19,4.73772112113801e-09
17,7790048,C,A,-0.0417198097458064,5.23331354361351e-12,5.07519045917047e-09
17,7371932,T,C,-0.0195015055536961,4.8084153216625e-16,1.1617524783543e-06
06,168996242,A,C,-0.0217199630803241,9.68654368246205e-15,5.23844032985611e-09
11,92607295,GA,G,-0.0199615493030695,5.5099828701046e-18,5.54842593803219e-09
12,2508571,A,G,0.0268955206265417,1.1143292894411e-11,5.56083556623012e-09
03,141140968,C,T,-0.0194123055854698,5.47516697799661e-21,6.07165197277556e-09
02,54549967,G,A,0.0345325517066166,1.29291357139843e-17,1.13090443206446e-17
02,54465632,T,C,0.05085719346094,7.63595698412824e-17,6.10418671784726e-08
02,54492442,C,G,-0.024152252729049,1.65102291018388e-20,2.14613967273155e-09
05,31134721,T,C,0.0199509239782445,5.98260925737229e-18,6.32380094522935e-09
13,110440832,AT,A,-0.0203303176986564,3.31352592314954e-16,7.45205780748065e-09
07,121069949,A,C,0.0845334758772653,3.94123565200262e-164,1.09889559161954e-61
07,121081616,A,ATTT,-0.115499268390879,4.16456840742623e-41,1.7816300358253e-06
07,121069017,A,G,0.153662188831568,4.14994523475232e-29,3.48388996278987e-13
08,71919946,G,A,0.0257446914415341,1.89616901934224e-28,4.5721022577528e-17
08,72219699,A,G,-0.0214883808502629,1.29772792271685e-10,8.29943208499255e-09
08,72083963,A,G,-0.024228189155319,1.85036016339252e-06,2.21434142639401e-06
08,80822461,G,A,0.0201645130895817,1.43491344681827e-16,8.58140013268865e-09
10,77622692,C,G,-0.0190577192970028,1.19677238450263e-21,8.73977280015079e-09
13,24828827,G,A,0.0261414714169312,1.87854720724704e-11,9.62871569875019e-09
16,67082610,C,T,-0.0545077904719583,3.70103973360311e-09,1.06586840754041e-08
16,66999370,A,G,0.022339290675723,8.42702928385925e-09,9.82311790460195e-07
04,54338855,A,C,0.023355737513817,4.81254600906806e-13,1.14228667163178e-08
11,16271834,CTT,C,0.0202607048132957,5.02995293340201e-09,4.54279164164631e-09
17,58935217,A,C,0.056349666926419,1.24133773032086e-43,4.78883075604996e-33
03,57860352,C,T,-0.0240074089334838,4.21832453048948e-12,1.28708520222696e-08
15,65776993,C,CA,-0.0223053832431834,1.57930804052214e-13,1.46870286318732e-08
07,119659037,T,C,0.02741904694908,4.06965321174201e-14,1.49000978180889e-08
07,120128089,C,A,0.10178689397572,1.26595164141106e-09,1.58143924057094e-08
07,119732246,C,G,0.0681005071913298,1.59468387221841e-08,5.38034481624268e-07
10,28602440,GATAAA,G,0.0190128962160216,2.62065057163567e-13,1.22770169471636e-08
10,29093379,G,A,-0.0189245932294384,2.07903635794889e-12,1.49366855442259e-08
07,100510437,G,GA,-0.0183542606974226,9.56830067028729e-17,1.51372228645504e-08
07,100322834,G,A,0.0542196699996381,5.83031824031557e-07,9.74967231942899e-08
05,73729341,A,C,0.0283598565784387,1.32548043551978e-10,1.54045526201169e-08
17,59013682,A,G,0.0545992262400731,5.25511502549394e-37,2.52893376437097e-33
17,59508427,A,G,0.0216416193553459,2.11452798597634e-09,1.56674186678974e-08
17,59160227,G,A,-0.0745053811853699,3.93232152668151e-06,5.56198484881928e-07
09,110907520,G,T,-0.0224575473152272,1.09211937336506e-12,1.57416606416972e-08
02,203499720,A,G,0.0157086377519784,6.96153870153506e-10,8.84586802483438e-06
05,112279653,A,AAAAAG,0.0194867477858525,8.54977564181653e-19,1.71434997108397e-08
10,3744022,C,CT,-0.0221469666676642,3.92699224259017e-10,1.75251390491875e-08
10,3790348,G,A,0.0153644685248612,1.33448357133665e-10,5.57809812532733e-06
05,127787610,C,T,0.0186388433350952,3.43941846797758e-22,1.79119125926096e-08
02,208744554,T,G,0.0378629493438295,6.33081500725808e-09,1.92094748476972e-08
02,208339161,C,T,0.0225434414657943,3.63516954935175e-07,3.17435241190182e-06
06,21894616,AAG,A,-0.0295120736623776,3.53726958281019e-09,1.9242072085316e-08
06,21395407,T,C,0.0167767755268099,3.65728678442468e-10,1.19212478023738e-06
06,22175920,T,C,0.0188885778031477,3.91762549231112e-07,5.88065299613226e-06
03,56270272,T,C,0.0252468604410904,1.5535613760444e-12,1.05867427489852e-12
03,57137461,A,C,0.0183232985241752,7.44067629296797e-10,3.18895035240685e-06
03,56756503,A,G,0.0225812150679707,9.93872083079331e-07,7.72798452281526e-08
06,148829441,A,G,0.0194946647107928,1.18703708151585e-20,1.97167759914283e-08
17,2048713,T,C,-0.0541778122293783,2.21604156025294e-94,3.12907515271727e-51
01,220010583,T,TA,-0.0244297268061853,5.74404450853352e-16,4.79056513580437e-13
01,219783674,G,A,-0.0305436128931596,1.45449411970786e-06,2.39679534681223e-08
01,219015187,C,CAA,-0.0151238408107145,6.01044375247344e-09,4.06901499251982e-07
12,26462982,T,G,0.0217645390643251,1.18445171031309e-12,2.41466024609768e-08
14,35224430,C,A,0.0184835588831424,1.00386476742981e-21,2.48801017815489e-08
06,136233659,A,G,-0.0261996602592219,1.03068708784743e-10,2.49748413045235e-08
11,61603358,A,T,0.0286172857757282,1.18932878302312e-09,2.60427207559395e-08
11,62032418,A,G,-0.0257157791370705,1.00306631499844e-07,1.11668564083402e-06
05,50762095,G,A,0.0338431446800229,5.4244506376625e-09,2.66200320937612e-11
05,50703933,C,G,-0.0184429507899379,5.42921421119423e-16,3.06214128689759e-11
02,112484417,G,A,0.0225931935318381,5.81622087122887e-09,3.06935033148601e-08
02,112907613,G,A,-0.0152972761173727,9.72640679416048e-13,1.00321941776508e-06
06,105471436,A,AT,-0.023939966349379,2.15307067195117e-12,3.08366078465226e-08
03,30731123,G,C,-0.0192328311459437,1.29807974417263e-15,3.19308840101018e-08
09,16686323,G,C,-0.0231027726102434,1.3858824932389e-11,3.21322277396625e-08
01,85331808,GAGA,G,0.02057279618593,4.21584251363041e-14,3.24853241633456e-08
17,80508790,T,C,-0.019007035779291,3.69055789441746e-16,3.25580182682247e-08
01,98432916,A,G,-0.0220688353275743,5.0039606204742e-12,3.26238137560794e-08
01,103399207,C,A,-0.0187881112535744,5.43207773763642e-17,3.42221977391397e-08
08,109141654,T,TA,-0.0231026318726279,1.59174883551342e-11,3.84138496627543e-08
12,131603295,C,G,0.0182958210444101,8.00131332756614e-19,4.09797839311927e-08
04,157515425,A,AT,-0.0205233763841788,5.05003317356876e-16,4.29616288129453e-08
04,146851785,A,G,-0.018680383630422,1.95260039949853e-16,4.38822004258585e-08
11,124955977,T,C,0.018059617724009,4.77564275023868e-12,4.40145158306676e-08
11,125070197,C,A,0.019671732062836,4.85199805555507e-07,3.46472920845406e-06
11,125455864,G,A,-0.0231125074601258,1.84700426752843e-06,3.37409021178304e-06
21,36423991,C,T,0.0267507114053896,1.61384578152834e-09,4.49539980721312e-08
21,36575097,T,G,0.0230003961573874,1.07854426752458e-08,2.19972655588569e-07
21,36878925,CAA,C,-0.014798678109392,1.0089092254351e-09,3.89930392094215e-06
19,13165884,C,T,0.0250055019141531,1.22950358321707e-10,4.65629071176215e-08
05,158242545,G,A,-0.0239924652441673,8.49813243590219e-11,4.7925786693726e-08
10,112279893,A,G,0.0210944112035755,2.35649450111018e-12,5.05921825157911e-08
13,52205904,G,A,-0.0194488350774405,1.7784425276238e-14,5.12284490256484e-08
06,25174710,C,G,0.0227375578654202,1.18049919298481e-08,5.16004638808339e-08
06,24899069,G,A,-0.0164450876669236,1.34430149497143e-09,6.14332174659061e-07
09,95616149,C,T,-0.0182202892531835,2.3575909112093e-17,5.27516219741878e-08
09,89733251,G,A,0.0194253138165036,4.56729249594878e-14,5.38064639968129e-08
01,149996474,CCTT,C,-0.0312909728704734,2.21081194993636e-09,5.53703451278927e-08
01,218944491,A,G,-0.0187201962130055,8.59413867883703e-15,5.59462409536881e-08
01,218729686,T,A,-0.0501072941030405,2.4787543870169e-06,4.34789424783629e-06
01,218518422,G,GTCCT,-0.0209647517977037,9.43178884700271e-07,4.14604374620044e-06
04,71991184,C,T,0.0276252624419625,7.47481784186143e-10,5.60394849515853e-08
08,130721419,CT,C,0.0231812345310358,2.33467743193056e-11,5.63156881425665e-08
06,109601672,C,CA,0.0180556111213435,1.50270527773701e-20,6.08124302422998e-08
14,75784922,G,GT,0.0199526163059519,6.35770371556159e-10,6.56649476611802e-08
14,75449517,G,A,-0.0163125563669629,4.55912004516984e-12,8.99204848940717e-07
16,1148713,C,T,0.0570856266376491,1.30257098599485e-08,6.58012685051795e-08
16,977160,T,C,-0.0179709664364991,1.75149100742356e-12,1.17602625279508e-06
06,158809708,A,G,0.0180920573896574,6.93298233746978e-18,6.7158448148455e-08
01,19749346,GAT,G,-0.0204615563108846,9.14060195234243e-09,6.82448804431483e-08
01,19861106,A,G,0.0150109607188843,1.42102960671556e-11,1.62779673253059e-06
05,173000834,ACT,A,-0.0183663760831391,1.82278624113361e-16,6.97898303833832e-08
01,11323901,G,C,-0.0194578703513815,1.4426792307215e-13,7.26821862006096e-08
11,12708614,G,A,-0.0294630623811476,2.22610028458135e-09,7.35842196893698e-08
05,132443605,CAG,C,0.0198219993050995,3.85808104235952e-13,7.462157774618e-08
17,36925750,A,G,0.017928861439961,6.77454759178757e-18,7.51569542715807e-08
15,93588289,G,A,0.0220752772122276,1.94158199243552e-12,7.52376248776283e-08
12,3209243,A,G,0.0177366971559834,3.76245088805298e-20,8.17699357269552e-08
07,29871974,T,TA,0.0226910046404555,8.98957280237363e-11,8.42399665657526e-08
15,63793936,G,A,-0.0178670408454123,2.83613450341242e-17,8.55210998054266e-08
05,42393369,ATT,A,-0.0217001663935537,2.24739129965687e-26,5.43260453133865e-10
01,150658287,A,G,-0.0207961315964145,1.29126031492874e-11,9.69110539854268e-08
12,104321744,CT,C,-0.0190600111330565,1.29089890519645e-14,9.74351494073723e-08
17,53468213,C,T,0.0178533590663969,6.61193856600587e-20,9.78012040232793e-08
20,56556636,C,T,-0.017936841482466,5.44100579299965e-17,1.02414214166318e-07
11,57824505,C,T,0.0541495665101538,3.79609360180907e-08,1.08175655661183e-07
02,153331546,G,A,-0.019657931668723,1.8387829250898e-12,1.09717185353995e-07
12,90533915,C,T,0.051028659552228,1.55099528730345e-80,9.26869787922332e-55
12,90725382,A,G,-0.0169284543087691,4.26567177055133e-12,1.7049712514676e-10
09,111496733,A,G,-0.0249962056937515,5.81925926472307e-10,1.13388202252844e-07
19,18157742,C,CTTTGTTTGTTTG,0.0196397159239011,1.17183400219037e-13,1.26701313304457e-07
01,6693641,C,CATT,-0.0184009380324733,2.56178791783317e-14,1.27850352579862e-07
13,100284461,T,G,0.0292896511554598,5.45541960146481e-09,1.34627065868451e-07
20,10634675,C,T,-0.100684958229291,-99,2.6245663509015e-22
11,16630779,G,T,-0.0413360495804627,-99,5.59122159821754e-11
07,37946540,C,A,0.0951685436547583,-99,6.92029472656272e-27
17,42164584,G,A,0.05996125589593,-99,1.3904577719922e-16
17,43511281,TGGCTAACACGGTGAAACCCC,T,-0.0499119325048391,-99,1.13800224980263e-09
09,96623821,A,G,0.035510567063226,-99,2.14394287908409e-11
11,115459742,C,T,-0.053714773457151,-99,2.63515644379003e-09
11,115512211,C,A,0.0536514010966364,-99,1.90415352698381e-08
08,116940451,TA,T,0.0840331187483617,-99,2.56242787603714e-12
02,119161638,A,C,0.117411767256134,-99,5.00262094794566e-55
02,202958208,C,A,0.0534060376990492,-99,5.26535391715375e-14
