chrom,pos,major,minor,beta,p_value,gwas_p_value
7,120954908,G,T,0.168820938724018,0,0
6,127459552,G,C,0.0853769211727481,2.8020315698967e-236,1.02295417399653e-84
10,54423853,C,G,-0.145397402912891,3.06968746283644e-110,6.03806707678898e-69
10,54412481,C,A,-0.0613663714978988,1.18589811806186e-73,2.20520953027756e-18
6,151907958,T,C,-0.0764153284179722,5.61926988695084e-79,1.61072121927994e-66
6,152010370,AT,A,0.0635650343412212,3.214967504567e-88,1.8749434029105e-56
2,54659707,G,C,0.0756497310094954,5.40197863440896e-108,3.09462188722785e-61
2,54855137,C,T,-0.0462659846200795,1.54587651376486e-26,1.48114612105596e-18
1,240586695,C,T,0.0860379000225062,3.96962088072688e-79,4.8093831274435e-54
2,119510493,G,GC,0.32488925793928,6.33458261564342e-43,1.16898973576343e-52
2,119602304,C,A,0.0399050587586652,2.10113603379931e-37,1.3672231758439e-21
22,19677948,CG,C,-0.108953363469083,1.00393616849434e-63,8.44087956255716e-51
11,86857360,AGATCAGCCTGAGGGAAT,A,-0.0691340940985979,4.28238433628521e-86,1.48570756009846e-46
14,54419106,A,C,0.0645855243620778,5.64949732305262e-106,1.02833147654039e-44
7,38153747,C,T,0.0574999101946387,2.44229833833623e-33,5.75981776875107e-44
7,37954468,A,G,0.0494451098238046,1.1679287594295e-22,7.66255180593303e-18
7,38111941,G,A,-0.0453759935819424,5.66328298784476e-36,1.68675779376119e-38
13,42952145,C,T,-0.0583716543764613,3.19841837823215e-114,1.97552150056611e-40
11,112437007,G,A,0.056552260547437,3.05956967537947e-87,8.61706937555739e-37
19,33532300,C,T,0.0968129802947927,1.17602887941069e-43,1.30506173014571e-36
6,133575875,A,C,0.0469105289658026,1.97961965338791e-39,1.34651884088819e-33
6,133339485,G,GA,0.0289260722329812,3.47571939594219e-11,5.25923114186797e-18
4,994414,G,A,-0.072568920792377,5.09441555636896e-43,1.84886255383725e-32
4,1192775,T,C,-0.0863303079509238,2.8173767332115e-18,2.72572599794896e-14
4,997488,G,T,0.0673850414014789,1.0896846703637e-13,2.01597017708904e-18
12,90564295,A,G,0.0519906962749052,1.54775899466624e-69,7.27267254792338e-31
10,31053282,C,G,0.0483240452436626,1.82343114380552e-78,3.72577557109774e-28
6,45386202,T,C,-0.104462839832024,1.10256217921691e-28,5.16319236730846e-26
2,202832130,C,T,-0.0552110489028799,4.71816997698212e-40,8.80627439774026e-26
21,40350120,G,A,0.0506660472237012,1.53509367721255e-44,2.88064003230698e-25
11,27276450,T,C,0.0473788998377612,2.67517657252061e-51,5.06237736099188e-25
1,22710877,G,C,0.0475472736643448,7.52215149959057e-22,8.57797910647295e-24
1,22663920,CCCATCCAT,C,-0.0366225825564829,4.02917917689435e-16,1.50052457360956e-19
1,22531542,G,A,-0.0542581852889914,3.52578757258134e-11,6.59636130196803e-14
3,41123735,T,C,-0.0436246618618739,2.51494466539114e-57,3.3882975284305e-23
2,42271646,G,A,0.0514386754843775,4.31687746992178e-36,4.86967963791978e-23
11,68174189,G,A,-0.082071133427246,4.49502690921487e-16,5.27266579778466e-22
11,68404647,A,G,-0.032221339805632,3.74666670891047e-15,3.76570140081349e-16
12,49379537,G,T,-0.192427126258158,3.66681418127973e-22,1.13117264256099e-21
17,58906854,C,CAA,0.0621459448892399,2.72488243426343e-28,1.24922696431317e-21
17,41826839,G,C,0.0738891554045727,1.24282092858194e-22,5.09251112671896e-21
17,42162694,C,CT,0.0335865195075327,3.55381209902854e-15,2.19751904951732e-10
17,2026417,G,GA,-0.0429785510178645,8.34299346184741e-37,7.88420498521999e-20
8,9086392,T,A,-0.0395005549282529,8.93371898556555e-56,2.03078371840149e-19
12,1637130,T,G,-0.075143047435897,3.06877411082474e-22,2.12581546414367e-19
22,29477841,G,T,0.0412345657973966,2.10480291921395e-38,2.37607172488964e-19
8,116663898,G,A,0.0425089639849222,1.02326490937387e-31,2.22232768781425e-18
7,30955539,G,T,-0.0447426208544016,2.11136372530298e-27,1.07188015418904e-17
20,10629525,T,C,-0.0659252963153576,9.74618241933343e-18,1.73810854619792e-17
20,10984360,T,C,0.0379579624560594,1.40525145502423e-40,7.35292741389829e-17
12,13328208,C,T,0.11257779019698,2.29600596432598e-18,2.39836522294409e-17
7,20052543,G,A,-0.038820453513603,1.03807550370193e-32,6.58735941516344e-17
7,96133531,C,T,-0.0383635331553764,1.08884704144784e-31,1.64056361630234e-16
20,6405923,GT,G,0.0380154548823506,6.06549252099554e-33,1.89696024063778e-16
16,410178,G,A,-0.0929959179205955,4.7494175469288e-18,2.91886268697633e-16
15,51516055,C,A,0.0406992962803515,5.47576227622211e-26,5.2486803388415e-16
11,115044850,C,A,0.0357204012989494,7.87827709430777e-36,9.91458409266936e-16
14,103895020,T,C,-0.0364620849600186,1.01246900806273e-29,2.60184663695799e-15
7,120932447,A,G,0.152450242202409,0,1.27328425689045e-248
11,47044113,T,G,0.0366718356759455,4.76006644209287e-29,7.54786226767391e-15
16,86714715,G,C,-0.0433324137559894,1.1151196408536e-20,1.37244310261638e-14
17,925304,A,G,-0.0366187071337515,2.59936261644962e-26,1.74016193007258e-14
2,119161638,A,C,0.131623155167012,-99,1.96072953506003e-38
