chrom,pos,major,minor,beta,p_value,gwas_p_value
07,120962164,A,G,0.154483635912803,4.23230205014596e-286,0
10,54437901,G,T,-0.156378048753464,1.97537241440057e-228,7.75234337683087e-144
10,54412481,C,A,-0.0658257129591338,5.33639518853347e-146,2.85219911487269e-35
06,151901409,C,T,-0.0794119339156706,7.49666720036286e-148,2.34100895984632e-124
06,152013760,G,T,0.0711895737886392,4.90056225267115e-190,4.57445617969308e-119
06,127468274,A,C,0.0749872652013575,0,1.71244637586431e-113
01,240586695,C,T,0.0861007888079783,6.34012448458405e-138,5.17137631830212e-94
02,119510493,G,GC,0.323547556332864,1.55226888794948e-68,3.32544609365375e-89
02,119605586,G,C,0.049530140301868,8.38789785419839e-58,7.34578036816863e-54
02,54683711,C,T,0.0699672778180188,1.58520813854954e-140,1.1699283070128e-85
02,54871277,A,T,-0.0462250518634913,5.8708081947072e-51,4.65116530861403e-33
11,86887931,A,G,-0.0694805919028751,5.99666264990555e-161,6.53517707768752e-85
07,38108665,A,G,0.0557603218573656,1.03241568569878e-49,9.44876887524734e-80
07,38110626,C,T,-0.0528767569983046,1.71504567998305e-83,2.08540874393256e-76
07,37946540,C,A,0.0498129851247123,1.41623538412476e-33,6.92029472656272e-27
22,19679303,G,A,-0.100391984282497,2.63659589884211e-96,3.04503298672657e-77
13,42952145,C,T,-0.0595180710895729,4.70861568708344e-208,1.76029511502868e-72
14,54419106,A,C,0.05961469964007,1.18004954237001e-157,5.86518485244301e-66
01,22702077,C,A,0.0676916985536222,1.80860227688758e-68,3.0276732672424e-55
01,22483649,T,TGGGGGG,-0.0434746450459941,3.88761734840332e-44,1.87202029448103e-30
12,90419192,G,A,0.0527047788258865,8.4556388958932e-125,6.79662807271585e-55
17,2026417,G,GA,-0.0547925045001694,1.76885805704732e-101,2.38613346881305e-53
02,42220572,GTTT,G,0.0584155022009916,1.0574771591202e-72,1.80224859153223e-47
06,44847529,G,A,-0.101124133846431,1.37251312742032e-43,2.60320107551422e-47
06,44727789,A,T,0.0253611588138015,7.40085867653724e-36,7.67891205931643e-22
04,1003022,C,T,0.0340819915977008,1.30823835227965e-37,6.75127625848975e-47
04,1004864,T,C,-0.0584076926786051,2.19733591730359e-46,1.88904849817622e-45
04,1012300,T,C,-0.0750427712895035,4.73903983407118e-24,6.97829591477304e-23
11,112396795,G,C,0.0486329807543927,2.63384179109742e-107,1.87924725194742e-46
06,133577921,A,C,0.043792179739915,1.01158075272588e-57,3.71235983019425e-45
06,133816623,T,TACTCATTTATTTATA,0.0235472769959223,2.27150409780172e-17,1.54894236213819e-18
19,33544187,G,A,0.0801929121092069,2.70838976181207e-53,1.45697683906658e-44
11,27317383,C,A,0.0466598255620916,2.74123737045729e-92,1.4861687560999e-42
12,13328208,C,T,0.134437161331429,5.88421436607315e-43,1.87974642465362e-40
21,40350120,G,A,0.0465420461532895,1.40031202349394e-53,9.57196490296815e-37
21,40047176,A,G,-0.0288217678927525,1.53899192415998e-18,4.64158103521803e-14
03,41123984,A,G,-0.0418671459886299,1.15819185184361e-91,1.92996785538515e-36
17,59001198,C,G,0.0553259798570541,3.70769162652113e-45,2.31917391426332e-33
02,202832130,C,T,-0.0453626510809933,2.74934191263675e-39,5.98393625209041e-33
02,202958208,C,A,0.0257832915779601,7.23311234453035e-18,5.26535391715375e-14
02,202799604,T,C,0.0333019449451056,4.2523417089366e-12,1.32759984804341e-13
07,30955539,G,T,-0.046923273318826,2.67291148419067e-51,9.74079168965874e-33
17,41798621,G,A,0.0715334550867948,3.10741245801517e-34,3.54160601406782e-32
17,42164584,G,A,0.0303600228567795,1.86531568982817e-23,1.3904577719922e-16
11,68228962,TG,T,-0.0343328244244435,3.44459362907423e-27,1.9740886855593e-31
11,68174189,G,A,-0.0534399488112681,3.22718335113181e-11,4.59175771137243e-25
18,13719510,G,A,-0.0398788714419094,1.1661337283315e-63,4.69572035635325e-31
12,1638214,A,ACCCT,0.0391454998206979,5.81684256820261e-37,2.18336363241536e-29
12,1637129,C,G,-0.0494958325248601,4.40560804210305e-17,3.37037742278624e-21
08,9085295,T,A,0.0369341623325656,7.90320330512205e-82,5.68724145761847e-29
02,118895728,A,C,0.0272639774958254,3.02560520497246e-18,1.18182651640142e-13
02,119423996,G,A,0.0704798801162422,8.88192733205702e-11,1.23199204220629e-09
22,29474482,AAAG,A,0.0382820041574016,6.12102399548411e-58,3.49098239934817e-28
03,156697090,TATAAC,T,-0.0546462090164589,3.7620323648132e-29,2.28339285049802e-27
03,156798775,T,C,-0.027880624707674,1.42596608094762e-31,1.15275534240609e-17
11,62201239,T,C,-0.111488271500158,7.58243255737131e-29,3.13380758034121e-27
12,49379537,G,T,-0.189461771091055,5.67656100508682e-34,4.1428784796883e-27
12,49385679,C,T,0.0351551623101623,1.13786103713812e-34,1.11595614797005e-13
14,103910423,C,CTT,-0.0376615339768559,6.35188855306108e-54,7.96603975666991e-27
10,31042804,A,G,0.0350014552424797,1.02235520616406e-75,3.57821666810971e-26
20,10984360,T,C,0.0343204108735198,7.72672484776514e-57,9.91803692968872e-26
20,11150594,T,C,-0.0545597927591391,1.50404563575061e-10,9.91279505791543e-11
16,86714715,G,C,-0.0444487617774241,4.9461243080118e-37,1.05838620097787e-25
11,15226187,A,G,0.0663914165317159,2.12227821156131e-27,4.21717341963103e-24
07,96127689,CTG,C,-0.0311390655356109,2.27121454108897e-25,4.25676859365318e-24
07,96041731,T,A,-0.0249833749554888,1.3636026572181e-16,6.82269137998247e-14
07,95719833,T,TA,0.0231693406254759,3.97780184084191e-16,1.20437965819595e-15
16,410178,G,A,-0.0756306533621559,1.54583919633848e-20,2.23921484372328e-23
16,359953,G,A,0.0229537502936226,3.03108886149554e-20,6.35406605092186e-16
07,28725536,A,G,0.0381184817406289,1.7872911344398e-37,5.98673535293655e-23
20,7551554,G,A,-0.0348690081838739,7.64927867483512e-44,9.99906017368095e-23
11,115044850,C,A,0.0339339918195654,5.41262160621443e-46,1.50271180486099e-22
11,115459742,C,T,-0.0301403848686284,7.1964932962991e-12,2.63515644379003e-09
08,116663898,G,A,0.0333518227771444,1.26476353556489e-31,3.32701896871801e-22
08,116940451,TA,T,0.0432553798134601,3.75250368658556e-10,2.56242787603714e-12
11,47097364,T,G,0.033863581881272,1.88529620135543e-41,8.84325349812643e-22
19,1169673,A,AG,-0.0343972625533361,1.67205907807343e-30,2.66834299660702e-21
19,816805,CCCAT,C,-0.0244751154684121,3.80029101264001e-20,2.69508133665142e-12
13,51099577,G,A,0.0378866302072144,2.10277630692271e-32,2.87158354896128e-21
12,589872,CCTG,C,0.0315598327491632,9.04945464915371e-47,1.42264956836325e-20
01,68664755,GAC,G,-0.025993540320456,3.12646390190212e-21,3.51034892450583e-20
01,68603586,C,T,-0.0263607760990129,8.58004124400053e-18,1.51908897648381e-16
01,68725704,A,G,0.0332393218297644,1.2320261546247e-14,1.04526162938345e-14
17,54263286,GA,G,0.0306496255655341,2.4519112836301e-44,9.65979389370863e-20
07,120824194,CA,C,0.0798629062666816,0,1.7298050052655e-107
07,120825166,A,G,-0.109080860783141,7.8650963633121e-36,1.07589622008327e-15
07,120754275,C,T,0.103599113701976,1.08863860061685e-14,2.34511167480091e-29
07,127015083,G,A,-0.106653561388044,9.09882818459914e-20,6.21823430109906e-19
09,133452158,C,T,-0.0308143056294029,1.38896296461291e-37,8.66433210103507e-19
07,15676019,A,G,-0.0308179510863722,1.13394183262728e-36,1.08077201681294e-18
09,98234097,A,G,-0.0301482274910067,8.221506551237e-37,2.25798933716512e-18
16,51903981,C,A,-0.0538740053513047,9.59373883792492e-18,3.01794290389206e-18
16,51758116,G,A,0.0293000004390943,1.87635270458315e-19,1.61365589877962e-15
15,70552313,G,A,-0.0306915602444957,1.11428334420739e-34,3.26229911901788e-18
15,51537806,C,T,-0.0295609416646296,4.9148833226112e-39,3.72981803638558e-18
08,71555752,GT,G,-0.0289784805383781,4.57411633269433e-44,4.0575385612594e-18
20,39832628,T,C,-0.0357881651916656,2.87596951988279e-26,4.73013946472929e-18
10,134459388,A,G,0.0343766680917849,2.18312707950952e-27,5.07498194983731e-18
07,27970153,C,T,-0.030457760741356,6.55836895743438e-34,7.08396125471469e-18
05,39382261,A,G,-0.0283242924534767,4.65672807146852e-48,1.2551525215932e-17
16,81580088,G,A,-0.0283633099912296,1.40747834955558e-48,1.26598425161173e-17
11,118477367,G,A,-0.0304187589407658,2.96478312977405e-32,1.75830013856999e-17
06,7050935,G,C,0.0907564207167701,4.93261268685969e-17,1.80979421399728e-17
06,7231843,G,A,-0.0364486508150977,1.40341748003492e-14,6.6726978656381e-13
04,38361120,G,A,0.0476377768865298,6.67183584714515e-21,2.31852800931541e-17
20,6364504,C,T,0.0282737729438957,7.93346272370942e-31,5.14049693956752e-17
20,6755009,C,T,0.0490043481983364,3.60499671309789e-15,4.04953424415402e-14
20,6467481,T,C,-0.022099010400794,2.13897849365277e-11,8.14778184998689e-09
X,43877162,C,T,-0.0326974345841095,1.09832545050124e-13,5.88004931888767e-17
X,43877175,T,C,0.0197920577543211,1.400751560608e-16,4.23092637954512e-16
04,88794878,C,G,0.0367605557243641,8.1892021133377e-19,9.33528825239926e-17
04,88752026,T,A,-0.0312201823945683,5.9181468118439e-13,2.34137493156566e-12
15,67420680,A,G,-0.0273454372284754,9.24716066055101e-44,1.4073049952768e-16
11,68384618,T,A,-0.0430650102132148,6.17103488041679e-41,3.87875009434251e-31
11,68855363,G,A,0.0280401503073179,1.35991291009124e-28,2.26160878547119e-16
X,56393782,G,C,0.0274028929705407,7.69267593345016e-22,2.53860155897014e-16
11,35097298,T,A,-0.0270547470169811,1.20049674825178e-41,3.25948049938802e-16
13,99587929,T,C,0.0293713382243998,8.79497512250852e-29,3.4115466751937e-16
07,25696199,T,C,-0.0336164593023506,3.62183243074966e-23,5.66791064854911e-16
05,148787469,G,A,0.0282849600117253,3.82269042454919e-30,6.53066317356322e-16
06,2500701,G,A,0.0264891493282968,1.79880228070883e-41,1.15570304529692e-15
06,29899485,G,A,-0.0279312689504059,2.51960697778525e-38,1.27154915410335e-15
11,60024008,T,C,-0.0269518912411736,1.2782906739037e-34,1.35081752126256e-15
01,210466625,G,A,0.0346576260517627,3.25108142293468e-21,2.22114468339028e-15
07,27243221,T,C,0.0506001117980352,2.71922572734229e-17,2.25018852255561e-15
07,27653025,AT,A,-0.0275452121686402,1.48728052665173e-11,9.76144407914529e-09
04,17875735,TCTC,T,-0.0296073797650638,7.76971841602525e-25,4.20346985544095e-15
06,55604267,C,T,0.055280728895011,2.07034423854363e-18,4.2690210822708e-15
06,55676621,C,T,0.0924809189820921,1.29114420876568e-16,1.17744811678996e-14
01,221476976,C,T,-0.0260689110838317,8.43519541667209e-33,1.16027844371767e-14
10,60327298,C,A,0.0257014757916702,4.85183275892489e-35,1.41109206261051e-14
03,56169965,A,T,0.0391038547002594,1.04431311640699e-17,2.73997515800005e-14
17,48337073,T,C,0.0257016628501109,4.80048212861348e-15,2.99684726005923e-14
17,48245569,G,A,0.0490385238687177,4.04281339240446e-09,1.13644542702905e-12
01,172243879,TA,T,0.0264236545294597,1.29601245776564e-30,3.02901468459852e-14
09,96430747,A,G,0.0289006752833371,7.36357376052625e-19,3.05918317506648e-14
09,96916536,A,T,0.0218488235741531,1.35784461687182e-14,7.86109232288994e-10
01,8503242,G,A,-0.0264716151078714,9.55902507276191e-28,3.30081102844716e-14
X,8910963,A,C,0.0232625833846527,8.8900629633839e-21,3.6767977124353e-14
05,122742602,T,G,-0.0279520001667338,3.68524100810035e-23,6.15158921414398e-14
02,238353776,T,A,-0.0293797888039414,7.27588386750414e-22,6.66346626462086e-14
16,51025468,G,A,0.0376306001381178,5.76112174713786e-17,7.64238457863542e-14
16,51166844,C,CT,0.0245403282218,2.25298131871869e-21,8.28010413139198e-12
07,20052860,T,C,-0.0302202424408187,1.09902480446159e-17,8.69974414889019e-14
07,20356798,C,T,0.0323817101973838,6.07710888488187e-13,1.56463027932092e-11
01,220040069,TA,T,-0.0295181825467759,7.66939383338629e-21,1.40535739050782e-13
01,220088047,A,C,0.0274423897731293,4.77240957520194e-14,2.84397306979743e-10
18,60054857,C,A,-0.0281923711122535,9.13642798106533e-22,1.64618410080006e-13
01,170683707,T,TA,0.0242679056735299,1.40794989058729e-33,2.77251665593909e-13
02,54745110,A,G,-0.0644109341719742,1.15908992894869e-58,7.43305326238352e-46
02,54794927,A,C,0.0350539410729552,2.5792055836357e-28,1.01730352108055e-17
13,22810615,A,G,-0.0278964626075325,2.133909079102e-24,3.52605258816064e-13
13,22977789,C,T,-0.0257267302847033,2.9559220214377e-17,4.13358984976166e-10
11,8900394,C,T,-0.0323525999014554,8.98150782321764e-18,3.68552745108865e-13
20,45595883,C,T,-0.0287403410568058,5.34693349089458e-20,4.02102772893889e-13
02,40666351,A,G,-0.0242050956442535,5.58853834229381e-35,4.11032320537157e-13
06,130345791,A,G,-0.0261115348986289,2.3268595460791e-23,4.18828671536308e-13
14,91453712,CA,C,0.0318397623714127,6.83630215137021e-18,4.42909521267694e-13
17,27948844,C,T,-0.0239148460048572,9.33710237879208e-31,8.28715225214384e-13
11,65390803,G,A,-0.028241659034181,2.79220346784292e-19,9.6601775284901e-13
06,164126233,C,A,-0.035038147619837,3.8812353403301e-16,9.90244333373612e-13
08,119917642,T,C,0.0998105909996785,6.77059913747113e-16,1.1204782780023e-12
08,120007708,G,C,0.0230035166843199,2.06411485681081e-29,2.27688582295468e-09
10,27892500,G,A,0.0234910508803352,2.38304796884455e-34,1.43794034721772e-12
02,28941150,A,G,0.0243609703413323,8.49551792730517e-25,1.6799056460358e-12
21,28774869,C,T,-0.0237599744945156,9.79361301893901e-28,1.81817279849503e-12
11,113029572,A,G,-0.0861600077763021,6.61849250030504e-13,1.9305929782719e-12
02,200446732,T,A,-0.0309716305083125,8.23412748810155e-17,2.26955963165882e-12
02,181951865,T,TAA,0.0252958195068026,5.1104765894131e-22,2.65402975734977e-12
15,91059898,GT,G,-0.0235740327907939,2.1012500013573e-29,2.72520480770481e-12
01,16271180,T,C,0.0373865650698079,6.67537490094502e-15,2.78847712703928e-12
03,48901370,C,T,0.0448225479119052,6.17062669602374e-14,3.70029057831536e-12
06,74509629,G,A,0.0229413745246731,4.40288129546537e-32,4.47958838409846e-12
07,105494963,A,G,0.024365378865737,2.9246261409408e-22,5.03899187332921e-12
20,33263828,TA,T,0.0243990854067537,3.61067945761701e-30,5.60936059159265e-12
05,51948395,AT,A,0.0289728100163389,7.39218678607011e-17,6.16458184609853e-12
22,39063022,T,TA,-0.0259849233383516,1.23073524947719e-19,7.10679406470615e-12
20,10976954,A,G,0.0288144017040286,2.1624871140447e-31,1.16477345868436e-22
20,10640201,G,A,0.0258570533230115,7.60963201251592e-15,2.10772159868675e-17
11,16244497,G,A,0.0256046774911962,2.38682076884911e-19,8.51298671207738e-12
20,10634675,C,T,-0.100684958229291,-99,2.6245663509015e-22
02,119161638,A,C,0.117411767256134,-99,5.00262094794566e-55
