chrom,pos,major,minor,beta,p_value,gwas_p_value
07,120954908,G,T,0.170420869423967,0,0
06,127459552,G,C,0.085615549324337,5.82913062375624e-235,2.11549431616857e-84
06,151907958,T,C,-0.0823377007190216,2.3719419254484e-90,5.49418665826241e-75
06,152010370,AT,A,0.0626980634450012,5.92088752119364e-85,2.53495038197315e-55
10,54423853,C,G,-0.138677143672371,4.00098856601023e-90,8.44659659568124e-64
10,54412481,C,A,-0.0553736599683885,3.36654518265481e-44,1.60090791286471e-13
10,54467180,A,G,-0.0408905241112427,1.62387197112078e-32,1.38009184760302e-19
02,119510493,G,GC,0.354519462501125,8.88647711104822e-50,4.2433800985028e-63
02,119611026,T,C,0.0482710409948773,2.12038019763121e-31,4.90648769612746e-31
02,54659707,G,C,0.0702297236044249,2.87807808004685e-92,2.86478436540807e-52
02,54839276,G,A,-0.0475097342243626,1.2086936772998e-27,1.39866575697398e-19
01,240586695,C,T,0.0829201646585134,8.01175733248211e-73,9.46193950976196e-50
22,19677948,CG,C,-0.108263096697808,3.88057260883693e-62,1.45785372223252e-49
11,86868033,C,T,-0.0661569879937203,3.91842859937452e-82,4.91452143026458e-44
14,54419106,A,C,0.0628211134360791,3.33054331612096e-99,6.41193003541624e-42
07,38123628,G,A,0.0574551261403499,1.39985596943515e-42,8.28076605622398e-42
07,37946958,A,T,0.054282866756811,4.13948125606222e-23,7.61529417850504e-19
07,38142840,A,G,-0.0416718551219688,1.69470762184168e-34,3.40915375272775e-27
13,42959133,A,T,-0.0575522136103968,8.16955523477746e-110,5.68442322365276e-39
19,33532300,C,T,0.0962366004683548,1.04877712887787e-42,6.40675017683787e-36
11,112437007,G,A,0.0554678639941645,5.18932467445852e-83,4.56974971600359e-35
06,133575048,G,A,0.0513491774245068,1.17000678222805e-80,3.99425721683258e-31
04,994414,G,A,-0.0700190863882502,9.73236385977405e-40,1.11259041477135e-29
04,1012300,T,C,-0.0898578664571471,2.51613690833553e-19,3.46638178793017e-15
04,997488,G,T,0.0684730332208441,6.25770698626072e-14,1.03711970799836e-18
10,31054186,G,A,0.0493500512166467,2.40499769397596e-80,6.07571105205313e-29
12,90564295,A,G,0.0504464050037881,6.95624888801948e-65,8.74559053123508e-29
02,202832130,C,T,-0.0591777950119186,1.09002814497441e-35,1.62855565719805e-28
02,202954983,GA,G,0.0284083496520963,2.82273737381591e-17,1.38726985262404e-09
06,45386202,T,C,-0.108785169349205,1.38343237327147e-30,9.88400203128522e-28
11,27276450,T,C,0.0489482440061402,4.45099361910685e-54,2.21691983213199e-26
17,2026417,G,GA,-0.0490389435306999,7.55751828618831e-47,4.61175719416197e-25
01,22710877,G,C,0.0570910337887363,5.46967812507774e-28,2.58133961578507e-24
01,22470407,C,T,-0.0365646672443696,1.55335700599776e-09,1.65890501941247e-12
01,22656796,C,T,-0.0272700124241368,1.16220609509987e-10,1.5634819893979e-12
11,68243369,G,A,-0.0374523229474949,2.08070100999921e-18,1.7755465781621e-23
11,68174189,G,A,-0.0689480905009442,1.19469375220051e-10,7.37193356226872e-22
03,41114867,C,T,-0.0460500076730143,4.92061234431194e-51,4.46211253679154e-23
03,40939632,A,G,-0.0304674454542838,3.59562900435838e-09,8.35958528213465e-06
07,96135291,T,TTGTCAA,-0.04496358453934,1.36275801052634e-42,8.66311086865088e-22
21,40350120,G,A,0.0468141191123915,7.2817509090754e-38,1.51190065932824e-21
17,41826839,G,C,0.0730136094891934,6.47651088570493e-22,2.19343872651926e-20
17,42162694,C,CT,0.0377787276341885,1.38114893166875e-18,1.43300044606896e-12
02,119423996,G,A,0.0803663696243932,2.47034715315838e-08,9.34566778071028e-07
02,119350062,T,A,0.0501153360623475,1.96706573334054e-08,3.39756357572273e-12
22,29478760,C,T,0.0421380387103764,1.35797980704498e-39,6.06908120809143e-20
20,10984609,C,G,0.0430555512253331,3.48635808410591e-30,1.26124100568007e-19
20,10629525,T,C,-0.0624995774986487,2.23740293533046e-16,1.03445885408857e-15
20,11150594,T,C,-0.071500515549041,1.47985545238963e-10,2.12200744389755e-10
17,58906854,C,CAA,0.058316321559493,8.28910615033908e-25,5.02225153588874e-19
12,49379537,G,T,-0.175999360084938,1.36387766572005e-18,3.73486877624723e-18
12,1638069,T,C,-0.0664217413599786,2.55286412388456e-16,3.88248662022875e-18
12,1638214,A,ACCCT,0.0341458544820973,9.86877480188499e-17,1.38053971276173e-14
02,42247361,G,A,0.0456771067200778,8.08297978139397e-27,9.09224723922911e-18
04,88831249,A,G,0.0412301621574384,3.02336043420495e-23,1.3569770106691e-17
04,88645344,T,C,-0.024040783326452,3.86256364440601e-14,2.39575699362001e-07
07,120932447,A,G,0.152967341513457,0,2.61735319072137e-247
12,13328208,C,T,0.111370421601311,6.76771221272647e-18,6.68247132767562e-17
08,116663898,G,A,0.0404881318536291,1.29886982265491e-28,1.21814845544791e-16
11,115044850,C,A,0.0368696495104056,1.31847457029274e-37,1.78202303846482e-16
07,30955539,G,T,-0.0427473061306104,6.83196081079393e-25,3.62176386244411e-16
08,9090902,A,G,-0.035859936452991,1.05671191039193e-45,4.00745929762993e-16
14,103881561,TAACA,T,-0.0377120451111145,2.10255554989692e-31,4.39936782006974e-16
16,410178,G,A,-0.0808527509522494,1.08672172392899e-13,1.57464207534581e-15
16,359953,G,A,0.0248435553597514,8.05149630543825e-14,7.37910115737718e-11
13,22812173,A,G,-0.0390035128042863,1.5328810030093e-27,2.12981241340819e-15
13,22983760,G,T,-0.0284504782932271,1.08495317995783e-10,8.6395754269006e-07
03,156552785,G,A,-0.0414043854008056,7.16022869471584e-18,2.42324094110835e-15
03,156797208,T,G,-0.0276345951232354,1.34510973497726e-16,2.68508848418187e-10
15,51516055,C,A,0.0394529024643527,3.97761255496704e-20,2.70408768774252e-15
15,51628119,T,A,0.0237140804775986,1.39450453839929e-08,9.57594151239531e-07
17,926740,G,A,-0.0374233140048306,1.59756309141504e-27,3.23806265519068e-15
01,68591253,C,T,0.038867630492942,1.08802363028364e-23,4.76359770547803e-15
01,68694877,C,T,0.03616050180336,4.91530706697987e-13,4.8652666142646e-10
07,20052543,G,A,-0.0365150584552669,8.26357167326547e-29,5.48589522203345e-15
11,62201239,T,C,-0.108840198697068,9.03425159879844e-16,5.82066226303545e-15
07,28751655,G,A,0.0422087028223007,1.15042394446233e-18,9.69890884092839e-15
07,28609388,C,A,0.0282459240656264,2.87747675649834e-10,4.37055089905536e-08
20,6383527,A,G,0.0352899402176338,4.19265195032246e-28,2.03659328069342e-14
01,113075948,A,AT,0.040959562760932,6.30681713316096e-21,4.3226983645362e-14
20,39832628,T,C,-0.0412491138288443,4.372527406745e-20,6.54857439696181e-14
18,13651137,C,T,-0.0355647087528412,7.05080151053892e-25,8.82979513249441e-14
11,47222297,A,AAAAT,0.035006477136262,3.44953524466056e-26,9.08698782458558e-14
13,99536215,T,C,0.0367606657979839,3.35188283951931e-22,1.69211486974529e-13
05,80277353,C,T,0.0341165025268611,7.30095962730685e-24,5.30419440623055e-13
07,15726373,T,C,-0.0332093988113592,1.56277378321024e-20,8.37949633815347e-13
07,16037153,C,T,-0.0224632426110444,1.71558971971217e-07,9.34119540261836e-06
19,1163596,A,G,-0.0325067226514696,3.23158490459288e-21,9.65979622066792e-13
19,994531,T,C,0.0484166331105319,1.10595618684742e-06,2.99373546089697e-07
06,55604267,C,T,0.0660991093682969,7.63674303126317e-15,2.18881199070296e-12
06,55676621,C,T,0.0835843634404948,2.06699915888201e-08,2.30687239937174e-07
15,67432460,C,CA,0.031177745999042,4.90067994732125e-31,3.86730003333826e-12
09,110920807,G,A,-0.0363114293342207,7.057363804412e-17,4.56662544322997e-12
09,110749505,T,TA,0.0320235469738304,8.7436377663084e-07,3.4208617813249e-06
10,27891196,G,C,0.0298795001231741,3.09221933146311e-31,1.24529488392509e-11
11,59960726,C,CTT,-0.0298654784895687,2.10903527263294e-17,1.26917474720408e-11
11,60173360,G,A,0.023960760991679,9.01939431285781e-11,4.61197484761451e-08
16,86714715,G,C,-0.0381332901811738,3.43175975186713e-16,1.65709350416177e-11
03,56169965,A,T,0.0422352444218864,2.01364150377678e-11,1.67790764009721e-11
03,56235770,A,G,-0.0207264808219508,5.27891919027551e-12,9.90982719703964e-08
02,40636240,A,G,-0.0366352385886306,8.47841580664649e-17,1.84987596220771e-11
15,85621779,CAAAAAAAAAAAA,C,-0.0562381756949643,3.24646342499981e-13,1.98906049898213e-11
01,119451543,T,TCA,0.0300761374185994,3.7047168724902e-29,4.24575779172672e-11
11,15243059,G,A,0.05507590178432,1.34138251422909e-12,4.61652881860421e-11
16,51906686,C,CA,-0.0260737906945174,1.35192792289318e-13,6.97302113393306e-11
16,51784918,A,G,-0.021578138792141,2.1781992878279e-08,1.73850683446041e-07
16,52023106,C,T,-0.0344542096128995,3.53326683467637e-06,6.4632370238338e-07
06,29923248,C,G,0.0290165181703884,8.18921285213929e-29,7.38580371105382e-11
11,68384646,T,C,-0.0495047677281723,6.7724622705125e-30,3.70520650223513e-23
11,68855363,G,A,0.029211897199858,2.5032294703121e-18,7.83080447069709e-11
11,16672348,G,GA,0.0316504658336927,1.9731280867152e-18,8.62019083982972e-11
06,131321291,C,CT,0.0336710744158296,3.05570547626308e-16,1.2771859728325e-10
11,65326154,G,A,0.0410969858978312,8.48872999767277e-18,1.3701240113286e-10
11,65417434,G,A,0.0290620460707703,1.65299402296806e-17,3.76747858899841e-07
04,57907587,C,T,0.0292487509760434,2.64636305906524e-21,2.02208740008082e-10
20,33586193,C,T,0.0360970865645639,5.01115638546349e-14,3.45354844642685e-10
20,45604420,G,T,-0.0318052849115092,4.19048862353765e-16,3.96299096727204e-10
01,220189734,G,GA,0.0358560504729085,5.2957424948122e-12,4.5506632597374e-10
01,219969844,TTA,T,-0.0284176324987432,3.48815047088714e-19,1.68415074986726e-09
17,54263286,GA,G,0.0277449327045095,2.83659766047096e-21,6.0837762194188e-10
09,118767409,C,A,0.0509117663651337,2.16713287120049e-11,6.08545021663153e-10
07,27218229,A,G,0.0480817646924643,1.98008703888805e-11,6.8632305399125e-10
07,27608252,T,A,-0.0260357210078831,1.6538393878514e-11,5.40740420226524e-07
03,49889919,T,C,0.0288888307430642,1.15236756643474e-17,9.36987005595298e-10
12,12332196,C,T,0.037509766595855,9.84064898505809e-13,1.12507751918324e-09
14,91467567,A,C,0.0351394768911967,5.20725037360649e-13,1.38153938300666e-09
10,20379812,T,C,0.0274846814285604,1.75122078464913e-16,1.3891313818175e-09
10,20151090,A,G,0.0215295830843535,5.99350718089564e-10,3.53379853352698e-06
X,43868098,C,T,-0.0234461400349844,8.51111238978216e-15,1.69931588217686e-09
01,8440400,C,CT,-0.0301287191632665,1.30150991226243e-17,1.90620481406387e-09
06,74477152,C,T,-0.0265138377533669,5.17297783099047e-24,1.91944189445295e-09
12,588944,G,T,0.0267996650823841,6.41042104499874e-22,2.14885751797086e-09
X,56784753,G,A,0.0265011603171906,6.50496569684598e-13,2.28276962978092e-09
10,114722621,G,A,-0.0352258155463045,7.07509450976959e-12,2.4297529755484e-09
10,114765747,C,A,0.0241923537459596,8.38660392985741e-09,1.53666789299183e-06
10,115155069,T,C,0.0231241953057479,3.30821504233539e-09,7.40700778463185e-07
20,7150096,A,G,-0.0295378409700821,3.83924917567061e-11,2.44507492529534e-09
20,7551917,A,C,-0.0250512612563184,2.34702874244708e-14,1.30165401400321e-08
14,55106743,T,TA,-0.0284987409592845,3.73525559487255e-16,2.88546123369688e-09
14,54785867,T,C,0.0335754275421374,6.81360476568348e-09,2.71298317250495e-08
04,38373506,ACCTGTC,A,0.0440030254489496,5.2520996734696e-11,3.42288769908981e-09
21,28774023,G,A,0.0263321643606559,1.37101428231504e-21,3.55565095478984e-09
01,201597947,T,C,-0.0329702775104749,6.5655727280986e-13,3.55881352726877e-09
09,98255103,A,AG,-0.027267245469571,9.6402327503081e-18,3.76950320033865e-09
12,26461145,C,A,0.0306747255855285,7.94004028039231e-14,4.66520480632887e-09
11,35097298,T,A,-0.0258021297046084,2.30422566563202e-22,5.12179692020698e-09
02,200454560,G,A,-0.0340520557601665,3.35060471809583e-12,5.1481606420477e-09
08,22501409,G,C,0.0759551653106229,2.07215913620062e-09,6.25417535028835e-09
08,72217903,A,T,-0.0282971494048665,8.80955502660474e-11,6.57941776202046e-09
08,71762220,C,CA,0.0230396917887579,7.56092362360732e-12,1.30878083347465e-07
06,127281547,C,T,-0.0380049890210521,5.47634564932647e-39,3.83124646660382e-17
16,51025468,G,A,0.0377986470208427,3.7197143527976e-11,1.10622975349642e-08
16,51178081,A,G,0.0336027036825199,7.66646267339547e-09,3.4878258817899e-07
06,83717672,TA,T,0.0274754077593914,5.85354633506662e-15,1.23214452180017e-08
01,22444975,C,T,-0.0350456718678715,1.25204951932777e-13,1.2790392057218e-11
01,21943136,C,T,-0.0245009015538982,4.24462656836302e-11,5.32885268029962e-08
17,58266649,G,A,0.0798648819107082,5.44748927579815e-09,1.35066134661466e-08
03,150066540,T,A,0.0542468071053307,1.53666169512581e-09,1.40099901571118e-08
16,67280239,G,C,-0.0752892557602511,4.53040229984129e-09,1.44019949877083e-08
16,67005610,C,T,0.0316666423859504,9.51577148937758e-10,2.16503737565836e-07
05,134354896,C,G,0.0271725283263666,5.84392747642812e-15,1.44853884705835e-08
07,25711262,T,C,-0.0292038814239551,3.79570580991817e-13,1.48255901791333e-08
10,123685402,T,TA,-0.0383103660230413,5.97441603577896e-11,1.57128883661866e-08
04,146135402,G,A,0.0249589880429615,9.03187052657898e-20,1.88091460018737e-08
08,119917642,T,C,0.0943466209738758,1.01653920623236e-08,1.89149400770814e-08
08,96700543,A,G,0.0298715007810546,1.22932322973359e-12,1.9309443670076e-08
03,168692227,G,C,0.0377921542872794,2.64961724608634e-10,2.1766846226858e-08
04,88627101,C,CCT,-0.0310994829266843,1.85828344089094e-14,1.49317211811863e-09
04,88161981,G,C,-0.0353882490302374,6.4563040268773e-08,2.2124593019067e-08
04,87918913,C,CA,0.0242016144880001,5.25513274415871e-09,1.47938549102554e-07
15,70594071,G,T,-0.0256815060248077,3.09537880196165e-19,2.37655760254858e-08
15,70399191,G,A,0.0472885429260721,2.92087897264614e-07,1.70150942759448e-06
11,113033994,C,T,-0.0975505012451959,1.24724344983708e-08,2.40063016498301e-08
17,80527356,C,T,-0.0250129514221612,1.73676453653736e-18,2.50790295160123e-08
07,92248076,C,T,-0.0266273356238858,4.6081951704545e-14,3.11836609020203e-08
04,86743432,TTGG,T,0.0392131119055853,6.24164997481054e-10,3.14275643926196e-08
06,105389104,A,G,0.0244162675492812,4.19559892075592e-21,3.17297639722259e-08
15,91054223,T,C,-0.0246646218837671,4.03641892173931e-20,3.38025828483604e-08
13,50609238,T,C,-0.0265158079641496,1.86510284506572e-14,3.51443759105854e-08
02,119161638,A,C,0.122613936893418,-99,1.27025030559882e-36
