chrom,pos,major,minor,beta,p_value,gwas_p_value
02,27730940,C,T,0.096655645740357,0,0
08,19815256,A,T,-0.10681759005482,4.89431633150232e-101,0
08,19824667,C,T,-0.0850661564993563,8.36725782588444e-247,0
08,19813529,A,G,0.20860935582292,2.61546059388067e-118,1.63471171837376e-140
08,126500031,C,G,-0.0966628633902939,0,0
11,116648917,C,G,0.255704377870225,0,0
11,116588425,C,T,-0.0549662621859219,1.99246457943623e-11,3.76564081830816e-61
11,116623213,T,TA,0.219557399699614,3.17803947830971e-184,0
07,73026378,C,T,-0.11314227339188,0,5.58717760428632e-251
01,62901807,C,A,-0.0836224199550971,0,2.42627204388212e-229
19,45416178,G,T,0.0916237323516209,3.19344519047617e-263,7.92046758800239e-216
19,45430280,G,C,-0.0699257805970593,0,1.51063906455527e-151
19,8429323,G,A,-0.226601031144305,2.31468353042772e-149,1.03999914058112e-143
02,21231524,G,A,-0.0774010911503128,6.66366435351429e-213,3.75240297976341e-141
19,19379549,C,T,-0.112111954226633,5.03554888312493e-147,1.46783826777006e-121
19,19396616,C,T,-0.152250878631271,8.47959901998305e-43,8.67927194971552e-37
17,41926126,C,T,0.144723626879718,2.27599143277044e-100,2.76974944767577e-94
11,61557803,T,C,0.0470066984570434,4.23161010576726e-152,8.72456428808659e-74
01,230295789,T,A,0.045333998653852,1.956309846979e-162,6.97085070530622e-72
20,44551855,T,C,0.054753248401054,6.47721561297234e-104,5.77599536227122e-70
15,44028047,C,T,0.137146284734912,7.20283761031028e-68,1.04405103465187e-64
06,43757896,C,A,0.041494533377595,1.52267320962937e-177,5.55605189084747e-63
15,58723426,A,G,0.0486728287107464,9.39631041967627e-75,2.29712995252112e-59
15,58683366,G,A,0.0314979960077691,7.74983021953351e-63,4.87230534754786e-35
06,32587213,C,T,-0.0411426086082084,4.40397475609243e-127,9.04278502945226e-59
04,87976359,A,T,0.038106002779262,9.48299892826047e-118,2.2838597950119e-51
05,156390297,C,T,-0.0375227827493042,2.11149017384211e-102,1.36749948208889e-48
08,18272377,T,C,0.0426553537595498,3.79795096163234e-72,1.06806262903793e-46
02,227117778,G,C,-0.0367360392010083,1.93955739364772e-94,5.39701774949676e-46
05,55861464,C,T,0.0481317310349324,3.99003459661854e-65,1.76782877520372e-45
05,55804552,C,A,-0.0375261737597255,1.02392743931668e-48,1.8180498273549e-29
02,165528876,C,T,-0.0344469979904456,4.09031858431373e-95,2.36841894468864e-42
02,27825715,T,C,0.0868980074943893,0,3.08328935823039e-152
02,27847642,C,G,0.0797652377871729,1.40376297520844e-92,5.60597793960019e-35
02,27883358,T,C,0.0929953838824223,9.34223133992327e-24,6.1167256540469e-11
06,31326289,G,A,0.0301160682166218,7.9685117180586e-46,2.98741210060839e-40
06,31709113,T,TACAC,-0.0200649510741265,2.15934528122687e-28,8.44839755399745e-28
06,31821182,G,C,0.0487134366081857,1.47828516203732e-11,5.03895975054418e-17
07,130424646,G,A,-0.0325289866477775,7.4141284636684e-114,7.33994390868166e-39
07,72823661,A,C,-0.071900767305372,7.06523386834725e-65,2.90968655877045e-103
07,72834469,T,C,0.131061414842221,2.45617764154603e-90,5.60611773829888e-12
07,72840443,CT,C,-0.0406253097994602,9.39931926271815e-38,1.05176551053588e-94
16,56987015,C,T,-0.0321335913665594,1.04430687142164e-63,1.73195611209672e-37
16,57010486,C,T,0.0365028834286746,1.11019395561984e-11,1.3297639151259e-14
04,3452345,G,A,0.0295830451618788,5.88902123213502e-47,1.43721816664294e-34
04,3490328,T,C,-0.0169192384402103,8.41472497594561e-17,3.72524790712031e-17
10,94839724,G,T,-0.0292815309017539,5.74493600527838e-73,1.96244925681267e-34
10,95309022,T,C,0.0230036344295924,3.72889280311801e-11,3.03190798144695e-12
X,109702468,G,A,-0.0253621570146231,1.60421349769325e-63,4.64894117890296e-34
12,124505444,T,C,-0.0265080373556528,2.51550617287105e-36,8.62880069612324e-34
12,124404718,T,C,-0.0248836241739522,1.46648149283599e-26,7.60991582022627e-30
16,81534790,C,T,0.0316188646110007,5.62931343012314e-58,6.03668438566991e-32
06,139844429,A,G,0.0290585558794857,5.34571698242605e-80,1.48991069182356e-31
10,65027610,A,T,-0.0292173603525046,3.07411047814227e-74,1.77229671571664e-31
07,25991826,T,C,-0.0300197507586091,4.37272362975454e-22,9.26260526713313e-30
07,25983400,T,A,0.0196466787136823,1.05834536373572e-21,1.05625916096716e-22
07,26397239,A,C,0.0177312461588511,3.7931573027298e-19,2.77796940683497e-14
13,114544024,T,C,0.0277536954201845,1.45276144144297e-39,6.85168585948666e-27
13,114631536,C,CGAGTGTGGGAATCT,-0.0221134751150412,2.07355855857098e-13,7.58403295724505e-13
06,127440047,T,C,0.0507783766318599,1.36535952802944e-20,1.5074780979828e-26
06,127435106,T,A,-0.0200209642981127,1.64038673013121e-40,1.30604203321369e-23
08,10691088,A,AAT,0.0272331559308759,6.1835753100944e-22,5.74028599169355e-26
08,11178093,A,C,-0.0175312280902277,2.7831178016192e-28,3.96621940135225e-22
16,15150505,C,A,-0.0284037859839961,3.45016151696396e-46,1.14653274143751e-25
11,64018104,A,AC,0.0612625945826792,5.03981957021506e-28,1.15734491142769e-25
19,49259529,G,A,0.0265130695384536,2.03113135981689e-66,5.28105178734546e-25
12,57766392,G,C,-0.0288413433389664,1.20734068901856e-37,1.17386253107181e-23
08,11521079,T,A,0.0247723449300035,2.34625770058621e-63,1.3287268784414e-23
03,52344680,A,G,-0.0318287794143291,4.96735740767222e-33,2.28076635376785e-23
01,27021913,G,C,0.0811904975381914,3.23491010464238e-24,4.058112386176e-23
03,135956305,C,A,-0.0274807874732846,5.63739965909923e-33,4.55583521982087e-21
06,160521885,C,T,0.0438981723232603,4.09277336161507e-23,7.38229074406575e-21
12,4384844,T,G,-0.0875956333894924,1.46954768201771e-21,1.47912848384295e-20
11,47275064,G,A,-0.0251639814698167,1.15256874950756e-32,1.399542080146e-19
22,38599767,G,C,-0.0228974424942091,7.90099018164244e-29,2.30678376220456e-19
22,38898416,C,CA,-0.0166276433304908,9.20441264758296e-18,1.76806831011159e-09
20,39165692,G,A,0.0631560786871303,2.31564291537225e-20,3.98299067604422e-19
08,59338856,C,G,0.0231238122752546,3.61209253154003e-36,8.82014346431155e-19
15,63789952,A,C,0.0201343622029925,5.28891395234843e-22,1.76768326124021e-18
15,63344332,CATTA,C,0.022522007064528,1.83855111735822e-14,1.14483413036722e-16
16,69666683,G,A,-0.0219059651718918,1.88206474174135e-41,3.71475274002303e-18
02,219565859,C,CT,-0.0186626854906504,7.09105827608674e-32,5.6648967642901e-18
02,219291481,C,T,0.0362501571739633,1.62944953215131e-10,4.11811870887821e-14
12,20470199,A,G,-0.0269150647690222,4.09025165427152e-26,5.82279246002385e-18
16,72097827,C,T,0.0272707512892116,1.40873640905448e-25,5.83431547328218e-18
15,102067841,C,T,0.0238906754948915,6.2375340997273e-28,3.9055327350173e-17
01,219664627,A,G,-0.0210176336465973,7.34193790849245e-41,4.19906602255721e-17
06,160907134,C,T,0.0278172969486042,5.17583254981791e-34,2.42453122414896e-10
19,7220596,G,T,0.0205979083387278,1.81337574196946e-40,1.58259735176985e-16
06,52621781,C,T,0.020637288899795,4.04422029728749e-36,2.35001187339698e-16
12,21343886,A,G,0.0298708884348138,3.55569218117655e-20,7.22219575948609e-16
04,26050450,AC,A,0.0267499397794217,2.3374421118396e-21,1.05465547830252e-15
03,12471070,A,G,0.0243380122284032,1.60176269218708e-24,1.55464948645367e-15
20,62711459,C,T,-0.0195048388305981,1.70294339712381e-41,3.52626109532991e-15
17,64210580,A,C,-0.0571090771042794,4.9377883775046e-16,3.54065969677525e-15
19,33896432,C,A,0.0204524248565298,1.23879687814794e-21,4.14971959377851e-15
19,33753166,T,C,-0.0154328653467501,2.1466195433349e-13,2.5573256727378e-09
05,132444128,G,A,-0.0332726787524313,1.04655385188738e-17,5.78078441723031e-15
01,93854517,C,T,-0.0194658257940232,4.62641666461027e-32,1.03042881407409e-14
05,118729286,C,T,-0.0213601528305884,3.79356383294966e-24,2.17695622341138e-14
06,30722267,C,A,-0.0277494725419157,8.29938729187459e-21,9.02540605443469e-16
07,73397788,G,A,-0.0662544706698543,6.55204360693405e-26,6.92938249932065e-23
07,73328157,AG,A,-0.0444865262920276,3.36628162899851e-11,1.64848431557381e-09
10,115814806,A,T,0.020826497994498,2.96397557518695e-33,2.76994987327056e-14
07,44200715,T,TTAATTA,0.0259987690241141,4.2257967116557e-19,3.0782051454912e-14
19,56086584,T,C,0.0188016987414316,4.5467835064796e-34,4.61308772980623e-14
18,57914679,G,A,0.0217366816091294,2.99514915884921e-22,7.85210746173978e-14
01,40048009,G,A,0.0221291814191768,5.17941320729837e-21,8.13902036789544e-14
07,17284577,C,T,-0.0190220425446928,1.20552810726299e-27,1.12472475747231e-13
01,154239334,T,TC,-0.019553025650887,1.87280932567142e-25,1.28274992359756e-13
17,76391454,G,T,0.0186060219266461,3.70784114412961e-29,1.71528294305604e-13
19,35537706,G,A,0.0254503479973024,1.54430460449474e-18,2.14922266543162e-13
08,72432906,C,T,0.0333767246598618,1.93723666229362e-15,2.34978637130308e-13
X,153545105,G,GT,-0.0177150387971323,8.16258312951819e-19,3.04521990070948e-13
09,92169473,C,T,0.0195026507467114,1.31592768191857e-24,3.08861484517093e-13
01,221001142,A,C,0.0305147214861003,8.14652220076693e-16,3.19793514163772e-13
05,158015903,G,A,0.0231889687763853,1.23894252464922e-18,3.6521658957429e-13
03,150097635,G,C,0.0355162952386897,4.60878559814245e-15,3.75623668430249e-13
02,65284156,C,CGTGGATGCAGCA,-0.0187695893102224,8.84255359831184e-27,3.84716574854818e-13
11,118396331,A,T,-0.0605024484146536,1.46557583940594e-13,5.1475120895448e-13
17,65854807,G,A,0.0233382697143411,3.21674625214613e-18,5.47183451260618e-13
12,123174023,A,AT,-0.0240500711622662,4.52652894750992e-18,6.22775831923183e-13
17,1618363,T,C,0.0224267751385031,1.14215712483525e-17,1.37628365873566e-12
X,65973199,G,A,0.0288017787186532,1.25717624218479e-13,1.57822514544036e-12
11,65473798,A,C,-0.0192162395971394,1.74149149399005e-21,1.76671708219541e-12
06,133816623,T,TACTCATTTATTTATA,0.0174828702769954,3.02473202023907e-30,2.13910728705427e-12
10,103946480,C,G,-0.0339794132101652,5.35494055785061e-14,2.39636641006764e-12
06,161010118,A,G,-0.0957253352161105,-99,1.70056244257404e-16
06,161013013,T,C,-0.184274951546658,-99,3.43161909000124e-20
