chrom,pos,major,minor,beta,p_value,gwas_p_value
20,34025756,A,G,0.0380025943335005,1.22970663014241e-282,5.08166405891719e-122
18,57849023,G,A,0.0406426501762996,1.04344116734473e-166,2.16574228961893e-104
03,141101961,C,T,0.029541874012322,2.18168670547276e-196,2.86184930528094e-76
13,51116901,G,T,-0.0323680010470615,2.915531346321e-96,2.33716580859117e-68
13,50655989,G,T,0.0791858482814641,2.94763355895255e-42,4.73849004114693e-46
06,126704795,C,T,0.0275874222089979,9.94293082023401e-167,2.75012610648954e-66
06,130374461,A,T,0.0299528024636008,1.2895099988193e-105,3.08989826206623e-62
07,92250140,T,G,0.0296439941175989,5.45742974698163e-106,1.22364677404296e-61
12,66361453,A,G,-0.026373940266608,1.56233952835131e-177,3.13898583919214e-61
16,53806453,A,G,0.0262875898416827,7.28550703587231e-100,3.36831515710342e-60
16,53477732,TGGG,T,0.014409823800026,3.86669817786839e-22,9.02336459981711e-18
12,4384844,T,G,0.0984977084812792,7.5543474912594e-62,1.02924183965902e-58
06,34183026,T,C,0.0302169369349756,3.59774206713928e-57,2.26177874725251e-58
18,20737641,T,TTAA,-0.030660845744472,2.17947565863765e-88,8.31921116822217e-57
08,57122215,T,C,-0.0358689553587769,3.67309421867776e-63,7.47413349872105e-56
08,57160328,G,T,0.0188838542748396,8.93923435357934e-34,2.16044029355819e-27
06,34205465,GGAGCCC,G,0.0372610056436912,7.65814898178252e-52,4.29579349416075e-48
04,17902920,C,A,-0.027550811379563,6.05276194403687e-48,2.25194895822028e-52
04,17956213,T,TG,0.0186295476989885,4.6181016859874e-40,1.83931977511915e-41
17,29206421,G,T,-0.0295751448090179,6.6169570962662e-85,9.53167317025336e-52
17,61996255,C,A,-0.0318748832752932,9.35547139522689e-166,2.1022563955636e-48
17,61996273,T,C,-0.0415118372209765,4.89458750414576e-69,1.55083385938064e-24
09,119124535,T,TAA,-0.0289488455073624,5.41665709077886e-72,3.42390106102554e-48
X,78655777,G,C,-0.0198960296615147,1.14064246108818e-84,5.98205513882278e-48
13,51064533,CCT,C,-0.0273611054817666,3.47554879510751e-83,4.83343538224732e-56
13,50565104,ACT,A,0.0786042494435383,4.82323944377237e-43,3.0788100908886e-47
12,93989683,A,AT,0.0292078244810228,1.28253582637157e-65,6.33118247552532e-46
12,94136009,C,G,0.0167835812111631,1.87818912341589e-58,1.36679439718936e-19
02,27730940,C,T,-0.0230151414693084,3.63640747844957e-102,4.83962165761672e-45
06,31840021,A,T,0.0215408718171107,2.65214843885978e-66,1.62718307854312e-44
06,31552850,T,C,-0.0149917452406816,1.38495940951468e-20,2.32535114553697e-23
14,61072875,C,T,0.0226319494645363,8.71522183702059e-97,8.93837280884321e-44
06,19839415,C,T,0.0476633593861132,1.6938644991949e-44,2.78138957149284e-40
01,78444764,C,CGGCCG,0.0324350140275034,2.49316798984958e-52,4.24102322933218e-40
04,145568352,C,T,-0.0224698453866582,1.03243455209769e-33,5.78103758782613e-40
04,145839264,G,A,0.0142064831322821,3.23368554879868e-44,1.75922868360483e-33
01,154989823,T,TGGGGGCAGTAGAGGGGGCAGTAGA,0.020381686241886,9.95678320040305e-41,4.59559167667532e-36
01,155155608,A,G,-0.0114236233322528,8.07747403229361e-26,2.10244385582644e-20
02,417167,T,C,-0.0476674805175363,8.28279159067719e-41,4.95972725186817e-36
02,630553,G,GA,-0.0264438694348991,5.81718670997987e-49,9.0621353446769e-34
01,41544279,T,G,0.0207913055443417,7.54254870144707e-69,7.11653137320738e-35
16,30042677,G,T,0.0198884827808491,4.53451396305378e-79,1.65925809612858e-34
06,7719065,T,C,0.0198364917652746,3.1791811853049e-85,2.94606050601885e-34
06,7231843,G,A,-0.0192851117655341,5.6670549526347e-15,7.24436789981977e-13
07,150668070,T,C,-0.0154043163258982,9.29319957964785e-37,1.68193884649373e-33
07,150540196,C,T,0.0139321782350907,2.25869183976501e-27,6.2782972706593e-30
20,33409350,G,A,0.0178113403535765,1.14962232610003e-67,1.57204536794933e-38
20,32505658,G,C,-0.0202843988175924,1.35566343946976e-16,6.65625995398323e-25
11,66897377,CAA,C,-0.0332173123512403,1.57703894718034e-36,4.2134943459731e-31
07,2760935,T,C,-0.02006516940666,1.79248661734251e-56,4.70410348817952e-31
08,135601194,T,C,-0.0154950486258104,5.31070509796843e-25,6.15783452447203e-31
08,135649848,G,A,-0.0157714376914254,2.27265404778011e-19,1.80708801188085e-25
08,135843916,C,G,-0.0122149833085214,4.61266539135224e-16,5.01683015088137e-11
02,172414553,A,G,-0.0211768976908569,2.1444788562188e-50,7.92424217464998e-31
20,32077916,C,A,-0.0190422922378443,2.87906461864021e-37,2.22421192156795e-30
20,32542814,A,G,0.0120642950513125,3.67134569964974e-21,1.42440770311684e-17
06,26180634,G,C,-0.0208555808916397,2.52651022057198e-50,2.95420555629379e-30
08,78105153,C,A,0.0196875867291166,2.808043346975e-49,3.86912747956564e-30
08,77761919,C,T,-0.0236150504600598,1.04007384613333e-11,3.93442945010501e-12
05,122699198,C,CTA,-0.0181721012877764,8.49861713367022e-79,4.28152400884883e-30
04,106216800,T,TA,-0.0186898249962154,2.14214218093527e-66,6.48942029189043e-30
09,98256235,T,G,-0.0244097461368768,3.39345732794506e-21,7.34471690176538e-30
09,98217348,A,G,0.0279742236900794,1.76669483550346e-32,1.07567188715266e-24
09,98192383,T,A,0.0126598815895132,3.60808970653964e-23,3.19269455042876e-11
01,177875959,GCTA,G,0.0220860738496576,4.46260651239471e-45,9.38373314560966e-30
17,7571752,T,G,0.0855302102161824,2.80092176456074e-32,1.13870385244433e-29
17,7366619,T,C,0.021439863004001,8.54076988161318e-25,5.55961318620723e-18
17,8056606,G,T,-0.0183956478362897,9.72326049701804e-12,1.5885611762451e-10
15,99186488,G,C,-0.0218739418699248,4.4237301928841e-24,3.10913005432862e-29
15,99214192,TTGGAA,T,-0.0258646508379723,4.75925018648901e-22,9.8643661960714e-11
15,99226148,G,C,-0.0150358211972309,3.70770114834103e-27,1.82539928563244e-18
02,218279432,AC,A,-0.0188018632370291,1.26635432324298e-41,8.82754752293828e-29
02,218146818,T,G,-0.0161092224750073,3.47005185759643e-24,1.62147071928457e-19
05,42687629,T,C,0.0197909070322428,1.33637444838838e-16,3.84777101978622e-28
05,42290110,TA,T,-0.0121373519927875,1.15412187056898e-16,2.44412288580332e-16
05,42814817,C,G,-0.011169771937788,5.5351212999058e-21,9.24789116535562e-20
06,41909521,C,CCG,0.0351978549012655,8.29681807320086e-31,5.01356923128774e-28
06,41903798,C,A,-0.0633362987314712,5.79258116689427e-20,6.38847214977941e-21
16,2160503,T,G,-0.0232034142804294,1.50636661431448e-33,1.10571644831344e-27
16,2266173,T,C,0.0175367364786621,8.65013228659608e-36,1.79627797090238e-23
06,108988184,A,G,-0.0177569292740122,5.62392761229471e-42,2.00172689987463e-27
06,109032609,C,G,0.0294560674002209,2.43090706298691e-10,3.61747097173281e-13
06,152168974,T,G,0.0173967619758752,2.81920762855802e-71,3.16063769946344e-27
01,176787749,C,CT,-0.0179986916406164,2.87333689617394e-66,5.2363438235083e-27
01,176500060,T,A,0.0201127051271931,4.66100484587343e-12,1.93230382425397e-09
03,185548663,G,A,0.0241896838631689,1.22656734427504e-27,7.96778435506988e-27
03,185371172,A,G,-0.00951496468061084,2.23727002926141e-19,1.90698167910028e-12
06,142716286,G,T,-0.0187990472551931,1.06093998368919e-38,1.24088966219344e-26
06,142436352,C,T,-0.0111186563830259,3.47485750701859e-12,2.24917202808478e-09
03,172137343,G,C,0.0176993321520696,4.21560703667406e-33,5.89864918935082e-26
03,171969077,G,C,-0.014886681805186,5.43356057749605e-41,5.38215896056151e-22
02,23896049,G,A,-0.0186804265044191,6.66702144462228e-44,1.0236011880999e-25
17,59494574,T,C,0.017581587945956,2.96437312207746e-49,1.67068644273007e-25
12,46752872,C,CA,-0.0152288737488909,2.47195093105906e-46,7.14760508497785e-25
12,46764254,A,G,-0.0348986825661394,2.66332482808888e-09,3.75667224087036e-14
07,23513093,C,T,-0.0189246819895654,5.63674604397024e-40,1.03244262164347e-24
15,89397827,A,G,-0.048784549160086,3.58911051748744e-26,1.21281956488911e-24
15,89386652,G,A,-0.015346607595688,1.2756059742714e-15,1.68935977447806e-10
15,89367562,C,A,0.0131352297826796,4.62940569409887e-31,3.37341693666763e-15
02,56106928,C,T,-0.016869388087777,3.75728221135395e-28,1.36439192359314e-24
02,56076480,C,G,0.0137258276247576,5.61440992247669e-13,1.56228523540836e-16
10,102661251,T,G,-0.0166977402784945,3.2059501125811e-52,3.47594675451572e-24
10,102317559,A,G,-0.0126011781343738,1.23079581859575e-12,3.1225699409258e-09
05,168256240,G,A,-0.0198569569160794,6.93749559272972e-36,4.31024054256921e-24
05,176509193,T,C,-0.0185357937422459,1.97306264732485e-47,9.2395897039988e-24
12,124820705,G,A,0.0216019522406078,3.62567641698976e-32,1.40644330934576e-23
19,2176403,G,A,0.0161584250139028,1.34284745080139e-53,1.5920827902138e-23
04,145868325,G,A,-0.0155966629664452,1.66443095919868e-37,3.79858691551906e-34
04,145605025,A,G,-0.0176280136865736,7.50122183601799e-13,1.12893038825584e-26
06,109781301,T,TCA,-0.0161172720091638,9.95638839611372e-54,2.91048722924125e-23
05,75003678,T,C,-0.016178134263948,2.99318210565015e-51,2.94330887461554e-23
12,111884608,C,T,-0.0156142220875374,4.98643387218349e-62,8.42289135019515e-23
10,96038686,G,A,0.0143290141628347,2.20909475040782e-34,8.68240414660768e-23
10,96085377,T,A,0.0143787875362644,2.96186728593186e-10,1.54165103198762e-13
11,2165576,G,A,-0.0198674805620294,5.15724769101719e-29,1.89732694839712e-22
11,2053669,C,A,0.0293358424343909,7.23348830951974e-11,1.97026905224976e-11
07,72973854,C,A,0.0171186233286043,7.29522298807484e-39,3.35809216685655e-22
11,68199393,C,A,-0.0206549372692463,2.65176630025348e-30,6.61662819742804e-22
05,170864021,G,T,-0.0188969459736081,5.89277857917793e-24,1.76880939557573e-21
17,43223316,C,CAT,-0.0142494009570201,2.94930829724111e-28,3.26286876012841e-21
17,43146641,A,ATTTAT,0.0118001828824982,3.35708372760674e-13,2.1242917628768e-14
22,42070374,A,C,-0.0254373189684994,3.06235556382539e-25,6.46979369987081e-21
02,211543055,T,C,0.0160504496660117,4.99748594488714e-38,1.13235079037466e-20
19,10750115,T,TG,0.0157666342407364,4.80889806744477e-40,1.41833821056851e-20
01,214638396,C,G,-0.0154279628342081,3.38379567124902e-47,1.54900838662639e-20
01,172105257,T,C,0.0157825946251205,1.78063511552273e-37,2.48279745608473e-20
06,29355148,A,C,-0.016239887989319,8.78395048150122e-37,3.54825753402667e-20
01,51037660,G,GT,0.0258756310352284,9.97817985868135e-24,3.75011430471138e-20
08,130721793,AATAG,A,-0.0182912070314268,1.44813530283444e-29,6.19965796094979e-20
12,11878464,C,A,0.0151764596502254,4.72802627645636e-40,7.09039929161296e-20
17,79093822,A,G,-0.0150171105528197,8.86752404099078e-31,9.71929866573434e-20
17,79420617,G,GC,0.0101744477642493,5.47912036637738e-14,1.60834394956391e-09
X,129251524,A,C,0.0121909361570828,4.35903293565454e-37,1.0010643414933e-19
20,50951298,A,G,-0.0183463672253381,4.45763423352176e-28,1.33804981415956e-19
01,33774752,C,A,-0.0154630260134893,6.60370449615863e-36,3.02755974921032e-19
12,116196322,A,G,-0.0181048040508312,2.06831261727281e-28,3.6680189684183e-19
01,11276710,T,TA,0.0158490540495878,2.09218657426218e-36,4.63593351744778e-19
16,4014282,G,C,-0.0145659142559441,1.01483273538853e-40,5.71205743893328e-19
09,99084471,G,C,0.0193579529687475,2.05941228184775e-25,1.0011116078814e-18
07,28174957,G,A,0.0155471217702662,1.33827464909785e-32,1.15819544609744e-18
08,126508568,G,GA,-0.0171189271891171,1.28370893121353e-30,1.44437049494915e-18
05,36803614,T,TA,-0.0140928449200633,8.45872520756933e-46,1.95458201769096e-18
02,71562503,C,T,0.0140636410150862,3.10450522490344e-44,2.34916381362268e-18
01,218597297,C,G,0.015372872702263,8.57178735604786e-32,2.837829505093e-18
03,128992047,A,G,-0.0167323212716826,6.91744750750397e-28,2.8403194343285e-18
06,140623538,C,T,-0.0160756670386076,9.20675399400535e-29,3.92285787124975e-18
20,35604110,A,AT,-0.0173431830796508,1.34837158621362e-28,6.06625544137526e-18
X,137050402,C,CT,-0.0168512673299215,1.3350069351421e-22,6.86322943207711e-18
20,21217976,C,A,0.0145283302634866,3.06648964149653e-34,7.67293457471305e-18
16,781292,C,T,0.0172651483320748,9.55227007877375e-21,8.29343416502307e-18
16,987454,T,C,0.0105828624575001,2.25037314697555e-14,1.3573241148143e-10
16,1113847,G,T,0.0103197387908299,5.52239344626991e-15,3.39685508065988e-10
12,3338920,GCACAGCTGGGGCTGA,G,0.0152009105873454,1.55149039579058e-17,1.30942496272237e-17
12,3393100,C,T,0.0250387100379986,2.21167971316869e-14,4.78260776041672e-15
12,3295708,TTGTTTGTGTG,T,0.0112188610385132,5.32459664265811e-15,3.81578827551027e-10
11,10126097,TG,T,-0.0135405264804307,1.63107089432299e-48,1.60642739540762e-17
05,67596088,G,A,-0.0135512873466639,1.72113017028898e-44,1.83770799060109e-17
06,160769811,C,T,0.013502761475145,4.06319023757782e-45,2.25514322906214e-17
15,62274940,G,C,-0.0134826261921701,1.99051600986397e-43,2.7998823203382e-17
03,9975386,C,G,-0.0172906279882278,5.87971617133355e-26,3.28602092463325e-17
12,123759417,GAA,G,0.0188668187728272,1.67902660058482e-24,4.14737851024439e-17
06,80959985,TC,T,-0.0147938643066791,1.09006804364337e-38,4.53771578951687e-17
06,81446732,G,T,-0.0125740538626899,1.66773805504591e-22,2.2314652605919e-11
X,78858583,G,A,-0.0152510635722379,2.27974987942e-42,7.24123570423828e-27
14,25948867,T,C,-0.0144389125664942,1.31464896647937e-33,6.24140138215075e-17
15,67007813,A,G,0.0153508520309465,4.72402680718426e-29,6.25577741655192e-17
15,67457698,A,G,0.0224735721344265,5.63787745626911e-12,1.82631693743442e-10
11,27728102,G,A,0.0144385473350568,7.67542200518532e-31,8.08608188939996e-17
03,50022069,G,A,0.014383388364888,6.55943361573984e-45,9.84376401184275e-17
08,120456193,A,T,-0.0150071989546882,1.2288731336019e-26,1.16209979237426e-16
08,120596023,G,A,-0.0236150285863529,2.32653978324415e-12,1.07759340120335e-11
07,46642308,T,C,0.012473057859144,2.92241173582855e-34,1.20127176325804e-16
07,46557704,G,A,-0.0150928959386898,1.06760018691153e-13,1.64047755637677e-13
01,205685352,T,C,0.0134351388238286,3.39360884656743e-36,1.32782907887643e-16
17,63561592,G,T,-0.0182106627548861,3.49744302230533e-22,1.49061837296349e-16
19,47557098,G,C,-0.0154624093607835,1.34049742191373e-26,1.50239969352709e-16
02,183247431,G,GA,0.0133257070425977,3.28479643540455e-39,1.56974161993131e-16
16,88804924,T,TC,-0.0142758688123578,1.2543373102029e-30,1.60842147761027e-16
16,88321027,C,T,-0.0312079726517654,5.89569948375606e-15,7.51711204617132e-14
17,68153968,T,A,-0.0200533590824889,1.51281883214008e-20,2.17470434824711e-16
02,227263582,C,T,0.013255819808769,1.74627405491452e-25,2.30100390310218e-16
02,227368066,C,T,-0.0407370267059984,6.27824117761752e-11,1.19172296885924e-12
11,2813322,C,T,-0.0493549119482442,3.60121916769417e-17,2.3407982578089e-16
06,50787576,CGAGGTGGGA,C,0.0203668756268479,3.64786683226882e-22,2.42381719026046e-16
04,88557753,G,A,0.0131226027212268,8.75937932485248e-44,2.52904066932738e-16
20,20069826,G,T,-0.0147727391285197,6.03308373975245e-25,2.93709755912688e-16
20,20348253,C,T,-0.0141032199637519,3.27852116219204e-14,4.0003414345181e-11
06,19078274,A,G,0.0162177073586452,2.00729678156074e-23,3.80396037863899e-16
14,24835773,G,GA,0.0142019815097459,1.69638872715837e-28,3.98350115719235e-16
14,23750078,G,A,0.0164690755025572,3.58716664600646e-19,4.28014340141602e-16
14,23299135,T,G,0.00946271959583055,1.2134124135401e-18,6.33547002307481e-09
14,65520246,T,C,-0.0130596833994602,1.03154510624424e-41,4.4864743290942e-16
05,172779211,T,C,0.0130484260682069,3.23239591370995e-19,4.74684078676621e-16
05,172753555,T,G,0.017661136247214,2.85180941285957e-12,4.45687166497552e-14
13,30177474,TC,T,0.0146255965656853,7.38097637479005e-27,4.92216639335605e-16
19,30286450,G,GA,0.0139247658168594,1.76950378141354e-30,4.9887917538025e-16
05,130378027,C,T,-0.0154802430148223,1.92405210915938e-24,7.4537574746828e-16
12,50263148,G,A,0.0131842494637799,1.14515923387601e-33,7.65366970142247e-16
06,32447644,T,C,0.0205474543898793,2.9130217150159e-65,3.67099261298891e-40
06,32630996,C,T,0.0140859234109262,2.62203815643817e-18,1.96108066351232e-17
10,25178864,G,A,0.0174619512448348,8.31443628333346e-22,9.93448334137066e-16
13,78474468,C,A,-0.0150856439415421,2.17679953240668e-24,1.06872045160174e-15
19,8670147,C,T,-0.0353024161730803,8.74308908229851e-17,1.42612475214328e-15
05,139051015,G,A,0.0131880456774244,3.88171443931261e-32,1.47888355973376e-15
10,104775231,C,CTTT,0.0130015206901397,2.57379781625887e-33,1.52720572749471e-15
01,26455182,A,G,0.016615780700193,1.57129783868033e-21,1.56215314713283e-15
06,76164589,C,A,0.0209858960399799,9.87984383893656e-19,1.61827904567991e-15
12,102407746,T,C,-0.0332728362876918,6.51600808734002e-18,1.65547424378072e-15
12,102372809,T,C,-0.0108158118136719,1.17187470774797e-25,5.96999446641915e-10
08,145001031,T,C,-0.0127485101214343,3.23272317779758e-36,1.96469323643188e-15
11,30443688,T,C,0.0137389537555321,1.29783696226493e-27,2.02401891500137e-15
04,122792742,AT,A,-0.0131852429720327,8.95943894712255e-35,2.15103379781496e-15
10,120434096,T,G,0.0126108426717569,2.79217830798486e-39,2.50703771704268e-15
01,184007119,C,T,0.0135507422503537,3.67779763810758e-28,3.15338109056225e-15
X,45634577,C,A,-0.0113622083915194,2.08896719919603e-20,3.15456926815568e-15
X,45307174,C,A,-0.00817378623983722,5.046137074756e-15,2.56955958289239e-09
03,183976103,C,T,-0.01644301999384,6.44369125004383e-21,3.93459690459951e-15
05,179727399,G,C,-0.0127816127556518,1.34703071908011e-32,4.03710246195781e-15
12,122630285,G,A,0.0108938650616751,2.42946189679847e-20,4.09085304828561e-15
12,123087442,G,A,-0.0126616960933351,1.13377060571356e-15,3.08888045484515e-14
12,122357049,AT,A,0.0145482077438386,5.28959506128076e-13,3.38877190253322e-13
06,81829439,GTTGT,G,-0.0121973053315753,5.35488082373706e-25,4.43460645307064e-15
06,81570143,CT,C,0.0269149946780581,5.15370672931758e-10,4.18580932076491e-12
15,86276000,C,T,0.0124890513104201,2.0288627373016e-38,4.58416875023753e-15
01,21584941,C,T,-0.0126957241426963,7.00302381598362e-33,4.9130787316657e-15
12,103064247,A,G,-0.0133408100183098,3.6006572973373e-41,5.73607455872114e-15
12,102826653,CATAA,C,-0.0284183830307797,7.08611422768131e-12,1.73429428623592e-10
12,103175170,G,C,-0.0241932514972739,6.99712314567621e-12,1.53235467371196e-09
01,118855812,A,T,-0.0134475820051644,2.98969577321014e-27,5.79062603191431e-15
01,56602992,A,G,0.0147972304111841,6.36752176712112e-23,5.88891417074341e-15
04,1012300,T,C,-0.029051867269455,3.03319048762526e-16,7.33649059333394e-15
02,233120758,C,T,-0.01928137100076,1.7262667705731e-15,8.85653836199873e-15
02,232779155,G,A,-0.0118953165612496,8.23473702184208e-11,1.35048984092998e-09
10,81136129,A,C,0.0121671697447867,1.96043136757214e-32,9.07275483353118e-15
10,81228378,T,C,0.0126112322968809,1.35223076860978e-09,2.46578397858896e-09
12,57146069,T,G,-0.0204689267862166,9.60177917314758e-17,1.30125106432862e-14
12,57540848,C,G,0.0111587141760378,1.00725922989564e-14,3.79609243679462e-09
10,77210191,T,C,0.0123138958406264,5.4206111737016e-37,1.43117133630474e-14
05,137603293,G,A,0.0149088272890423,1.31236241386294e-21,1.54515441470091e-14
20,47762210,T,C,0.0141550566507705,3.09077483001797e-23,1.62662326051634e-14
12,97792368,TG,T,0.0122499947628905,8.35057300258186e-38,1.797544223806e-14
17,36925750,A,G,-0.0123781536044392,4.4826478027984e-35,1.88690568589309e-14
21,39673981,T,C,0.012295311959968,7.11584744090534e-34,1.95419561332992e-14
05,95736560,G,GA,0.0137035796779102,6.01087903565903e-24,2.01011594578548e-14
10,70287303,C,T,0.0123722356145995,1.62589519399444e-35,2.0323148886308e-14
08,116631278,T,C,-0.0149526490461932,2.8097564631782e-21,2.15100370600887e-14
09,109565934,T,C,0.0135439016620793,2.68591027503658e-25,2.19178117914093e-14
09,90873653,A,G,0.0123850050423244,3.5663794720464e-33,2.2113543894446e-14
16,4948936,T,C,0.013589689546644,2.95799709878451e-24,2.37895736830605e-14
05,87755411,A,G,-0.0145437271182348,4.55847614526137e-22,2.58168440429464e-14
06,36217160,A,G,0.0148579452494162,1.08138556303943e-16,3.19992307784517e-14
06,35893067,CA,C,-0.0108201741741608,1.06654409719724e-18,4.12873259546516e-10
X,99882543,C,G,0.0103727894274149,3.37322556364501e-24,3.42781819194053e-14
09,97617103,C,G,0.0101655910195506,4.38154046156841e-24,3.98200117282523e-14
09,98089747,G,T,-0.0204027776057875,1.34100827505778e-10,1.35111606166178e-13
05,134372685,T,C,-0.013743721232783,6.37607701259388e-17,4.1703617557045e-14
05,134586980,G,A,-0.0103492490964405,7.95029695147771e-20,5.52044725181803e-11
02,223960207,C,T,-0.0134286188075421,6.40617976193568e-24,4.46629091541381e-14
05,88275333,G,GT,-0.0108730826915212,1.81406022215367e-17,4.93847736293309e-14
05,87795525,G,A,-0.0126524683342531,1.34791032104558e-12,8.44060345544106e-14
07,93258982,CT,C,0.01203426555841,8.60068619990945e-34,5.45020267728714e-14
05,131563571,C,G,-0.0133501414204892,1.41377843243336e-23,5.95602611128465e-14
07,50641187,A,G,0.0179627890357644,8.62182397245515e-18,6.08498539186687e-14
04,123832776,G,A,0.0151527465621557,8.26963310381559e-20,6.16130515039923e-14
07,139749346,G,A,0.0153828274038436,1.58371975327523e-19,6.56754466363919e-14
03,56686329,T,C,-0.012425839035165,1.29473291990036e-27,6.81804982856576e-14
04,82174165,A,G,0.0129806879216276,7.199031451152e-25,6.88308896443411e-14
01,155174106,C,T,-0.012971627077513,8.50520567165028e-37,5.49565580880179e-19
01,155661719,C,T,0.034839678111929,3.74002028926684e-11,6.93847562431448e-14
05,77394128,TA,T,-0.013813883707335,7.58955165989122e-22,7.49676513750568e-14
19,4910021,A,C,0.0120890723837404,2.69691912060212e-33,7.54953845316727e-14
07,127015083,G,A,0.0433072338171293,2.27045763471207e-14,7.92288165109631e-14
12,28657057,C,CA,-0.0130384722303651,2.24322860944697e-24,8.0166210655398e-14
17,29210595,G,A,-0.0251624466266744,8.52740362528664e-77,6.34059556977307e-45
11,43878459,G,A,0.0131421854033482,4.91791223218306e-24,1.11452417894026e-13
03,13800722,C,T,0.0120046305582385,1.42361550179252e-31,1.21609311984294e-13
08,49407362,C,T,0.0158972820950272,1.96414832615845e-18,1.2185916986931e-13
07,76568137,TAA,T,0.0157230496435559,2.78809813345731e-19,1.36539080528827e-13
10,124131176,A,G,-0.0118911623133496,1.37786693267457e-30,1.61617934750483e-13
14,21538067,A,C,-0.0118248888341826,1.66663348804278e-20,1.75956773473784e-13
14,21924673,C,G,-0.00964056295036827,6.88015695876033e-15,1.07932960141489e-09
07,148648835,T,C,-0.0153005944680184,3.10390367160453e-19,1.80459806546739e-13
03,85668052,G,A,0.012323102281222,1.1091590337292e-26,1.86827490345478e-13
10,79659934,G,A,-0.0134869098410421,4.90768467417698e-22,1.87986645285375e-13
12,117396822,T,C,-0.016526692979659,1.58942143058982e-17,2.04763979759576e-13
02,169721381,A,G,-0.0124638859520978,1.33443391180498e-24,2.2587600377903e-13
12,123593382,C,T,0.0158448236659865,4.25010930557593e-19,1.69060163490821e-16
12,122940191,A,G,-0.01341195458296,7.50733025513589e-19,1.12162496131749e-14
10,5042294,T,C,-0.0182780551474281,1.33985973838952e-16,2.6857059874079e-13
06,126097374,G,GC,-0.0115635189806475,1.00422688574627e-29,2.69461157074279e-13
06,126594267,G,A,0.0155285207484132,3.31366981346023e-11,1.30290893284428e-10
02,25458100,C,A,-0.0119783754770333,1.92210105526943e-17,2.70706182107643e-13
02,25017860,T,C,-0.0126726170907017,8.8450037877186e-15,8.72824745711027e-13
02,25935577,G,A,0.0117541948920195,3.20091714122551e-12,9.02241534706687e-11
X,118640330,AT,A,-0.0107260083933254,9.92333632846841e-22,2.85679811161721e-13
17,47027359,G,A,0.0153261888946636,6.49524454991845e-18,3.9440358003303e-13
06,105358192,G,A,0.0120473853694438,5.17349786972471e-27,4.10274195449324e-13
04,12881731,T,A,-0.0130308422706565,1.58083502651583e-21,4.28957763865496e-13
19,7106909,GTGA,G,-0.0173319061864697,1.68362779967356e-15,4.29454829431371e-13
19,7183926,C,T,0.0126685517253523,9.48388511631483e-18,2.26439057312948e-12
08,13372120,G,A,-0.0239320234181488,1.00656697074927e-14,4.82573341985997e-13
05,55014771,C,T,0.012545546584969,7.43894774217352e-23,4.99505223699851e-13
08,129224182,G,A,0.013038793915653,1.26008973444777e-21,5.00443695661026e-13
02,33360338,G,A,-0.0109678914142866,2.14923801032619e-15,5.01375103808544e-13
02,33489022,AAAG,A,-0.0214561602588146,5.75436437175552e-10,7.55474725961498e-13
05,127357526,C,T,0.0133909893770433,8.29600949790134e-21,5.02360365806405e-13
12,56364321,A,G,-0.0121018123332063,9.85468375346128e-25,5.59886703211517e-13
03,52844733,C,T,0.0178771374711186,6.12629044466818e-16,5.90878326506751e-13
01,150555028,T,C,0.0212448424657943,5.34114369162416e-15,7.61242643879748e-13
X,139222067,C,T,0.00951216217598404,1.22300459848104e-25,8.93453240522858e-13
08,57170647,A,G,-0.0298647714611055,4.79649993394045e-38,3.48767972864885e-45
08,57187356,C,T,0.0214094740865689,4.17975765037463e-26,2.82089318491236e-31
08,57665019,T,G,-0.0108351013984615,2.9563157950776e-14,9.97614981102855e-13
11,118595207,T,A,0.0115950441922582,1.89019789168084e-27,1.13091891192359e-12
06,45090977,C,T,0.0116272241491811,2.84207725543009e-26,1.21215808858158e-12
14,103859143,C,CT,0.012140871221603,1.91759940648466e-25,1.29307078062085e-12
06,34140498,A,G,0.050704547489483,1.17256227695016e-20,6.08457607388054e-20
06,33641956,C,T,-0.0121158277035213,3.74242125299682e-20,1.55612573396113e-12
06,33981907,C,T,0.0466359235265492,4.0406230673688e-11,1.25447919936128e-10
06,26207175,C,A,-0.0199997643101478,1.83161651627073e-47,2.38829333051206e-28
10,27914001,A,G,0.0114183955316471,3.83837021836407e-28,2.00812523389523e-12
16,86417679,CAA,C,-0.0115352777841386,9.03058347382518e-29,2.12826450133538e-12
01,201800511,T,G,0.0119673101378301,1.75020804823733e-24,2.19070163868478e-12
17,21283507,G,T,-0.0122958368550905,8.68073978157993e-22,2.54384263827996e-12
15,74336633,T,C,0.0111794203548904,6.32355289137063e-31,3.05826822817142e-12
03,38496193,C,G,-0.011203591294987,2.0572797125644e-31,3.09012352315045e-12
18,46748042,C,T,0.011640231074152,5.84733490557298e-23,3.33486384039983e-12
18,46526371,G,T,0.0117462352752888,7.3225132290775e-17,2.72494072348015e-11
X,77576633,C,CGT,0.0103826114796462,1.66837997246824e-19,3.69659630902953e-16
X,77770928,C,T,-0.0177976379059576,3.68265411523619e-12,1.99919895296741e-15
02,25482970,A,G,-0.0116437835555609,7.60519323989205e-19,2.22101645932641e-12
02,25975840,A,AT,0.0129662674925822,2.91392727399391e-15,3.76737830434647e-12
04,1341553,A,G,-0.0271376509983333,3.59931195943456e-14,3.48327740778736e-14
04,1699512,G,A,0.011249013242821,1.36205713718613e-20,3.81634568083603e-12
12,12868701,C,T,-0.0180567748073559,7.94218300227822e-12,3.91176256973057e-12
12,12871099,T,G,-0.0110076720366487,1.48973449753827e-12,2.7055783302115e-10
09,95453880,T,C,-0.0159726206224557,9.30613335689693e-16,4.00252015370213e-12
X,53628625,AT,A,-0.00956575973591782,1.3490341493766e-26,4.23444864127588e-12
02,9770589,G,GCGGGGC,0.0132759149914218,2.42276418656269e-20,4.77672553660726e-12
12,69827658,G,T,0.0115418314309697,4.50588727082613e-23,5.12747867276146e-12
03,11630252,G,T,0.0144930496256378,1.34424591966411e-16,5.29487054620601e-12
17,60720058,T,G,0.0115730084182405,2.31996571602927e-24,5.77551557474026e-12
20,6709838,A,G,-0.0118675622376702,7.40129289757081e-17,6.04822670840446e-12
20,6542634,C,T,-0.0107968649990029,8.29054381035865e-18,4.43638864057894e-11
02,233166601,C,T,-0.0196214636718838,2.57479061018787e-16,1.19629349853519e-14
17,38597922,CTT,C,-0.011047056778989,2.22661002207816e-28,6.42072181722357e-12
05,32831670,C,T,0.0111154525787758,5.83738140983798e-26,6.74915254461021e-12
01,11111976,T,TGAA,0.0163255189144913,9.58749901813506e-23,1.00770817023575e-18
01,10724236,G,A,-0.011067833412082,3.42492693630863e-24,7.15885607110822e-12
02,198950240,G,A,0.0109104999749314,8.99947843241442e-31,7.34904125110802e-12
07,121964618,T,C,0.0113094192340076,1.00777841088294e-23,7.75383110754731e-12
15,38380787,C,T,0.0114298550678754,6.21855568932484e-24,8.02753061835624e-12
11,9399731,G,A,0.0110880775185783,6.54802806454333e-26,8.50112915106877e-12
11,47728617,G,A,-0.0113956680865009,6.88760652098385e-23,8.62217230866799e-12
12,980925,C,A,0.0133568132440973,1.45008143856785e-13,8.72943828476426e-12
12,589872,CCTG,C,0.0096072375512984,4.60872851548521e-16,1.87089266044046e-09
01,22492613,A,G,-0.0158284468025501,2.21116595118259e-15,8.79105117312209e-12
15,41970964,C,CA,0.0170931652443695,4.23428686950498e-15,8.93942538560275e-12
17,29041115,C,T,-0.0242990248744151,4.26438724027095e-44,1.53204583300598e-27
17,29037339,G,A,-0.0380339218467128,1.14979039602385e-19,1.74460470485868e-14
X,82016216,CTGCCTCGACAGGCCCCGGTG,C,-0.0115089346740445,2.20341163755257e-21,9.96800810139908e-12
X,81657453,G,A,-0.0194595891685453,1.57230840545743e-12,7.2241434341001e-09
10,126290498,G,A,-0.0111398184007158,4.96375852832529e-26,1.11890653027195e-11
11,69303727,T,G,0.0108186452921904,9.48185879737543e-30,1.15858554610132e-11
12,20537380,A,C,-0.0113409038411484,2.40480168161015e-22,1.19690924424738e-11
14,68669308,T,G,-0.0155884176722983,4.24084495366135e-15,1.23222611821077e-11
11,2665357,A,G,-0.0348587304979346,-99,1.93479345966153e-10
06,34204286,G,A,0.129566141667305,-99,1.05939241654248e-14
06,34552736,G,A,0.0667067994572567,-99,1.11085770552896e-55
05,171224403,A,G,-0.0187792663238515,-99,5.27072547926728e-09
05,171281875,G,C,-0.0270456483711187,-99,1.49976400757161e-16
02,233585299,G,T,-0.0237362680061412,-99,1.69350828390521e-12
