chrom,pos,major,minor,beta,p_value,gwas_p_value
20,34025756,A,G,0.038002594333507,1.22970662987253e-282,5.08166405891719e-122
18,57849023,G,A,0.0406426501763211,1.04344116692769e-166,2.16574228961893e-104
03,141101961,C,T,0.0295418740123183,2.18168670571746e-196,2.86184930528094e-76
13,51116901,G,T,-0.0323680010470634,2.91553134624458e-96,2.33716580859117e-68
13,50655989,G,T,0.0791858482814791,2.94763355884811e-42,4.73849004114693e-46
06,126704795,C,T,0.0275874222089982,9.94293082015308e-167,2.75012610648954e-66
06,130374461,A,T,0.0299528024636019,1.28950999879741e-105,3.08989826206623e-62
07,92250140,T,G,0.0296439941175997,5.45742974691184e-106,1.22364677404296e-61
12,66361453,A,G,-0.026373940266607,1.56233952839639e-177,3.13898583919214e-61
16,53806453,A,G,0.0262875898416823,7.28550703592606e-100,3.36831515710342e-60
16,53477732,TGGG,T,0.0144098238000264,3.86669817785898e-22,9.02336459981711e-18
12,4384844,T,G,0.0984977084812905,7.55434749102e-62,1.02924183965902e-58
06,34183026,T,C,0.0302169369349601,3.59774206760964e-57,2.26177874725251e-58
18,20737641,T,TTAA,-0.0306608457444732,2.17947565860561e-88,8.31921116822217e-57
08,57122215,T,C,-0.0358689553587964,3.67309421811245e-63,7.47413349872105e-56
08,57160328,G,T,0.0188838542748362,8.9392343538176e-34,2.16044029355819e-27
06,34205465,GGAGCCC,G,0.0372610056436911,7.65814898178568e-52,4.29579349416075e-48
04,17902920,C,A,-0.0275508113795607,6.0527619441436e-48,2.25194895822028e-52
04,17956213,T,TG,0.0186295476989883,4.61810168599934e-40,1.83931977511915e-41
17,29206421,G,T,-0.0295751448090149,6.61695709651622e-85,9.53167317025336e-52
17,61996255,C,A,-0.0318748832752836,9.35547139733613e-166,2.1022563955636e-48
17,61996273,T,C,-0.0415118372209772,4.89458750411925e-69,1.55083385938064e-24
09,119124535,T,TAA,-0.0289488455073515,5.41665709143641e-72,3.42390106102554e-48
X,78655777,G,C,-0.0198960296615169,1.14064246104037e-84,5.98205513882278e-48
13,51064533,CCT,C,-0.02736110548178,3.47554879447521e-83,4.83343538224732e-56
13,50565104,ACT,A,0.0786042494435576,4.82323944354734e-43,3.0788100908886e-47
12,93989683,A,AT,0.0292078244810256,1.28253582633477e-65,6.33118247552532e-46
12,94136009,C,G,0.0167835812111628,1.87818912342505e-58,1.36679439718936e-19
02,27730940,C,T,-0.0230151414693087,3.63640747842978e-102,4.83962165761672e-45
06,31840021,A,T,0.0215408718171118,2.65214843882068e-66,1.62718307854312e-44
06,31552850,T,C,-0.014991745240682,1.3849594095116e-20,2.32535114553697e-23
14,61072875,C,T,0.022631949464531,8.71522183791534e-97,8.93837280884321e-44
06,19839415,C,T,0.0476633593860799,1.69386449942826e-44,2.78138957149284e-40
01,78444764,C,CGGCCG,0.0324350140275039,2.49316798983972e-52,4.24102322933218e-40
04,145568352,C,T,-0.022469845386649,1.03243455215952e-33,5.78103758782613e-40
04,145839264,G,A,0.0142064831322852,3.23368554866409e-44,1.75922868360483e-33
01,154989823,T,TGGGGGCAGTAGAGGGGGCAGTAGA,0.0203816862418819,9.95678320076814e-41,4.59559167667532e-36
01,155155608,A,G,-0.0114236233322522,8.07747403234416e-26,2.10244385582644e-20
02,417167,T,C,-0.0476674805175055,8.282791591638e-41,4.95972725186817e-36
02,630553,G,GA,-0.026443869434906,5.817186709653e-49,9.0621353446769e-34
01,41544279,T,G,0.0207913055443462,7.54254870095113e-69,7.11653137320738e-35
16,30042677,G,T,0.0198884827808483,4.53451396311762e-79,1.65925809612858e-34
06,7719065,T,C,0.0198364917652716,3.17918118549098e-85,2.94606050601885e-34
06,7231843,G,A,-0.0192851117655335,5.66705495264516e-15,7.24436789981977e-13
07,150668070,T,C,-0.0154043163259004,9.29319957943604e-37,1.68193884649373e-33
07,150540196,C,T,0.0139321782350899,2.25869183978193e-27,6.2782972706593e-30
20,33409350,G,A,0.0164559850314192,1.04333499362956e-57,1.57204536794933e-38
20,32505658,G,C,-0.0216915462092078,9.604384275498e-19,6.65625995398323e-25
20,32678560,T,C,-0.036222312099463,7.151327250396e-10,7.39461842776487e-12
11,66897377,CAA,C,-0.0332173123512356,1.57703894721576e-36,4.2134943459731e-31
07,2760935,T,C,-0.0200651694066594,1.79248661735619e-56,4.70410348817952e-31
08,135601194,T,C,-0.0154950486258084,5.31070509804414e-25,6.15783452447203e-31
08,135649848,G,A,-0.0157714376914268,2.27265404776354e-19,1.80708801188085e-25
08,135843916,C,G,-0.0122149833085215,4.61266539134912e-16,5.01683015088137e-11
02,172414553,A,G,-0.0211768976908546,2.14447885626952e-50,7.92424217464998e-31
20,32077916,C,A,-0.0190422922378484,2.8790646185373e-37,2.22421192156795e-30
20,32542814,A,G,0.0120642950513126,3.67134569964538e-21,1.42440770311684e-17
06,26180634,G,C,-0.0192456767029577,1.32399026205474e-35,2.95420555629379e-30
06,26076446,G,GA,0.00912780742858156,2.48345682975019e-16,2.95355936605416e-13
08,78105153,C,A,0.0196875867291201,2.80804334686677e-49,3.86912747956564e-30
08,77761919,C,T,-0.0236150504600565,1.04007384614024e-11,3.93442945010501e-12
05,122699198,C,CTA,-0.0181721012877772,8.49861713352077e-79,4.28152400884883e-30
04,106216800,T,TA,-0.0186898249962255,2.14214218059043e-66,6.48942029189043e-30
09,98256235,T,G,-0.0244097461368874,3.3934573278127e-21,7.34471690176538e-30
09,98217348,A,G,0.0279742236900836,1.76669483546586e-32,1.07567188715266e-24
09,98192383,T,A,0.0126598815895129,3.60808970654707e-23,3.19269455042876e-11
01,177875959,GCTA,G,0.0220860738496573,4.4626065124058e-45,9.38373314560966e-30
17,7571752,T,G,0.0855302102162117,2.80092176442562e-32,1.13870385244433e-29
17,7366619,T,C,0.0214398630039919,8.54076988199734e-25,5.55961318620723e-18
17,8056606,G,T,-0.0183956478362947,9.72326049689212e-12,1.5885611762451e-10
15,99186488,G,C,-0.0218739418699229,4.42373019292402e-24,3.10913005432862e-29
15,99214192,TTGGAA,T,-0.0258646508379739,4.75925018646232e-22,9.8643661960714e-11
15,99226148,G,C,-0.0150358211972329,3.70770114828178e-27,1.82539928563244e-18
02,218279432,AC,A,-0.0184596662236035,3.97927533808737e-39,8.82754752293828e-29
02,218146818,T,G,-0.0159445813598886,3.03389450350409e-23,1.62147071928457e-19
02,218604987,C,T,0.0172080355580194,8.49691978753013e-09,1.41571111953088e-09
05,42687629,T,C,0.0197909070322401,1.33637444840092e-16,3.84777101978622e-28
05,42290110,TA,T,-0.012137351992787,1.15412187057253e-16,2.44412288580332e-16
05,42814817,C,G,-0.0111697719377887,5.53512129987244e-21,9.24789116535562e-20
06,41909521,C,CCG,0.0351978549012855,8.29681807256777e-31,5.01356923128774e-28
06,41903798,C,A,-0.0633362987314712,5.79258116689464e-20,6.38847214977941e-21
16,2160503,T,G,-0.0261056321859019,8.78785140250602e-42,1.10571644831344e-27
16,2266173,T,C,0.0151118978782416,6.03771793675716e-26,1.79627797090238e-23
16,2173046,G,A,-0.0131488790928723,1.14277534318569e-12,1.86264424522998e-07
06,108988184,A,G,-0.0177569292740056,5.62392761268601e-42,2.00172689987463e-27
06,109032609,C,G,0.0294560674002165,2.43090706300165e-10,3.61747097173281e-13
06,152168974,T,G,0.0173554761996285,6.85288083421297e-49,3.16063769946344e-27
06,151728714,T,C,0.00932089722972654,1.07171649516209e-10,2.63983576369506e-08
01,176787749,C,CT,-0.0185690189479212,2.02509849354196e-42,5.2363438235083e-27
01,176521349,T,G,0.0145308010109037,2.5720954692625e-23,4.93102059041363e-07
01,176521655,G,A,-0.0361716841367064,7.98440462721714e-14,1.12962978584282e-12
03,185548663,G,A,0.024189683863182,1.22656734419583e-27,7.96778435506988e-27
03,185371172,A,G,-0.00951496468061197,2.23727002923967e-19,1.90698167910028e-12
06,142716286,G,T,-0.0194833902424123,8.25358473956597e-38,1.24088966219344e-26
06,142574653,C,T,-0.0104350493696858,3.85756625218808e-11,2.19102310388105e-07
06,143200936,C,T,-0.0094719821549758,9.32709019372503e-10,9.36483110516916e-09
03,172137343,G,C,0.0176993321520593,4.21560703703139e-33,5.89864918935082e-26
03,171969077,G,C,-0.0148866818051848,5.43356057757758e-41,5.38215896056151e-22
02,23896049,G,A,-0.0186804265044147,6.66702144492701e-44,1.0236011880999e-25
17,59494574,T,C,0.0175088640792487,5.69113902485779e-36,1.67068644273007e-25
17,59608726,G,C,0.00892997088221718,1.04809471087087e-11,3.93925299453237e-08
12,46752872,C,CA,-0.014264291291657,3.11537882868024e-39,7.14760508497785e-25
12,46764254,A,G,-0.0343608314816976,4.66481220533006e-09,3.75667224087036e-14
12,46794986,CAT,C,0.016230513923236,8.67926035252121e-08,1.91279625022816e-10
07,23513093,C,T,-0.0189246819895626,5.63674604411781e-40,1.03244262164347e-24
15,89397827,A,G,-0.048784549160059,3.58911051771179e-26,1.21281956488911e-24
15,89386652,G,A,-0.0153466075956818,1.27560597430483e-15,1.68935977447806e-10
15,89367562,C,A,0.0131352297826796,4.62940569410211e-31,3.37341693666763e-15
02,56106928,C,T,-0.0168693880877779,3.75728221133035e-28,1.36439192359314e-24
02,56076480,C,G,0.0137258276247605,5.61440992241486e-13,1.56228523540836e-16
10,102661251,T,G,-0.0166977402784985,3.20595011240289e-52,3.47594675451572e-24
10,102317559,A,G,-0.0126011781343748,1.23079581859052e-12,3.1225699409258e-09
05,168256240,G,A,-0.0198569569160862,6.93749559235709e-36,4.31024054256921e-24
05,176509193,T,C,-0.0141096048417116,9.31601527056404e-21,9.2395897039988e-24
05,176980904,G,A,0.010024147083501,1.52598287035756e-09,1.70996738957506e-06
05,176586898,T,A,0.0108810548743847,5.81328977929003e-17,6.13442741863533e-21
12,124820705,G,A,0.020723274078143,1.3784401780946e-26,1.40644330934576e-23
12,124393697,G,T,-0.00945138768604055,4.21087366349579e-14,2.71395631157851e-10
19,2176403,G,A,0.0159593368718621,8.60173791936497e-37,1.5920827902138e-23
19,2039727,C,T,-0.0270092897766093,3.06730252773821e-07,7.19546119364062e-06
19,2353368,A,G,-0.00800212603930255,3.38775545270871e-10,3.77285213574872e-08
04,145868325,G,A,-0.0155966629664524,1.66443095907216e-37,3.79858691551906e-34
04,145605025,A,G,-0.0176280136865704,7.50122183608798e-13,1.12893038825584e-26
06,109781301,T,TCA,-0.0161172720091683,9.95638839545633e-54,2.91048722924125e-23
05,75003678,T,C,-0.0161781342639456,2.99318210575068e-51,2.94330887461554e-23
12,111884608,C,T,-0.0156142220875375,4.98643387218093e-62,8.42289135019515e-23
10,96038686,G,A,0.0143290141628348,2.20909475040523e-34,8.68240414660768e-23
10,96085377,T,A,0.014378787536265,2.96186728592665e-10,1.54165103198762e-13
11,2165576,G,A,-0.019867480562029,5.15724769103193e-29,1.89732694839712e-22
11,2053669,C,A,0.0293358424343994,7.23348830942814e-11,1.97026905224976e-11
07,72973854,C,A,0.0147185354133501,1.18793503040651e-24,3.35809216685655e-22
07,73121347,G,A,-0.0093608809243784,1.0723795707298e-16,1.52889979631497e-14
11,68199393,C,A,-0.019660447597314,8.51029301198225e-22,6.61662819742804e-22
11,68077048,C,CT,-0.0089058932433608,5.94088520229627e-16,4.46014094685054e-10
05,170864021,G,T,-0.0188969459736081,5.89277857917692e-24,1.76880939557573e-21
17,43223316,C,CAT,-0.0142494009570252,2.9493082971118e-28,3.26286876012841e-21
17,43146641,A,ATTTAT,0.0118001828824962,3.35708372763643e-13,2.1242917628768e-14
22,42070374,A,C,-0.0254373189685152,3.06235556361984e-25,6.46979369987081e-21
02,211543055,T,C,0.0160504496660087,4.99748594504445e-38,1.13235079037466e-20
19,10750115,T,TG,0.0147985723648725,8.08271142226109e-30,1.41833821056851e-20
19,10301469,AATAAAATAAAAT,A,0.0171972761822922,5.77741782720939e-08,1.39704814829621e-08
19,10366557,C,A,-0.00995183276962786,1.56209984678211e-08,2.7490196421216e-09
01,214638396,C,G,-0.0149784217450812,6.80952992080119e-41,1.54900838662639e-20
01,214721975,C,G,-0.0163757240396669,5.14576700976954e-07,5.60903973492111e-08
01,172105257,T,C,0.0147409373901072,1.04947874357363e-25,2.48279745608473e-20
01,172355841,C,T,0.0105509052781003,1.45754348609076e-08,1.79905749244671e-10
01,172186310,C,T,-0.0141460585812198,1.35507143084986e-07,3.73712136177453e-09
06,29355148,A,C,-0.0116674245795023,1.42443344854894e-12,3.54825753402667e-20
06,28912076,C,T,-0.0129963223524591,9.45127955081951e-08,1.45723637297497e-18
01,51037660,G,GT,0.0272420583658522,2.23264427978263e-25,3.75011430471138e-20
01,50612250,A,G,0.0111952899374371,2.66784793904565e-12,9.84872190044651e-07
08,130721793,AATAG,A,-0.0187090590437483,7.70892295337457e-25,6.19965796094979e-20
08,131033480,G,A,0.00842574543455121,6.93648187722765e-12,2.06350039022837e-06
12,11878464,C,A,0.0151764596502248,4.72802627648892e-40,7.09039929161296e-20
17,79093822,A,G,-0.0153083727240299,5.03238610644501e-29,9.71929866573434e-20
17,79420617,G,GC,0.0102428319513429,8.67324021616784e-13,1.60834394956391e-09
17,78757626,A,G,-0.00927146745104473,8.03212310322332e-10,3.72249055873532e-07
X,129251524,A,C,0.0121909361570817,4.35903293571705e-37,1.0010643414933e-19
20,50951298,A,G,-0.0168433428739669,1.32908186236634e-23,1.33804981415956e-19
20,50850431,TA,T,0.0136302379774797,8.96209805727321e-08,7.17367099202845e-10
01,33774752,C,A,-0.0149654388376867,3.1311516598886e-28,3.02755974921032e-19
01,33295956,AT,A,-0.00999206719776301,2.42383270718515e-07,1.27295442273199e-07
12,116196322,A,G,-0.0173082946174686,4.6282707465492e-23,3.6680189684183e-19
12,116632928,C,T,-0.0110176340087392,1.40264946228556e-07,3.11894093853501e-08
01,11276710,T,TA,0.0158734083585663,2.90265479173206e-27,4.63593351744778e-19
01,10789634,T,C,0.00756645266359725,8.27622955807563e-09,5.20925873007258e-06
16,4014282,G,C,-0.0145659142559464,1.01483273535963e-40,5.71205743893328e-19
09,99084471,G,C,0.0191834693756506,1.53810428805233e-24,1.0011116078814e-18
09,98613633,G,A,-0.0221263709247411,4.48421029918209e-08,5.81929537075287e-08
07,28174957,G,A,0.0155471217702634,1.33827464913199e-32,1.15819544609744e-18
08,126508568,G,GA,-0.0171189271891175,1.28370893121009e-30,1.44437049494915e-18
05,36803614,T,TA,-0.0139140791561413,5.00716227058157e-25,1.95458201769096e-18
05,36646032,G,C,0.0088880792204924,2.64609848164713e-08,1.75978501278869e-08
05,36309895,CT,C,0.00753214650764703,2.16471349323837e-08,1.40717809440337e-06
02,71562503,C,T,0.0137647409495148,2.20514316755117e-27,2.34916381362268e-18
02,71889624,GTA,G,-0.0165121803545293,4.25739241975545e-08,1.87827832067931e-06
02,71954468,G,A,0.00844199926621683,6.14303106034716e-09,2.95818636052837e-07
01,218597297,C,G,0.0163034161370978,2.66179740704727e-31,2.837829505093e-18
01,218986185,G,C,-0.0151644879519837,7.72188707748138e-10,5.59455605886136e-07
03,128992047,A,G,-0.0148477586141831,5.87420668229653e-22,2.8403194343285e-18
03,129051990,T,C,0.0152305025090703,8.82951213804998e-10,3.54186700636011e-12
06,140623538,C,T,-0.0160756670386157,9.20675399342529e-29,3.92285787124975e-18
20,35604110,A,AT,-0.0118920954983428,1.00069936128641e-10,6.06625544137526e-18
20,35385915,G,A,0.0245433286854504,2.15303248652375e-07,4.95641586287443e-09
20,35365000,T,C,-0.0171152133171452,4.65440715553462e-08,2.46869222642194e-17
X,137050402,C,CT,-0.0140777228263783,2.20074351671087e-12,6.86322943207711e-18
X,137095712,A,T,-0.00671757828693056,1.42460138110044e-10,1.62744229293578e-12
20,21217976,C,A,0.0145283302634943,3.06648964125478e-34,7.67293457471305e-18
16,781292,C,T,0.0172651483320834,9.55227007835398e-21,8.29343416502307e-18
16,987454,T,C,0.0105828624574989,2.25037314699052e-14,1.3573241148143e-10
16,1113847,G,T,0.0103197387908301,5.52239344626092e-15,3.39685508065988e-10
12,3338920,GCACAGCTGGGGCTGA,G,0.0152009105873489,1.55149039576395e-17,1.30942496272237e-17
12,3393100,C,T,0.0250387100379892,2.21167971321772e-14,4.78260776041672e-15
12,3295708,TTGTTTGTGTG,T,0.0112188610385132,5.32459664265732e-15,3.81578827551027e-10
11,10126097,TG,T,-0.0118614468309926,7.34056211407352e-25,1.60642739540762e-17
11,10393468,G,A,0.00843252184204151,2.03883495621586e-13,1.18352065891284e-11
05,67596088,G,A,-0.0135679623235513,1.20843501022628e-33,1.83770799060109e-17
05,68029078,C,A,0.0111219515843959,1.60018369417712e-09,2.75653628214643e-09
05,67315659,C,A,0.0141201946566173,2.38543879153401e-07,2.09889206609117e-06
06,160769811,C,T,0.013502761475136,4.06319023812005e-45,2.25514322906214e-17
15,62274940,G,C,-0.0133683860393629,5.07296803026351e-33,2.7998823203382e-17
15,62732836,C,G,-0.00867816647715467,6.5311404797875e-07,3.41286087094037e-06
03,9975386,C,G,-0.0172906279882266,5.87971617137705e-26,3.28602092463325e-17
12,123759417,GAA,G,0.0160679225008669,1.98329598956506e-17,4.14737851024439e-17
12,123292503,A,C,-0.00892764552331983,1.3662782020031e-10,1.35986145696613e-11
06,80959985,TC,T,-0.0135375821427504,2.44324610613251e-32,4.53771578951687e-17
06,81446732,G,T,-0.0110743012694311,8.50316803482287e-18,2.2314652605919e-11
06,81279194,G,A,0.02462587687788,8.76518924237977e-09,2.5217825324594e-14
X,78858583,G,A,-0.0126430107479065,4.34078119080842e-24,7.24123570423828e-27
X,79324423,G,A,-0.0144553570385093,6.79140520505298e-07,5.44469591199513e-17
14,25948867,T,C,-0.0144389125664974,1.3146489664372e-33,6.24140138215075e-17
15,67007813,A,G,0.014951216784716,6.13403777505422e-24,6.25577741655192e-17
15,67457698,A,G,0.0223533297933527,1.21224910474278e-11,1.82631693743442e-10
15,66514155,C,T,-0.0082288484686026,4.91731683276321e-08,5.37711662396939e-07
11,27728102,G,A,0.0134911305413935,2.72228636965207e-23,8.08608188939996e-17
11,27650524,G,A,-0.0103423589308395,6.55704021256003e-12,1.55672385413629e-10
03,50022069,G,A,0.0121077476643086,2.38618429777398e-29,9.84376401184275e-17
03,50428885,C,T,0.0315764996267649,1.42619976438678e-08,1.08179325929477e-11
03,50427030,G,A,0.0367117345871487,3.52754368331759e-06,2.35365378818169e-07
08,120456193,A,T,-0.0150071989546862,1.22887313362117e-26,1.16209979237426e-16
08,120596023,G,A,-0.0236150285863474,2.32653978327147e-12,1.07759340120335e-11
07,46642308,T,C,0.0132639229759478,1.25313535657399e-31,1.20127176325804e-16
07,46557704,G,A,-0.016293795603726,1.07272228447551e-14,1.64047755637677e-13
07,46734307,G,A,0.0116479731270537,1.12076853213782e-14,3.46683946503933e-08
01,205685352,T,C,0.0134351388238299,3.39360884651551e-36,1.32782907887643e-16
17,63561592,G,T,-0.0182106627548867,3.49744302229373e-22,1.49061837296349e-16
19,47557098,G,C,-0.0135274412020745,2.08144499912735e-19,1.50239969352709e-16
19,47688034,G,T,-0.03417939061492,2.49003001820109e-07,2.34237866524811e-11
02,183247431,G,GA,0.013325707042598,3.28479643539272e-39,1.56974161993131e-16
16,88804924,T,TC,-0.0138288808374282,4.64746248839641e-22,1.60842147761027e-16
16,88321027,C,T,-0.0311557455744067,1.21780964273267e-14,7.51711204617132e-14
16,88554317,T,C,0.00815040722763044,9.01141429100325e-11,1.15251089815904e-07
17,68153968,T,A,-0.0189243549720022,9.76865400046961e-16,2.17470434824711e-16
17,68203546,A,G,-0.00922197993956012,3.61009670989728e-14,9.88372753871672e-09
17,68075324,T,C,0.00880950566960241,1.36907942558984e-09,5.91492623421933e-08
02,227263582,C,T,0.0135274757853577,5.79334633504496e-22,2.30100390310218e-16
02,227368066,C,T,-0.038523476192637,6.66787394386361e-10,1.19172296885924e-12
02,226948084,C,T,0.00996780378806113,6.28221651202932e-11,1.13984332258658e-08
11,2813322,C,T,-0.0474444293794609,5.87806230559217e-16,2.3407982578089e-16
11,2770982,G,T,0.0130441972895928,7.46527721603418e-11,5.43688241834541e-11
06,50787576,CGAGGTGGGA,C,0.0186601017489529,1.23085688538628e-18,2.42381719026046e-16
06,50908969,TG,T,-0.0121164923410024,3.60715837487681e-07,1.00024262165379e-08
04,88557753,G,A,0.0131226027212292,8.75937932454394e-44,2.52904066932738e-16
20,20069826,G,T,-0.0147727391285236,6.03308373958031e-25,2.93709755912688e-16
20,20348253,C,T,-0.0141032199637523,3.27852116218629e-14,4.0003414345181e-11
06,19078274,A,G,0.0162177073586485,2.00729678151927e-23,3.80396037863899e-16
14,24835773,G,GA,0.0130881014592988,7.96661961794031e-21,3.98350115719235e-16
14,24903721,C,T,0.0120146197236509,5.16693912088557e-08,9.27423940083809e-09
14,24669623,G,A,-0.0132362764983392,1.03648605422997e-06,3.77093909757254e-08
14,23750078,G,A,0.0157565856435546,1.1078987570185e-17,4.28014340141602e-16
14,23299135,T,G,0.00920820073627259,2.10371749481499e-17,6.33547002307481e-09
14,23772829,A,C,-0.0253605913443698,1.49016717938949e-06,3.53186010936532e-08
14,65520246,T,C,-0.0130596833994622,1.03154510621494e-41,4.4864743290942e-16
05,172779211,T,C,0.0126692893646972,1.36351139646332e-14,4.74684078676621e-16
05,172753555,T,G,0.0168768480124428,1.08735221956295e-10,4.45687166497552e-14
05,172839289,C,T,0.00809236684544404,6.86580350087108e-12,5.47184911009895e-09
13,30177474,TC,T,0.0122185745659395,7.92686614467914e-15,4.92216639335605e-16
13,30155020,T,A,0.0115154993918487,5.47211481527969e-07,8.34631783356964e-12
19,30286450,G,GA,0.0139595168710819,1.33171059995288e-25,4.9887917538025e-16
19,30709841,C,A,-0.0111014039895413,2.3487023748702e-10,2.45077549076864e-08
05,130378027,C,T,-0.0148649931220166,1.67212983689776e-22,7.4537574746828e-16
05,130711004,G,GAAAAGGTTAGTT,0.0231068307472175,2.46455240540332e-06,2.72816661458781e-07
12,50263148,G,A,0.0131842494637805,1.14515923386894e-33,7.65366970142247e-16
06,32447644,T,C,0.0213314599368743,7.26066811920384e-64,3.67099261298891e-40
06,32630996,C,T,0.014291947122687,6.10780645116221e-18,1.96108066351232e-17
06,33138677,G,A,0.0106661242694995,2.36748593770752e-11,3.89747236761185e-06
10,25178864,G,A,0.0157375745848501,7.52482019136147e-17,9.93448334137066e-16
10,24860913,G,A,-0.00864710194661376,9.9006047717538e-11,1.00261731942779e-09
13,78474468,C,A,-0.0150856439415463,2.17679953234403e-24,1.06872045160174e-15
19,8670147,C,T,-0.0343720357082077,1.30698492033515e-15,1.42612475214328e-15
19,8513336,A,C,0.00890159920113177,5.68592985275888e-13,2.85499159044741e-08
05,139051015,G,A,0.0132745317141837,8.41514167329297e-26,1.47888355973376e-15
05,139544075,CTTG,C,-0.00876029566575021,1.25790271140216e-07,6.00971852448861e-06
10,104775231,C,CTTT,0.0130015206901395,2.57379781626723e-33,1.52720572749471e-15
01,26455182,A,G,0.0155930449528558,1.07864264785933e-17,1.56215314713283e-15
01,26754875,A,AC,-0.00978727980119164,3.12053254625683e-11,1.66114624014864e-09
06,76164589,C,A,0.0209858960399753,9.87984383910658e-19,1.61827904567991e-15
12,102407746,T,C,-0.0333402269088491,1.24478626152159e-17,1.65547424378072e-15
12,102372809,T,C,-0.010720241828955,2.51943811298386e-16,5.96999446641915e-10
12,102328806,C,A,-0.00904988273489339,1.5560781893865e-13,1.01912936670397e-08
08,145001031,T,C,-0.0122880966517032,1.16365424039326e-21,1.96469323643188e-15
08,144852879,A,G,-0.0090975389762461,4.39695952169137e-12,1.77031875214617e-09
11,30443688,T,C,0.013738953755536,1.29783696222104e-27,2.02401891500137e-15
04,122792742,AT,A,-0.0131852429720313,8.95943894726275e-35,2.15103379781496e-15
10,120434096,T,G,0.0126108426717591,2.79217830789734e-39,2.50703771704268e-15
01,184007119,C,T,0.0129191769637488,2.33396771992826e-23,3.15338109056225e-15
01,184433986,C,T,-0.0102971721072977,1.70512638624678e-07,1.21538743012851e-07
X,45634577,C,A,-0.0113622083915201,2.08896719918598e-20,3.15456926815568e-15
X,45307174,C,A,-0.00817378623983703,5.04613707476316e-15,2.56955958289239e-09
03,183976103,C,T,-0.014262620173682,2.05427257946072e-15,3.93459690459951e-15
03,184010048,C,G,0.00880385785176017,2.97922452554005e-10,2.16559327137253e-10
05,179727399,G,C,-0.0127816127556464,1.34703071916076e-32,4.03710246195781e-15
12,122630285,G,A,0.0108938650616819,2.42946189666771e-20,4.09085304828561e-15
12,123087442,G,A,-0.0126616960933334,1.13377060572354e-15,3.08888045484515e-14
12,122357049,AT,A,0.0145482077438387,5.28959506127974e-13,3.38877190253322e-13
06,81829439,GTTGT,G,-0.0113246153337962,9.22991747592055e-16,4.43460645307064e-15
06,81570143,CT,C,0.0310898312991831,7.77870539822514e-13,4.18580932076491e-12
06,81351059,CAT,C,0.00835513210605583,9.5232786654885e-13,6.13292917062459e-06
15,86276000,C,T,0.0124890513104169,2.02886273738724e-38,4.58416875023753e-15
01,21584941,C,T,-0.0126957241426954,7.00302381605978e-33,4.9130787316657e-15
12,103064247,A,G,-0.0133408100183088,3.6006572973853e-41,5.73607455872114e-15
12,102826653,CATAA,C,-0.0284183830307786,7.08611422769413e-12,1.73429428623592e-10
12,103175170,G,C,-0.0241932514972774,6.99712314562677e-12,1.53235467371196e-09
01,118855812,A,T,-0.0134475820051657,2.98969577317599e-27,5.79062603191431e-15
01,56602992,A,G,0.0147972304111807,6.36752176726078e-23,5.88891417074341e-15
04,1012300,T,C,-0.0266047735794632,9.76324561835905e-14,7.33649059333394e-15
04,840616,C,G,0.0103067525014025,2.30930847968281e-12,2.14949999436334e-10
02,233120758,C,T,-0.0210122539733116,2.7035864968589e-18,8.85653836199873e-15
02,232790053,T,C,-0.0100384455336716,1.04256921672356e-13,8.2868613463306e-08
10,81136129,A,C,0.0121671697447838,1.9604313676404e-32,9.07275483353118e-15
10,81228378,T,C,0.0126112322968816,1.35223076860692e-09,2.46578397858896e-09
12,57146069,T,G,-0.0205073784619532,1.02747643459055e-16,1.30125106432862e-14
12,57540848,C,G,0.0103301648639252,4.98816872382244e-12,3.79609243679462e-09
12,56647911,C,G,0.0167961003921323,5.26820465636267e-08,9.42791139864467e-09
10,77210191,T,C,0.0123138958406262,5.4206111737157e-37,1.43117133630474e-14
05,137603293,G,A,0.0149088272890362,1.31236241391244e-21,1.54515441470091e-14
20,47762210,T,C,0.0141550566507732,3.09077482996e-23,1.62662326051634e-14
12,97792368,TG,T,0.0124813266352004,3.01175891980892e-29,1.797544223806e-14
12,97575565,T,C,0.00992429507829381,1.53632242711055e-07,3.69233550645606e-07
12,97764804,A,G,0.0107603660012234,1.63887288766133e-06,1.15822592740948e-06
17,36925750,A,G,-0.012378153604438,4.48264780285963e-35,1.88690568589309e-14
21,39673981,T,C,0.0122589273619643,5.7268607726317e-21,1.95419561332992e-14
21,39235370,G,A,0.00733585804652845,1.38937898008877e-09,3.91482958293172e-06
05,95736560,G,GA,0.0131023367178129,1.32970352291774e-16,2.01011594578548e-14
05,95919191,C,T,0.00857719626331473,3.19062325598597e-11,1.42602620566253e-08
10,70287303,C,T,0.0123722356145967,1.62589519405078e-35,2.0323148886308e-14
08,116631278,T,C,-0.0149526490461977,2.80975646310247e-21,2.15100370600887e-14
09,109565934,T,C,0.0135439016620725,2.68591027518433e-25,2.19178117914093e-14
09,90873653,A,G,0.0116523355050222,3.52741482605879e-23,2.2113543894446e-14
09,90600849,C,T,-0.00895105111829933,1.03481213419675e-09,8.15910257659823e-09
16,4948936,T,C,0.0120908872770452,1.11494011826424e-17,2.37895736830605e-14
16,4631802,A,G,0.0200192241313235,3.59328429727733e-07,4.64037746774586e-10
05,87755411,A,G,-0.0131498929446362,5.69785026930413e-13,2.58168440429464e-14
05,88045029,C,A,0.0172697809648186,4.01070816435775e-09,4.16760280413534e-07
05,88251136,G,A,-0.00907016744803281,8.80800009718339e-14,5.3007838338557e-10
06,36217160,A,G,0.0178374697783373,1.39053607814562e-20,3.19992307784517e-14
06,35737014,G,GA,-0.0109636806492893,1.91445428348174e-13,1.46263744422556e-06
06,36645696,A,G,0.00980803845668218,1.60514200667845e-13,1.55639878384492e-08
X,99882543,C,G,0.0103727894274146,3.37322556365682e-24,3.42781819194053e-14
09,97617103,C,G,0.0111933706272524,3.38803887497403e-17,3.98200117282523e-14
09,98089747,G,T,-0.0188308935515236,1.37408345445907e-08,1.35111606166178e-13
09,97409771,C,T,-0.0079317915409876,9.68637185148456e-09,6.14542897725978e-06
05,134372685,T,C,-0.0137437212327836,6.37607701257389e-17,4.1703617557045e-14
05,134586980,G,A,-0.0103492490964365,7.95029695173553e-20,5.52044725181803e-11
02,223960207,C,T,-0.0134286188075376,6.40617976215669e-24,4.46629091541381e-14
05,88275333,G,GT,-0.0114578631271266,2.28035921445928e-18,4.93847736293309e-14
05,87795525,G,A,-0.0131197342550729,2.88941018847629e-13,8.44060345544106e-14
05,87999371,C,T,0.0175276189625246,6.98473548599827e-09,1.02762208166196e-06
07,93258982,CT,C,0.0120342655584072,8.6006862002023e-34,5.45020267728714e-14
05,131563571,C,G,-0.00967986156383283,6.59063688795876e-09,5.95602611128465e-14
05,131086617,A,G,-0.0113275989142227,3.00641812926539e-07,8.57739886836562e-14
07,50641187,A,G,0.0168513763823409,1.03721679468416e-13,6.08498539186687e-14
07,50877893,C,A,-0.0166543118592009,4.0059946959132e-09,4.3900372906809e-10
07,50930763,C,CA,0.00896940991792437,6.99067380911509e-16,5.69021728249756e-08
04,123832776,G,A,0.0139861889888752,3.39257475948124e-16,6.16130515039923e-14
04,123760527,A,AAAC,0.0222988284409589,4.14947288849473e-08,7.02746834871655e-10
07,139749346,G,A,0.0152807907250539,1.9914283978571e-16,6.56754466363919e-14
07,140244627,G,A,0.00793591349172777,9.65935495771563e-10,1.63624174191158e-06
03,56686329,T,C,-0.0124258390351741,1.29473291978612e-27,6.81804982856576e-14
04,82174165,A,G,0.0135152571094962,1.20003456170046e-26,6.88308896443411e-14
04,81735963,T,C,0.0319215158282637,1.09805339284112e-07,1.80228320426722e-06
01,155174106,C,T,-0.0117008455601628,5.59088413097887e-30,5.49565580880179e-19
01,155661719,C,T,0.0361909258507789,6.4237720298013e-12,6.93847562431448e-14
01,155306195,T,C,0.0266594014361972,2.97488239873717e-08,5.2744647950824e-10
05,77394128,TA,T,-0.0126342587624709,2.70107097961424e-14,7.49676513750568e-14
05,77631634,A,G,0.0104334681219632,8.45893729972431e-10,6.36908600935865e-09
05,77142829,G,A,0.00748170307758524,2.42051908071573e-10,5.35628661469135e-06
19,4910021,A,C,0.0122287487329559,6.92822417317127e-21,7.54953845316727e-14
19,4444742,A,G,0.00868931757577087,7.21574097289674e-08,6.11023272296876e-07
19,4772202,A,C,-0.00776457432632098,1.23880397722107e-07,6.35514396306342e-06
07,127015083,G,A,0.0433072338171201,2.27045763474094e-14,7.92288165109631e-14
12,28657057,C,CA,-0.0130384722303647,2.2432286094538e-24,8.0166210655398e-14
17,29210595,G,A,-0.0207726934650732,1.45639687599813e-40,6.34059556977307e-45
17,29707521,A,G,0.0103019714239198,3.70392196657915e-20,1.02974241191214e-13
17,29285075,C,T,-0.0283882533004031,2.07691427924535e-07,2.35622167703808e-13
11,43878459,G,A,0.0131421854033458,4.91791223227451e-24,1.11452417894026e-13
03,13800722,C,T,0.0115648875509183,3.88797548959524e-29,1.21609311984294e-13
03,14043412,C,A,-0.030224515615011,1.27143509065477e-06,1.99171068191893e-07
08,49407362,C,T,0.01209788520549,3.21562714728187e-08,1.2185916986931e-13
08,49588463,G,A,0.00970070775579859,2.15332478429941e-09,3.57309716715569e-13
07,76568137,TAA,T,0.0144880089963298,4.64677428173029e-15,1.36539080528827e-13
07,77052364,C,T,0.0139671034935732,2.77243430669628e-07,1.04802463803454e-08
10,124131176,A,G,-0.0118911623133465,1.37786693272284e-30,1.61617934750483e-13
14,21538067,A,C,-0.0118914117246079,7.33752296929658e-19,1.75956773473784e-13
14,21924673,C,G,-0.00866819645764939,6.03807119952528e-12,1.07932960141489e-09
14,21892165,A,G,0.00930129599832877,4.57159161997816e-08,2.13128468996479e-08
07,148648835,T,C,-0.0171206161416674,3.60036004990428e-18,1.80459806546739e-13
07,148634851,C,T,0.0100655806685092,1.07380396373305e-14,1.40196745401344e-06
03,85668052,G,A,0.0103395187095248,3.37149460485411e-16,1.86827490345478e-13
03,85168143,C,T,-0.00815561386558549,5.88044171559053e-11,1.45121735445166e-10
10,79659934,G,A,-0.0111000729204215,2.93645181314693e-14,1.87986645285375e-13
10,79572587,T,C,-0.0347439186409553,1.0707868150415e-08,5.04349280257116e-13
12,117396822,T,C,-0.0165266929796632,1.58942143056029e-17,2.04763979759576e-13
02,169721381,A,G,-0.0124638859520938,1.33443391185067e-24,2.2587600377903e-13
12,123593382,C,T,0.0158448236659851,4.25010930560448e-19,1.69060163490821e-16
12,122940191,A,G,-0.0134119545829617,7.50733025505915e-19,1.12162496131749e-14
10,5042294,T,C,-0.0172536100675169,1.61675260038478e-14,2.6857059874079e-13
10,5257647,G,A,0.0117775316838771,6.09839351335065e-10,3.76967010361457e-09
06,126097374,G,GC,-0.0112407361957004,1.03299967620617e-27,2.69461157074279e-13
06,126594267,G,A,0.0162051966954949,4.47730386306804e-12,1.30290893284428e-10
06,126518883,G,A,0.0337719557038636,2.70474293161509e-08,5.80359764011612e-08
02,25458100,C,A,-0.0119783754770322,1.92210105528172e-17,2.70706182107643e-13
02,25017860,T,C,-0.0126726170906987,8.84500378784878e-15,8.72824745711027e-13
02,25935577,G,A,0.0117541948920189,3.20091714123268e-12,9.02241534706687e-11
X,118640330,AT,A,-0.0107260083933257,9.92333632844019e-22,2.85679811161721e-13
17,47027359,G,A,0.0157699134901809,3.47025723593414e-15,3.9440358003303e-13
17,47075915,G,A,-0.0105519663534678,8.61537459580239e-13,1.10003252316216e-06
17,46535345,A,G,0.0131943199915819,1.23953489520861e-06,5.01774044876359e-07
06,105358192,G,A,0.0120473853694425,5.17349786978788e-27,4.10274195449324e-13
04,12881731,T,A,-0.0132698373462082,6.4265250136568e-18,4.28957763865496e-13
04,13182756,A,G,0.00871293669698509,8.39779888516867e-10,1.25467577850308e-06
19,7106909,GTGA,G,-0.015924424070971,2.67226029936229e-13,4.29454829431371e-13
19,7183926,C,T,0.0125296190015346,3.47968479086942e-16,2.26439057312948e-12
19,7118878,A,C,0.0115017425208813,1.03812193276601e-06,3.21095965285996e-08
08,13372120,G,A,-0.0241830605214387,6.4428426712528e-14,4.82573341985997e-13
08,12951025,G,A,0.00766427253158923,8.18212275493444e-14,3.28939448261439e-06
05,55014771,C,T,0.0125455465849664,7.43894774232301e-23,4.99505223699851e-13
08,129224182,G,A,0.0128976988333091,5.71856313354926e-20,5.00443695661026e-13
08,129464193,C,T,0.0148678932543433,1.76867640236752e-06,2.38638784692376e-06
02,33360338,G,A,-0.0109678914142837,2.14923801036138e-15,5.01375103808544e-13
02,33489022,AAAG,A,-0.0214561602588187,5.7543643717119e-10,7.55474725961498e-13
05,127357526,C,T,0.0133909893770448,8.29600949781408e-21,5.02360365806405e-13
12,56364321,A,G,-0.0107885209845885,1.36796248800497e-19,5.59886703211517e-13
12,56636975,C,G,0.0151158380567091,3.98580909557178e-07,6.62784274808484e-09
03,52844733,C,T,0.0168870580115405,2.62757559425395e-14,5.90878326506751e-13
03,53164526,G,C,-0.0189644964161663,5.28564686801416e-08,1.19037664331492e-08
01,150555028,T,C,0.0199753334045749,2.59390175849837e-13,7.61242643879748e-13
01,150186091,G,A,-0.0118778279771609,1.432444282668e-07,1.04148678340833e-07
X,139222067,C,T,0.00951216217598221,1.22300459850709e-25,8.93453240522858e-13
08,57170647,A,G,-0.0298647714611149,4.79649993368806e-38,3.48767972864885e-45
08,57187356,C,T,0.0214094740865636,4.17975765049133e-26,2.82089318491236e-31
08,57665019,T,G,-0.0108351013984609,2.95631579508595e-14,9.97614981102855e-13
11,118595207,T,A,0.0115950441922576,1.89019789169251e-27,1.13091891192359e-12
06,45090977,C,T,0.0116272241491865,2.84207725527994e-26,1.21215808858158e-12
14,103859143,C,CT,0.0121408712216001,1.91759940653469e-25,1.29307078062085e-12
06,34140498,A,G,0.0507045474894961,1.17256227692364e-20,6.08457607388054e-20
06,33641956,C,T,-0.012115827703521,3.74242125300559e-20,1.55612573396113e-12
06,33981907,C,T,0.0466359235265606,4.04062306732493e-11,1.25447919936128e-10
06,26207175,C,A,-0.0199997643101421,1.83161651637884e-47,2.38829333051206e-28
10,27914001,A,G,0.0114183955316471,3.83837021836372e-28,2.00812523389523e-12
16,86417679,CAA,C,-0.0115521096073593,4.62535740940785e-19,2.12826450133538e-12
16,86088594,T,C,-0.00804610754103167,1.40683777019683e-10,5.16739669768281e-07
01,201800511,T,G,0.0117094127186106,9.40278467524203e-17,2.19070163868478e-12
01,202004254,A,ATGGTCACATACCTAAGTATGTG,-0.00917130285380901,8.2892381256795e-15,3.90292771129945e-09
17,21283507,G,T,-0.0122958368550882,8.68073978173122e-22,2.54384263827996e-12
15,74336633,T,C,0.0106717242103235,2.7439671468633e-21,3.05826822817142e-12
15,74163430,C,T,0.0101277284366955,5.00057311753648e-07,1.01121494604079e-07
15,74653374,T,C,-0.0142826631888862,3.32965340387643e-06,8.28748289718615e-06
03,38496193,C,G,-0.0112035912949843,2.05727971263343e-31,3.09012352315045e-12
18,46748042,C,T,0.0116511917619771,8.60745545132291e-22,3.33486384039983e-12
18,46526371,G,T,0.011202588623043,2.49932470985627e-15,2.72494072348015e-11
18,46269568,G,A,-0.0142565124558461,3.88821065682603e-08,1.30173169534817e-08
X,77576633,C,CGT,0.0103826114796464,1.66837997246506e-19,3.69659630902953e-16
X,77770928,C,T,-0.0177976379059588,3.68265411522415e-12,1.99919895296741e-15
02,25482970,A,G,-0.0116437835555647,7.60519323969565e-19,2.22101645932641e-12
02,25975840,A,AT,0.0129662674925823,2.91392727399285e-15,3.76737830434647e-12
04,1341553,A,G,-0.0271376509983313,3.59931195945026e-14,3.48327740778736e-14
04,1699512,G,A,0.0112490132428233,1.36205713716147e-20,3.81634568083603e-12
12,12868701,C,T,-0.0180567748073489,7.9421830024246e-12,3.91176256973057e-12
12,12871099,T,G,-0.0110076720366507,1.48973449752441e-12,2.7055783302115e-10
09,95453880,T,C,-0.0159726206224559,9.30613335688955e-16,4.00252015370213e-12
X,53628625,AT,A,-0.00956575973591822,1.34903414937036e-26,4.23444864127588e-12
02,9770589,G,GCGGGGC,0.0134972482786174,5.84053088600749e-16,4.77672553660726e-12
02,10184287,C,T,0.00798867146537727,6.14906666982612e-12,1.56113845034018e-06
12,69827658,G,T,0.0115418314309739,4.50588727066209e-23,5.12747867276146e-12
03,11630252,G,T,0.0144930496256401,1.34424591964944e-16,5.29487054620601e-12
17,60720058,T,G,0.0112312255161314,9.74419367123331e-19,5.77551557474026e-12
17,60911376,ATTAT,A,-0.00877017922119715,7.61478831603007e-08,9.97893363042492e-07
20,6709838,A,G,-0.0118675622376697,7.40129289759449e-17,6.04822670840446e-12
20,6542634,C,T,-0.0107968649990039,8.29054381030391e-18,4.43638864057894e-11
02,233166601,C,T,-0.0190037243933743,4.03467701088798e-15,1.19629349853519e-14
02,233450824,G,T,0.00901333971913042,4.48634732126807e-10,8.58074148778002e-08
17,38597922,CTT,C,-0.0110470567789857,2.22661002216008e-28,6.42072181722357e-12
05,32831670,C,T,0.00921441604438573,1.05580460308524e-13,6.74915254461021e-12
05,32717228,C,T,-0.00814156525036035,6.37000857490833e-09,4.31376941448581e-10
05,33325863,C,T,-0.00871644964982168,6.65204713589896e-07,8.34812074000141e-08
01,11111976,T,TGAA,0.0162733605434449,6.24436795058889e-21,1.00770817023575e-18
01,10724236,G,A,-0.0106919664929897,4.09451950481818e-17,7.15885607110822e-12
01,10525150,C,CATTA,0.00823003168797017,1.0583529407651e-10,3.64321260733154e-08
02,198950240,G,A,0.010910499974932,8.99947843235528e-31,7.34904125110802e-12
05,171037919,G,A,-0.00950372940509589,1.66593488873867e-07,3.69733983971583e-06
07,121964618,T,C,0.0108193045721872,5.04069661221077e-17,7.75383110754731e-12
07,122462217,C,A,0.00875968244042665,4.54941239492694e-07,6.87203685848727e-07
15,38380787,C,T,0.0114298550678736,6.21855568942535e-24,8.02753061835624e-12
11,9399731,G,A,0.0110880775185768,6.54802806463895e-26,8.50112915106877e-12
11,47728617,G,A,-0.00948586928275535,7.4252853362323e-14,8.62217230866799e-12
11,48156722,C,CT,0.00856494359852927,2.15512811909794e-10,1.11244331568904e-09
12,980925,C,A,0.0133568132440967,1.45008143857133e-13,8.72943828476426e-12
12,589872,CCTG,C,0.00960723755129781,4.60872851550405e-16,1.87089266044046e-09
01,22492613,A,G,-0.0135218390032665,8.52743827675343e-11,8.79105117312209e-12
01,22459754,G,A,0.00850492815837058,1.12822754752874e-15,1.91820416051914e-10
15,41970964,C,CA,0.0155721634984026,2.37548316243906e-12,8.93942538560275e-12
15,41558688,C,G,-0.0140705704330308,1.7436783853554e-10,9.98653975018446e-09
15,41749676,T,C,-0.0245216388227115,9.94679975554211e-09,5.75129636650686e-08
17,29041115,C,T,-0.0242990248744149,4.26438724028009e-44,1.53204583300598e-27
17,29037339,G,A,-0.038033921846709,1.14979039603357e-19,1.74460470485868e-14
X,82016216,CTGCCTCGACAGGCCCCGGTG,C,-0.0115089346740446,2.2034116375504e-21,9.96800810139908e-12
X,81657453,G,A,-0.0194595891685489,1.57230840544243e-12,7.2241434341001e-09
10,126290498,G,A,-0.0107185857029445,2.45417173286013e-21,1.11890653027195e-11
10,126675759,A,AAGAT,0.0122574486013281,8.54124605359141e-09,1.63824943606074e-08
11,69303727,T,G,0.0113777767539825,1.11370915539653e-17,1.15858554610132e-11
11,69797119,C,T,0.0113802963905427,2.24397885250436e-08,8.98252362923468e-08
11,68826317,C,T,-0.00822583552248453,4.26363357044076e-10,8.11035538274522e-06
12,20537380,A,C,-0.0107555059256537,1.59040335262059e-15,1.19690924424738e-11
12,20804160,C,T,0.00818070587611151,8.41738225231992e-11,6.25074099483985e-08
14,68669308,T,G,-0.0155884176722915,4.24084495377774e-15,1.23222611821077e-11
02,69378070,G,C,0.0155503802708772,2.74667508919916e-15,1.24685432074674e-11
22,40611012,G,A,-0.0115894024621829,1.6094616244897e-21,1.2660578773287e-11
03,49930101,T,TA,-0.0125426896832755,7.15953344863448e-39,7.33556099536509e-16
03,49463700,C,T,0.0247084145594333,4.96638909820597e-09,1.50478472649555e-11
12,131610065,A,G,-0.0116331240568593,3.89621200461731e-20,2.00349235289089e-11
14,93112924,G,A,0.0138375023081903,7.7723957170364e-14,2.0094905852975e-11
14,93406232,T,C,0.014803778182328,2.88673012383376e-07,6.68103064540561e-11
14,93407301,C,A,0.00782208124320514,3.95478421105825e-10,1.01588745234694e-09
01,32393560,C,T,0.0154126895501056,3.39169352756415e-12,2.15286119454689e-11
01,32128283,C,G,-0.0088820410573112,7.41304438749718e-17,3.00646251490649e-08
12,65964357,A,T,-0.0124390212051957,6.08628745440798e-14,6.64785946661452e-15
12,66212017,C,T,-0.0162221995187812,1.80733321028403e-23,6.95613606657086e-15
12,65724221,C,T,-0.00856492166138848,2.8781585836225e-08,5.08288609477666e-09
22,30365780,A,G,0.0107260234520741,4.97979280539311e-26,2.76251294901757e-11
12,9064133,C,CT,0.0109675321912571,8.83124193833348e-28,2.76300484385232e-11
02,85818273,G,A,0.0115253666473783,3.58336601732628e-20,2.82686955144399e-11
19,3417166,A,T,0.0107144066010766,2.23896030906557e-21,3.02728889993439e-11
19,3290816,G,A,0.0115074878567515,2.7567286938371e-08,3.90561170799536e-06
19,3348608,T,TTTG,0.0252930783158796,3.23285998466242e-06,2.07153874312197e-06
02,20143831,A,T,-0.0317250797468874,1.11455007413402e-11,3.17536634070755e-11
02,20600634,CA,C,0.0233783576018639,2.23086274371495e-06,2.6314488866617e-06
11,18664241,G,T,0.0120976708720096,8.05183213363321e-18,3.6420431735283e-11
01,65298971,C,T,0.0511775905719982,1.82347254619244e-11,3.75558762089239e-11
02,44956340,G,A,0.0141102475710036,2.95856432245484e-14,3.85288303401586e-11
02,44462133,A,T,0.0109166357884196,3.40032171705465e-10,1.1811753582696e-07
X,133680547,A,G,-0.00913184601901358,1.13023162521915e-18,4.0930305911913e-11
01,8015560,A,G,-0.0111606053612052,7.9653804978919e-15,4.24018603735886e-11
01,8412935,C,T,0.00721630694682082,7.11431245491092e-10,7.51610974956364e-06
16,14380768,C,T,0.0109087640196344,2.24182147145082e-22,4.25141317901078e-11
16,15147788,A,C,-0.0113515141356469,1.13025811474977e-19,4.35967185493374e-11
02,46654831,A,AT,-0.0107352311811897,5.20181804726435e-30,4.75162633477255e-11
17,76739141,G,A,-0.010149718448559,5.59808567085853e-23,4.84853102983604e-11
17,77182206,T,C,-0.0103258359419538,1.14626111359113e-07,1.2840446551061e-07
11,2665357,A,G,-0.0337093009396643,-99,1.93479345966153e-10
06,34204286,G,A,0.129566141667297,-99,1.05939241654248e-14
06,34552736,G,A,0.0667067994572941,-99,1.11085770552896e-55
05,171224403,A,G,-0.0189589508468525,-99,5.27072547926728e-09
05,171281875,G,C,-0.027159600178042,-99,1.49976400757161e-16
02,233585299,G,T,-0.0237804464719638,-99,1.69350828390521e-12
