chrom,pos,major,minor,beta,p_value,gwas_p_value
16,53806453,A,G,0.0377375764955315,2.04100517017049e-140,9.04748315489597e-61
01,149906413,T,C,0.0283400248059318,3.80741051255243e-79,9.64727658094048e-41
01,219762581,C,A,0.0290294899283338,1.7794354645875e-55,1.85147797827969e-31
16,28825953,A,G,0.0266587263730752,2.76813165642454e-71,2.63706551667956e-31
15,84591575,G,A,-0.0213603695631198,3.96883887754466e-27,5.10719329487538e-31
15,84498945,G,C,-0.0154449796221911,1.91090193082869e-12,1.873633561975e-22
02,417167,T,C,-0.0616552685123375,2.79951528495461e-34,1.73997235682411e-30
02,632789,CTTG,C,-0.029445142810527,4.37050369463048e-31,2.00108221862269e-21
18,58024670,C,G,-0.0835972530279229,7.75068168641013e-26,2.32843687915692e-30
18,57824038,C,G,0.0226538034051448,1.65702923649305e-18,1.27487757676632e-25
18,57955945,T,G,0.0143101041528946,8.5525837275757e-13,5.6071870165202e-19
02,165508389,C,T,0.0262642244910924,8.74756288182046e-70,2.83344802433823e-30
01,177889480,A,G,0.0313921680124351,2.37579897118189e-44,1.13895780597277e-29
11,47646640,AAAAAAC,A,0.0257581484909097,1.32692411928928e-67,2.26521880490958e-29
12,124409502,G,A,0.0220165331626419,4.28788664765744e-23,2.69279311301684e-27
12,124508758,T,A,0.0192093412840487,5.76049049389729e-23,1.36610882517577e-24
02,227062080,G,A,0.0235453413667767,7.45005775967895e-37,5.90818787171804e-26
02,227228613,GGGAGGGAGGAAC,G,-0.0137740746609633,4.16172684300471e-11,2.30561828094504e-11
03,12386337,C,T,0.0319059009002758,2.82896812245453e-25,9.6326560980683e-25
03,12441088,T,TA,-0.0224101219244838,7.83247487776394e-15,3.29884560316721e-16
22,38601430,CCT,C,0.0232640405785507,3.64020840048251e-57,2.45949158736295e-24
06,34735883,T,C,0.0283448999600553,7.24019562700942e-36,2.88883335908284e-24
06,26211146,G,T,-0.0225713396758371,4.96940106916102e-22,4.59478109642163e-23
06,26543649,CTT,C,-0.0143556915790215,1.08312850417939e-14,2.67637211834983e-14
02,25158008,T,C,0.0238399041070662,6.84120685213333e-45,2.29892217637966e-22
02,25458100,C,A,-0.0150495543665096,5.19841389684901e-12,1.65082759323381e-06
09,15911745,G,C,-0.0219696414168454,2.9576287955227e-51,6.15878949636854e-22
12,50256063,C,T,0.0221139763580363,4.66704382203065e-44,6.34116914306026e-21
19,34019403,GAC,G,-0.0192062149175708,9.52048476781356e-33,8.33026334769423e-21
19,33883983,A,AC,0.0207150883540174,8.14570377765781e-10,7.18524902096665e-14
11,27722298,G,T,0.0204544662857176,3.81781304143961e-26,9.89164748652013e-21
11,27503936,A,AT,-0.0151396771488726,1.8163877232756e-15,7.58119156814987e-13
12,122963550,C,T,-0.0326706398073318,1.42698905388409e-18,3.48249144413001e-20
12,123160886,A,G,0.0185790157992889,3.90636047337931e-09,7.35097245945674e-10
12,123425575,C,T,0.0104182190602523,1.67441891089687e-10,5.11785901304746e-06
10,96012950,G,T,-0.0205411429783906,2.4292309995344e-45,2.32264007884612e-19
04,45182527,A,G,0.0204101771890674,1.6361316339041e-46,2.69894103025727e-19
08,116671848,G,A,-0.0222507972799334,1.68685400767838e-23,3.38279971930304e-19
08,116429199,G,A,-0.0100331167206981,1.38870229858294e-10,5.94034754761178e-06
19,18207397,A,C,0.0165253882479784,1.35449328349035e-12,4.9607756610126e-19
19,18402142,G,C,0.014804464174127,9.73409234681779e-12,3.4392633894603e-18
19,18460956,G,A,-0.0119417534048622,1.73265246497221e-07,1.22533892274133e-06
10,72416408,G,A,0.0226956901357996,8.63439093146558e-32,7.12340235937134e-19
17,65842016,A,G,0.0252364739375274,5.01133097296621e-24,1.43439789738998e-18
17,65398238,G,A,-0.0134825442918688,1.23555916165592e-08,2.56833364141345e-06
01,149995265,G,A,0.0293587989087285,8.122454281505e-80,1.04816870300909e-40
03,141180097,A,AAGAGGCTGCTGGCCTC,0.0194592827415661,2.51986359105794e-38,3.68029882844432e-17
05,75015242,T,G,-0.0196718988373337,3.05342791246748e-34,5.89007807833445e-17
17,42290015,G,A,0.0223062545878434,8.45798850141988e-27,5.90189374261386e-17
16,69551467,T,A,0.0190341165704654,1.61293662399407e-38,6.10120728342705e-17
16,69202908,A,G,-0.0286076102889208,5.35691921217143e-06,2.00160552111685e-06
12,120907309,T,A,-0.0478019584180454,4.04397070324521e-18,7.83286773202148e-17
15,89415247,C,G,-0.0212367979238931,5.82616100303846e-28,7.95203717116372e-17
07,130445847,TA,T,0.0186740681117943,5.26837808010258e-46,1.70502979379738e-16
04,89711849,T,C,-0.0183102575324152,1.0831605171359e-40,5.58792887087631e-16
05,55796639,C,T,0.0236591413124094,2.50353960482018e-26,7.17728715853957e-16
05,55860907,GC,G,-0.0224017406945914,5.56666804732174e-17,9.39853785877993e-11
19,8670147,C,T,-0.0503742853043249,5.24711500536635e-17,7.59270511311865e-16
16,4015729,T,C,-0.0180722316833897,1.96813882757952e-22,1.54635885621259e-15
16,4298901,C,T,0.0128307585683147,2.26488838849724e-07,1.66406927755898e-06
16,3627358,C,T,0.0117269514505562,1.49541479358602e-07,1.48614762163885e-06
15,68060389,G,T,-0.0231791339061721,6.13891016967208e-18,2.2060431530538e-15
15,68290946,G,T,0.0118109877036179,7.50209943168625e-15,3.44068542209219e-07
14,79890677,C,T,0.0215443511268788,1.2250976562041e-18,2.58156895563523e-15
14,79522736,AT,A,-0.0107796022922952,8.2474069831366e-10,2.058665660298e-06
07,2912928,T,C,-0.0191945359772287,1.12109574687823e-23,4.39552692179557e-15
07,3125220,C,T,0.0159528791645903,1.36253854445666e-07,6.65849712115262e-07
X,31854782,G,C,0.0154488776590143,7.23369534588732e-25,5.09874289219707e-15
06,50935513,T,C,0.0236075727004273,1.00143653374372e-20,5.45589069210003e-15
06,26337264,G,A,-0.0214768114108023,4.17003953332459e-23,5.09897919946279e-21
06,26604140,C,T,-0.0147940287986815,1.3819952520571e-17,2.13051787909536e-13
05,157996026,T,G,-0.0172726984728338,2.18592171773941e-14,2.27096544547487e-14
05,157973344,C,CTC,0.0135819609431023,8.52113582754459e-10,2.67319505342412e-11
04,73549559,C,T,0.0336949931139328,4.96728002053203e-16,5.80935088078329e-14
19,46183031,A,AT,-0.0221834921611875,1.44913304713241e-19,8.27425391145823e-14
04,103188709,C,T,0.0318732274270733,1.04277690341838e-15,1.023842865606e-13
03,150066540,T,A,-0.0357505264814105,3.30791407555292e-15,1.3338076430016e-13
06,105390782,CAATT,C,0.0179075213883319,4.30735009003426e-25,1.43872374425065e-13
18,40788387,G,A,-0.0174149859532026,5.78503366136361e-26,2.17797196611464e-13
11,43669653,C,CA,0.0177229361141671,9.30946106396352e-17,3.24751482117847e-13
11,43551572,G,C,-0.0121081000507167,3.31011016571796e-14,8.42426082774377e-08
08,73449940,A,G,0.0181964723055472,6.48295307974445e-23,3.91929229688852e-13
17,44566824,TTTTG,T,0.0188957122131349,6.96752750398571e-25,5.19952289710126e-13
01,110147321,C,T,0.0542283308119999,6.66639946378687e-15,5.92670515724089e-13
01,110119732,C,T,0.015721701123455,9.75886851710223e-11,1.51908701310321e-06
12,89776845,C,CT,0.0149472326672684,5.19991202918901e-22,6.21274169947241e-13
12,90136912,G,A,-0.0136632602213575,1.65327219756895e-09,1.33082863020811e-09
19,45424351,A,T,-0.0186850422744228,2.12151533699748e-14,8.97470230149808e-13
19,45412079,C,T,0.0252483761694946,5.22035250755295e-11,3.26596303165138e-12
05,87969937,T,C,0.0237310644416729,4.47238603789347e-15,9.44267685807501e-13
05,87712913,G,A,-0.0141061786081272,1.1084322441548e-10,8.29645727821664e-08
01,62483623,A,G,-0.028832556929805,7.39818634415177e-17,1.61696852537424e-12
01,62579891,G,T,-0.0227459670582271,7.35071951167204e-10,9.03024858175049e-08
01,62798669,T,A,0.01036582054753,2.58251586172259e-11,3.79368693866913e-06
04,56269683,A,C,0.0159897116193503,2.44715431743377e-31,2.29408214818028e-12
X,8913992,T,C,-0.0147887065673719,7.92272274146442e-18,2.32698635774846e-12
13,54102206,G,A,0.0222738225178316,1.406968222679e-12,2.71958232453708e-12
13,54372377,A,G,0.0159509529114306,5.44725479090991e-11,7.93038664297987e-10
22,42176917,A,T,0.0194895261580644,5.93084361252457e-18,2.84685206099222e-12
06,40362023,T,C,0.015798308629722,8.60797265210702e-30,2.94354627238029e-12
08,126482077,G,A,-0.0157015824832452,4.12920274642364e-33,3.13067143390621e-12
01,78450517,C,A,0.0240646073101707,2.51967433444682e-15,3.40588869230017e-12
01,155175089,C,T,-0.0477828928025705,7.48158370980406e-11,3.67299179010318e-12
01,155038176,C,CTTTATTTATTTA,0.0120053757602754,3.57097194569386e-18,5.99542105164253e-09
01,203519648,A,G,-0.0158953234639215,2.73594539569703e-30,3.99605106898041e-12
16,89535888,C,T,-0.0198859320885494,2.59653536670343e-11,4.34779312472808e-12
16,89356864,G,T,0.0141141877423665,1.99608498441355e-11,1.5247804855455e-10
01,16706255,GT,G,-0.0156573398575452,2.08492304521148e-25,5.3839673107178e-12
01,16845368,C,T,0.0426652919747984,2.75025485255824e-06,2.65044722116907e-07
12,54420098,C,T,0.016169315557585,5.80950491693142e-24,5.62927724238972e-12
09,28412223,TA,T,0.0168953804784731,7.31069638328023e-22,5.75794410055935e-12
05,82815158,A,G,-0.0389545280566288,7.05202909777663e-13,5.82437637027563e-12
11,66951966,G,C,-0.0332648520807109,1.89078924844094e-13,6.12910249439148e-12
12,108090518,A,G,0.0152422515957272,5.48784197371699e-23,8.43940711132081e-12
12,108558344,A,G,-0.0250859150547597,4.75613857510519e-07,2.31730570254659e-07
04,100239319,C,T,-0.0520457523944403,3.02902803331719e-12,9.95390047097753e-12
17,1837168,T,TA,-0.0212232308573953,2.07902304319527e-15,1.31771977295983e-11
02,69629030,CT,C,-0.0156488921804208,8.38787992702904e-27,1.3288582926597e-11
03,49311131,G,C,-0.0152500096023474,1.49350102226396e-31,1.40838423715675e-11
07,27243221,T,C,0.028954625727064,3.58652330986239e-13,1.49106428465555e-11
12,123097023,A,G,-0.0172149958696277,1.03455350160947e-13,1.05893564193903e-14
12,123189794,T,C,-0.0141371790540349,2.83858497999726e-11,4.33573576621894e-12
03,70656304,T,C,0.0159783947807766,1.06351180081655e-21,1.83061753750487e-11
01,170705685,C,CTATATATATA,-0.0157878864083785,4.88328786864026e-24,2.4043172128632e-11
05,51090842,C,A,-0.037019982858585,3.9916149263022e-12,2.98240951943932e-11
02,58935282,G,T,0.0154930086667478,1.0019870738737e-16,3.11452618758704e-11
02,59291172,G,T,0.0156866324489055,2.04708321516568e-12,3.69887383943203e-11
02,58489150,T,C,-0.0122436387314362,4.24619361196277e-08,9.35883501456066e-06
16,4949528,T,G,0.0157372629046023,5.40380375089848e-22,3.49832186841612e-11
12,90336002,ATT,A,-0.0182940943314416,1.83882754366802e-17,4.17923812489778e-11
03,41308348,T,C,0.0149283439541688,2.06931442292683e-28,4.77989704596794e-11
11,130719075,A,ACTCC,-0.0148343040464998,4.23253876915472e-18,4.93660046855295e-11
11,130280725,A,C,-0.0119051902442455,2.3448217761908e-10,2.02083840246274e-07
01,113117213,A,G,-0.0189042471794952,4.15059239720419e-13,5.04660992795632e-11
01,113483900,C,CT,0.0125347844970244,2.55418910599531e-16,3.30077332434557e-07
06,126989258,TTCTC,T,-0.0331880575302366,3.44865876666718e-09,6.89818069477227e-11
06,127454893,G,A,-0.0265309380295349,1.7985782814612e-07,3.72232839152686e-09
19,9999117,T,A,0.0146713149363559,6.05030616083081e-29,7.23280039752441e-11
03,138122122,C,T,-0.0200715934020096,2.7812435707915e-14,8.2521656967443e-11
11,134477893,G,A,-0.0178448388588813,5.30737399577735e-13,8.28739736675153e-11
11,134575547,T,C,0.0254807309808743,1.67774954187169e-06,2.22939245585466e-07
03,196937941,TTA,T,0.0206794705232464,4.77787275184346e-14,9.15127803239516e-11
15,100692953,G,A,-0.0254689975818469,3.33550980041205e-13,9.5576194305675e-11
15,100509976,C,A,0.014590425660584,2.58477816762416e-18,9.89584928548592e-09
15,100764127,G,A,-0.0125710313790583,1.49104102418894e-08,5.28569707730559e-07
01,150346106,A,G,-0.0648789025642569,-99,5.39049535334749e-18
