chrom,pos,major,minor,beta,p_value,gwas_p_value
16,53806453,A,G,0.0510076305455514,2.99540866692792e-277,3.98990945562904e-119
18,57829135,T,C,0.0436442760584725,2.19321155202699e-104,3.09630901402806e-71
18,58036384,C,T,-0.0830990451975885,1.80732656680253e-28,4.40253532334787e-33
2,417167,T,C,-0.0756275509928058,3.56253261516812e-55,5.56324093971057e-49
2,632536,G,A,-0.0376311148332439,3.02365908492373e-54,3.28167557101839e-37
1,177889480,A,G,0.0367033630952764,3.91159474665548e-65,2.46249219097407e-43
11,27701365,G,A,0.0226095691439485,1.7046216376126e-32,2.02941597902884e-30
11,27679916,C,T,-0.0219215903884526,3.01636164939905e-21,1.029111911941e-25
5,75003678,T,C,-0.0245911012212026,8.3121236974809e-64,9.36159484125807e-29
16,29972465,C,CA,0.0253820501817588,1.30329608256596e-70,2.06784723663849e-28
6,50787576,CGAGGTGGGA,C,0.0368597803922169,4.15877759909914e-38,8.06304613321242e-28
16,28913787,C,T,0.0237475000877243,7.45766079690533e-53,4.95715746498796e-26
12,50263148,G,A,0.0213996410376639,2.06249546573553e-47,8.05250201823487e-22
4,45182527,A,G,0.0199747004424489,1.87307786407008e-48,4.66048429706957e-20
16,4015729,T,C,-0.0203882176169761,3.01873006670794e-43,4.66919156217989e-20
6,34692474,CT,C,0.0270396486224551,1.96383038761814e-22,4.67572222195495e-20
19,46182304,T,A,-0.0248732723352881,1.42445431507721e-28,7.69734973975903e-20
6,34650934,CGT,C,0.0270611881693433,2.59322133730939e-22,4.72319408337758e-20
19,47556375,TG,T,-0.0217711940964577,1.91601619303766e-29,7.27410385944591e-18
2,25195577,T,C,0.0219133201626474,7.39099686911282e-26,4.06036326824167e-17
6,40369081,C,T,0.0190687408943828,2.04243940991537e-32,6.9583522673005e-17
1,72812324,A,G,-0.0180900040827186,2.76514229668776e-36,2.5096375610518e-16
16,2160503,T,G,-0.0235950038145679,3.47729327841426e-22,3.69344549281084e-16
11,43878485,G,A,0.0192734122861969,9.96118713993366e-28,7.14123048024351e-16
6,108876002,A,G,-0.0180139635380314,8.82333641941708e-33,7.35589104408817e-16
5,87682877,C,G,-0.0195772041099333,4.31393337060462e-19,9.40255585099453e-16
5,87969937,T,C,0.0194664838862819,6.20940120268315e-12,6.78509239750105e-12
9,28410683,T,C,0.0184140803512465,1.17067614089569e-29,1.28596238460182e-15
8,73443198,T,G,0.0190085912165725,6.41006880488843e-27,2.33309814977264e-15
16,4907352,CA,C,-0.0174073182481761,4.27123325874403e-44,2.65745745312488e-15
19,45392254,C,T,-0.0226203949199865,5.87112881842799e-21,2.94219056146642e-15
17,44191483,A,G,-0.0182116632248806,9.11479395221618e-29,3.45046945399384e-15
3,156795468,A,G,-0.0173967776171174,1.90031997678343e-33,3.9669316480567e-15
19,18207397,A,C,0.018010261985215,1.2219407402665e-29,4.22840793509385e-15
14,25932585,G,A,-0.017930230242546,3.10194287185246e-27,9.33714434210495e-15
1,78450517,C,A,0.0256444981506888,1.30936562570518e-18,9.60209123080236e-15
12,54420098,C,T,0.0172174655666606,3.27361390479289e-29,2.12872219441935e-14
11,47723540,A,G,-0.0165285604259553,9.90425911345342e-34,5.57462440629074e-14
11,66292363,TAA,T,-0.0330996464653575,7.66388568282954e-16,5.68739008687616e-14
7,76686511,G,A,0.0259898434428252,3.40817009209413e-18,6.08100630761554e-14
19,1850165,T,C,-0.016099894381602,5.11313744014214e-35,9.30960521193404e-14
19,30272202,G,A,0.0171766986836708,5.30891787834729e-26,1.04111124679465e-13
20,50951298,A,G,-0.0204323598377481,1.92120744099886e-19,1.22539399031019e-13
16,69551467,T,A,0.0162881473782718,5.23744568566098e-32,2.20600209239554e-13
3,141180097,A,AAGAGGCTGCTGGCCTC,0.016103043275355,5.02922092627179e-29,3.52605231666926e-13
14,79890677,C,T,0.0191650552245868,1.26180832447216e-19,3.9335695094495e-13
17,46270606,T,C,0.0312698353630758,7.60894331005525e-15,4.6240361440971e-13
18,21109466,G,T,-0.0132072447692828,8.12181248240037e-17,5.01123025114783e-13
18,20707972,GT,G,-0.0158535727331971,8.54330821137535e-10,1.01610017114883e-12
17,65960854,T,C,0.0197548872624091,4.18193056990038e-19,5.65131300345147e-13
12,120907309,T,A,-0.0395030448236148,7.05391431716359e-14,6.43410774458562e-13
12,991306,G,A,0.0189616344478496,5.3639861337697e-19,6.61647476025085e-13
3,185826740,G,T,-0.019825865980208,7.71179076130739e-18,1.09498318295232e-12
13,54104968,C,T,0.0230685926039572,5.61597729630434e-16,1.20417847272311e-12
10,21821274,G,A,0.0164744699098031,2.40757204030673e-23,1.21001055976785e-12
6,51796751,G,A,0.0161569164950792,1.91162237255113e-23,1.80993556686939e-12
3,49642946,A,AAT,0.0157940030478884,1.18439662649177e-33,1.92192884101736e-12
6,34205465,GGAGCCC,G,0.058707178560014,-99,5.21404754002333e-18
