chrom,pos,major,minor,beta,p_value,gwas_p_value
16,53806453,A,G,0.0524118327710277,5.56659104057692e-287,2.81040875456852e-123
18,57829135,T,C,0.0548546397454591,1.22881209633346e-160,2.22018236588088e-108
02,417167,T,C,-0.0861927355550558,8.27950493139886e-70,9.52341956167083e-62
02,632536,G,A,-0.0453136215879539,2.15644631754382e-76,2.82755230252165e-52
03,141105570,A,G,0.0346566170556288,1.29651810288651e-144,2.62902806836794e-56
20,34025756,A,G,0.0344821382621438,4.82013624443181e-125,1.61697749055048e-54
01,177889480,A,G,0.0416361949681852,1.02039759425252e-81,3.41938600971267e-54
06,34552736,G,A,0.0467685604988429,7.46824035499174e-62,9.3670290381715e-54
06,34205465,GGAGCCC,G,0.0346812710385244,7.52257744432253e-25,3.25180335909713e-25
12,4384844,T,G,0.115616683179882,6.09494472231395e-46,1.08530437091579e-43
01,78450517,C,A,0.0443400634847813,2.26188326437586e-51,4.82923812723106e-40
05,75003678,T,C,-0.0277776332758659,2.19050521833784e-79,1.46395769482497e-35
06,26180634,G,C,-0.027287673626132,1.12222693332957e-31,1.74456212479386e-33
12,66351826,C,T,0.0263999697916742,1.04541882078124e-95,2.13044455193572e-33
12,50263148,G,A,0.026951141063509,9.88715738587972e-73,4.30371470683496e-33
11,27701365,G,A,0.0234182248804876,4.12217188176184e-34,1.23640984084463e-32
11,27694241,G,C,-0.0246947642032277,8.68548780825602e-26,3.25602098132207e-30
16,29972465,C,CA,0.0274180573878525,1.55791353751563e-80,3.99323676802425e-32
06,130384187,T,C,0.02697094791447,5.56151466632892e-56,2.28742216676979e-30
07,92253972,G,A,0.0264788848637423,4.58713063845936e-57,5.77518628625526e-30
13,51099616,C,T,-0.0279935515291747,3.03681079699388e-40,7.45503700646339e-29
13,50655989,G,T,0.0773760746496107,2.76340553103879e-22,5.44710650237449e-24
07,2859847,G,A,-0.026450613891172,2.19724370721874e-52,1.00899010364223e-28
16,4015729,T,C,-0.024868182336748,2.84825211150792e-62,1.58465901975659e-28
16,28504181,G,A,0.0243550870827796,1.74643451034889e-66,3.4034456674256e-28
06,50787576,CGAGGTGGGA,C,0.037141376266132,5.97371790856817e-38,1.1391649553393e-27
06,31610479,C,T,0.0256616253558756,2.37756462873684e-28,3.03732375531275e-27
06,31119869,C,T,-0.0158391500160708,1.69093594979036e-19,2.44320408908135e-18
08,57112046,G,A,-0.0348093473665861,1.26810779123102e-30,5.27622710665813e-27
08,57136197,T,C,0.0157424332993413,1.25619741424435e-13,3.86610148711126e-11
18,20707972,GT,G,-0.0251947841724977,4.69414754220754e-22,5.03194774693364e-26
18,21109466,G,T,-0.0132741127728215,1.12319983380466e-16,3.9809847001321e-15
12,123024476,G,T,-0.0374091444351313,1.95842400814109e-25,5.35244028628408e-25
12,123160886,A,G,0.0223116359930822,1.34953565390465e-14,3.41471799084597e-15
13,51064533,CCT,C,-0.0246275040023873,7.22951111927756e-37,2.43740154168361e-25
13,50565104,ACT,A,0.0768095213638591,1.07502643870072e-22,1.32525639468879e-24
04,145718861,GGTTA,G,0.0188097431567898,7.49063473263959e-37,2.14064263250639e-24
04,145574196,A,G,-0.0249479018985545,7.51280785198267e-18,4.3113466547789e-22
06,108876002,A,G,-0.0227626702627144,2.39268449178202e-50,6.24772193981473e-24
11,66872320,C,T,-0.0437673034627709,1.22225962364879e-26,2.0249230240728e-23
17,29206421,G,T,-0.0267160384393923,7.09705775491742e-38,2.04598886981929e-23
02,27730940,C,T,-0.0219321355636302,2.44760956752335e-50,1.04776412915212e-22
19,47556375,TG,T,-0.0249449857859403,2.01170782993199e-37,1.52614152651349e-22
07,150668070,T,C,-0.0222203579390177,7.05621963569271e-46,2.28387585175837e-22
14,61108825,A,C,0.0216205193088271,2.24723580609668e-49,3.05363888588639e-22
05,122699198,C,CTA,-0.0211464539390892,2.61069248494018e-57,3.82941972073273e-22
04,45182527,A,G,0.0211202514250136,5.96298596012676e-53,7.71006062303376e-22
19,46182304,T,A,-0.0263445811073099,2.85836069903791e-31,1.18155425026166e-21
06,41909521,C,CCG,0.0420476995851773,8.06763962794778e-24,1.18236623872372e-21
06,41903798,C,A,-0.0753340444857499,1.92313642919196e-15,3.75939973437292e-16
06,31351522,C,A,0.024666045929106,1.73319163581293e-55,4.13615994586961e-27
06,126704795,C,T,0.0208188168929901,7.06010534794454e-52,2.89343087792437e-21
06,19839415,C,T,0.0458401425166227,8.98356108694336e-23,1.10587362476702e-20
12,120907309,T,A,-0.0513906549960189,5.20078748737722e-22,1.98352003083208e-20
06,152168974,T,G,0.020365509745028,1.67277415837811e-52,2.28552414979631e-20
06,142716286,G,T,-0.0219008299382334,3.01957637554144e-24,3.57777645940506e-20
06,143187255,CA,C,-0.0130335740777191,1.26459987682598e-17,6.27166364382184e-10
16,2160503,T,G,-0.0268222942707115,2.53540368675958e-24,3.93533909240986e-20
16,2266173,T,C,0.0171446504490445,5.14120539436722e-19,1.04043265020531e-12
01,154989823,T,TGGGGGCAGTAGAGGGGGCAGTAGA,0.0228313929689243,1.97809008389247e-33,6.37897055879481e-20
03,49959570,C,CA,-0.020055656146447,2.56673561025705e-53,9.5724524256862e-20
X,78655777,G,C,-0.0169835875241957,6.21286035026752e-34,1.28924758559395e-19
06,29355148,A,C,-0.0216770193688664,5.62362316043451e-35,2.75946794157387e-19
14,25931404,G,GTC,-0.021000621189398,4.60176657376781e-36,2.94986671455346e-19
09,119129257,T,C,-0.0243896865904363,7.09293391897546e-28,3.86341029111231e-19
19,8670147,C,T,-0.0540144553254005,1.58856547023782e-20,4.21733436218425e-19
02,56106928,C,T,-0.0233389786984457,2.38069009537918e-29,4.60541502966584e-19
04,17956213,T,TG,0.0175045589497503,5.04860535748927e-15,4.6558803185567e-19
04,17937983,G,GAA,-0.0235437827361696,2.95204851403305e-17,1.72463494238391e-18
04,18339947,CCCATG,C,-0.0150867464529542,4.59087233793728e-21,2.48720184983344e-09
08,135637337,C,G,-0.0198036597964936,1.66806946793728e-41,5.33904280055464e-19
19,30286450,G,GA,0.0209209959098229,2.76704406393509e-36,6.43431049862583e-19
20,50951298,A,G,-0.0246584245730818,4.45059838950211e-27,6.98857484095212e-19
08,126506694,G,A,0.0200601223254623,7.34624497982785e-42,9.68800777924691e-19
05,87682877,C,G,-0.0223931707010585,3.38210115023361e-24,1.3492847546441e-18
05,87949118,T,G,0.0219057763386969,3.67341008168795e-11,2.24894743375298e-11
20,33430974,C,CA,0.01761068047079,3.52439900125369e-33,1.25157960128878e-21
20,33132917,C,T,-0.020792671235475,8.12844336326574e-15,8.35167269353254e-18
16,4946794,C,A,0.0192599702271841,2.148279228242e-43,2.58134337390418e-18
08,116659731,C,T,-0.0218588461790199,3.36632157085033e-20,2.64832708177935e-18
08,116639462,T,G,0.0137463213101577,6.1693423985817e-18,2.3044730329338e-12
20,32287917,C,T,-0.0190028541042491,6.04514239676714e-21,3.38418868288155e-18
20,32542814,A,G,0.0168090358013243,8.25054704940603e-22,6.08298843240578e-17
17,65854602,C,T,0.0245263267553623,5.44728669691807e-26,4.10374475783815e-18
11,43878485,G,A,0.0208915180648309,1.06772816494734e-31,5.17796087351793e-18
13,54107352,G,A,0.0282624834210611,7.22422935501624e-23,5.93969836652888e-18
14,79937216,T,A,0.022597305521621,4.19438615842992e-27,1.0517687404099e-17
22,42070374,A,C,-0.0316641694024791,4.3017313315089e-21,1.34601570647151e-17
12,991306,G,A,0.0227887399718681,3.05988568712678e-26,1.3591225006413e-17
06,160767905,T,G,0.0186299446602699,1.94280203713387e-46,1.40497047628811e-17
06,26207175,C,A,-0.02644789330862,2.11970965548924e-30,3.99441031585238e-32
01,201806106,T,C,0.0196844301633938,2.0107265558741e-34,1.91685892652664e-17
08,73449940,A,G,0.0205761406772578,1.03912711477147e-30,2.03188611567303e-17
12,122963550,C,T,-0.0334228898304667,2.77190691835357e-21,1.89885521343082e-24
12,122606837,C,T,0.0148123734770282,9.36690469578617e-29,1.15144781598861e-17
01,149906413,T,C,0.0187772002816492,4.69621214194776e-39,2.89169710842903e-17
03,185490184,A,G,0.0278014497492084,2.70608131828465e-18,4.7347071964507e-17
03,185828465,T,C,-0.0187672476153469,2.91590377327273e-15,6.01576591441387e-13
02,218314141,C,T,-0.0236535495303685,2.58720482370395e-24,5.28346748296923e-17
12,93986693,CTTT,C,0.0207660037525734,5.3732559261274e-28,6.75865089077134e-17
01,72812324,A,G,-0.0183634307239111,1.1881078455931e-36,1.32987778924469e-16
X,31854782,G,C,0.0156928407022679,2.91118813708342e-27,2.06940657303593e-16
06,40369081,C,T,0.0189071935737837,2.57848962351181e-31,2.79089841041832e-16
17,79093822,A,G,-0.0188526858935231,5.13138335893919e-28,6.09782752632317e-16
05,95728898,C,G,0.0196968664836323,4.83040422868468e-26,1.02965139672905e-15
05,139042547,A,G,0.0182020599019995,1.35956078216224e-32,1.11454467512812e-15
10,102686838,GT,G,0.016906186534813,6.4579433770642e-31,1.4976597300962e-15
10,102447647,C,A,-0.022706505136892,3.25205950239349e-11,1.89101737561183e-11
11,30408765,C,T,0.0176678245373979,5.38019529569783e-33,2.85032311716384e-15
07,76637391,A,G,0.0231489939532139,6.00647927907332e-21,3.6409448066258e-15
01,110154688,T,C,0.0542573177234879,7.12232513779355e-16,4.79264680207532e-15
09,28410683,T,C,0.0182984273895366,9.03567585786946e-29,4.99366390586156e-15
17,7571752,T,G,0.0744838343969688,5.81222656324139e-14,6.35880063800673e-15
17,7559037,C,T,-0.0188580826972165,9.30465726591808e-17,7.98547552302978e-13
05,77401374,TA,T,-0.0197068779085894,1.53084305469456e-23,6.55681135709467e-15
12,124820705,G,A,0.0217871952890457,1.75740072535365e-15,9.01237355707503e-15
12,124580076,G,C,-0.0137624842288955,6.19046427970537e-22,6.30749458109378e-11
01,11214584,A,C,0.0200988438327888,3.0559481413769e-23,1.78654454001666e-14
X,109888230,G,GCCT,0.0142875659069094,6.61738248111897e-26,1.94275135863591e-14
01,41482500,C,G,0.0168571288814827,8.06954357615067e-34,2.17965715435393e-14
12,116196322,A,G,-0.0211442278375517,4.45779493400709e-21,2.47242710869787e-14
16,20002523,A,C,0.0194354216322569,2.19017672038249e-17,2.9847390052542e-14
16,20375776,A,T,-0.013671176766273,1.95096271421822e-20,6.05937601846595e-10
18,57920877,G,A,0.0364036778197977,2.52719843339468e-67,1.84576459859209e-51
18,58133070,C,A,-0.0317254027184053,1.12241239660706e-09,2.9883870575351e-10
02,58935282,G,T,0.016385842665468,4.60790583530218e-22,3.35943293383482e-14
02,59297346,G,A,0.0160830565109703,2.15852396386365e-18,2.26786910097674e-13
X,137166980,G,C,-0.0206872787832991,2.16654548534005e-16,6.32169144557778e-14
17,46270606,T,C,0.0324577019491488,1.36169716385267e-15,8.90522165621673e-14
03,85044736,A,G,-0.0191919144479808,3.51894016094226e-21,1.06924981007876e-13
15,99226148,G,C,-0.0173380859576447,2.28462390223435e-25,1.22440929469711e-13
05,170864021,G,T,-0.0202434487137373,6.90555030209337e-16,1.28379248786775e-13
05,171336723,G,A,0.0133873121084678,1.30105771969472e-19,1.19549360538048e-09
17,1835482,C,T,-0.0223244007883108,4.06704520068426e-18,1.30931371959029e-13
22,38556260,T,G,0.0166378201063352,6.03123527782943e-28,1.43487732106451e-13
02,172425405,AAAGT,A,-0.01872258416889,7.28399283660558e-22,1.50845448826167e-13
15,89397827,A,G,-0.0425325938330068,1.080232651855e-11,1.74533257202709e-13
15,89399167,T,C,0.0142291035303464,1.64878673899861e-17,4.84231840730493e-12
06,126090277,C,T,-0.0159557446994335,2.50748548844075e-34,2.53770519690348e-13
12,111865049,G,C,-0.016045999619057,1.84037054495745e-35,2.54410291071745e-13
03,41308348,T,C,0.0160488880032585,1.07359841741821e-34,2.65363354946389e-13
17,62017421,G,A,-0.0167020185385226,8.57852076175397e-27,2.9306216457131e-13
03,10036668,CTAT,C,-0.0171157673528787,4.39707864687731e-26,3.79010585795055e-13
04,100239319,C,T,-0.054121857102591,6.22014974272113e-14,4.08922675085756e-13
04,106215108,TC,T,-0.0162562772641766,1.92802199720804e-29,4.27356435325048e-13
15,41970964,C,CA,0.0248449292805849,8.34849389493654e-17,4.35960048218726e-13
05,80830788,A,G,-0.0183235745452414,1.48400649169014e-20,4.55466380405405e-13
14,23755607,G,A,-0.0173952423595124,1.07272949127255e-22,5.26485333930712e-13
05,130833946,T,C,-0.0160580499713737,1.64997227793092e-29,5.52444845320473e-13
01,218609702,A,G,0.0173597623026026,4.59249855417861e-22,6.40239728896638e-13
15,68085555,G,A,-0.0186951057402842,2.14099722444133e-19,7.3716880631114e-13
15,84514290,G,C,-0.0156356556365129,1.00492957300004e-30,9.45425968548143e-13
12,56364321,A,G,-0.0163860414874953,3.57640792775312e-24,1.10314840300683e-12
19,45392254,C,T,-0.0188360537139627,1.25013026421368e-14,1.11521046350128e-12
19,45425178,G,A,0.0296264631200914,5.00593487370834e-10,5.05267223421893e-11
07,50661735,G,T,0.0166163030192838,6.40252218870907e-24,1.22506056242738e-12
04,82184234,A,G,0.0167306573985828,8.91706356629412e-23,1.41893059878419e-12
03,128966302,C,T,0.0287063474891784,1.09391107496006e-14,1.43828408997794e-12
03,171969077,G,C,-0.0154104691511597,3.97141737093048e-34,1.50605839310919e-12
07,71585126,C,G,-0.0163352184482935,3.85865368462298e-24,1.67368194544983e-12
06,105390782,CAATT,C,0.0165848932064026,3.89080876497151e-23,1.68797484227468e-12
06,7706004,G,A,0.0154699250619774,9.86967839894192e-34,1.81836715372272e-12
17,47063204,A,C,0.0271474026769981,1.30879804034773e-14,2.27845109884571e-12
11,68388220,G,A,-0.020505274377138,7.87746177325586e-17,2.41170477978531e-12
19,2186757,C,T,-0.0154068472981183,4.03733552382954e-18,2.51385014054599e-12
19,1849147,G,A,-0.0146914716639798,2.00762901722874e-18,1.29848774024877e-11
07,6396021,C,A,0.0264059310060339,1.30247111668394e-14,2.56655858940741e-12
07,121964618,T,C,0.0157884676109405,1.45180255998051e-24,2.85063283321751e-12
17,71124903,G,A,-0.0156056706760794,1.96113834311438e-25,2.95670429326968e-12
05,67596088,G,A,-0.0152195231177421,1.9777579049998e-30,3.21055986379236e-12
03,170743141,A,ATAT,0.0187912767422008,5.14684712960376e-19,3.85402167937597e-12
10,22258152,C,CA,0.0167710372522029,2.96225691101702e-21,4.52624070848643e-12
06,51796751,G,A,0.0159944757368242,1.359184908675e-22,4.85863641859899e-12
03,85168143,C,T,-0.0153566758141744,3.3711368544979e-16,3.65186625158526e-13
03,85868529,T,C,-0.0144246154404537,3.65474671342141e-14,6.65853235397708e-12
09,94186973,C,A,-0.0168675703466292,4.82598374151546e-20,5.16837152872552e-12
02,25389224,A,G,0.0160857252023798,7.07556926749375e-22,5.247231057288e-12
01,33774752,C,A,-0.0162441114405331,8.74170526714402e-22,5.40188813441226e-12
X,53652838,G,A,0.0128492790429101,1.3112411368887e-26,5.50870652084468e-12
01,155596497,C,T,0.0195567419670883,6.66790386883961e-18,5.64871665631906e-12
13,28010734,A,G,-0.0158386521893943,1.17508725776169e-22,5.82691973619948e-12
12,89776845,C,CT,0.0152204072561269,2.02260213191467e-29,6.20992124571711e-12
11,130817579,T,A,0.0150488836452066,2.03956967658595e-32,6.26906277674777e-12
09,98380222,G,A,-0.0267374599475558,4.05281438272371e-12,6.87298384397022e-12
09,98217348,A,G,0.0211086930008322,3.87374405541686e-11,1.73460895939874e-10
01,184007119,C,T,0.016113125620365,1.34127967212881e-21,7.25405541259621e-12
09,103061366,A,G,0.0160543107521002,1.42159919727019e-21,7.51738250010867e-12
01,62570321,G,A,-0.0150917054396466,1.509171689188e-27,8.04230405057922e-12
05,42724294,A,G,0.0247633907337063,1.57616925056918e-13,8.35234224894858e-12
05,43190861,TA,T,-0.0140629659633999,1.30003467482061e-19,5.17653232147718e-09
17,39261560,A,T,0.0161652626661623,4.70767372466559e-21,8.7121785165084e-12
X,117865540,CA,C,0.0155753761226267,2.86939831095749e-16,8.94769873709016e-12
18,56876563,A,G,-0.019953430677796,7.19411066167899e-16,9.04567542499204e-12
06,109736614,G,A,-0.0155327008703884,1.78068113613999e-22,1.13341535302716e-11
07,73037956,A,G,0.0217596055943343,5.87317612988734e-15,1.18233839574817e-11
17,79092463,C,T,-0.0186138148116554,1.44962826366445e-27,1.25149472020179e-15
19,18207397,A,C,0.0154982612048898,5.66298237533209e-22,2.67350748359545e-11
07,93200058,A,G,0.0146218455805907,7.16863278585245e-27,2.79252515513095e-11
03,61253045,G,A,-0.0204834983786733,9.71757191535645e-15,2.83566663304392e-11
03,94037499,C,T,0.01456282895778,4.55315026235331e-27,2.90160033623352e-11
08,23385834,A,G,-0.0181504679700949,4.45328767400676e-16,3.20129007980452e-11
11,2165576,G,A,-0.0189485356856126,8.97432900909777e-16,3.24602777001872e-11
13,79587841,C,A,-0.0149950529898213,5.400242404006e-25,3.38246254824994e-11
01,49791149,G,C,0.0154504527201519,2.42133417755981e-20,3.42049898555339e-11
04,122702179,T,G,-0.0145845930107942,3.70427912941207e-27,3.76850132811729e-11
06,140623538,C,T,-0.0167708973496044,2.46269901239881e-17,3.76886439492274e-11
06,34162034,T,A,0.0308276829450944,1.0236062528737e-22,1.72067336205626e-30
06,34503739,T,C,0.0330403445999139,2.63855418163097e-19,4.76262623476254e-29
06,34163292,G,A,0.0605206291767003,5.87039548275736e-11,7.97668177655671e-09
19,10745764,C,T,0.015218442712936,3.6961778176997e-21,4.06261068465829e-11
07,28174957,G,A,0.0159348867902308,6.04737748774616e-19,4.54108604744673e-11
03,88097699,AAAT,A,-0.0217234027050576,7.65539873534404e-14,4.64143511715413e-11
16,783865,T,C,0.0170202889746894,8.59583315631171e-17,4.85594851720488e-11
17,76766437,G,GA,0.0143351545909283,7.73905494700502e-28,6.05285533499589e-11
06,2065303,G,C,0.017552795225868,3.65912943822857e-16,6.1229448432968e-11
02,36777825,G,A,0.0156483481014428,6.34030198290018e-19,6.13829732745021e-11
13,96982541,T,G,0.0144660734032581,4.64515228817114e-24,6.25221721808149e-11
08,10665444,A,C,0.0145136637487699,3.16168614874909e-24,6.29792629900653e-11
12,124203832,A,G,-0.027688737803774,2.42255891911963e-12,6.3006983476518e-11
12,123759417,GAA,G,0.0188789592951613,3.97739389741767e-13,2.29014340684313e-09
07,77417584,T,C,0.0143059779645289,1.72499926361492e-16,6.79638439248221e-11
07,77791674,C,CA,0.0131277119507095,1.19832094291607e-14,3.68746870371126e-09
02,181517642,C,T,-0.0146948656486871,6.37971252328147e-24,8.16403988592586e-11
12,103067437,T,A,0.0144298591672504,5.79578839837329e-24,8.17625318020173e-11
07,75050086,C,T,-0.0149278619956107,3.93582978754343e-26,8.41641189574067e-11
16,24714679,T,C,-0.0147117100682635,2.15666477096881e-21,8.84959486142119e-11
06,36210086,C,CT,0.0145586268398171,2.93036368508082e-22,1.00191566945917e-10
01,42407229,T,C,0.0161686870197819,1.76299872026893e-17,1.09917882622146e-10
11,2813322,C,T,-0.0528252685406755,4.13901438753294e-11,1.11662254510714e-10
05,172779211,T,C,0.0157870927931431,7.69816730307237e-18,1.25968021989302e-10
X,78883216,C,T,-0.0137794714053155,2.67729636153552e-19,1.66443753190176e-12
04,137083193,C,A,0.0141439536156758,5.22804303282292e-25,1.38448011026471e-10
02,205375909,A,C,0.0263571924251936,4.33060167878486e-12,1.41825743976852e-10
01,51054322,C,T,0.0187749595096048,2.34711250434101e-11,1.4890784288015e-10
01,50566266,T,C,0.0140062195919694,1.04122565207054e-14,4.93966838880922e-10
03,183976103,C,T,-0.0183534633561678,2.17406013640101e-14,1.57583216306812e-10
08,78124967,C,T,0.0154407661601531,8.49406867732638e-18,1.61964266788566e-10
10,104610926,G,T,0.0142847141613805,3.99623411505183e-22,1.62241942948444e-10
22,40611012,G,A,-0.0149629884180967,2.76193431716502e-19,1.67471308532868e-10
16,31015998,TA,T,-0.0149611745834614,2.25422862493005e-25,1.67834167973659e-10
04,18351898,C,T,0.0142819121205061,8.61928432963705e-26,8.02164895198121e-11
11,14413213,G,A,0.0305036530739819,1.17334502927962e-11,1.77401427543485e-10
20,34769811,A,G,0.0226733291714426,4.08872870968751e-30,4.80741516766495e-19
10,99772190,C,T,-0.013994251364412,9.9302296199549e-25,1.84319424911538e-10
16,15131654,C,CA,-0.0153508691838365,5.72399003445641e-18,2.00097062286163e-10
21,46494995,C,T,0.0144120564032116,2.09565603649267e-20,2.20366381377057e-10
06,164102214,T,C,0.015041433929326,3.08161777439142e-18,2.24100985358644e-10
X,85574990,T,A,-0.0116201712575878,3.12205432635089e-19,2.32568474815472e-10
01,8017651,G,A,-0.0146464994281344,1.31641727925306e-19,2.36991109725139e-10
14,21962908,CAAAAAAA,C,-0.0190925197652134,2.88745759521726e-14,2.45398115184575e-10
11,65914766,C,A,-0.0152651819652572,1.6133011102216e-22,1.88742872656385e-11
14,94023972,A,G,-0.0143104923462151,2.55656311857517e-20,2.80504243746969e-10
07,70045443,G,C,0.0139156104056219,6.76689118709623e-23,2.84185927428366e-10
20,25027526,A,G,-0.0143197589799773,5.28557170137742e-20,2.85561415443174e-10
07,23513093,C,T,-0.0159355186871138,4.24211381404677e-16,2.86267426345061e-10
06,100602753,G,A,0.0160833855892359,6.8935811806762e-16,2.90629756254541e-10
15,67938334,G,C,-0.0166686757413689,7.88127148728244e-17,1.8169201479763e-10
15,67457698,A,G,0.0305120811515548,1.36125409298082e-11,2.95736302285136e-10
12,41887940,C,T,0.0137621071258704,4.19629609444625e-27,2.97560078830168e-10
05,153518766,A,G,0.0137825449037905,2.12563226141874e-24,2.99085137674543e-10
06,131429452,C,T,-0.0147860439688636,9.14170591105986e-19,3.17302911083684e-10
05,137603293,G,A,0.0167202181549283,5.60209895994234e-15,3.23237082054666e-10
07,103427228,T,G,0.0138237588241735,4.71631072600766e-23,3.76237518535474e-10
17,29230520,GGT,G,-0.0236714355579397,4.48741583757802e-37,5.03768871746267e-22
05,6754402,C,T,0.0144783514015754,1.36917618938978e-18,3.94716500954811e-10
03,62687746,T,A,0.0144885991593574,4.82180610537801e-19,3.94768719094209e-10
14,35864990,T,C,0.0153256582564458,8.77364086517012e-17,4.06494520460117e-10
01,96940119,G,A,-0.0138830204691515,1.25749759567791e-21,4.22342078622088e-10
03,25110415,A,T,-0.0138173067213068,3.96635355921159e-22,4.56191998534508e-10
03,194864804,T,G,-0.0158142281481063,4.0418417444653e-16,4.6910690460096e-10
06,34015765,C,T,0.018613514890044,4.17274894279204e-13,3.06548456367713e-10
06,33516762,GGTA,G,0.0167740041670315,2.78854904676117e-15,4.69504955557601e-10
19,18834514,C,T,-0.0136436819145026,3.8148884630665e-25,4.73003971606628e-10
08,77220405,T,C,0.0136202316612458,3.38498917055762e-27,4.7350409543486e-10
11,134568740,A,T,-0.0183268548739503,1.97209706768181e-13,4.85016765422186e-10
03,49642946,A,AAT,0.0174125593393968,8.75311506151829e-40,1.51389993714355e-14
09,78510823,C,A,-0.0208164123923235,2.09292361773308e-12,5.49835770021259e-10
06,26543649,CTT,C,-0.0292829274079821,-99,5.44086909543974e-17
18,58036384,C,T,-0.188191561623351,-99,3.08112182293047e-40
17,78757626,A,G,-0.0369658939225837,-99,2.48391874311603e-14
