chrom,pos,major,minor,beta,p_value,gwas_p_value
20,34025756,A,G,0.0372899110863357,8.0582115646933e-273,8.23411519229197e-118
18,57848651,A,G,0.0426723531156525,6.14233635038427e-184,4.1238679816961e-115
16,53806453,A,G,0.0311485918641685,1.22518461914527e-191,1.31167309080206e-82
03,141105570,A,G,0.0288680434933873,3.11384934861909e-188,5.10357778361206e-73
13,51116901,G,T,-0.0326394280703271,4.49495065553442e-98,1.49288614955937e-69
13,50655989,G,T,0.0786213516095026,9.05326057484179e-42,1.33431509408609e-45
12,4384844,T,G,0.104520968565599,1.45545293825108e-69,4.70980857010334e-66
12,66361453,A,G,-0.0262066911836279,1.11595564728414e-175,1.32319005466438e-60
06,34589632,C,T,0.0364133082729892,7.56056273847344e-70,1.29223125393208e-59
06,126704795,C,T,0.0258961595163572,1.79439486245669e-147,9.59847776858265e-59
07,92250140,T,G,0.0287584976327373,4.36867746606225e-100,2.9670158007879e-58
06,130374461,A,T,0.0280858832136888,2.73061580351155e-93,4.35986197497281e-55
08,57122215,T,C,-0.0351272513838662,9.04470194257963e-61,8.32216455822644e-54
08,57160328,G,T,0.0186830848487006,3.67034820336677e-33,7.49580457115587e-27
02,417167,T,C,-0.055382215850817,1.40290956360329e-54,2.82605973984611e-48
02,632536,G,A,-0.0296909405864047,4.26364280035041e-62,1.51626313193725e-42
17,29206421,G,T,-0.0283803683148154,1.70435752266347e-78,6.84822200682702e-48
18,20737641,T,TTAA,-0.0277994809918202,3.78109240105279e-73,4.09191944890583e-47
13,51064533,CCT,C,-0.0279048597100062,1.22837750022113e-86,3.6764185029573e-58
13,50565104,ACT,A,0.0776972566737331,3.4723719278508e-42,1.79484828872997e-46
04,17922866,A,G,-0.0252765965731672,1.32101790879831e-40,1.8060068564041e-45
04,17956213,T,TG,0.0184134864113972,2.9107212475953e-39,2.4160146815015e-39
06,31840021,A,T,0.0216929099406354,2.3682901520062e-67,6.8202372771432e-45
06,31552850,T,C,-0.0143333944622237,5.461784548539e-19,5.5640612969175e-22
X,78655777,G,C,-0.0191970919575427,4.07229801595116e-79,7.47809028066246e-45
01,78444764,C,CGGCCG,0.0343161448816922,1.75942178025821e-58,8.22087125307035e-45
09,119124535,T,TAA,-0.0278411233851442,7.20533443098941e-67,8.48202270177924e-45
02,27730940,C,T,-0.022471603544707,1.0772403740877e-97,3.82784209524801e-43
17,62017421,G,A,-0.0287217101877167,2.4338360734446e-135,1.02406155341443e-42
17,61996273,T,C,-0.0374288956453319,3.42940770564086e-56,2.26616212657212e-22
14,61072875,C,T,0.0217691952738975,7.09505896353335e-90,1.03603996975802e-40
01,154989823,T,TGGGGGCAGTAGAGGGGGCAGTAGA,0.0216048606001203,1.22300820777814e-45,7.21899356470535e-40
01,177889480,A,G,0.0257491960311333,2.11716613369528e-59,2.36373087948382e-39
12,93982332,G,A,0.0265296083222266,1.32483691907211e-55,1.06711072307115e-38
12,94136009,C,G,0.0161451614798737,1.83547170526965e-54,2.03549779280377e-18
04,145568352,C,T,-0.0219068697487726,3.41343117498266e-32,1.34920283370867e-38
04,145839264,G,A,0.0142958406271083,7.68861209190349e-45,2.00094988238597e-33
07,150668070,T,C,-0.0194588731479978,5.02164302565899e-57,2.44132552331073e-36
07,150554553,C,T,-0.0198551351968366,6.03164370430345e-12,6.47069598581712e-17
16,30042677,G,T,0.0202802043586912,2.59724839618374e-82,7.01428339921175e-36
07,2859847,G,A,-0.0212944952247342,1.55260219725831e-63,7.62769331575644e-35
06,19839415,C,T,0.0429007166005166,1.90991895254032e-36,5.08905311883286e-33
05,122699198,C,CTA,-0.0187578377835167,5.16717981600256e-84,5.06431474628629e-32
06,26180634,G,C,-0.0213754784181668,6.84002862458812e-53,8.39297661905639e-32
02,172416533,C,CTTT,-0.0214382534825265,2.11416039642578e-51,1.79972795187855e-31
08,135578636,CAAAAAAAAAAAAA,C,0.0191847856594586,2.77886577161189e-72,2.48399288257368e-31
08,135649848,G,A,-0.0150087283859535,4.57151498859371e-21,1.03619930525175e-25
08,135739377,A,G,0.0164287613214845,2.21259850734656e-15,9.78467478312614e-09
20,32287917,C,T,-0.0189845415437468,6.12413752367882e-35,5.41482813905663e-31
20,32595626,C,CAA,0.0124160707720035,2.41432541583964e-30,2.71516608363732e-19
01,41544279,T,G,0.0192513700399333,2.07867759449063e-59,3.45400647085218e-30
02,218278503,C,CTGTT,-0.0191781947221881,1.43505734404037e-43,4.04582802330077e-30
02,218146818,T,G,-0.015751756961633,3.4019255537703e-23,6.49590120260519e-19
06,41909521,C,CCG,0.0364784149805478,4.94674108519574e-33,4.32320506166449e-30
06,41903798,C,A,-0.0673971824853905,1.92907037269605e-22,1.75024456982271e-23
20,33430974,C,CA,0.0141605696688218,1.30715190206763e-35,5.1052301605029e-36
20,32505658,G,C,-0.0195581937032018,1.43201071152793e-15,1.15353700674734e-23
20,33326680,T,C,0.0241669840870795,1.43360943320741e-11,1.09078561093121e-23
11,67024534,C,T,-0.0320097649281316,9.59000740270519e-34,8.27929286889619e-29
05,75003678,T,C,-0.0181130093246469,6.37742053475576e-64,8.41344345898845e-29
17,7571752,T,G,0.0825032589583215,2.78472717530829e-30,1.4683513376981e-28
17,7366619,T,C,0.0190095202368561,2.18644812932026e-20,1.15987853600683e-15
17,7570978,T,C,-0.0235012431781312,1.41443274120184e-09,3.33845524826869e-11
06,7702659,G,C,0.0177951090487219,5.53089122526256e-60,4.64097246303095e-28
06,7231843,G,A,-0.0169896241302733,6.41301290580574e-12,1.10246347069738e-10
06,7800306,G,A,0.0117880713784589,9.91001780497757e-09,2.42190322355507e-08
06,108876002,A,G,-0.0167161960846345,1.40358117297053e-50,9.36350271210922e-28
06,109032609,C,G,0.0265169838770638,1.20536288103133e-08,5.30709924255623e-12
04,106215108,TC,T,-0.0177418698223444,7.60354551502494e-64,1.15692652936613e-27
08,78105153,C,A,0.0187405700379107,6.64845033734119e-45,1.33081095989742e-27
08,77761919,C,T,-0.0244494447345276,1.81693624766613e-12,8.0474758293218e-13
06,152168974,T,G,0.0172622677954313,1.63737927982709e-48,4.96224687560668e-27
06,151727545,C,T,0.0096798590361138,1.92689919647916e-11,7.27768602063506e-09
06,142716286,G,T,-0.0195363475190206,4.41420793040434e-38,5.05725509047606e-27
06,143200936,C,T,-0.00984760904937765,1.88858375272018e-10,2.85849132664168e-09
06,142574653,C,T,-0.0094353709963353,2.19000787491525e-09,3.46159404420297e-06
16,2160503,T,G,-0.0228576819759082,1.13147076144009e-32,5.79538390234082e-27
16,2266173,T,C,0.0167666199310972,6.32303306395727e-33,1.25728133719246e-21
03,185490184,A,G,0.0247539906472607,2.96667223894972e-25,9.17138124355379e-27
03,185828465,T,C,-0.0120336828551934,6.16469555784957e-10,1.73089366361457e-12
03,185371172,A,G,-0.00902064647330443,1.85578951738307e-14,5.50359539603238e-13
15,99194896,C,G,-0.0285625717231138,6.6495026336133e-36,1.91764706238954e-26
15,99395834,C,G,-0.0177259380589339,2.84520792447361e-21,2.90809375735352e-09
15,99214192,TTGGAA,T,-0.0213288163821476,3.23310369246397e-15,8.46489016761298e-12
05,42687629,T,C,0.0186745934118015,5.71191979533338e-15,9.68306997160294e-26
05,42290110,TA,T,-0.0121748808845519,8.45562885022106e-17,2.66262643120779e-16
05,42641962,C,T,-0.0109950553102492,4.30808005463559e-20,1.07278370383215e-18
12,124820705,G,A,0.0224625016992325,1.02874998286215e-34,2.05450841846362e-25
09,98256235,T,G,-0.021568390675364,6.35478297028029e-17,4.93335108449749e-25
09,98217348,A,G,0.0283260360906791,2.50273292307769e-33,5.83387110644913e-25
09,98192383,T,A,0.0124648848718472,1.47970931098872e-22,2.90334094937427e-10
12,46752872,C,CA,-0.0138395438147441,4.00009553462936e-37,1.83172536503521e-24
12,46704740,C,T,0.0156011737759145,1.74544644215117e-08,4.1593645315283e-12
12,46764254,A,G,-0.0303210419222138,2.26241297344402e-07,6.70564649387407e-12
02,56106928,C,T,-0.0168575155317416,3.62367327995384e-28,2.48668165681995e-24
02,56076480,C,G,0.0130816110377073,6.02274945799678e-12,1.61251440480126e-15
10,102661251,T,G,-0.0166832571588151,3.03288264088649e-52,4.73540058029254e-24
10,102317555,C,CA,-0.0138215270502431,6.26789342363418e-15,5.71869365159126e-11
01,176787749,C,CT,-0.0170015934869719,2.77445651295517e-53,1.98279703134942e-23
01,176566012,A,T,0.0202763618205727,1.52737065048918e-11,1.78127705689967e-07
01,176521655,G,A,-0.0247680136186936,1.94680255394087e-07,3.01185865367258e-11
16,4014282,G,C,-0.0164724455069979,6.66045889202862e-41,4.03244105882981e-23
16,3583173,C,T,0.0102144589698482,4.38484082152256e-09,6.42139514907961e-07
07,23513093,C,T,-0.0182169561882607,3.06323284224127e-37,4.60935509144704e-23
04,145868325,G,A,-0.0167451439052532,9.27232571908439e-43,8.39126155617639e-34
04,145605025,A,G,-0.0163258030792623,3.60761507571643e-11,6.15691714147527e-26
04,145999583,T,TA,-0.0213658275374008,1.26991308968858e-08,5.17678061451981e-06
05,127357526,C,T,0.0181511713488375,6.18133546001461e-37,9.23653690754226e-23
02,23896049,G,A,-0.0124196125576154,8.33207541258398e-19,1.07947354651361e-22
02,24142058,A,AAG,0.00988388806248962,3.2055262570584e-20,1.66834708629179e-20
10,96038686,G,A,0.0142201805287969,5.85827246663699e-34,1.4789605656352e-22
10,96085377,T,A,0.0144358886522616,2.40535661359621e-10,1.30555905481982e-13
11,68388220,G,A,-0.0200002257639529,5.23097790743951e-23,1.83339134092605e-22
11,68077048,C,CT,-0.0089220868733223,3.4643577342297e-16,1.13563024431673e-09
06,109781301,T,TCA,-0.0157524729723009,1.64252142979129e-51,2.36309550425082e-22
06,50787576,CGAGGTGGGA,C,0.0240871494366007,2.06540939728057e-30,2.7667019212056e-22
12,50263148,G,A,0.0158398600677838,6.28991660918031e-48,3.40942463967807e-22
12,111884608,C,T,-0.0153285970816117,5.72943955297133e-60,4.46858115820042e-22
22,42070374,A,C,-0.0261110124702641,1.45779677321432e-26,5.0290554212001e-22
05,170864021,G,T,-0.0191140263204049,2.29073892044221e-24,6.65544490116506e-22
15,89397827,A,G,-0.0455694796777691,4.39814638913411e-23,1.34020972313464e-21
15,89386652,G,A,-0.0148847296733943,8.24955934713169e-15,4.10080549067928e-10
15,89367562,C,A,0.0119403460667687,5.27186320538543e-26,7.79753825478176e-13
06,29355148,A,C,-0.0122678230414196,9.0861217908049e-14,1.45283161400047e-21
06,28912076,C,T,-0.0128952248787266,1.14902302460609e-07,5.03331287397994e-19
03,172162382,TTTCTGTAA,T,0.0159379925277578,4.04143988397524e-27,2.3421330971222e-21
03,171969077,G,C,-0.0145456156026235,2.52862592785178e-39,6.14368855449365e-21
05,168256240,G,A,-0.017248369696045,1.65068354208372e-23,2.37101495306562e-21
05,168312829,T,A,0.00778036786843902,2.33741596497373e-13,1.08562238869863e-09
19,47557098,G,C,-0.0158811040187486,3.39259194702244e-26,2.91610290565191e-21
19,47688034,G,T,-0.0322239436850425,1.12376100636763e-06,3.22902369590275e-11
17,79093822,A,G,-0.0160281253950524,4.30865911574673e-32,3.24732331097431e-21
17,78757626,A,G,-0.011391871681874,2.90593577144358e-14,2.68428718056772e-10
17,79426021,GC,G,0.0100897939744501,1.70583059521739e-11,1.38724917100937e-08
02,211540507,C,A,0.0161043301760979,3.85684300642398e-39,3.66108420355369e-21
19,2176403,G,A,0.0149675272464462,1.2497022498645e-32,7.23605328759292e-21
19,2039727,C,T,-0.0270199963084153,2.95190347272344e-07,5.88060375153446e-06
19,2353368,A,G,-0.00753088428238121,3.29407002644298e-09,2.31985210019002e-07
11,2165576,G,A,-0.0190806363968538,6.05768188302689e-27,7.50573363105356e-21
11,2665357,A,G,-0.0175974538730228,6.0821072164043e-12,7.39729495002528e-11
11,2053669,C,A,0.0274860278729003,9.8834031277144e-10,2.87331314937916e-10
07,72973854,C,A,0.0141073290227028,7.93393488606316e-23,1.8787779155872e-20
07,73121347,G,A,-0.0087661276657339,7.36811755768632e-15,4.13149152015664e-13
20,50951298,A,G,-0.0173373151716575,5.89212511093349e-25,2.02389138448362e-20
20,50807839,G,C,0.0135540577660783,1.4118741366958e-07,1.25758309098868e-09
11,27728102,G,A,0.0148558635865243,5.92653651115454e-28,3.56132747855592e-20
11,27650524,G,A,-0.0115837567287837,1.36440174962751e-14,7.78203345299401e-13
17,59494574,T,C,0.015248228247066,9.61604626861329e-28,9.08731207876609e-20
17,59608726,G,C,0.00788093360625626,1.88727984414347e-09,1.22616382310093e-06
08,126498265,C,A,-0.0171438486075762,1.55405844193327e-31,1.33914160490832e-19
05,36803614,T,TA,-0.0142975977507764,3.78869963267037e-34,1.94048139987729e-19
05,36646032,G,C,0.00937066728302839,1.81195072663197e-10,1.70310447993604e-08
14,25948867,T,C,-0.0154498381319394,2.59086315797123e-38,3.3958974354744e-19
12,116196322,A,G,-0.0172781251564984,4.95794239310467e-23,4.02896332017335e-19
12,116632928,C,T,-0.0108743643691785,1.96258716782159e-07,4.2666775099254e-08
06,160769811,C,T,0.0141872661535381,1.00263023561732e-49,4.69293267024791e-19
17,43223316,C,CAT,-0.0141727689098929,1.20230703190855e-28,5.296966719343e-19
17,42836124,C,A,0.0125478440460323,1.11178286186033e-09,1.47179827473256e-10
01,11220180,A,G,0.0161283615017303,3.70276219859163e-22,6.91578534014348e-19
01,10888230,G,A,0.0215489277732454,6.81500695934107e-06,2.93568440316735e-06
01,214638396,C,G,-0.0146097824237083,1.08503208827433e-40,1.1119775209209e-18
01,214736227,A,G,-0.0190731182079726,1.62041956542041e-06,2.2207328146346e-06
05,176509193,T,C,-0.0161509341394957,5.59806106671792e-27,1.58753127606862e-18
05,176980904,G,A,0.00977084496021465,1.68405563132018e-10,2.8571621600519e-06
05,176337556,TCA,T,0.0347849694085951,5.58471803733741e-07,1.18544257892288e-07
19,30286450,G,GA,0.0150894235146302,1.07204043733982e-29,1.62610778827231e-18
19,30709841,C,A,-0.0106274725912265,1.25828732226896e-09,9.18731654645908e-08
19,10748073,G,C,0.0139660262647451,5.01112181492774e-27,1.93646939831328e-18
19,10331011,C,T,-0.0104605936025903,4.19645869522361e-08,3.51593814853477e-09
19,10301469,AATAAAATAAAAT,A,0.0153637831017763,1.13668959560772e-06,9.13308294492493e-08
X,137050402,C,CT,-0.0143368130623495,6.69993812504463e-13,2.80887895798175e-18
X,137082312,C,A,-0.00673206109936496,1.08342560474842e-10,1.67592397006619e-12
03,50022069,G,A,0.0134867267642901,3.93547852806636e-36,3.38828154141725e-18
X,78792528,G,A,-0.0155274798069068,8.78693380347417e-48,6.12529928696106e-39
X,79324423,G,A,-0.014427547449078,3.89355747692499e-07,1.07669569943939e-17
03,9975386,C,G,-0.0176717793546104,4.30575194917026e-27,6.28956709545229e-18
01,51037660,G,GT,0.0243165383573421,1.05255062046711e-19,7.70641105196776e-18
01,50566266,T,C,0.00958920806848767,4.07818324514797e-14,2.60431710157809e-08
09,99106848,TA,T,0.0169491914523741,7.51686172459215e-25,1.00235113056994e-17
09,98613633,G,A,-0.0208598287033641,2.5855434604336e-07,2.85742760892474e-07
13,78474468,C,A,-0.0161067637586801,1.25281084448826e-27,1.04098336720404e-17
12,122630285,G,A,0.0118857161892914,5.48765460560122e-24,1.12373139138466e-17
12,123101673,C,G,-0.0140238827460256,6.39114087714144e-19,3.46816840876949e-17
12,122357049,AT,A,0.0145155490559409,5.66086821575414e-13,2.89951085341904e-13
06,140623538,C,T,-0.0158190888037192,5.83435468923159e-28,1.27558993468007e-17
01,33774752,C,A,-0.0141705844984136,1.56063611255434e-25,1.50514616641799e-17
01,33295956,AT,A,-0.0100567509195009,1.96449020380541e-07,1.19103418765203e-07
01,218609702,A,G,0.0158446939668023,1.15612689752276e-29,3.03879459080798e-17
01,218986185,G,C,-0.0156141267879683,2.29196768405873e-10,1.85577455671034e-07
07,46642308,T,C,0.013499762306866,9.15563379747358e-33,3.17259895451414e-17
07,46557704,G,A,-0.0167951720446309,1.50484095013255e-15,2.77618553111252e-14
07,46734307,G,A,0.0119864178057481,1.75239158319594e-15,1.26500221265536e-08
03,128992047,A,G,-0.0142144947374674,2.43412501871682e-20,3.85698618111663e-17
03,128966302,C,T,0.0180911487810272,3.29294038028426e-11,2.09442586360791e-13
12,3338920,GCACAGCTGGGGCTGA,G,0.0149040683869758,5.97312919504347e-17,5.50263196214328e-17
12,3393100,C,T,0.0243921013977147,9.47122960628636e-14,2.28686853654726e-14
12,3295708,TTGTTTGTGTG,T,0.0111675214063409,6.61058730243795e-15,4.34649114744754e-10
03,183976103,C,T,-0.0150809965861749,4.38535070460391e-17,6.21762395255192e-17
03,184010048,C,G,0.00968364003950225,3.99064644094551e-12,4.32422807448511e-12
05,67596088,G,A,-0.0129635002013304,2.38780166708151e-33,6.61742881413016e-17
05,68029078,C,A,0.00995028843883322,5.39217141408536e-08,1.32165718445349e-07
12,11878464,C,A,0.0138709346701922,8.2825120553759e-34,6.8306207554472e-17
08,130721793,AATAG,A,-0.0170960538669797,4.77280251831251e-21,7.49354019237942e-17
08,131033480,G,A,0.00839135096054336,8.01804479023694e-12,1.89641704693781e-06
16,792190,A,G,0.0163487026077597,1.36754694979328e-20,7.51597659543764e-17
16,1113847,G,T,0.0102379961367252,6.07743908379016e-17,3.36214440643362e-10
16,415135,A,G,-0.016860340219717,4.25447244390889e-10,4.44760356833201e-10
05,130240285,C,CA,-0.016268504598194,2.90442892557337e-25,8.01167832268878e-17
05,130479497,A,G,-0.0120059482225329,8.19954825703163e-07,9.10155128052553e-06
11,30443688,T,C,0.0143899756997911,3.40583248231224e-30,8.40530558613191e-17
01,172105257,T,C,0.0138159032406135,2.6019267254134e-27,8.9044244740363e-17
01,172186310,C,T,-0.0162560075121352,1.30153589385976e-09,1.57932347789615e-09
01,205685352,T,C,0.0134978606871697,1.36082478994837e-36,8.92536192173564e-17
05,139051015,G,A,0.0137332390017537,8.87211066736473e-35,8.98441881180581e-17
07,28174957,G,A,0.0146252374676735,4.18856424971763e-29,9.91051002186747e-17
02,223960207,C,T,-0.0147426424171928,1.49459153680139e-28,1.07624452756688e-16
02,71533300,C,T,0.0129751246452777,1.53748267174398e-24,1.44816004690825e-16
02,71889624,GTA,G,-0.0167214147555784,2.67251850683052e-08,8.95006790093026e-07
02,71958480,C,T,0.00836550013078898,7.65145565611404e-09,5.15631388208111e-07
05,77401087,AGTGGACTAACAAC,A,-0.0143760044825445,3.87535563176492e-21,1.74016403767935e-16
05,77631634,A,G,0.00962688129075282,1.25643625266205e-09,7.39366408863582e-09
20,34769811,A,G,0.0166263870534787,1.3130752007116e-24,9.7987433455499e-27
20,35604110,A,AT,-0.0165461333405107,1.78212109690023e-22,2.1077772157256e-16
20,34767240,C,G,0.0247416367497786,4.17736277779087e-14,1.10395052555519e-18
12,123759417,GAA,G,0.0162388321113867,3.71439385051799e-18,2.59589672176158e-16
12,123329101,A,G,-0.0122146941794703,6.44513152153638e-10,2.4694436695959e-11
15,67007813,A,G,0.014590231944194,6.50281533719121e-23,2.95728590308061e-16
15,67457698,A,G,0.0218076745971964,3.59560253958431e-11,4.63365083752147e-10
15,66514155,C,T,-0.00853066320085753,1.51108292764548e-08,2.29426387751893e-07
06,80959985,TC,T,-0.012517357267968,4.23387575490007e-28,3.01832241316416e-16
06,81447478,C,G,-0.0113588991076893,1.46668643923829e-16,1.97994954415512e-08
06,81052297,A,G,0.0109981475017137,2.7944509902727e-07,2.4242535995416e-09
19,8670147,C,T,-0.0352519724033395,2.26615932120554e-16,3.26207553631342e-16
19,8513894,A,C,0.00766542030465878,5.16866939638121e-10,1.32031489533301e-06
X,129251524,A,C,0.0109176145392601,3.83077653532844e-30,3.69048503050111e-16
15,62274940,G,C,-0.0129775400064674,1.89046354624395e-40,3.85550403857256e-16
11,10126097,TG,T,-0.0113129696933605,8.28617603108794e-23,4.64876085439886e-16
11,10393468,G,A,0.00793111506526333,4.61024400047267e-12,1.49340522296095e-10
05,95728898,C,G,0.013840922387214,3.84764753732034e-18,5.36444531455911e-16
05,95856501,T,C,0.0090699896896228,5.25451146314979e-13,1.08359826040798e-09
11,43878485,G,A,0.0142982703997366,3.82457875527884e-28,5.87512966399465e-16
11,2813322,C,T,-0.0480007262642898,3.39270326316785e-16,8.29758705082354e-16
11,2696744,A,G,-0.0135311735259932,2.31201111384882e-15,2.02899664612495e-11
11,3128272,T,TGCCA,0.0155428210332262,6.19392350007963e-09,3.39185676514961e-08
01,56602992,A,G,0.0152324317129312,3.03697778643842e-24,8.65222815669686e-16
12,122820960,T,TAA,-0.013351014748993,1.17053491252224e-14,2.01309268723777e-17
12,123593382,C,T,0.0122811900395635,8.53032240267721e-10,3.23704512233158e-15
12,122645458,A,AG,0.00850554187156192,5.46082148547834e-13,4.12167464614198e-14
04,88557753,G,A,0.0128010325210642,7.83115867245148e-42,1.22592918677836e-15
10,104829102,G,A,0.0131478609169389,1.45135736200588e-32,1.3852418589945e-15
05,87755411,A,G,-0.0143552149585262,3.47329035444034e-15,1.45360673564184e-15
05,88251136,G,A,-0.00751373204427585,6.14810033370756e-10,2.45754425649821e-07
16,4948936,T,C,0.0127023883084399,2.17879708337123e-19,1.74060728674088e-15
16,4631802,A,G,0.0196100024242445,5.99748644569286e-07,6.02260778928494e-10
07,127015083,G,A,0.0460595677024374,4.2596234636453e-16,1.75425909697152e-15
14,23750078,G,A,0.0129805893960016,1.75650799179649e-12,1.75637541527618e-15
14,23299135,T,G,0.00946248552429786,2.47295475772236e-14,3.46281761089262e-09
14,23755607,G,A,-0.00905350723314316,3.08886124985202e-09,6.97116576228782e-13
16,88804924,T,TC,-0.0133167635717234,1.30079275482264e-20,1.79795253563534e-15
16,88321027,C,T,-0.0291393400875632,5.09601404035145e-13,2.48725927410767e-12
16,88554317,T,C,0.00787270187618122,3.64609934215462e-10,2.98193000499707e-07
08,116631278,T,C,-0.0155437511415001,6.59197339476508e-23,1.83001642945579e-15
06,32571508,A,G,0.0216666032497766,1.1192064237659e-53,8.8526713423076e-40
06,32626881,C,G,0.0104440793027413,1.95854400274136e-10,7.97620361259334e-16
06,33276770,A,T,0.0107623683976167,1.14165917013128e-08,1.69284895723616e-06
17,68153968,T,A,-0.0182219862532528,9.77567165955905e-15,2.25389296122093e-15
17,68203546,A,G,-0.00900378084462088,1.50871123828869e-13,1.99223566801241e-08
17,68090207,C,T,0.0081462456685257,1.54388664828658e-08,3.90039869953584e-07
02,183247431,G,GA,0.0127857061604789,2.59666497680514e-36,2.27203237732067e-15
10,25178864,G,A,0.0155252972170151,1.79557393819425e-16,2.92487340872613e-15
10,24860913,G,A,-0.00813571276967486,1.11470335110256e-09,6.32292283110285e-09
14,24835773,G,GA,0.0130389292723678,2.77092549045178e-23,3.79375767567446e-15
14,24669623,G,A,-0.0137026423575041,3.87938348656924e-07,8.42425835565131e-08
X,45634577,C,A,-0.011150759005688,1.67539284994448e-19,3.84711293900729e-15
X,45226975,T,C,-0.00758954760244445,3.46057503262109e-13,1.15960875014014e-08
20,21123431,CAAATAAAT,C,0.0135587884288626,6.39899387503576e-28,4.04154993902752e-15
07,76637391,A,G,0.0155348182747851,2.46216310829111e-16,4.21714820303555e-15
07,77052364,C,T,0.0138649444130046,3.20485254532155e-07,7.21390875220423e-09
06,34552736,G,A,0.0363350494834103,6.93925707175868e-70,1.52371114037098e-59
08,120456193,A,T,-0.0134952852528067,1.69860597416128e-19,4.61543627409923e-15
08,120596023,G,A,-0.02468843034383,2.14436866744808e-13,1.48749732550769e-11
08,120661651,A,AAAAAG,-0.0120420980636946,1.90678996829948e-06,4.79178393962783e-06
05,172779211,T,C,0.0125195839911104,5.20843992049211e-16,4.69164388382815e-15
05,172753555,T,G,0.016787546689524,5.539914094419e-11,6.90484790061301e-13
05,173269929,GA,G,-0.00987977782883024,1.03338528324397e-09,1.03217103113263e-07
04,1012300,T,C,-0.0267814612430742,6.27476988761276e-14,5.00529781303651e-15
04,840616,C,G,0.0101865937543711,3.92184914327646e-12,3.01711529896634e-10
16,28632021,G,T,0.0126964554308982,1.91922864790285e-33,5.25951273995896e-15
07,93258982,CT,C,0.012486426224657,2.55970285932182e-36,5.65923205238555e-15
13,30177474,TC,T,0.0116925878493708,1.07334180832494e-13,6.25717213204908e-15
13,30154895,TGAACAGTGTTAA,T,0.011209153269565,1.06102478566457e-06,3.26019308696223e-11
05,137603293,G,A,0.0150883271632004,3.8453540384088e-22,6.96018138561641e-15
04,122713863,A,C,0.0126864946557287,1.0966057527189e-32,7.08949721558656e-15
07,139749346,G,A,0.0158496311217998,1.12581213912969e-20,1.05703932010422e-14
21,39673981,T,C,0.0125478101421716,8.43825882561696e-22,1.14676702108474e-14
21,39983448,C,T,-0.0319663235925647,6.92020556919137e-07,1.73455467759646e-06
21,39235370,G,A,0.00770769295366419,2.01089205787207e-10,1.07650747589359e-06
12,56364321,A,G,-0.0129203145225929,5.12467775209122e-28,1.30179147253731e-14
06,126090277,C,T,-0.0117833866084662,2.10630811271512e-30,1.3623268365903e-14
06,126572573,G,A,0.0159900599664083,8.18415310484117e-12,1.52203515551603e-10
06,126518883,G,A,0.0295337238662059,1.1278966539099e-06,1.94265484499073e-06
14,65520246,T,C,-0.0123594869430022,1.27937130552919e-37,1.45356893782369e-14
17,46989416,A,ATTT,0.0159502553434348,3.95964516775306e-20,1.46253684977537e-14
17,46725779,C,A,-0.02373536220322,4.66801406420095e-09,1.15015574288359e-08
01,155306195,T,C,0.0293152636290951,1.1130342257483e-09,1.23063969382853e-11
01,155321214,C,T,0.0287820544967687,3.86427472723802e-08,4.10961084801609e-10
12,97792368,TG,T,0.0126135405939818,7.44677250766793e-26,1.85541263049107e-14
12,97604246,C,G,0.0104336006610476,1.33165761722821e-10,6.36922890008814e-08
12,97764804,A,G,0.0111168829554433,8.76118656026423e-07,7.19080973993648e-07
04,123832776,G,A,0.0142965213989431,6.88258032936638e-17,2.03811376232525e-14
04,123760527,A,AAAC,0.0215852402910406,1.06835875623014e-07,1.80768600699898e-09
10,120434096,T,G,0.01215488532568,1.08898405586146e-36,2.25518450537109e-14
12,103064247,A,G,-0.0130204631290368,2.23658741278365e-39,2.39108333416702e-14
12,103175170,G,C,-0.0239733423827368,1.01893394771414e-11,1.88903017352982e-09
12,102826653,CATAA,C,-0.0269982869314976,6.96349268643094e-11,1.37484050149707e-09
10,81136129,A,C,0.0119338626667562,2.50320453152071e-31,2.57576408265642e-14
10,81228378,T,C,0.0116887846027004,1.87020857597912e-08,2.93466951184465e-08
10,79572587,T,C,-0.0372415398789531,8.39499128943085e-10,2.76559719631125e-14
10,79659934,G,A,-0.0107387569502133,1.82099958833335e-13,3.78126251295963e-13
04,82184234,A,G,0.0136150630213637,8.34668100236307e-28,3.19188553940672e-14
04,81735963,T,C,0.0332417314292056,3.10541106661392e-08,5.86282316254685e-07
06,81829439,GTTGT,G,-0.0120098677860614,2.46061880716118e-24,3.36901680940723e-14
06,81570143,CT,C,0.0215138081137784,6.62184746017485e-07,1.10818698821544e-08
12,991306,G,A,0.0145973842890801,1.18199496290979e-16,3.72355370104945e-14
12,588372,C,CT,0.00967140926209173,3.33494127414197e-15,6.84801940551122e-09
17,63561592,G,T,-0.0166567662505301,7.51529925929647e-19,4.06080473872366e-14
08,13372120,G,A,-0.0252000255760459,5.15067503238199e-15,4.44825357747261e-14
08,12951025,G,A,0.00752060666749446,2.20327080976083e-13,5.03169864067941e-06
05,131271022,G,T,-0.0138783793169961,1.42314060362892e-36,5.23695203265607e-15
05,131618197,TG,T,0.0245457056344817,6.92990786003733e-10,2.42489116408452e-07
15,86276000,C,T,0.0119931468473366,1.24426495354916e-35,4.89392388596777e-14
06,26207175,C,A,-0.0189132043342992,2.55043015108167e-29,6.71342881348069e-30
06,26543649,CTT,C,-0.00857739573272774,5.7986621090705e-11,2.46269898050368e-12
17,29210595,G,A,-0.0193337813881292,1.91994331457862e-35,4.05876459279159e-41
17,29707521,A,G,0.0107620090920395,6.77702416567325e-22,5.81136729785904e-14
17,29285075,C,T,-0.0306286646429192,2.04600173073209e-08,5.61591491274506e-14
06,19078274,A,G,0.0148742213138013,5.38688044148036e-20,7.5445648078892e-14
X,53628625,AT,A,-0.0103049713448415,1.16771391739825e-30,7.76662264861587e-14
12,57146069,T,G,-0.020302745762506,9.40973209044367e-16,9.11660544263911e-14
12,57540848,C,G,0.0105846334970033,1.84094761637151e-11,4.21068256239093e-08
12,56928558,T,A,0.0088887643483304,8.84992794700787e-11,1.28473984542404e-06
01,201806106,T,C,0.0122225091694116,1.22462434412931e-16,9.98974476301571e-14
01,202004254,A,ATGGTCACATACCTAAGTATGTG,-0.00938803679053153,2.16888928497277e-13,1.61083658145568e-09
01,202163832,G,C,0.00815639708473081,1.49854209677203e-07,1.55563255715301e-06
10,124131176,A,G,-0.0118531110532906,1.77433810434757e-29,1.05873170140765e-13
10,123767086,T,C,0.0201770198206327,6.59086489754521e-06,5.47847961972433e-06
12,102407746,T,C,-0.0311937181923808,1.18909544793603e-15,1.18906433277682e-13
12,102372809,T,C,-0.0109991285824066,3.86202160630809e-17,1.47989653235563e-10
12,102328806,C,A,-0.00935942051307485,2.11425894156196e-14,2.99246200546548e-09
01,26432121,T,C,0.0142998637462402,7.55273281386163e-13,1.36005225686573e-13
01,26802548,C,T,0.0080729408627338,2.75890947453243e-13,6.71019304225565e-09
17,36925750,A,G,-0.0119081676100302,1.17374614967675e-32,1.63093063028303e-13
16,20002523,A,C,0.0130100755719448,5.1895744142032e-17,1.63534422748683e-13
16,20249395,GTACT,G,-0.0150257675566151,1.0059604813474e-10,1.60558399767648e-07
16,19904344,A,T,-0.0115579014543139,9.83167013119909e-09,5.68325106054835e-10
06,36210480,T,TC,0.0308007496417156,3.38651119150746e-14,1.74408533682116e-13
06,35933327,C,T,-0.0123738345977445,3.10930806730228e-13,3.09726684334879e-13
06,36311463,T,C,0.00954940086059822,1.75238579545953e-16,4.06185340648737e-08
08,129224182,G,A,0.0131180078018154,1.21488244067209e-20,1.94059638791672e-13
08,129464193,C,T,0.0143906925586016,3.64587204621658e-06,4.69213474029867e-06
12,28644895,G,GGT,-0.0126760757691394,1.93506416526843e-24,1.94374261576622e-13
03,85671119,C,T,0.0100272103618638,2.29788696878881e-15,2.15470050099466e-13
03,85171302,T,C,-0.00922718213153325,1.20726669598399e-13,2.18452951234848e-12
01,21584941,C,T,-0.0118803425643733,4.60710810782937e-29,2.23609470591327e-13
10,5042294,T,C,-0.0172655085586216,1.44780026110886e-14,2.56601771316577e-13
10,5257647,G,A,0.0114439774525285,1.75129080637578e-09,8.84468647428215e-09
15,41970964,C,CA,0.0170046866921801,4.92405807039954e-14,2.59723037595654e-13
15,41560127,TA,T,-0.0105623812067477,9.33254154446342e-10,2.00701084599732e-08
15,42084329,G,A,-0.0287429457031344,1.82334226479984e-06,9.82341508857239e-08
18,56876563,A,G,-0.0149604750536624,9.23908222195784e-16,2.71830411188363e-13
18,56943484,C,T,0.0182532193568235,2.45597951381967e-07,4.03810121755335e-09
18,56676022,T,G,0.0138749937931092,1.3729990834591e-06,3.43649126091531e-06
10,77210191,T,C,0.0116377753270433,2.71446159510228e-33,3.36490095770132e-13
12,120867798,A,G,-0.0297677821085453,3.62482506489515e-14,3.3703033785393e-13
05,134372685,T,C,-0.013212585344477,8.71337722194685e-16,3.42943398805494e-13
05,134586980,G,A,-0.0103680175700863,6.21398318572815e-20,4.89284947735963e-11
11,69303727,T,G,0.0100433829510353,8.59488670384699e-18,3.5484276030218e-13
11,69509343,G,A,-0.0093005277345472,3.33354164324957e-11,9.38467764817708e-11
11,69798856,G,A,0.0111213412376922,4.16941912360739e-08,1.23276976389499e-07
10,27914001,A,G,0.0108601662870191,4.50451963403087e-18,4.79281744379175e-13
10,27567902,A,G,0.00837302228719034,1.70532003934426e-07,4.72350746974588e-08
20,20069826,G,T,-0.0130627820743832,6.80271043949329e-20,4.82800856671876e-13
20,20348253,C,T,-0.0132780496376582,8.66920404907252e-13,4.51497856199574e-10
01,184007119,C,T,0.0124061194054599,6.41626121279883e-24,4.83299812425906e-13
02,233153745,A,G,-0.0192667831625017,7.73570415912255e-16,5.10628786923718e-13
02,232790053,T,C,-0.00878061238545509,7.69528617486058e-11,2.4836454524769e-06
09,98104492,T,G,0.0105537985163925,3.79614755750869e-16,4.05776562939303e-13
09,97409311,A,C,0.0119543637962205,7.28314912420111e-15,5.21478009783744e-07
09,97190662,A,G,-0.0102287825442551,2.6245948701505e-10,4.13100204951844e-07
02,69378070,G,C,0.0165173957713507,4.3398147901765e-17,5.82262879095054e-13
15,38502321,G,GCA,-0.0117555694161775,7.9585709377906e-30,6.07895507075475e-13
07,50661670,CCTTT,C,0.0137067258004485,9.53139586486183e-14,6.59151903669222e-13
07,50924391,C,G,0.00837534124547434,5.06018414292657e-14,5.01341586503087e-07
07,50877893,C,A,-0.0146827873542317,2.01171523269792e-07,4.65899638452554e-09
02,9770589,G,GCGGGGC,0.0137727322322997,8.19628358823308e-22,7.42549223758568e-13
06,45090977,C,T,0.0117214468704179,9.91566575062654e-27,7.5288364509254e-13
10,70240379,G,C,0.0115821806678911,5.73778286374717e-30,8.66281800638062e-13
07,121955981,G,T,0.0116664551627522,1.44869261566153e-26,9.22454600231977e-13
03,52835514,G,A,0.0167211593319497,3.87241629935585e-14,9.89870024248777e-13
03,53164526,G,C,-0.0181232459426614,1.94112894816651e-07,4.53274665204625e-08
05,32831670,C,T,0.00967997948800416,5.3759510281793e-15,1.03525544669923e-12
05,33325863,C,T,-0.00868886431372593,7.02576004009196e-07,8.52078021206021e-08
05,32717228,C,T,-0.00787209648535443,1.90350674350283e-08,8.24891728111689e-10
08,57170647,A,G,-0.0287254781838266,2.1347689453519e-35,2.13194806650588e-42
08,57187356,C,T,0.0212517841318057,8.49524195336628e-26,1.3250751046513e-30
08,57665019,T,G,-0.0108584725565054,2.45283942417074e-14,1.06761616771475e-12
07,148649180,T,C,0.00950924961066809,6.7880775522567e-10,1.11291710489134e-12
07,148648835,T,C,-0.0118401001763562,2.03675220936569e-10,1.65733513253593e-12
07,148591148,G,GC,-0.00815483074822582,1.28014303297917e-09,1.24365796183016e-06
X,77770928,C,T,-0.019590805008026,1.93136336232592e-14,2.70639617584393e-16
X,77576633,C,CGT,0.00879294124183889,2.00665382597921e-14,2.97726075293042e-15
X,77057129,C,A,-0.0148656607190029,3.55679401895554e-06,6.32672601153349e-07
06,30276382,G,GTTTTT,0.012673044313414,6.4088987824448e-32,3.93274144388837e-14
06,30373456,T,C,-0.0137708705773633,4.36578761954863e-13,1.75220979679962e-11
X,99882543,C,G,0.00969724498315018,2.13099760088063e-21,1.28694022451891e-12
09,109565934,T,C,0.0125323505497996,6.15536844420877e-22,1.48196186206516e-12
03,85539217,CATTAT,C,0.00965017534516422,1.58077267413055e-14,9.497963562935e-13
03,85087904,G,T,-0.00889718179865515,1.45447987317073e-12,9.98956518430369e-12
02,227263582,C,T,0.0114465500883577,1.76467086088023e-18,1.72166603821906e-12
02,227368066,C,T,-0.0339547994389613,5.30382809666784e-08,1.25385700049591e-09
02,227650791,G,A,-0.018025864559053,9.01986666298767e-08,1.28165809373536e-07
08,145001031,T,C,-0.0108589573581039,1.83376092504685e-17,1.98713228589614e-12
08,144848756,A,G,-0.00911172714172157,5.96228514773513e-12,2.93379445264505e-09
04,1341553,A,G,-0.0272081881492256,3.01403221651887e-14,2.23393551935169e-14
04,1750487,T,C,0.0112663712113117,5.27859419072687e-22,2.05086008514947e-12
02,25458100,C,A,-0.0130620457575752,2.3205904515975e-22,2.06201271676297e-12
02,25428302,T,C,-0.0211659148154676,7.70423987425563e-09,1.20444829903709e-06
02,25052177,T,C,-0.00965496923048958,1.35369704671719e-09,2.01153450118444e-08
09,103061366,A,G,0.0119771299590065,1.59717618193758e-22,2.08466766461482e-12
06,76164589,C,A,0.0184606753084237,7.19987018878872e-15,2.28560005049965e-12
16,15147788,A,C,-0.0120369080741373,5.72732769217021e-22,2.61878382456512e-12
19,7193392,G,A,-0.010283026719622,1.43734952950591e-17,2.95341905850592e-12
19,7112645,C,A,-0.0139575662843211,5.24326539762351e-10,2.71191313700121e-11
09,90873653,A,G,0.0105980148929989,1.72882627289643e-19,3.32634672659558e-12
09,90600849,C,T,-0.00834450779106866,1.22242678143125e-08,8.0331787219932e-08
16,86417679,CAA,C,-0.0114468103372243,8.82747747048403e-19,3.42558045195531e-12
16,86088594,T,C,-0.00758605382840966,1.40266598242108e-09,2.17304068395221e-06
19,4910021,A,C,0.00978927354441392,9.91021354508457e-16,3.5307504159195e-12
19,4444742,A,G,0.00958839657359642,3.96612354235677e-09,6.3027270594738e-08
19,4950048,AT,A,-0.00865196119103532,3.02046837280106e-08,4.57107342493393e-09
02,198950240,G,A,0.0110370675495962,1.63397365742343e-31,3.99060367786152e-12
18,46516424,C,G,0.0118834326051022,2.47708260963845e-17,4.21930452657668e-12
18,46602964,T,C,0.0114166199225358,1.05069663268726e-21,1.31083914653591e-11
18,46277324,C,T,-0.0154903358533014,6.31558103346925e-08,2.01006059750177e-08
13,54107352,G,A,0.0165657675354758,2.47676656585396e-15,4.24625257260077e-12
06,105358192,G,A,0.0114582994141655,1.21570191518785e-24,5.20508290099647e-12
01,118855812,A,T,-0.0118650678305301,1.28266506129478e-21,5.30599267397899e-12
04,45182527,A,G,0.0110908990236466,2.54673483091346e-28,5.50978756611368e-12
08,49407362,C,T,0.0147563510008108,3.97977757230439e-16,5.58800916076434e-12
03,56686329,T,C,-0.0114120567008538,1.35189201133264e-23,5.67446922328417e-12
11,14413213,G,A,0.0212682297805493,1.21672505336375e-10,6.39571669831541e-12
11,14390463,G,T,-0.00775535305861844,2.56300981617709e-11,1.53587152037022e-08
20,47843620,T,C,0.0129074514488885,1.5383189937593e-18,6.40230515074797e-12
14,103859143,C,CT,0.012203358395998,1.21198323862552e-21,6.40675764007024e-12
14,103361937,T,C,0.00983317672109561,4.68332459594966e-09,1.9115582540024e-06
17,29098253,T,TA,-0.02487715366977,3.32976959900275e-41,4.2330693259682e-26
17,29037339,G,A,-0.0377325149191285,2.01050660538262e-19,1.89317155756291e-14
02,33360338,G,A,-0.0104030348733748,4.99219701114881e-14,6.92281165262881e-12
02,33489022,AAAG,A,-0.0203273670118239,4.16229537306871e-09,1.04325752874554e-11
22,40611012,G,A,-0.0117214485540346,5.04934513068514e-22,6.96308927659101e-12
03,13805578,G,A,0.0106290626522338,5.79368660401823e-25,7.02965694090648e-12
03,14043412,C,A,-0.0318361135502725,3.2591963917617e-07,5.68814884374758e-08
14,21539684,T,C,-0.0109080699839578,3.81192544144559e-16,8.3497350184649e-12
14,21924673,C,G,-0.00849366308586763,1.09033868775767e-11,2.1413400415624e-09
14,21892165,A,G,0.00924079867776,5.07167948207727e-08,2.65100535127257e-08
01,150555028,T,C,0.0189020674708549,4.28552440180929e-12,9.26605843317198e-12
01,150186091,G,A,-0.011933373236524,1.21455988576143e-07,1.0744975253624e-07
17,71124903,G,A,-0.0111047364003063,2.59960982096446e-24,9.43258713498843e-12
02,169721381,A,G,-0.011557970947248,2.01794864235312e-21,9.97134826455269e-12
02,233196154,G,A,-0.0185336252470848,6.03317820905008e-12,1.49669026765483e-11
02,233450824,G,T,0.00913353095256321,2.58115536825529e-10,1.87543116975349e-07
17,39261560,A,T,0.0117300103175269,7.01339678992686e-21,1.07033812136249e-11
05,179727399,G,C,-0.0110362901534342,8.87475385993994e-25,1.13125156322019e-11
17,76766437,G,GA,0.0108322939357612,8.46658448139544e-30,1.17750906060203e-11
20,6709838,A,G,-0.0116492997039862,2.49285350018678e-16,1.32033068591048e-11
20,6542634,C,T,-0.00994899470441416,2.20111565287996e-15,1.24741563905775e-09
09,94186973,C,A,-0.0120536545468555,2.5012704803964e-19,1.320386064423e-11
03,62711674,G,C,0.0115913000389466,5.92011272095446e-21,1.34076695337787e-11
19,3417166,A,T,0.010875747503967,5.09716606120232e-22,1.39016296542141e-11
19,3290816,G,A,0.0110908257142916,8.29971564398977e-08,9.37914204122216e-06
19,3348608,T,TTTG,0.0250285432951827,3.99714530665859e-06,2.4058640617294e-06
01,22473791,T,C,0.00888680647047956,4.52842824019176e-17,1.50652305912134e-11
01,22492613,A,G,-0.0125509453801075,1.23769843858322e-09,2.27135563654553e-11
12,77457439,A,G,-0.0123108764088515,9.95315715829699e-19,1.59543489298527e-11
12,77439823,G,C,0.0293729287673437,2.43876299496065e-07,5.41810265717246e-06
12,77429768,TA,T,-0.0103522005422744,2.52879925894226e-08,8.58956124525194e-09
12,69828534,C,T,0.0109517291171329,2.41851669467827e-17,1.72490578030599e-11
12,70215960,C,T,-0.00830899417925862,1.3830155211144e-07,2.00197264398324e-06
X,139248591,G,A,0.00892789362725725,8.04061370077169e-23,1.92374052224472e-11
12,110044918,G,T,0.0133366179498052,1.81346521886552e-16,1.98352768286178e-11
14,93112924,G,A,0.0138010289084215,4.95752943845991e-14,2.11262411517321e-11
14,93406702,G,A,0.0100915548622249,3.22588408839334e-17,1.81220827836604e-09
09,95453880,T,C,-0.0153807090496645,9.4754976057348e-15,2.24306226370552e-11
05,41927601,A,C,0.0226813945054969,4.08626908128281e-20,4.13592024786177e-21
05,42123676,G,A,-0.00953035013084989,3.53114086509904e-12,3.50838401625512e-12
02,112249583,G,A,0.0129526386817657,4.45663348798695e-13,2.77023874831242e-11
02,111874551,G,A,0.00950039466504517,4.52012536977977e-19,3.83489886048511e-09
07,6399723,GATTATTATT,G,0.0159907800025862,3.71853876803099e-14,2.78483968291013e-11
04,12881731,T,A,-0.0121916038345632,2.14562694485463e-15,2.82132469828242e-11
04,13182756,A,G,0.0085274953217437,1.82112520498709e-09,1.93270643357712e-06
01,8015560,A,G,-0.0111707198625179,1.53786484663508e-21,3.16859217036247e-11
12,115106688,C,A,0.0121405741567271,6.55381236314557e-18,3.2048122479581e-11
03,11630252,G,T,0.0139283465967306,1.78344836370919e-15,3.23297179252208e-11
12,12871099,T,G,-0.0119484500854408,1.54908267694533e-14,3.3389790377972e-11
12,12876111,C,G,-0.0155095763450235,9.82848400378556e-11,2.30964426163499e-10
06,40369081,C,T,0.0112280304315256,2.45870875936543e-21,3.36148725443561e-11
05,171281875,G,C,-0.00848001361205014,1.13729179676111e-10,1.91134447907509e-13
22,30365780,A,G,0.0106777181538244,7.33071006888607e-26,3.41559930621216e-11
06,2101285,A,AT,0.0125289833624502,3.47674105433557e-17,3.85666330974998e-11
18,74970687,A,ATGG,-0.0283250783581494,6.27165314867255e-12,4.66921874848705e-11
02,44956340,G,A,0.0140139233236928,4.16383192220874e-14,4.87104174342875e-11
02,44462133,A,T,0.0103262604718214,2.74442183284925e-09,5.35754705000507e-07
05,54873285,T,C,0.0113021217611807,1.52855447807517e-19,5.09244581552632e-11
05,112162298,A,AC,0.0113963116910924,1.07415793928949e-24,5.3341628868897e-11
17,17397131,C,G,-0.0121413677813071,1.27389986602599e-17,5.86590075682415e-11
12,9064133,C,CT,0.0107248689243267,1.08350831577003e-26,6.59134543566476e-11
09,139377498,C,G,-0.0101391262061511,6.67364567877803e-17,6.62142503766097e-11
09,139082491,TG,T,-0.00814791263442593,1.15588112559567e-08,3.60307503152369e-07
03,38496193,C,G,-0.010475048659343,1.00292344862327e-27,6.65913294964166e-11
01,32393821,TATA,T,0.0155585820185045,3.06613772079515e-12,6.82319450806135e-11
01,32044601,G,T,-0.00928653929853455,3.32760061666045e-13,8.34051765574786e-08
10,18549889,C,T,0.0163222849626418,2.25905988097482e-13,6.99643455403668e-11
03,49930101,T,TA,-0.0131810674187563,7.89182088226085e-43,4.29765558187693e-17
14,68662643,A,C,-0.0148351237177178,3.94795967721195e-14,9.09184618241349e-11
X,85563379,A,C,-0.0085581309116936,3.08967889737606e-22,9.16895482541993e-11
01,2172919,T,C,0.0102794870442499,5.28946081159209e-14,9.82653442294988e-11
01,1673558,CA,C,0.0101430688188736,2.37232788259758e-15,1.62478632683973e-08
01,2253864,G,T,0.0387445566838898,8.11229751665399e-07,4.04306044598695e-08
15,89928189,T,G,0.00994962397945921,2.60100469906819e-17,9.84306611582296e-11
15,89432448,G,A,-0.0432901175893374,6.25084980836788e-10,4.44923075025818e-09
15,89437181,GT,G,-0.00960612480166228,1.18471433375024e-10,3.51914593655497e-07
07,71585126,C,G,-0.0109525509197706,1.12589237507609e-20,9.98963784714329e-11
X,109832336,A,ACG,0.00907642158134859,2.16679793159649e-18,1.09066806980554e-10
11,9399731,G,A,0.0104612424804018,2.74894099615853e-23,1.11605986673461e-10
01,212215819,A,G,-0.0101283749585872,4.92981530408703e-20,1.1458199679259e-10
01,212639727,G,C,0.0127531256613579,6.19843795549862e-08,1.29170858890875e-07
17,38597922,CTT,C,-0.0103552586499239,3.46833194039662e-25,1.16561011120201e-10
02,85818273,G,A,0.0111370438364612,5.60255885628939e-19,1.20410227837621e-10
16,81663793,G,A,0.0114438683643069,1.11727355456066e-18,1.31149281537635e-10
16,81565749,A,G,-0.0121190155461695,5.50566084364854e-12,6.3787447667637e-09
16,82156398,A,C,0.00926827678261797,9.21368081120062e-08,1.28833366301125e-06
01,1665702,T,C,0.011233385133909,6.14055521378869e-18,1.31579328292715e-10
01,2164699,C,T,0.0106955160192945,7.18792478975033e-16,2.61051990556726e-10
11,18632236,A,C,0.0137145306089451,1.84672913923755e-14,1.31604334024263e-10
05,88041932,G,C,-0.0101869869388242,2.21128885181753e-08,7.2462948936956e-12
05,88275333,G,GT,-0.00975338680627986,2.91841875489933e-13,2.02826809924828e-10
19,46182304,T,A,-0.0128968660471849,5.48378879636928e-15,1.51451318400998e-10
10,126290498,G,A,-0.0100210632423163,6.90957003540142e-19,1.65409239832441e-10
10,126675759,A,AAGAT,0.0131276412857973,6.74113296567122e-10,1.84820739987415e-09
12,20588382,T,C,-0.0122248513137568,1.34646205865101e-11,1.6817344774785e-10
12,20710598,T,C,0.0106586853858161,2.38147622389644e-06,9.35150849338802e-06
12,20804160,C,T,0.00746107740013172,1.25154917066295e-09,2.58982969962849e-07
17,46288649,A,T,0.0147902573950205,9.32965652445431e-13,1.7004827139849e-10
17,46175361,C,T,-0.0222473308066418,3.24616822808705e-08,2.00324855247068e-09
17,46689559,T,G,0.0171234187469421,5.20729970132663e-07,3.57491726812628e-06
X,73648242,C,G,-0.0197819857101539,3.50198967139521e-12,9.71211367794031e-13
X,73583771,T,C,0.0116921054983753,2.23924961661012e-09,1.05868084028489e-09
02,46654831,A,AT,-0.0103847531332552,3.01530829962301e-28,1.86726151525233e-10
01,11205058,T,C,0.0160337312020653,9.61224579187934e-22,9.69239997552472e-19
01,10300778,T,C,-0.00973403897450127,7.1686823617446e-09,1.5084645803155e-07
03,88196211,C,A,-0.0112411201782212,1.08936998527237e-17,1.90092861415425e-10
14,91517973,A,AG,-0.0111443155646011,7.89657240822991e-18,1.98109633689575e-10
01,23394062,G,A,-0.0107916588549965,4.85386016450073e-19,2.00527489230708e-10
09,111707928,G,T,0.0186660827473687,3.56129997234868e-10,2.01740008057926e-10
09,111910690,C,T,0.0130200637187453,1.26277442941771e-06,3.55667094807276e-07
03,41308348,T,C,0.0101753990363994,1.17105819279633e-26,2.03354369470817e-10
17,21283507,G,T,-0.0111401064987608,3.34019010808737e-18,2.16138130104896e-10
07,56187347,C,T,-0.0135700868124701,5.73055122273603e-14,2.18559985807197e-10
X,82016216,CTGCCTCGACAGGCCCCGGTG,C,-0.0108060435870254,4.64166400320388e-19,2.23279505888057e-10
X,81522583,G,T,-0.0193990362104852,6.83588201299426e-13,2.62339529354834e-09
02,70315987,C,T,-0.0352071871780573,8.53438776846796e-11,2.28915507005886e-10
02,25482970,A,G,-0.0111994388982525,1.3839297281875e-17,1.4353681722333e-11
02,25975840,A,AT,0.0118001635692436,6.36350626384337e-13,2.36861706449706e-10
11,29214768,G,C,0.0157232911838865,5.9098973908184e-13,2.38078878402994e-10
01,86823503,A,G,0.0149596795095514,5.7569749487639e-12,2.45925772413631e-10
01,86339511,T,TAAAA,0.0081285702321167,7.43452139362498e-13,1.26377952443809e-06
16,24713503,T,C,-0.0105538683655059,7.72590829342597e-18,2.51883419356049e-10
16,24550930,G,A,0.0107164201175217,1.67280093480563e-10,1.92837612269948e-08
06,83330333,T,TG,0.0102361132263841,2.1959316026207e-28,2.60318178040929e-10
19,41902522,C,CTTTT,0.0109120496579405,4.21750728924809e-20,2.67845810923635e-10
07,28829253,G,C,-0.0102542429935617,2.27979158734968e-22,2.80209175095847e-10
X,118640330,AT,A,-0.00923660960926878,1.50270992555747e-16,3.19747667973483e-10
12,131610065,A,G,-0.0108923364911103,7.01486780406406e-18,3.26852896740556e-10
08,23383204,G,A,0.011796655288706,4.93656392721249e-12,3.32107314692946e-10
08,23414369,A,G,0.00839883712612815,8.37791206852469e-12,1.4393004684237e-07
05,39519303,C,T,0.017114880101583,1.82248148050981e-10,3.35584271978003e-10
05,39403818,A,ATT,-0.00925537017491157,7.21760254062082e-10,1.48095331524424e-07
02,242495392,T,C,0.00872794545036485,9.26576065580824e-15,3.36730354774351e-10
02,242308625,GTTTT,G,0.0156375689916926,9.80331330551951e-08,3.68619118892157e-10
14,35864990,T,C,0.0128028888594435,1.01168588115572e-17,3.44657311482091e-10
14,35427725,G,GT,0.0101513868199305,6.91529933811444e-18,3.91813554887838e-07
20,61564901,T,G,-0.0144498497192731,3.24529476790901e-13,3.54254224964464e-10
12,117408148,C,T,-0.014083612508106,3.78166102899556e-13,3.80595083708637e-10
05,80830788,A,G,-0.011549224897257,9.06346445377249e-16,3.84771053566126e-10
14,70348141,C,CATAT,-0.0103177088397712,7.31090004884298e-16,3.93371310212443e-10
14,70439185,C,A,0.00912573854078715,6.35858893859439e-13,1.89793484278975e-09
14,70633411,C,T,-0.0271789127256384,2.70720351237927e-07,3.34354374208403e-07
12,53831064,C,T,-0.0153704485569979,3.00042899538137e-11,4.06545149675296e-10
12,53502234,TA,T,0.0119929164783095,9.97922025582509e-07,1.67403880620167e-06
07,1270738,C,T,-0.0178447237955799,2.32015166621366e-10,4.07871680430707e-10
07,1381277,A,G,-0.00979770994891133,1.38200749486097e-15,1.9414463416237e-09
13,42737268,T,G,-0.0102994930118299,2.06174967888155e-20,4.61220688904992e-10
08,65002075,C,G,0.00928595151193353,2.59700532184971e-13,4.7781748302999e-10
08,65311200,A,G,0.00854189395249536,7.31870750837606e-11,1.27146119818925e-08
10,53290991,T,C,0.0134680244138511,5.40633583832065e-12,5.06031341774943e-10
10,52792194,A,G,-0.0079071755280646,1.77298104637021e-08,6.92458630421798e-06
03,152414536,T,C,0.014111935931311,6.95719277584688e-13,5.42650412832667e-10
16,67991972,C,T,0.0196961074513972,3.32431642558388e-11,5.52679623696725e-10
11,118680072,C,G,0.0100048478770982,5.10924356811997e-22,5.5671095843745e-10
01,65298971,C,T,0.0479842499541003,2.84997983096914e-10,5.63841146660275e-10
17,60720058,T,G,0.0100731335108139,2.10443209496664e-15,5.83452457120693e-10
17,60911376,ATTAT,A,-0.00886122251512937,5.40567813768016e-08,8.84974599623827e-07
03,25110415,A,T,-0.0100063501363355,7.30163701318042e-22,5.88002401471595e-10
17,65892064,A,T,0.0116822699790193,4.78075555935138e-15,6.10798207067049e-10
17,69307999,C,T,-0.0103269378610526,4.14798550015216e-19,6.89744048585281e-10
03,14960170,C,T,0.0154118437851463,4.77139866910515e-12,7.13728212391774e-10
14,79937216,T,A,0.0118899736179906,7.15855586953117e-15,7.25305739130903e-10
09,28410683,T,C,0.0105536019360939,1.27059363898366e-18,7.30706602412327e-10
09,129464856,A,G,0.00934380479696235,1.93285717108603e-15,7.40203054818438e-10
09,129270262,A,G,-0.00839854045424276,8.9963342998983e-09,2.44077099301458e-07
16,89573230,A,G,-0.010154647924362,4.92206256083041e-24,7.45082118615917e-10
X,117865540,CA,C,0.0102236755944232,1.78361830131218e-13,8.11198653181029e-10
07,18676842,G,T,-0.0162308400396269,6.55175868267166e-11,8.52928022520206e-10
07,19016871,C,T,0.011025450238506,9.82900419117635e-09,3.46487653257524e-07
02,241730875,G,C,0.0105845398868431,2.55907496858062e-15,8.66728147183544e-10
02,242189231,T,C,0.0144918421800575,5.36554292567173e-09,1.55015754619784e-08
01,183104340,A,AT,0.00988676183404739,5.11135455850082e-22,9.0705903480825e-10
04,3469976,A,C,-0.0111787866785591,7.96692886557836e-16,9.39136666771269e-10
22,39831278,G,A,-0.0113019932162221,1.11201758978786e-15,9.45584254522196e-10
02,172307385,C,G,-0.0162674218945436,1.75570094794682e-17,2.19301534016109e-14
02,171923670,GT,G,-0.00966672325600503,7.46771956908585e-16,3.22084537176681e-10
02,172101805,A,C,-0.0181510302108716,1.88321011664242e-08,8.13306510234248e-09
04,184196254,G,A,-0.0113683312707209,4.58873083125989e-15,1.00909001299481e-09
01,38455891,C,G,0.00976850505738279,5.5074172504385e-23,1.01061945199274e-09
X,31854782,G,C,0.0085130629162102,8.37586215762966e-16,1.04884458209831e-09
14,101239264,A,T,-0.0217609896634996,6.39962650596139e-16,1.13591771951326e-09
14,101155536,T,C,0.0122009976159543,7.69903831265924e-16,4.67548230627723e-06
14,100863902,G,A,-0.0305620330499265,1.67339088254118e-06,8.90021794993559e-07
12,66212017,C,T,-0.0154612996473618,1.66007965151935e-21,1.05895955969251e-13
12,65964357,A,T,-0.0112910566746781,9.07450919381012e-12,1.03642246803158e-12
12,65724221,C,T,-0.00830725965893824,7.15588260980208e-08,2.28957610121214e-08
01,79476511,T,C,0.0109070794491957,2.2526037754255e-13,1.2166801845958e-09
01,79053326,G,A,0.0358319849537092,3.18657080529881e-08,6.46311498997693e-09
17,43216281,C,T,-0.010971187035751,1.22407197138296e-16,4.0027394381336e-18
17,42774033,G,GA,0.00908583451613827,6.70183688477363e-09,2.68747919251356e-09
17,43188891,C,G,0.0112012120993813,1.75156694537004e-09,6.66733748108261e-16
15,74336633,T,C,0.00902102086541684,1.07977857050824e-15,1.28451800661269e-09
15,74163430,C,T,0.00999835188754699,7.22209405336073e-07,2.99896954474765e-07
15,74570991,G,T,-0.0133943776415375,2.10726588197262e-06,3.4503778613487e-06
03,55548726,A,C,0.0112188221969207,5.21320921179759e-15,1.32089751784392e-09
19,55879672,C,T,-0.0338043393766065,2.79417526539847e-10,1.4743708447796e-09
19,55993436,G,T,-0.0276824909462171,4.34481977436456e-08,1.59034647779124e-07
20,43520287,TCA,T,0.0109324317059941,2.00475114620606e-15,1.51536339849199e-09
09,118411240,T,C,-0.0175286360829212,4.31237023346669e-11,1.67650091139648e-09
09,35753898,G,A,0.0111574327800137,1.10238987418647e-14,1.68872610680669e-09
10,64502169,G,C,0.00977489285003561,6.17010200560341e-20,1.72417685173571e-09
02,20143831,A,T,-0.0290798741213776,4.49724980091462e-10,1.77243567377623e-09
01,72812324,A,G,-0.00855822607860601,1.07150893556151e-13,1.78893310897291e-09
01,73070185,CTGTT,C,0.00919757407072346,6.67542150527763e-09,1.09803158842929e-08
14,84252205,A,G,0.0102365196967637,3.66161999933939e-17,1.79713488789322e-09
10,22699511,AG,A,0.0169550494453311,4.22677403939822e-11,1.85656360534599e-09
15,81059775,A,G,0.00972939796601875,7.95016033823749e-25,1.87679849883688e-09
01,225956154,G,C,-0.00887193102343878,8.19974283217563e-11,2.0115045152808e-09
01,225513187,C,CA,0.00955030968589484,1.09325872725119e-09,5.27680779198938e-09
03,33600582,A,C,0.0291162379338913,6.60485489056423e-10,2.03565762905746e-09
X,133680547,A,G,-0.00828637489122578,1.11407525869155e-15,2.03834123095991e-09
02,59291172,G,T,0.0101436365110799,3.9906023525009e-11,2.04414231024946e-09
02,58935282,G,T,0.00869563716252619,2.17310427205038e-13,1.67768834976089e-08
05,6754402,C,T,0.0100962254330161,3.81800327328352e-17,2.15782862708187e-09
02,145336371,G,A,-0.0101808947178692,2.93166422034214e-16,2.20518439404656e-09
02,145611943,T,C,0.0114531324609659,2.40907219303094e-06,8.36648993661482e-06
16,14380768,C,T,0.00988148424729611,1.10660020015584e-18,2.20894953063641e-09
03,187443314,G,A,0.0184406987085379,1.37137029022349e-10,2.23124774812912e-09
13,59175727,A,C,-0.00961394025204256,8.51660480653161e-25,2.28295620601003e-09
12,107319661,G,A,-0.0107879491109658,3.31678753058412e-15,2.33019045376881e-09
08,10519285,T,C,0.0095649595206862,1.6908385471068e-21,2.42038820167442e-09
16,9211117,CT,C,0.0111707812726084,1.01895054186615e-16,2.60742584518396e-09
16,9053519,G,C,0.0160716341967149,1.6224414840864e-07,2.43897840026436e-06
07,135212623,C,CGT,-0.010372382492064,2.6292521121507e-12,2.6340898753562e-09
07,135105194,T,C,0.021731955720347,7.87506644711613e-07,9.21117161871781e-08
03,53675022,T,TGAA,0.0117069080520655,2.08211950266529e-13,2.69369732902827e-09
02,225605531,A,G,0.0440544407159794,1.37257315569017e-08,2.72124052763167e-09
02,225278693,CAACA,C,0.00964355982809904,7.59189696036794e-14,1.52413972887313e-08
02,225164512,G,A,-0.00907281361170872,3.12319737800749e-08,2.93060041348205e-06
14,35568947,C,CT,-0.0107333214962267,5.49343916257201e-09,1.09953210657365e-09
14,35218831,G,A,0.00806197822334092,1.13857303440146e-12,2.74776381757338e-09
04,135415983,C,CT,0.00967769795405751,9.06525118063912e-22,2.80142298536928e-09
06,158740218,G,A,0.0100425876969291,2.33852483447095e-17,2.80239216401604e-09
01,10731625,A,G,-0.0206525498388675,-99,9.3917885186468e-11
06,34163292,G,A,0.117702360003305,-99,7.77274808853073e-14
06,34205465,GGAGCCC,G,0.069152381818601,-99,3.13591734254498e-42
03,49568181,G,A,0.045708679662362,-99,6.47434073330012e-11
05,87999371,C,T,0.035801195783163,-99,2.63619176091005e-08
01,155155608,A,G,-0.0239134337038733,-99,9.03497922179168e-21
05,171218388,T,C,-0.0186223613342186,-99,8.55285097265144e-09
05,171336723,G,A,0.0209683797262212,-99,1.05763406924098e-13
02,233585299,G,T,-0.0236719818930829,-99,1.85221138887396e-12
