chrom,pos,major,minor,beta,p_value,gwas_p_value
18,57848651,A,G,0.042727170632846,7.08880766250779e-184,4.50131783132331e-115
20,34025756,A,G,0.0367631958668993,1.87765392814652e-264,3.16063843057029e-114
16,53806453,A,G,0.0314221553847551,2.04006342518665e-194,8.60546181506175e-84
03,141105570,A,G,0.028685982145269,2.35181206191622e-185,6.56132910461513e-72
13,51116901,G,T,-0.0326101740836965,1.28798786912866e-97,3.11539692654439e-69
13,50655989,G,T,0.0786187803964324,1.19330158397599e-41,1.83446155196144e-45
12,4384844,T,G,0.104214782947023,5.60449298175892e-69,1.66226886854953e-65
06,34620153,T,A,0.0364237459631214,1.53355267829069e-69,2.06651166438209e-59
12,66361453,A,G,-0.0258190062551288,4.34766576204523e-170,1.02186304575572e-58
06,126704795,C,T,0.0257801193593534,9.4982542258876e-146,4.54535048699632e-58
07,92250140,T,G,0.028359567416701,4.19765125537403e-97,1.5239558704351e-56
06,130374461,A,T,0.0280827720529348,5.24342227125512e-93,6.37669124458342e-55
08,57122215,T,C,-0.0349027787726032,7.40117829552385e-60,5.75135228660906e-53
08,57185471,C,A,0.0186604145997858,5.51826220858669e-33,1.05971089128858e-26
02,417167,T,C,-0.0557260852100718,4.43845440977185e-55,9.6577361948217e-49
02,632536,G,A,-0.02954047163577,2.58707957276618e-61,5.54132088504829e-42
17,29206421,G,T,-0.0281929301347965,2.88810877777398e-77,3.76414535553853e-47
13,51064533,CCT,C,-0.0278953839003727,2.50122270752633e-86,6.02564858000224e-58
13,50565104,ACT,A,0.0775658810724388,6.26081352164823e-42,3.39279065735708e-46
18,20737641,T,TTAA,-0.0273883043262327,7.47876337425995e-71,1.18503795769411e-45
04,17922866,A,G,-0.0253892926356252,7.76046717633262e-41,2.41097615786419e-45
04,17956213,T,TG,0.0180644266812199,9.55988634929822e-38,3.27426241270778e-38
06,31840021,A,T,0.0222033157577847,1.60773536041545e-55,9.1592237641253e-45
06,32187721,A,T,0.0129365490744658,3.2632110896744e-18,6.97816303822276e-20
X,78655777,G,C,-0.0190669177942078,7.45986242573484e-78,3.79527412919042e-44
02,27730940,C,T,-0.0227724645783543,5.51020807017703e-100,3.82365792408622e-44
01,78444764,C,CGGCCG,0.03396172087367,3.7392009751151e-57,8.24071774652738e-44
09,119124535,T,TAA,-0.0275128885829242,3.71828205633593e-65,1.15433886900151e-43
17,61996255,C,A,-0.0299946073439626,6.61555437325588e-147,6.39473442688059e-43
17,61996273,T,C,-0.0392411208475128,7.70785219650129e-62,3.67849629964387e-22
14,61072875,C,T,0.0218097295422598,6.00620231016057e-90,9.63008637637987e-41
01,154989823,T,TGGGGGCAGTAGAGGGGGCAGTAGA,0.0217982161910501,2.68241117256586e-46,2.11140095189068e-40
01,177889480,A,G,0.0258126528645831,1.64317149590958e-59,1.99008338289627e-39
12,93982332,G,A,0.026681928316164,4.60145664763131e-56,5.38896258627e-39
12,94136009,C,G,0.0162953445557964,2.72386450930821e-55,1.07359666488553e-18
04,145568352,C,T,-0.0216930492162274,1.6389207527644e-31,4.4499666339911e-38
04,145839264,G,A,0.0144453730732287,1.28050249466865e-45,1.14082877593769e-33
07,150668070,T,C,-0.0194953959882367,4.52675875522225e-57,2.13006581803231e-36
07,150554553,C,T,-0.0200547265638114,3.9879030989849e-12,3.92711395542754e-17
16,30042677,G,T,0.0203581633578526,1.07628490668639e-82,4.82386701957244e-36
07,2859847,G,A,-0.0209790736180673,1.52092165536666e-61,9.17420347599535e-34
05,122699198,C,CTA,-0.0188224117840704,2.45275425618042e-84,3.8517339267208e-32
06,19839415,C,T,0.0416580370228894,1.06498977594149e-32,7.07777898436448e-32
06,19724989,T,C,-0.00938647417392456,1.42114715708946e-18,1.29748185333514e-09
02,172416533,C,CTTT,-0.0215410869062504,9.91305478659579e-52,1.16063787636261e-31
06,26180634,G,C,-0.021234321501275,4.53452103094602e-52,2.55476480017918e-31
08,135578636,CAAAAAAAAAAAAA,C,0.0190357560182091,5.47170507001832e-71,1.25699890905107e-30
08,135649848,G,A,-0.01475775718084,2.29711762055837e-20,5.50183296010584e-25
08,135739377,A,G,0.0165626326848107,1.44531366675224e-15,7.05806094182483e-09
20,32274380,G,A,-0.0191631783140105,1.62208035509262e-34,1.44900726969167e-30
20,32595626,C,CAA,0.0126097973243338,3.89501030013439e-31,4.9650567748487e-19
01,41544279,T,G,0.0193529191768786,7.57492854255207e-60,2.11376335971028e-30
06,41909521,C,CCG,0.0366332721681329,3.31363148128243e-33,2.85215388521104e-30
06,41903798,C,A,-0.0684306762974087,5.08318328026687e-23,4.50211281099895e-24
02,218278503,C,CTGTT,-0.0192285270463241,1.15114120316814e-43,3.35874955595227e-30
02,218146818,T,G,-0.0159320051705809,1.25685080896842e-23,2.95386499800605e-19
17,7571752,T,G,0.0847587932521117,8.55870969394775e-32,2.93195501826572e-29
17,7366619,T,C,0.019814475338029,4.41553927738484e-22,2.22840785388605e-15
20,33430974,C,CA,0.0156297911014427,2.51205602028054e-51,1.89809874896071e-35
20,32505658,G,C,-0.0217031297553492,9.40320963964833e-19,3.64744725913469e-24
20,32678560,T,C,-0.0380236143886793,1.00567952639909e-10,1.53659152099509e-12
05,75003678,T,C,-0.0182126237920337,2.01728416672017e-64,5.09002328110382e-29
11,67024534,C,T,-0.0316683203125601,5.68670304038286e-33,3.73923956186866e-28
04,106215108,TC,T,-0.0179176746322354,6.83791215476709e-65,4.19261748756976e-28
06,7702659,G,C,0.0178649392748295,5.77923781300181e-70,4.8441950820374e-28
06,7231843,G,A,-0.0172889954065386,2.59101566485165e-12,1.1626774376743e-10
06,108876002,A,G,-0.0180695407984704,3.28442819872373e-59,6.06390246349291e-28
06,152168974,T,G,0.0176036620886782,7.01405261904694e-73,7.65728064859895e-28
16,2160503,T,G,-0.0231294365144854,2.54703046587479e-33,1.7169733285407e-27
16,2266173,T,C,0.016670615923506,1.76617209019891e-32,2.42854997062957e-21
08,78105153,C,A,0.0184705656542999,1.51343181969414e-43,8.50786502237481e-27
08,77761919,C,T,-0.0243312342674699,2.49622859470021e-12,1.14179027693009e-12
03,185490184,A,G,0.026052152009131,4.06820958319994e-29,2.1612994458488e-26
03,185828465,T,C,-0.0129966875965228,6.68808805739136e-14,2.22914304274209e-12
06,142716286,G,T,-0.0186241911998797,1.3740975187918e-36,2.68350030967111e-26
06,143200936,C,T,-0.0101936330485351,2.21684283765705e-12,3.36048792370806e-09
15,99186488,G,C,-0.0265786245622412,6.43844286925696e-43,3.1891738985359e-26
15,99214192,TTGGAA,T,-0.0238401384781473,8.83255271773638e-19,8.71053815170653e-12
15,99395834,C,G,-0.0180985826775822,8.65839807681531e-22,4.46212625672017e-09
05,42687629,T,C,0.0243491806405095,1.89151721316383e-24,6.88980510705303e-26
05,42290110,TA,T,-0.0112738552017763,3.53295392416232e-20,2.60688120605369e-16
12,124820705,G,A,0.0223346633073652,3.04820986213625e-34,4.49040786299966e-25
09,98217348,A,G,0.0286155001869328,7.45698704183445e-34,7.7134991456421e-25
09,98316094,G,A,-0.0227447206893734,5.27164088314538e-17,1.33226616196852e-23
09,98192383,T,A,0.0127293888118699,3.20237818008341e-23,8.21922010355139e-10
10,102661251,T,G,-0.0167547624277989,1.579169462829e-52,3.54288263895871e-24
10,102317555,C,CA,-0.0138742094605059,5.42389279435846e-15,5.17236029599785e-11
12,46752872,C,CA,-0.0165970452156822,2.98480471174725e-58,3.78654586270406e-24
02,56106928,C,T,-0.0164946253401135,5.79638960747057e-27,1.20072016397867e-23
02,56076480,C,G,0.0135591392094594,1.08148400957076e-12,4.28423042504578e-16
10,96038686,G,A,0.0146016639010209,1.29766603195489e-35,1.34905366620648e-23
10,96085377,T,A,0.0146962828366935,1.21351606381245e-10,4.71124857883914e-14
04,145868325,G,A,-0.0155905577044327,1.90260957879216e-37,9.61933108260176e-34
04,145605025,A,G,-0.0171483042066042,3.12539860854138e-12,1.02922585616148e-25
01,176787749,C,CT,-0.016649779954563,6.32330006063659e-57,3.31902471179258e-23
01,176500060,T,A,0.0198153206813015,9.70423581141655e-12,2.57449123136374e-09
16,4014282,G,C,-0.0161844170753891,8.01664680635435e-50,4.9695296879556e-23
07,23513093,C,T,-0.0181958291244083,4.6988110490372e-37,5.96929552254826e-23
02,23896049,G,A,-0.0175006839834275,1.02156647486979e-38,9.41812081295631e-23
05,127357526,C,T,0.0181055755440493,1.17843324822346e-36,1.35060407176975e-22
11,68388220,G,A,-0.020857743009374,3.50210037072904e-31,1.3920862804635e-22
06,109781301,T,TCA,-0.0158276612184205,7.70416549313594e-52,1.71581340668748e-22
06,50787576,CGAGGTGGGA,C,0.0242182332393275,1.21826317158394e-30,1.87323840725275e-22
12,111884608,C,T,-0.0153994008124136,2.47171775954516e-60,3.31921844442449e-22
12,50263148,G,A,0.01583529379233,9.13422373401121e-48,4.08434318047356e-22
22,42070374,A,C,-0.0259209243167889,3.95634092463007e-26,1.12956720833615e-21
06,29355148,A,C,-0.0168636785558481,1.71866367915363e-39,1.19867562522922e-21
19,47557098,G,C,-0.0178843153003984,5.40058677052187e-35,1.33027927580417e-21
02,211540507,C,A,0.0163003383346918,6.07039638345261e-40,1.39289421054409e-21
15,89397827,A,G,-0.0455026539951908,5.89890481960632e-23,1.74948070497406e-21
15,89386652,G,A,-0.0148547394480999,1.02079951460002e-14,4.73163119363285e-10
15,89367562,C,A,0.0119316752083736,6.73090879912199e-26,8.85423536895207e-13
05,170864021,G,T,-0.0189406350287196,6.86556056681503e-24,1.77115080384965e-21
05,171336723,G,A,0.0120776978264595,1.75489936883918e-21,1.18772135562249e-13
05,171218388,T,C,-0.00941410803355975,2.00386453208625e-12,7.31057514490411e-09
05,168256240,G,A,-0.0184513815911578,3.44262453743926e-31,5.28758684352761e-21
03,172175074,G,C,0.0160350663231596,1.31545180000647e-25,5.50996320235705e-21
03,171969077,G,C,-0.0143334464290616,1.9182144018469e-39,1.08229869788849e-20
19,2176403,G,A,0.0151116361110395,4.57022273628679e-47,9.2699895563875e-21
11,2165576,G,A,-0.0189811664718853,1.31348351708843e-26,1.36293903609966e-20
11,2665357,A,G,-0.0178884021973127,2.93017506163231e-12,3.87744321336119e-11
11,2053669,C,A,0.0272356304318921,1.47737289147976e-09,4.34745437008665e-10
17,79093822,A,G,-0.0157007227750585,2.01437138888305e-30,1.57299515980785e-20
17,78757626,A,G,-0.011530241471345,2.20423159415757e-14,1.57969949198697e-10
17,79420617,G,GC,0.00976516548380604,9.51738005896146e-12,9.62400654736616e-09
20,50951298,A,G,-0.0188120769377869,2.0514223487476e-29,1.64261425603195e-20
11,27728102,G,A,0.0149534736493159,3.19204828939676e-28,2.12029984882916e-20
11,27650524,G,A,-0.011821815627095,4.2888909787279e-15,3.11312991133017e-13
07,72973854,C,A,0.0163004655228367,2.24622276941179e-35,2.82791387790921e-20
17,59494574,T,C,0.0154547288603658,1.99313551001778e-38,4.69335172554448e-20
08,126498265,C,A,-0.0172281766307335,9.71037870459189e-32,1.01962999259245e-19
05,36803614,T,TA,-0.0145918959525457,6.19308299808382e-49,1.22499458420004e-19
14,25948867,T,C,-0.0155651087491667,9.43096709744358e-39,2.0892502051047e-19
01,11220180,A,G,0.0165917775654753,2.04903631398298e-23,2.29596525016134e-19
01,10724236,G,A,-0.010424495818545,9.44296040427755e-22,1.08466765328861e-10
17,43223316,C,CAT,-0.0153741495899839,6.60570867831466e-36,3.08868227279846e-19
06,34589632,C,T,0.0363997021195045,1.34254394422618e-69,2.23772917545272e-59
06,160769811,C,T,0.0141861243294445,1.40764883632126e-49,5.31037500850254e-19
01,214638396,C,G,-0.0147486947323233,2.97803039123419e-43,6.5568268835685e-19
12,116196316,CAA,C,-0.0179367750371478,3.98614405929115e-28,6.84638497201686e-19
03,50022069,G,A,0.0153197861431829,1.14662627913091e-50,8.82373833154597e-19
19,30286450,G,GA,0.0151472916879939,9.94021081445418e-36,1.13618386779646e-18
X,137050402,C,CT,-0.0171938850317063,1.89509244923159e-23,1.47226191540784e-18
05,176509193,T,C,-0.0161686013594599,1.79068137276017e-36,1.97577726083513e-18
13,78474468,C,A,-0.016437202896643,1.26264618139563e-28,2.49221963965484e-18
19,10748073,G,C,0.0147193829707536,2.12427054716478e-35,2.90688796095445e-18
09,99106848,TA,T,0.0174001553988016,1.29667923245016e-26,3.16662435710884e-18
X,78792528,G,A,-0.0174034787371224,1.48280891734866e-70,3.0985489546415e-38
03,9975386,C,G,-0.0175875754266494,8.91005437642617e-27,9.98645755788991e-18
01,51037660,G,GT,0.0240724156265512,9.82128073436718e-21,1.22681814795617e-17
01,33774752,C,A,-0.0146458035717513,2.30859387574108e-32,1.87716716799017e-17
12,122820960,T,TAA,-0.0151859566725334,7.20541781910655e-18,2.37942423271957e-17
12,122583781,A,G,0.0109684415414417,1.68303308111225e-19,1.41511888259731e-16
12,122357049,AT,A,0.0141309589864803,2.16254534109319e-12,2.20290269792804e-13
07,46642308,T,C,0.0127412702442051,1.20033044198812e-35,2.76087360899068e-17
07,46557704,G,A,-0.0153930140230033,3.54741830730273e-14,5.33748782348389e-14
06,140623538,C,T,-0.0156531195009475,2.45561462429349e-27,3.11736893202819e-17
05,67596088,G,A,-0.0133670872557701,2.62154363660444e-43,5.07267369117513e-17
03,183976103,C,T,-0.0175448863391375,1.42495122952356e-23,5.30150402159571e-17
01,218597297,C,G,0.014752761521274,2.16234915862415e-29,6.32167319555003e-17
12,3338920,GCACAGCTGGGGCTGA,G,0.0148454315365014,8.75067220859064e-17,7.27266339551088e-17
12,3393100,C,T,0.0248448383062535,3.57079716841488e-14,9.07218212787821e-15
12,3295708,TTGTTTGTGTG,T,0.0112478857525902,4.63851939656343e-15,3.59667934519109e-10
05,130240285,C,CA,-0.016123419674856,2.03239161514981e-26,8.23475616016596e-17
05,139051015,G,A,0.0137679836414161,7.5352654153969e-35,8.33099936281981e-17
03,128992047,A,G,-0.0140491666009393,7.48969893944871e-20,8.42399726449054e-17
03,128966302,C,T,0.0182062308790851,2.64027853982352e-11,1.88194084910202e-13
08,130721793,AATAG,A,-0.0166446978901107,9.53777125961651e-25,9.59400243969987e-17
01,172105257,T,C,0.0137922775623974,3.78119190006982e-27,1.08380806867677e-16
01,172186310,C,T,-0.0164484599063002,8.78608965843984e-10,1.09854509115209e-09
11,30443688,T,C,0.0143344029456991,6.85828413765562e-30,1.2212109101404e-16
02,223960207,C,T,-0.0147112415388709,2.33060095286843e-28,1.37808479976812e-16
15,67007813,A,G,0.0151790078107375,2.04948772969989e-28,1.4092137428788e-16
15,67457698,A,G,0.0213015036838824,6.74288614350796e-11,1.58861233572835e-09
16,783865,T,C,0.015471527714941,6.97152720989594e-20,1.50769426215592e-16
16,1113847,G,T,0.010138790266781,8.31510505196942e-17,5.40178611228661e-10
16,415135,A,G,-0.0167319665907387,5.95835571294274e-10,6.10026912514199e-10
02,71533300,C,T,0.0132652400600426,7.10707663391562e-39,1.9608765595139e-16
20,34551507,A,G,0.0272439607250477,4.43551483661066e-46,1.39977261007897e-39
20,35529001,C,T,-0.0202363338360487,1.50994208838418e-22,1.84293098014631e-13
20,35002849,G,A,-0.0239906316743692,9.08564958316331e-19,1.14119707999437e-18
12,11880608,TAC,T,0.0136638844944698,1.29460503474821e-32,2.83956466221409e-16
05,95728898,C,G,0.0146451554007802,6.01025437083764e-27,3.05740325598665e-16
19,8670147,C,T,-0.0361359233780961,1.68852401350265e-17,3.09140654008177e-16
15,62274940,G,C,-0.0130382663388853,1.06905618056546e-40,3.16678586467815e-16
01,205685352,T,C,0.013269084372423,2.54007902142208e-35,3.20521673573816e-16
11,43878459,G,A,0.0144340366147431,1.24228862641986e-28,3.29185774548516e-16
11,10126097,TG,T,-0.0129678194777878,1.30107694940901e-44,3.4745973000827e-16
07,28174957,G,A,0.0143284802964435,6.33549973851959e-28,4.46329854262511e-16
12,123759417,GAA,G,0.0182377804529956,5.51670088883852e-23,4.4655163497881e-16
X,129251524,A,C,0.0108998217945905,5.72956085841026e-30,4.5366158541027e-16
05,77401087,AGTGGACTAACAAC,A,-0.0149602174977886,3.26271032568956e-25,5.88692811527327e-16
06,80959985,TC,T,-0.0128506545180102,1.5071965627824e-27,6.73510592571301e-16
06,81360693,T,C,-0.00969621302223299,7.05970350982479e-13,2.16063059428106e-09
05,87755411,A,G,-0.015407377481267,1.50280977085618e-24,6.89610187822573e-16
11,2813322,C,T,-0.0482096097915161,2.52462784023483e-16,7.64487147453059e-16
11,2696744,A,G,-0.0136516074568332,2.74008488427162e-16,1.79690769506435e-11
04,88557753,G,A,0.0128746128565929,3.54759554208921e-42,9.28850339139353e-16
16,88804924,T,TC,-0.0138755290463803,5.28905913755119e-29,1.08572429299113e-15
16,88321027,C,T,-0.0291974960798324,2.87065397191298e-13,2.64003871891062e-12
X,45634577,C,A,-0.0114245216333383,1.45995786779558e-25,1.1185113742464e-15
05,172779211,T,C,0.0129577664673699,5.85982133338846e-19,1.1501201343642e-15
05,172753555,T,G,0.0167304180577342,3.74116986568205e-11,6.71195657934842e-13
17,68153968,T,A,-0.019557235170451,1.30924167539039e-19,1.18037909638529e-15
07,127015083,G,A,0.0463835266274051,2.93246905717742e-16,1.22656517572956e-15
01,56602992,A,G,0.0150570039043195,1.16376515000349e-23,2.0189845351531e-15
04,1012300,T,C,-0.0296477049624782,7.63360524167945e-17,2.09857755360204e-15
10,25178864,G,A,0.0172594780758187,2.51245666886716e-21,2.12636438735657e-15
16,4948936,T,C,0.0141237450799679,4.76977136653129e-26,2.33893556174439e-15
14,23750078,G,A,0.0160542295000041,2.7852859950104e-18,2.413815273474e-15
14,23299135,T,G,0.0096277598738797,3.15295101924016e-19,3.43219381907147e-09
08,116631278,T,C,-0.0154537612212774,1.33594807748582e-22,2.91294940156087e-15
14,24835773,G,GA,0.0137566337238294,8.07701789704621e-27,3.25439109280318e-15
07,76568137,TAA,T,0.0166831733052224,1.70849386721241e-21,4.21218123334553e-15
04,122713863,A,C,0.0127557546792717,6.18371501572494e-33,5.50136077857481e-15
10,104829102,G,A,0.0128865181100277,2.911655733959e-31,5.52794417796323e-15
06,32571508,A,G,0.0209244753888037,1.84499940635206e-51,8.81361992406665e-40
06,32626881,C,G,0.0112462498133041,9.99451005692553e-13,7.48774343264912e-16
08,120456193,A,T,-0.0141095998180468,1.02207041622809e-23,6.88096757146777e-15
08,120596023,G,A,-0.0232326676994576,5.33724942366127e-12,2.32667764495081e-11
02,183247431,G,GA,0.0125785323577367,4.22213913941815e-35,6.93688424909537e-15
21,39673981,T,C,0.012492012777791,6.93666875902466e-35,7.66718294327773e-15
20,21123431,CAAATAAAT,C,0.0134094065432674,2.87064195177488e-27,8.84387508803578e-15
07,93269463,T,TC,0.012527184169621,3.55296691172684e-33,9.12419809559983e-15
13,30177474,TC,T,0.0139342494732807,1.62776522309312e-24,1.09952961505981e-14
12,56364321,A,G,-0.0129654167562256,4.01627090354066e-28,1.15309069322004e-14
07,139749346,G,A,0.0158450084856982,1.31450061987542e-20,1.17622160609108e-14
17,47027359,G,A,0.0162849437389601,1.435474063923e-19,1.42064631943366e-14
17,46725779,C,A,-0.0245749386919117,1.35919942134572e-09,4.50740007350774e-09
16,28632021,G,T,0.0124951504903677,2.35393336592147e-32,1.54519062209988e-14
10,81136129,A,C,0.0122794099898513,2.02474464031236e-40,1.58639885104987e-14
05,137603293,G,A,0.0148791929637926,1.62100347346585e-21,1.77566614736689e-14
12,991306,G,A,0.0147442812648278,6.49390039811065e-17,2.23032147403275e-14
12,588372,C,CT,0.00977942569481059,1.80476157687093e-15,4.89782484593943e-09
10,120434096,T,G,0.0121729703678346,1.08516757852509e-36,2.25231484582671e-14
06,126097374,G,GC,-0.012068717916742,3.33030765467385e-32,2.5635796310793e-14
06,126594267,G,A,0.0153063061992181,6.36256548290135e-11,2.30699544843641e-10
10,79572587,T,C,-0.0451428238354813,8.35083536463027e-15,2.75859491917057e-14
04,123832776,G,A,0.015367061565278,2.57735612715865e-20,2.78023557329463e-14
12,103064247,A,G,-0.0129759938757024,5.19372037692155e-39,3.03892186842108e-14
12,103175170,G,C,-0.0235856446844091,2.32718566402014e-11,3.75830543841937e-09
12,102826653,CATAA,C,-0.0267022997003454,1.19290898337564e-10,2.18440874685153e-09
12,97792368,TG,T,0.0121378152557817,4.03459799597012e-37,3.39757205961001e-14
05,131271022,G,T,-0.0129137844990916,1.43609060662328e-34,1.96329190654786e-15
14,65520246,T,C,-0.0121134611466626,4.20101459668502e-36,5.15547524626579e-14
01,26432121,T,C,0.0156511245520774,2.83337194364941e-19,6.04230767902055e-14
17,36925750,A,G,-0.0121340792060456,9.51154749395499e-34,6.10997726719278e-14
04,82184234,A,G,0.0129305883558662,2.41455069608171e-25,6.37085799790244e-14
01,201800511,T,G,0.0124588584546438,9.54734232569103e-19,7.14437972335987e-14
01,202004254,A,ATGGTCACATACCTAAGTATGTG,-0.00959580031741023,4.69935130525701e-16,7.21502300454644e-10
15,86276000,C,T,0.0119140225467407,4.36706297832973e-35,7.78243379488147e-14
12,57146069,T,G,-0.019554155911386,8.63523750056801e-17,8.76877680830032e-14
06,81829439,GTTGT,G,-0.0129260884564373,4.15958344267873e-28,8.80335804151622e-14
06,19078274,A,G,0.0148119720564497,8.68500238143442e-20,1.03933453352105e-13
10,124131176,A,G,-0.0119877117512447,4.89791433735078e-31,1.05292506905689e-13
X,53628625,AT,A,-0.0102581285246818,2.59593240668456e-30,1.09588294440483e-13
17,63561592,G,T,-0.0163831993176201,3.07376006254456e-18,1.14609959688562e-13
17,29210595,G,A,-0.0238598822693032,3.4420339928702e-69,1.53108444502966e-40
06,26207175,C,A,-0.0204053502419316,2.646069491808e-49,1.85613522546737e-29
08,129224182,G,A,0.0133159543244053,1.80841708428238e-22,1.63194009847731e-13
18,56876563,A,G,-0.0157481013949102,2.72139595332062e-18,1.63804326178385e-13
08,13372120,G,A,-0.0244295748575261,2.86515545295937e-15,1.64247440410983e-13
12,102407746,T,C,-0.0310492289845512,1.76127375806228e-15,1.65330875814752e-13
12,102372809,T,C,-0.0109350515335486,6.50718131057597e-17,2.01268359609839e-10
12,102328806,C,A,-0.00932242518465111,2.91655433642365e-14,3.64333757153495e-09
03,85671119,C,T,0.0123344282467098,1.01087992959477e-26,1.77133927892654e-13
16,20002523,A,C,0.0136045060662602,1.63181955628159e-21,1.85117883227154e-13
05,134372685,T,C,-0.0133515160424238,4.80765547638697e-16,2.09575787581349e-13
05,134586980,G,A,-0.0105523132117398,1.5528722976348e-20,2.35127240207918e-11
12,120867798,A,G,-0.0300334059686507,2.34730447703345e-14,2.25469848353346e-13
07,50661670,CCTTT,C,0.0148948367669956,1.19055034910837e-19,2.63074444330993e-13
10,27914001,A,G,0.0118356728607728,4.33114618311437e-30,2.94403216138356e-13
11,69303727,T,G,0.0116358331894182,3.98242025831382e-34,2.9813278387492e-13
01,21584941,C,T,-0.0118214728683925,1.03336835737035e-28,3.17221549485091e-13
15,41970964,C,CA,0.0182743983107261,4.98012174424059e-17,3.23422196678578e-13
06,34163292,G,A,0.117545847014731,-99,8.88997825281707e-14
06,34205465,GGAGCCC,G,0.0686461868335833,-99,1.37822347086047e-41
01,155155608,A,G,-0.0263999111539526,-99,6.62485200999425e-21
