chrom,pos,major,minor,beta,p_value,gwas_p_value
20,34025756,A,G,0.0372899110863295,8.05821156635187e-273,8.23411519229197e-118
18,57848651,A,G,0.0426723531156522,6.14233635041573e-184,4.1238679816961e-115
16,53806453,A,G,0.0311485918641764,1.22518461887342e-191,1.31167309080206e-82
03,141105570,A,G,0.0288680434933901,3.11384934836568e-188,5.10357778361206e-73
13,51116901,G,T,-0.0326394280703132,4.49495065637592e-98,1.49288614955937e-69
13,50655989,G,T,0.0786213516095001,9.05326057489573e-42,1.33431509408609e-45
12,4384844,T,G,0.104520968565603,1.45545293823593e-69,4.70980857010334e-66
12,66361453,A,G,-0.026206691183631,1.11595564717756e-175,1.32319005466438e-60
06,34589632,C,T,0.0364133082730101,7.56056273711752e-70,1.29223125393208e-59
06,126704795,C,T,0.0258961595163536,1.79439486262106e-147,9.59847776858265e-59
07,92250140,T,G,0.0287584976327374,4.36867746605753e-100,2.9670158007879e-58
06,130374461,A,T,0.0280858832136918,2.73061580339089e-93,4.35986197497281e-55
08,57122215,T,C,-0.0351272513838789,9.04470194169156e-61,8.32216455822644e-54
08,57160328,G,T,0.0186830848487015,3.67034820334125e-33,7.49580457115587e-27
02,417167,T,C,-0.0553822158507676,1.4029095639073e-54,2.82605973984611e-48
02,632536,G,A,-0.0296909405864165,4.26364279988365e-62,1.51626313193725e-42
17,29206421,G,T,-0.0283803683148227,1.70435752250957e-78,6.84822200682702e-48
18,20737641,T,TTAA,-0.0277994809918304,3.78109240059856e-73,4.09191944890583e-47
13,51064533,CCT,C,-0.0279048597099981,1.22837750036051e-86,3.6764185029573e-58
13,50565104,ACT,A,0.077697256673737,3.47237192781766e-42,1.79484828872997e-46
04,17922866,A,G,-0.0252765965731568,1.32101790889564e-40,1.8060068564041e-45
04,17956213,T,TG,0.0184134864113929,2.91072124771474e-39,2.4160146815015e-39
06,31840021,A,T,0.0216929099406271,2.36829015228092e-67,6.8202372771432e-45
06,31552850,T,C,-0.014333394462224,5.4617845485287e-19,5.5640612969175e-22
X,78655777,G,C,-0.0191970919575399,4.07229801616263e-79,7.47809028066246e-45
01,78444764,C,CGGCCG,0.0343161448817096,1.75942178002499e-58,8.22087125307035e-45
09,119124535,T,TAA,-0.0278411233851358,7.20533443164342e-67,8.48202270177924e-45
02,27730940,C,T,-0.0224716035447172,1.0772403738732e-97,3.82784209524801e-43
17,62017421,G,A,-0.0287217101877134,2.43383607361352e-135,1.02406155341443e-42
17,61996273,T,C,-0.0374288956453345,3.42940770558279e-56,2.26616212657212e-22
14,61072875,C,T,0.0217691952739018,7.09505896295621e-90,1.03603996975802e-40
01,154989823,T,TGGGGGCAGTAGAGGGGGCAGTAGA,0.0216048606001195,1.22300820778738e-45,7.21899356470535e-40
01,177889480,A,G,0.0257491960311331,2.11716613370157e-59,2.36373087948382e-39
12,93982332,G,A,0.0265296083222223,1.32483691912549e-55,1.06711072307115e-38
12,94136009,C,G,0.016145161479872,1.83547170531619e-54,2.03549779280377e-18
04,145568352,C,T,-0.0219068697487707,3.41343117502354e-32,1.34920283370867e-38
04,145839264,G,A,0.0142958406271132,7.68861209138277e-45,2.00094988238597e-33
07,150668070,T,C,-0.0194588731480007,5.02164302547071e-57,2.44132552331073e-36
07,150554553,C,T,-0.0198551351968357,6.03164370431722e-12,6.47069598581712e-17
16,30042677,G,T,0.0202802043586871,2.59724839637789e-82,7.01428339921175e-36
07,2859847,G,A,-0.0212944952247507,1.55260219691622e-63,7.62769331575644e-35
06,19839415,C,T,0.0429007166005152,1.90991895255037e-36,5.08905311883286e-33
05,122699198,C,CTA,-0.0187578377835128,5.16717981640249e-84,5.06431474628629e-32
06,26180634,G,C,-0.0213754784181738,6.84002862406324e-53,8.39297661905639e-32
02,172416533,C,CTTT,-0.0214382534825314,2.11416039631477e-51,1.79972795187855e-31
08,135578636,CAAAAAAAAAAAAA,C,0.019184785659455,2.7788657717819e-72,2.48399288257368e-31
08,135649848,G,A,-0.0150087283859536,4.57151498859075e-21,1.03619930525175e-25
08,135739377,A,G,0.0164287613214845,2.21259850734687e-15,9.78467478312614e-09
20,32287917,C,T,-0.0189845415437526,6.12413752339125e-35,5.41482813905663e-31
20,32595626,C,CAA,0.0124160707720042,2.41432541582056e-30,2.71516608363732e-19
01,41544279,T,G,0.0192513700399326,2.07867759450943e-59,3.45400647085218e-30
02,218278503,C,CTGTT,-0.0191781947221885,1.43505734403416e-43,4.04582802330077e-30
02,218146818,T,G,-0.0157517569616338,3.40192555375404e-23,6.49590120260519e-19
06,41909521,C,CCG,0.0364784149805463,4.94674108522462e-33,4.32320506166449e-30
06,41903798,C,A,-0.0673971824853672,1.92907037276007e-22,1.75024456982271e-23
20,33430974,C,CA,0.0141605696688265,1.30715190200017e-35,5.1052301605029e-36
20,32505658,G,C,-0.0195581937032029,1.43201071152279e-15,1.15353700674734e-23
20,33326680,T,C,0.0241669840870782,1.43360943321082e-11,1.09078561093121e-23
11,67024534,C,T,-0.0320097649281266,9.59000740292361e-34,8.27929286889619e-29
05,75003678,T,C,-0.0181130093246538,6.37742053406058e-64,8.41344345898845e-29
17,7571752,T,G,0.082503258958254,2.78472717560829e-30,1.4683513376981e-28
17,7366619,T,C,0.019009520236846,2.18644812942134e-20,1.15987853600683e-15
17,7570978,T,C,-0.0235012431781295,1.4144327412059e-09,3.33845524826869e-11
06,7702659,G,C,0.0178421463193002,5.4481998373306e-70,4.64097246303095e-28
06,7231843,G,A,-0.0172877805515307,2.41290775391157e-12,1.10246347069738e-10
06,108876002,A,G,-0.0179782474654809,8.49068113430462e-59,9.36350271210922e-28
04,106215108,TC,T,-0.0177418698223455,7.60354551489395e-64,1.15692652936613e-27
08,78105153,C,A,0.0187405700379131,6.6484503371698e-45,1.33081095989742e-27
08,77761919,C,T,-0.0244494447345227,1.81693624768453e-12,8.0474758293218e-13
06,152168974,T,G,0.0172622677954298,1.63737927985753e-48,4.96224687560668e-27
06,151727545,C,T,0.00967985903611653,1.92689919645417e-11,7.27768602063506e-09
06,142716286,G,T,-0.0188671805226898,1.30974031737522e-37,5.05725509047606e-27
06,143200936,C,T,-0.0102227814232769,1.78294772056982e-12,2.85849132664168e-09
16,2160503,T,G,-0.0228576819759116,1.13147076141566e-32,5.79538390234082e-27
16,2266173,T,C,0.0167666199311003,6.32303306379034e-33,1.25728133719246e-21
03,185490184,A,G,0.0262116892061681,1.54810123698735e-29,9.17138124355379e-27
03,185828465,T,C,-0.0130397605796605,5.08781628623535e-14,1.73089366361457e-12
15,99194896,C,G,-0.0285625717231189,6.64950263342588e-36,1.91764706238954e-26
15,99395834,C,G,-0.0177259380589324,2.84520792449493e-21,2.90809375735352e-09
15,99214192,TTGGAA,T,-0.0213288163821474,3.23310369246588e-15,8.46489016761298e-12
05,42687629,T,C,0.0186745934118018,5.71191979532769e-15,9.68306997160294e-26
05,42290110,TA,T,-0.0121748808845515,8.45562885023836e-17,2.66262643120779e-16
05,42641962,C,T,-0.0109950553102494,4.30808005462772e-20,1.07278370383215e-18
12,124820705,G,A,0.0224625016992343,1.02874998284946e-34,2.05450841846362e-25
09,98256235,T,G,-0.0215683906753639,6.35478297028244e-17,4.93335108449749e-25
09,98217348,A,G,0.0283260360906832,2.50273292302501e-33,5.83387110644913e-25
09,98192383,T,A,0.0124648848718481,1.47970931097848e-22,2.90334094937427e-10
12,46752872,C,CA,-0.0166868795016315,4.96036093034545e-59,1.83172536503521e-24
02,56106928,C,T,-0.0194333044769722,8.65020873838453e-38,2.48668165681995e-24
10,102661251,T,G,-0.0166832571588173,3.0328826407929e-52,4.73540058029254e-24
10,102317555,C,CA,-0.0138215270502412,6.26789342368714e-15,5.71869365159126e-11
01,176787749,C,CT,-0.0167164921806388,1.56535668650384e-57,1.98279703134942e-23
01,176500060,T,A,0.0200277123765313,5.42575618149245e-12,1.5908884540842e-09
16,4014282,G,C,-0.0161950337562966,4.98894027861723e-50,4.03244105882981e-23
07,23513093,C,T,-0.0182169561882574,3.06323284233298e-37,4.60935509144704e-23
04,145868325,G,A,-0.0155585729191913,2.09091617058032e-37,8.39126155617639e-34
04,145605025,A,G,-0.0172443471146241,2.1954774232547e-12,6.15691714147527e-26
05,127357526,C,T,0.0181511713488359,6.18133546010149e-37,9.23653690754226e-23
02,23896049,G,A,-0.017450488455772,1.29775454423227e-38,1.07947354651361e-22
10,96038686,G,A,0.014220180528792,5.85827246693443e-34,1.4789605656352e-22
10,96085377,T,A,0.0144358886522632,2.40535661358505e-10,1.30555905481982e-13
11,68388220,G,A,-0.0207673813527432,5.16477430712647e-31,1.83339134092605e-22
06,109781301,T,TCA,-0.0157524729723063,1.64252142966277e-51,2.36309550425082e-22
06,50787576,CGAGGTGGGA,C,0.0240871494365985,2.06540939730567e-30,2.7667019212056e-22
12,50263148,G,A,0.0158398600677806,6.28991660945277e-48,3.40942463967807e-22
12,111884608,C,T,-0.0153285970816123,5.72943955291282e-60,4.46858115820042e-22
22,42070374,A,C,-0.0261110124702613,1.45779677323258e-26,5.0290554212001e-22
05,170864021,G,T,-0.0191140263204043,2.29073892044967e-24,6.65544490116506e-22
05,171336723,G,A,0.012086515982779,1.43616593155788e-21,1.05763406924098e-13
05,171218388,T,C,-0.00935826053370303,2.50986175345372e-12,8.55285097265144e-09
15,89397827,A,G,-0.0455694796777751,4.39814638907679e-23,1.34020972313464e-21
15,89386652,G,A,-0.0148847296733956,8.2495593470877e-15,4.10080549067928e-10
15,89367562,C,A,0.0119403460667688,5.27186320538248e-26,7.79753825478176e-13
06,29355148,A,C,-0.0168052395811604,2.42758278596869e-39,1.45283161400047e-21
03,172162382,TTTCTGTAA,T,0.0159379925277588,4.04143988394399e-27,2.3421330971222e-21
03,171969077,G,C,-0.0145456156026233,2.52862592785991e-39,6.14368855449365e-21
05,168256240,G,A,-0.0185886798654935,1.01808457728515e-31,2.37101495306562e-21
19,47557098,G,C,-0.0177044870877952,2.01368869977682e-34,2.91610290565191e-21
17,79093822,A,G,-0.0159237997431208,1.55227401195363e-31,3.24732331097431e-21
17,78757626,A,G,-0.0113982299612143,3.73278078671529e-14,2.68428718056772e-10
17,79412885,T,A,0.00972248653917711,1.25270924748457e-11,9.60282025203161e-09
02,211540507,C,A,0.0161043301761046,3.8568430061494e-39,3.66108420355369e-21
19,2176403,G,A,0.0151316617997387,2.55298158331511e-47,7.23605328759292e-21
11,2165576,G,A,-0.0190806363968617,6.05768188273749e-27,7.50573363105356e-21
11,2665357,A,G,-0.0175974538730262,6.08210721634753e-12,7.39729495002528e-11
11,2053669,C,A,0.0274860278728988,9.88340312773543e-10,2.87331314937916e-10
07,72973854,C,A,0.0163560405506911,1.04932875016003e-35,1.8787779155872e-20
20,50951298,A,G,-0.018739077489695,2.78255663575847e-29,2.02389138448362e-20
11,27728102,G,A,0.0148558635865249,5.92653651112163e-28,3.56132747855592e-20
11,27650524,G,A,-0.0115837567287827,1.36440174963438e-14,7.78203345299401e-13
17,59494574,T,C,0.0153115717009691,7.42955346628293e-38,9.08731207876609e-20
08,126498265,C,A,-0.0171438486075736,1.55405844196574e-31,1.33914160490832e-19
05,36803614,T,TA,-0.0144896741517929,2.05349288491489e-48,1.94048139987729e-19
14,25948867,T,C,-0.0154498381319458,2.59086315779116e-38,3.3958974354744e-19
12,116196322,A,G,-0.0180648178446278,2.37736530124156e-28,4.02896332017335e-19
06,160769811,C,T,0.0141872661535353,1.00263023566046e-49,4.69293267024791e-19
17,43223316,C,CAT,-0.015249330256676,1.87584124225888e-35,5.296966719343e-19
01,11220180,A,G,0.0163310070001195,7.95192861271059e-23,6.91578534014348e-19
01,10731625,A,G,-0.010375962197592,9.00800495805058e-22,9.3917885186468e-11
01,214638396,C,G,-0.014632682229074,1.0082368302593e-42,1.1119775209209e-18
05,176509193,T,C,-0.0161923016403643,1.11628454005295e-36,1.58753127606862e-18
19,30286450,G,GA,0.0150562235401064,2.02834418348058e-35,1.62610778827231e-18
19,10748073,G,C,0.0147728375532437,9.60165239374951e-36,1.93646939831328e-18
X,137050402,C,CT,-0.0170279353281575,4.29264135326275e-23,2.80887895798175e-18
03,50022069,G,A,0.0150382927690968,5.02030509904844e-49,3.38828154141725e-18
X,78792528,G,A,-0.017545027646121,7.04095399930685e-72,6.12529928696106e-39
03,9975386,C,G,-0.0176717793546133,4.30575194908695e-27,6.28956709545229e-18
01,51037660,G,GT,0.0241873591706116,5.64737276295311e-21,7.70641105196776e-18
09,99106848,TA,T,0.0171119579226151,7.28757186393728e-26,1.00235113056994e-17
13,78474468,C,A,-0.0161067637586754,1.25281084453169e-27,1.04098336720404e-17
12,122630285,G,A,0.0118857161892865,5.48765460583293e-24,1.12373139138466e-17
12,123101673,C,G,-0.0140238827460242,6.39114087719238e-19,3.46816840876949e-17
12,122357049,AT,A,0.0145155490559402,5.66086821576918e-13,2.89951085341904e-13
06,140623538,C,T,-0.0158190888037189,5.83435468924601e-28,1.27558993468007e-17
01,33774752,C,A,-0.0146718029552624,1.45095947425587e-32,1.50514616641799e-17
01,218609702,A,G,0.0148862011863817,6.45561443260575e-30,3.03879459080798e-17
07,46642308,T,C,0.0126875104771067,1.84537188043138e-35,3.17259895451414e-17
07,46557704,G,A,-0.0155602739948181,1.7171296467051e-14,2.77618553111252e-14
03,128992047,A,G,-0.0142144947374646,2.43412501875914e-20,3.85698618111663e-17
03,128966302,C,T,0.0180911487810264,3.29294038029039e-11,2.09442586360791e-13
12,3338920,GCACAGCTGGGGCTGA,G,0.0149040683869811,5.97312919489161e-17,5.50263196214328e-17
12,3393100,C,T,0.0243921013977125,9.47122960633538e-14,2.28686853654726e-14
12,3295708,TTGTTTGTGTG,T,0.0111675214063403,6.61058730245938e-15,4.34649114744754e-10
03,183976103,C,T,-0.0174797748038665,1.78824714604899e-23,6.21762395255192e-17
05,67596088,G,A,-0.013297482398601,5.34634663094983e-43,6.61742881413016e-17
12,11878464,C,A,0.0138709346701962,8.28251205501971e-34,6.8306207554472e-17
08,130721793,AATAG,A,-0.0166794064043891,6.51435829380934e-25,7.49354019237942e-17
16,792190,A,G,0.016348702607761,1.36754694978402e-20,7.51597659543764e-17
16,1113847,G,T,0.0102379961367252,6.07743908378885e-17,3.36214440643362e-10
16,415135,A,G,-0.0168603402197167,4.25447244391221e-10,4.44760356833201e-10
05,130240285,C,CA,-0.0161069871382585,1.93210418379826e-26,8.01167832268878e-17
11,30443688,T,C,0.0143899756997895,3.40583248236144e-30,8.40530558613191e-17
01,172105257,T,C,0.0141946054566435,1.06726008272748e-30,8.9044244740363e-17
01,205685352,T,C,0.0134978606871698,1.36082478994671e-36,8.92536192173564e-17
05,139051015,G,A,0.0137332390017482,8.87211066790584e-35,8.98441881180581e-17
07,28174957,G,A,0.0146252374676711,4.18856424980159e-29,9.91051002186747e-17
02,223960207,C,T,-0.0147426424171982,1.49459153673436e-28,1.07624452756688e-16
02,71533300,C,T,0.0133008102506239,3.48598454393957e-39,1.44816004690825e-16
05,77401087,AGTGGACTAACAAC,A,-0.0152094568880107,4.45445421465462e-26,1.74016403767935e-16
20,34769811,A,G,0.0166263870534781,1.31307520071676e-24,9.7987433455499e-27
20,35604110,A,AT,-0.0165461333405109,1.7821210968974e-22,2.1077772157256e-16
20,34767240,C,G,0.0247416367497782,4.17736277779398e-14,1.10395052555519e-18
12,123759417,GAA,G,0.0183580307113278,2.48683794952204e-23,2.59589672176158e-16
15,67007813,A,G,0.0150043857926356,7.04852841272281e-28,2.95728590308061e-16
15,67457698,A,G,0.0219314670831372,1.7075419150821e-11,4.63365083752147e-10
06,80959985,TC,T,-0.012986057964689,3.56064474042747e-28,3.01832241316416e-16
06,81360693,T,C,-0.00979236000971913,3.86667238588524e-13,1.41750496859708e-09
19,8670147,C,T,-0.0360545364578643,1.78694578081501e-17,3.26207553631342e-16
X,129251524,A,C,0.0109176145392627,3.8307765352093e-30,3.69048503050111e-16
15,62274940,G,C,-0.0129775400064681,1.89046354622474e-40,3.85550403857256e-16
11,10126097,TG,T,-0.0128925475939421,3.05866959003737e-44,4.64876085439886e-16
05,95728898,C,G,0.0145023046683433,1.5833557317399e-26,5.36444531455911e-16
11,43878485,G,A,0.0142982703997351,3.82457875532898e-28,5.87512966399465e-16
11,2813322,C,T,-0.0480816032932423,2.73889405820348e-16,8.29758705082354e-16
11,2696744,A,G,-0.0135959934447455,3.26925809820054e-16,2.02899664612495e-11
01,56602992,A,G,0.015232431712924,3.03697778658805e-24,8.65222815669686e-16
12,122820960,T,TAA,-0.0149651829644572,4.15757685194429e-20,2.01309268723777e-17
12,123593382,C,T,0.0139551544356769,9.31712553954758e-16,3.23704512233158e-15
04,88557753,G,A,0.0128010325210643,7.83115867244611e-42,1.22592918677836e-15
10,104829102,G,A,0.0131478609169487,1.45135736185225e-32,1.3852418589945e-15
05,87755411,A,G,-0.0152098339059374,4.9484606834888e-24,1.45360673564184e-15
16,4948936,T,C,0.0141704268098111,2.78390961333672e-26,1.74060728674088e-15
07,127015083,G,A,0.0460595677024667,4.25962346346362e-16,1.75425909697152e-15
14,23750078,G,A,0.0161093384887652,1.90657588197894e-18,1.75637541527618e-15
14,23299135,T,G,0.00961133969222335,3.21800532216763e-19,3.46281761089262e-09
16,88804924,T,TC,-0.0137486371953516,1.38427623895583e-28,1.79795253563534e-15
16,88321027,C,T,-0.0291910878409956,2.67988806251264e-13,2.48725927410767e-12
08,116631278,T,C,-0.0155437511415039,6.59197339460445e-23,1.83001642945579e-15
06,32571508,A,G,0.0208959999835735,1.80026179840835e-51,8.8526713423076e-40
06,32626881,C,G,0.0112178466500682,1.05623916574201e-12,7.97620361259334e-16
17,68153968,T,A,-0.0193332309800057,2.98844859583505e-19,2.25389296122093e-15
02,183247431,G,GA,0.0127857061604783,2.59666497682404e-36,2.27203237732067e-15
10,25178864,G,A,0.0171483127374487,3.95505941713294e-21,2.92487340872613e-15
14,24835773,G,GA,0.0137031484715646,1.07252551751968e-26,3.79375767567446e-15
X,45634577,C,A,-0.0111896692189206,1.17712982048312e-24,3.84711293900729e-15
20,21123431,CAAATAAAT,C,0.0135587884288636,6.39899387497938e-28,4.04154993902752e-15
07,76637391,A,G,0.016834127244946,7.3628687829559e-21,4.21714820303555e-15
06,34552736,G,A,0.036335049483397,6.93925707255227e-70,1.52371114037098e-59
08,120456193,A,T,-0.0141770214886552,5.39341625713866e-24,4.61543627409923e-15
08,120596023,G,A,-0.0234274541378899,3.29679656156713e-12,1.48749732550769e-11
05,172779211,T,C,0.0126207315654351,4.10105526385724e-18,4.69164388382815e-15
05,172753555,T,G,0.0167494026145269,3.32717152495027e-11,6.90484790061301e-13
04,1012300,T,C,-0.029197987907946,1.98925128095775e-16,5.00529781303651e-15
16,28632021,G,T,0.0126964554308938,1.91922864800005e-33,5.25951273995896e-15
07,93258982,CT,C,0.0124864262246581,2.5597028592858e-36,5.65923205238555e-15
13,30177474,TC,T,0.0140458605726018,5.97714228065436e-25,6.25717213204908e-15
05,137603293,G,A,0.0150883271631979,3.84535403846863e-22,6.96018138561641e-15
04,122713863,A,C,0.0126864946557279,1.09660575272844e-32,7.08949721558656e-15
07,139749346,G,A,0.0158496311218041,1.12581213910236e-20,1.05703932010422e-14
21,39673981,T,C,0.0123917795033257,1.88800257349251e-34,1.14676702108474e-14
12,56364321,A,G,-0.0129203145225872,5.12467775236177e-28,1.30179147253731e-14
06,126090277,C,T,-0.0120657567631929,2.49267807505357e-32,1.3623268365903e-14
06,126572573,G,A,0.0153968467688386,4.65824296275013e-11,1.52203515551603e-10
14,65520246,T,C,-0.0123594869430021,1.27937130553126e-37,1.45356893782369e-14
17,46989416,A,ATTT,0.0159762675021259,1.15269675764613e-20,1.46253684977537e-14
12,97792368,TG,T,0.0122420364557215,7.73687478868814e-38,1.85541263049107e-14
04,123832776,G,A,0.0154250420645811,1.63488321128274e-20,2.03811376232525e-14
10,120434096,T,G,0.0121548853256777,1.08898405589388e-36,2.25518450537109e-14
12,103064247,A,G,-0.0130204631290317,2.23658741293581e-39,2.39108333416702e-14
12,103175170,G,C,-0.023973342382727,1.01893394773367e-11,1.88903017352982e-09
12,102826653,CATAA,C,-0.0269982869314979,6.96349268642745e-11,1.37484050149707e-09
10,81136129,A,C,0.0121675275821778,7.86300261884949e-40,2.57576408265642e-14
10,79572587,T,C,-0.0450664870988354,8.46901447814314e-15,2.76559719631125e-14
04,82184234,A,G,0.013066354310913,6.46817648924455e-26,3.19188553940672e-14
06,81829439,GTTGT,G,-0.0131255460295936,5.20699996447659e-29,3.36901680940723e-14
12,991306,G,A,0.0147224742351394,5.73048874166357e-21,3.72355370104945e-14
17,63561592,G,T,-0.0166567662505248,7.51529925948607e-19,4.06080473872366e-14
08,13372120,G,A,-0.0249550718042438,6.55737875451811e-16,4.44825357747261e-14
05,131271022,G,T,-0.012696681631541,1.4410102672978e-33,5.23695203265607e-15
15,86276000,C,T,0.0119931468473375,1.24426495353394e-35,4.89392388596777e-14
06,26207175,C,A,-0.0205366073832222,4.64198043889355e-50,6.71342881348069e-30
17,29210595,G,A,-0.0240014046921764,3.44241327157544e-70,4.05876459279159e-41
06,19078274,A,G,0.0148742213138106,5.38688044119579e-20,7.5445648078892e-14
X,53628625,AT,A,-0.0103049713448409,1.16771391740768e-30,7.76662264861587e-14
12,57146069,T,G,-0.0195142469279992,8.98865667608095e-17,9.11660544263911e-14
01,201806106,T,C,0.0123814890516945,1.49889435718004e-18,9.98974476301571e-14
01,202004254,A,ATGGTCACATACCTAAGTATGTG,-0.00937607476152587,1.86722025685259e-15,1.61083658145568e-09
10,124131176,A,G,-0.011969084279847,4.96464576454617e-31,1.05873170140765e-13
12,102407746,T,C,-0.0311937181923925,1.18909544790687e-15,1.18906433277682e-13
12,102372809,T,C,-0.0109991285824065,3.86202160631017e-17,1.47989653235563e-10
12,102328806,C,A,-0.00935942051307528,2.11425894155612e-14,2.99246200546548e-09
01,26432121,T,C,0.0154066149328446,8.94398967132289e-19,1.36005225686573e-13
17,36925750,A,G,-0.0119081676100301,1.17374614967769e-32,1.63093063028303e-13
16,20002523,A,C,0.0136134690915743,1.3410586469491e-21,1.63534422748683e-13
06,36210480,T,TC,0.028477157719032,1.61434500832184e-12,1.74408533682116e-13
06,35933327,C,T,-0.0128453878776213,3.6482947916598e-17,3.09726684334879e-13
08,129224182,G,A,0.0132549034959819,2.44285545356537e-22,1.94059638791672e-13
12,28644895,G,GGT,-0.0126760757691351,1.93506416533727e-24,1.94374261576622e-13
03,85671119,C,T,0.012272589409328,1.5219484333886e-26,2.15470050099466e-13
01,21584941,C,T,-0.0118803425643738,4.60710810780463e-29,2.23609470591327e-13
10,5042294,T,C,-0.0182621440025886,1.31529063057083e-16,2.56601771316577e-13
15,41970964,C,CA,0.0183163565417807,3.80676670709893e-17,2.59723037595654e-13
18,56876563,A,G,-0.0155806010654399,5.50800246301062e-18,2.71830411188363e-13
10,77210191,T,C,0.0116377753270431,2.71446159510954e-33,3.36490095770132e-13
12,120867798,A,G,-0.0297677821085466,3.62482506488607e-14,3.3703033785393e-13
05,134372685,T,C,-0.0132125853444701,8.71337722224289e-16,3.42943398805494e-13
05,134586980,G,A,-0.0103680175700855,6.2139831857688e-20,4.89284947735963e-11
11,69303727,T,G,0.0115813107997736,6.43349675478542e-34,3.5484276030218e-13
10,27914001,A,G,0.0117132393207106,1.38262053825214e-29,4.79281744379175e-13
20,20069826,G,T,-0.0130627820743848,6.80271043942707e-20,4.82800856671876e-13
20,20348253,C,T,-0.0132780496376573,8.66920404910321e-13,4.51497856199574e-10
01,184007119,C,T,0.0124061194054592,6.41626121283142e-24,4.83299812425906e-13
02,233153745,A,G,-0.018176007843296,1.7383282320203e-14,5.10628786923718e-13
02,233585299,G,T,-0.0118225535046554,4.69508383101469e-22,1.85221138887396e-12
09,98104492,T,G,0.0120399068227689,3.95819148592553e-32,4.05776562939303e-13
06,34163292,G,A,0.117702360003291,-99,7.77274808853073e-14
06,34205465,GGAGCCC,G,0.0691523818185963,-99,3.13591734254498e-42
01,155155608,A,G,-0.0262826111567283,-99,9.03497922179168e-21
